mode	RunID	Tipas	Pavadinimas	planStartTime	startTime	ahead	aStop	aStopTime	behind	bStop	bStopTime	TripLine	Transport	Line	Run	GPSNum	planEndTime	endTime	irregularAllStops	irregularEndPoints
----	-----	-----	-----------	-------------	---------	-----	-----	---------	------	-----	---------	--------	---------	----	---	------	-----------	-------	-----------------	------------------
missed	628359	A>B	Stotis–Vikingų g.–Oro uostas	315	NULL	NULL	NULL	NULL	NULL	NULL	NULL	1	Autobusai	1	01-Ž		337	NULL	NULL	NULL
missed	628359	B>A	Oro uostas–Vikingų g.–Stotis	341	NULL	NULL	NULL	NULL	NULL	NULL	NULL	1	Autobusai	1	01-Ž		360	NULL	NULL	NULL
missed	628359	A>B	Stotis–Vikingų g.–Oro uostas	365	NULL	NULL	NULL	NULL	NULL	NULL	NULL	1	Autobusai	1	01-Ž		388	NULL	NULL	NULL
missed	628359	B>A	Oro uostas–Vikingų g.–Stotis	391	NULL	NULL	NULL	NULL	NULL	NULL	NULL	1	Autobusai	1	01-Ž		410	NULL	NULL	NULL
missed	628359	A>B	Stotis–Vikingų g.–Oro uostas	415	NULL	NULL	NULL	NULL	NULL	NULL	NULL	1	Autobusai	1	01-Ž		438	NULL	NULL	NULL
missed	628359	B>A	Oro uostas–Vikingų g.–Stotis	443	NULL	NULL	NULL	NULL	NULL	NULL	NULL	1	Autobusai	1	01-Ž		462	NULL	NULL	NULL
missed	628359	A>B	Stotis–Vikingų g.–Oro uostas	476	NULL	NULL	NULL	NULL	NULL	NULL	NULL	1	Autobusai	1	01-Ž		499	NULL	NULL	NULL
missed	628359	B>A	Oro uostas–Vikingų g.–Stotis	504	NULL	NULL	NULL	NULL	NULL	NULL	NULL	1	Autobusai	1	01-Ž		522	NULL	NULL	NULL
missed	628359	A>B	Stotis–Vikingų g.–Oro uostas	556	NULL	NULL	NULL	NULL	NULL	NULL	NULL	1	Autobusai	1	01-Ž		578	NULL	NULL	NULL
missed	628359	B>A	Oro uostas–Vikingų g.–Stotis	587	NULL	NULL	NULL	NULL	NULL	NULL	NULL	1	Autobusai	1	01-Ž		605	NULL	NULL	NULL
missed	628359	A>B	Stotis–Vikingų g.–Oro uostas	627	NULL	NULL	NULL	NULL	NULL	NULL	NULL	1	Autobusai	1	01-Ž		650	NULL	NULL	NULL
missed	628359	B>A	Oro uostas–Vikingų g.–Stotis	655	NULL	NULL	NULL	NULL	NULL	NULL	NULL	1	Autobusai	1	01-Ž		674	NULL	NULL	NULL
missed	628359	A>B	Stotis–Vikingų g.–Oro uostas	679	NULL	NULL	NULL	NULL	NULL	NULL	NULL	1	Autobusai	1	01-Ž		702	NULL	NULL	NULL
missed	628359	B>A	Oro uostas–Vikingų g.–Stotis	707	NULL	NULL	NULL	NULL	NULL	NULL	NULL	1	Autobusai	1	01-Ž		726	NULL	NULL	NULL
missed	628359	A>B	Stotis–Vikingų g.–Oro uostas	732	NULL	NULL	NULL	NULL	NULL	NULL	NULL	1	Autobusai	1	01-Ž		755	NULL	NULL	NULL
missed	628359	B>A	Oro uostas–Vikingų g.–Stotis	760	NULL	NULL	NULL	NULL	NULL	NULL	NULL	1	Autobusai	1	01-Ž		779	NULL	NULL	NULL
missed	628359	A>B	Stotis–Vikingų g.–Oro uostas	784	NULL	NULL	NULL	NULL	NULL	NULL	NULL	1	Autobusai	1	01-Ž		807	NULL	NULL	NULL
missed	628359	B>A	Oro uostas–Vikingų g.–Stotis	812	NULL	NULL	NULL	NULL	NULL	NULL	NULL	1	Autobusai	1	01-Ž		831	NULL	NULL	NULL
missed	628359	A>B	Stotis–Vikingų g.–Oro uostas	841	NULL	NULL	NULL	NULL	NULL	NULL	NULL	1	Autobusai	1	01-Ž		864	NULL	NULL	NULL
missed	628359	B>A	Oro uostas–Vikingų g.–Stotis	869	NULL	NULL	NULL	NULL	NULL	NULL	NULL	1	Autobusai	1	01-Ž		888	NULL	NULL	NULL
missed	628359	A>B	Stotis–Vikingų g.–Oro uostas	906	NULL	NULL	NULL	NULL	NULL	NULL	NULL	1	Autobusai	1	01-Ž		929	NULL	NULL	NULL
missed	628359	B>A	Oro uostas–Vikingų g.–Stotis	934	NULL	NULL	NULL	NULL	NULL	NULL	NULL	1	Autobusai	1	01-Ž		953	NULL	NULL	NULL
missed	628359	A>B	Stotis–Vikingų g.–Oro uostas	958	NULL	NULL	NULL	NULL	NULL	NULL	NULL	1	Autobusai	1	01-Ž		981	NULL	NULL	NULL
missed	628359	B>A	Oro uostas–Vikingų g.–Stotis	986	NULL	NULL	NULL	NULL	NULL	NULL	NULL	1	Autobusai	1	01-Ž		1005	NULL	NULL	NULL
missed	628359	A>B	Stotis–Vikingų g.–Oro uostas	1011	NULL	NULL	NULL	NULL	NULL	NULL	NULL	1	Autobusai	1	01-Ž		1034	NULL	NULL	NULL
missed	628359	B>A	Oro uostas–Vikingų g.–Stotis	1039	NULL	NULL	NULL	NULL	NULL	NULL	NULL	1	Autobusai	1	01-Ž		1058	NULL	NULL	NULL
missed	628359	A>B	Stotis–Vikingų g.–Oro uostas	1096	NULL	NULL	NULL	NULL	NULL	NULL	NULL	1	Autobusai	1	01-Ž		1118	NULL	NULL	NULL
missed	628359	B>A	Oro uostas–Vikingų g.–Stotis	1123	NULL	NULL	NULL	NULL	NULL	NULL	NULL	1	Autobusai	1	01-Ž		1142	NULL	NULL	NULL
missed	628359	A>B	Stotis–Vikingų g.–Oro uostas	1148	NULL	NULL	NULL	NULL	NULL	NULL	NULL	1	Autobusai	1	01-Ž		1171	NULL	NULL	NULL
missed	628359	B>A	Oro uostas–Vikingų g.–Stotis	1176	NULL	NULL	NULL	NULL	NULL	NULL	NULL	1	Autobusai	1	01-Ž		1195	NULL	NULL	NULL
missed	628359	A>B	Stotis–Vikingų g.–Oro uostas	1200	NULL	NULL	NULL	NULL	NULL	NULL	NULL	1	Autobusai	1	01-Ž		1223	NULL	NULL	NULL
missed	628359	B>A	Oro uostas–Vikingų g.–Stotis	1228	NULL	NULL	NULL	NULL	NULL	NULL	NULL	1	Autobusai	1	01-Ž		1247	NULL	NULL	NULL
missed	628359	A>B	Stotis–Vikingų g.–Oro uostas	1252	NULL	NULL	NULL	NULL	NULL	NULL	NULL	1	Autobusai	1	01-Ž		1275	NULL	NULL	NULL
missed	628359	B>A	Oro uostas–Vikingų g.–Stotis	1280	NULL	NULL	NULL	NULL	NULL	NULL	NULL	1	Autobusai	1	01-Ž		1299	NULL	NULL	NULL
missed	628359	A>B	Stotis–Vikingų g.–Oro uostas	1304	NULL	NULL	NULL	NULL	NULL	NULL	NULL	1	Autobusai	1	01-Ž		1327	NULL	NULL	NULL
missed	628359	B>A	Oro uostas–Vikingų g.–Stotis	1332	NULL	NULL	NULL	NULL	NULL	NULL	NULL	1	Autobusai	1	01-Ž		1351	NULL	NULL	NULL
missed	614743	A>B	Fabijoniškės–Baltupiai–Markučiai	325	NULL	NULL	NULL	NULL	NULL	NULL	NULL	10	Autobusai	10	01-Ž		362	NULL	NULL	NULL
missed	614743	B>A	Markučiai–Baltupiai–Fabijoniškės	367	NULL	NULL	NULL	NULL	NULL	NULL	NULL	10	Autobusai	10	01-Ž		409	NULL	NULL	NULL
missed	614743	A>B	Fabijoniškės–Baltupiai–Markučiai	418	NULL	NULL	NULL	NULL	NULL	NULL	NULL	10	Autobusai	10	01-Ž		468	NULL	NULL	NULL
missed	614743	B>A	Markučiai–Baltupiai–Fabijoniškės	474	NULL	NULL	NULL	NULL	NULL	NULL	NULL	10	Autobusai	10	01-Ž		520	NULL	NULL	NULL
missed	614743	A>B	Fabijoniškės–Baltupiai–Markučiai	529	NULL	NULL	NULL	NULL	NULL	NULL	NULL	10	Autobusai	10	01-Ž		577	NULL	NULL	NULL
missed	614743	B>A	Markučiai–Baltupiai–Fabijoniškės	582	NULL	NULL	NULL	NULL	NULL	NULL	NULL	10	Autobusai	10	01-Ž		626	NULL	NULL	NULL
missed	614743	A>B	Fabijoniškės–Baltupiai–Markučiai	663	NULL	NULL	NULL	NULL	NULL	NULL	NULL	10	Autobusai	10	01-Ž		709	NULL	NULL	NULL
missed	614743	B>A	Markučiai–Baltupiai–Fabijoniškės	715	NULL	NULL	NULL	NULL	NULL	NULL	NULL	10	Autobusai	10	01-Ž		759	NULL	NULL	NULL
missed	614743	A>B	Fabijoniškės–Baltupiai–Markučiai	771	NULL	NULL	NULL	NULL	NULL	NULL	NULL	10	Autobusai	10	01-Ž		817	NULL	NULL	NULL
missed	614743	B>A	Markučiai–Baltupiai–Fabijoniškės	826	NULL	NULL	NULL	NULL	NULL	NULL	NULL	10	Autobusai	10	01-Ž		870	NULL	NULL	NULL
missed	614743	A>B	Fabijoniškės–Baltupiai–Markučiai	880	NULL	NULL	NULL	NULL	NULL	NULL	NULL	10	Autobusai	10	01-Ž		928	NULL	NULL	NULL
missed	614743	B>A	Markučiai–Baltupiai–Fabijoniškės	935	NULL	NULL	NULL	NULL	NULL	NULL	NULL	10	Autobusai	10	01-Ž		980	NULL	NULL	NULL
missed	614743	A>B	Fabijoniškės–Baltupiai–Markučiai	996	NULL	NULL	NULL	NULL	NULL	NULL	NULL	10	Autobusai	10	01-Ž		1044	NULL	NULL	NULL
missed	614743	B>A	Markučiai–Baltupiai–Fabijoniškės	1049	NULL	NULL	NULL	NULL	NULL	NULL	NULL	10	Autobusai	10	01-Ž		1099	NULL	NULL	NULL
missed	614743	A>B	Fabijoniškės–Baltupiai–Markučiai	1129	NULL	NULL	NULL	NULL	NULL	NULL	NULL	10	Autobusai	10	01-Ž		1174	NULL	NULL	NULL
missed	614743	B>A	Markučiai–Baltupiai–Fabijoniškės	1179	NULL	NULL	NULL	NULL	NULL	NULL	NULL	10	Autobusai	10	01-Ž		1221	NULL	NULL	NULL
missed	614743	A>B	Fabijoniškės–Baltupiai–Markučiai	1233	NULL	NULL	NULL	NULL	NULL	NULL	NULL	10	Autobusai	10	01-Ž		1274	NULL	NULL	NULL
missed	614743	B>A	Markučiai–Baltupiai–Fabijoniškės	1281	NULL	NULL	NULL	NULL	NULL	NULL	NULL	10	Autobusai	10	01-Ž		1320	NULL	NULL	NULL
missed	614743	A>B	Fabijoniškės–Baltupiai–Markučiai	1330	NULL	NULL	NULL	NULL	NULL	NULL	NULL	10	Autobusai	10	01-Ž		1371	NULL	NULL	NULL
missed	614743	B>A	Markučiai–Baltupiai–Fabijoniškės	1382	NULL	NULL	NULL	NULL	NULL	NULL	NULL	10	Autobusai	10	01-Ž		1421	NULL	NULL	NULL
missed	614744	B>A	Markučiai–Baltupiai–Fabijoniškės	376	NULL	NULL	NULL	NULL	NULL	NULL	NULL	10	Autobusai	10	02		418	NULL	NULL	NULL
missed	614744	A>B	Fabijoniškės–Baltupiai–Markučiai	426	NULL	NULL	NULL	NULL	NULL	NULL	NULL	10	Autobusai	10	02		476	NULL	NULL	NULL
missed	614744	B>A	Markučiai–Baltupiai–Fabijoniškės	484	NULL	NULL	NULL	NULL	NULL	NULL	NULL	10	Autobusai	10	02		530	NULL	NULL	NULL
missed	614744	A>B	Fabijoniškės–Baltupiai–Markučiai	543	NULL	NULL	NULL	NULL	NULL	NULL	NULL	10	Autobusai	10	02		589	NULL	NULL	NULL
missed	614744	B>A	Markučiai–Baltupiai–Fabijoniškės	595	NULL	NULL	NULL	NULL	NULL	NULL	NULL	10	Autobusai	10	02		639	NULL	NULL	NULL
missed	614744	A>B	Fabijoniškės–Baltupiai–Markučiai	908	NULL	NULL	NULL	NULL	NULL	NULL	NULL	10	Autobusai	10	02		956	NULL	NULL	NULL
missed	614744	B>A	Markučiai–Baltupiai–Fabijoniškės	961	NULL	NULL	NULL	NULL	NULL	NULL	NULL	10	Autobusai	10	02		1011	NULL	NULL	NULL
missed	614744	A>B	Fabijoniškės–Baltupiai–Markučiai	1020	NULL	NULL	NULL	NULL	NULL	NULL	NULL	10	Autobusai	10	02		1067	NULL	NULL	NULL
missed	614744	B>A	Markučiai–Baltupiai–Fabijoniškės	1072	NULL	NULL	NULL	NULL	NULL	NULL	NULL	10	Autobusai	10	02		1120	NULL	NULL	NULL
missed	614742	A>B	Fabijoniškės–Baltupiai–Markučiai	341	NULL	NULL	NULL	NULL	NULL	NULL	NULL	10	Autobusai	10	03		380	NULL	NULL	NULL
missed	614742	B>A	Markučiai–Baltupiai–Fabijoniškės	386	NULL	NULL	NULL	NULL	NULL	NULL	NULL	10	Autobusai	10	03		428	NULL	NULL	NULL
missed	614742	A>B	Fabijoniškės–Baltupiai–Markučiai	436	NULL	NULL	NULL	NULL	NULL	NULL	NULL	10	Autobusai	10	03		486	NULL	NULL	NULL
missed	614742	B>A	Markučiai–Baltupiai–Fabijoniškės	494	NULL	NULL	NULL	NULL	NULL	NULL	NULL	10	Autobusai	10	03		540	NULL	NULL	NULL
missed	614742	A>B	Fabijoniškės–Baltupiai–Markučiai	572	NULL	NULL	NULL	NULL	NULL	NULL	NULL	10	Autobusai	10	03		618	NULL	NULL	NULL
missed	614742	B>A	Markučiai–Baltupiai–Fabijoniškės	624	NULL	NULL	NULL	NULL	NULL	NULL	NULL	10	Autobusai	10	03		668	NULL	NULL	NULL
missed	614742	A>B	Fabijoniškės–Baltupiai–Markučiai	683	NULL	NULL	NULL	NULL	NULL	NULL	NULL	10	Autobusai	10	03		729	NULL	NULL	NULL
missed	614742	B>A	Markučiai–Baltupiai–Fabijoniškės	734	NULL	NULL	NULL	NULL	NULL	NULL	NULL	10	Autobusai	10	03		778	NULL	NULL	NULL
missed	614742	A>B	Fabijoniškės–Baltupiai–Markučiai	789	NULL	NULL	NULL	NULL	NULL	NULL	NULL	10	Autobusai	10	03		835	NULL	NULL	NULL
missed	614742	B>A	Markučiai–Baltupiai–Fabijoniškės	844	NULL	NULL	NULL	NULL	NULL	NULL	NULL	10	Autobusai	10	03		888	NULL	NULL	NULL
missed	614742	A>B	Fabijoniškės–Baltupiai–Markučiai	898	NULL	NULL	NULL	NULL	NULL	NULL	NULL	10	Autobusai	10	03		946	NULL	NULL	NULL
missed	614742	B>A	Markučiai–Baltupiai–Fabijoniškės	951	NULL	NULL	NULL	NULL	NULL	NULL	NULL	10	Autobusai	10	03		1000	NULL	NULL	NULL
missed	614742	A>B	Fabijoniškės–Baltupiai–Markučiai	1009	NULL	NULL	NULL	NULL	NULL	NULL	NULL	10	Autobusai	10	03		1057	NULL	NULL	NULL
missed	614742	B>A	Markučiai–Baltupiai–Fabijoniškės	1062	NULL	NULL	NULL	NULL	NULL	NULL	NULL	10	Autobusai	10	03		1110	NULL	NULL	NULL
missed	614742	A>B	Fabijoniškės–Baltupiai–Markučiai	1148	NULL	NULL	NULL	NULL	NULL	NULL	NULL	10	Autobusai	10	03		1192	NULL	NULL	NULL
missed	614742	B>A	Markučiai–Baltupiai–Fabijoniškės	1197	NULL	NULL	NULL	NULL	NULL	NULL	NULL	10	Autobusai	10	03		1236	NULL	NULL	NULL
missed	614742	A>B	Fabijoniškės–Baltupiai–Markučiai	1248	NULL	NULL	NULL	NULL	NULL	NULL	NULL	10	Autobusai	10	03		1289	NULL	NULL	NULL
missed	614742	B>A	Markučiai–Baltupiai–Fabijoniškės	1297	NULL	NULL	NULL	NULL	NULL	NULL	NULL	10	Autobusai	10	03		1336	NULL	NULL	NULL
missed	614742	A>B	Fabijoniškės–Baltupiai–Markučiai	1346	NULL	NULL	NULL	NULL	NULL	NULL	NULL	10	Autobusai	10	03		1387	NULL	NULL	NULL
missed	614741	A>B	Fabijoniškės–Baltupiai–Markučiai	408	NULL	NULL	NULL	NULL	NULL	NULL	NULL	10	Autobusai	10	04		457	NULL	NULL	NULL
missed	614741	B>A	Markučiai–Baltupiai–Fabijoniškės	462	NULL	NULL	NULL	NULL	NULL	NULL	NULL	10	Autobusai	10	04		508	NULL	NULL	NULL
missed	614741	A>B	Fabijoniškės–Baltupiai–Markučiai	517	NULL	NULL	NULL	NULL	NULL	NULL	NULL	10	Autobusai	10	04		565	NULL	NULL	NULL
missed	614741	B>A	Markučiai–Baltupiai–Fabijoniškės	572	NULL	NULL	NULL	NULL	NULL	NULL	NULL	10	Autobusai	10	04		616	NULL	NULL	NULL
missed	614741	A>B	Fabijoniškės–Baltupiai–Markučiai	926	NULL	NULL	NULL	NULL	NULL	NULL	NULL	10	Autobusai	10	04		974	NULL	NULL	NULL
missed	614741	B>A	Markučiai–Baltupiai–Fabijoniškės	979	NULL	NULL	NULL	NULL	NULL	NULL	NULL	10	Autobusai	10	04		1029	NULL	NULL	NULL
missed	614741	A>B	Fabijoniškės–Baltupiai–Markučiai	1039	NULL	NULL	NULL	NULL	NULL	NULL	NULL	10	Autobusai	10	04		1088	NULL	NULL	NULL
missed	614741	B>A	Markučiai–Baltupiai–Fabijoniškės	1093	NULL	NULL	NULL	NULL	NULL	NULL	NULL	10	Autobusai	10	04		1141	NULL	NULL	NULL
missed	614740	B>A	Markučiai–Baltupiai–Fabijoniškės	328	NULL	NULL	NULL	NULL	NULL	NULL	NULL	10	Autobusai	10	05		368	NULL	NULL	NULL
missed	614740	A>B	Fabijoniškės–Baltupiai–Markučiai	373	NULL	NULL	NULL	NULL	NULL	NULL	NULL	10	Autobusai	10	05		416	NULL	NULL	NULL
missed	614740	B>A	Markučiai–Baltupiai–Fabijoniškės	426	NULL	NULL	NULL	NULL	NULL	NULL	NULL	10	Autobusai	10	05		472	NULL	NULL	NULL
missed	614740	A>B	Fabijoniškės–Baltupiai–Markučiai	481	NULL	NULL	NULL	NULL	NULL	NULL	NULL	10	Autobusai	10	05		532	NULL	NULL	NULL
missed	614740	B>A	Markučiai–Baltupiai–Fabijoniškės	537	NULL	NULL	NULL	NULL	NULL	NULL	NULL	10	Autobusai	10	05		581	NULL	NULL	NULL
missed	614740	A>B	Fabijoniškės–Baltupiai–Markučiai	616	NULL	NULL	NULL	NULL	NULL	NULL	NULL	10	Autobusai	10	05		662	NULL	NULL	NULL
missed	614740	B>A	Markučiai–Baltupiai–Fabijoniškės	667	NULL	NULL	NULL	NULL	NULL	NULL	NULL	10	Autobusai	10	05		711	NULL	NULL	NULL
missed	614740	A>B	Fabijoniškės–Baltupiai–Markučiai	721	NULL	NULL	NULL	NULL	NULL	NULL	NULL	10	Autobusai	10	05		767	NULL	NULL	NULL
missed	614740	B>A	Markučiai–Baltupiai–Fabijoniškės	772	NULL	NULL	NULL	NULL	NULL	NULL	NULL	10	Autobusai	10	05		816	NULL	NULL	NULL
missed	614740	A>B	Fabijoniškės–Baltupiai–Markučiai	823	NULL	NULL	NULL	NULL	NULL	NULL	NULL	10	Autobusai	10	05		869	NULL	NULL	NULL
missed	614740	B>A	Markučiai–Baltupiai–Fabijoniškės	879	NULL	NULL	NULL	NULL	NULL	NULL	NULL	10	Autobusai	10	05		923	NULL	NULL	NULL
missed	614740	A>B	Fabijoniškės–Baltupiai–Markučiai	936	NULL	NULL	NULL	NULL	NULL	NULL	NULL	10	Autobusai	10	05		984	NULL	NULL	NULL
missed	614740	B>A	Markučiai–Baltupiai–Fabijoniškės	989	NULL	NULL	NULL	NULL	NULL	NULL	NULL	10	Autobusai	10	05		1039	NULL	NULL	NULL
missed	614740	A>B	Fabijoniškės–Baltupiai–Markučiai	1048	NULL	NULL	NULL	NULL	NULL	NULL	NULL	10	Autobusai	10	05		1097	NULL	NULL	NULL
missed	614740	B>A	Markučiai–Baltupiai–Fabijoniškės	1102	NULL	NULL	NULL	NULL	NULL	NULL	NULL	10	Autobusai	10	05		1150	NULL	NULL	NULL
missed	614740	A>B	Fabijoniškės–Baltupiai–Markučiai	1184	NULL	NULL	NULL	NULL	NULL	NULL	NULL	10	Autobusai	10	05		1226	NULL	NULL	NULL
missed	614740	B>A	Markučiai–Baltupiai–Fabijoniškės	1233	NULL	NULL	NULL	NULL	NULL	NULL	NULL	10	Autobusai	10	05		1272	NULL	NULL	NULL
missed	614740	A>B	Fabijoniškės–Baltupiai–Markučiai	1281	NULL	NULL	NULL	NULL	NULL	NULL	NULL	10	Autobusai	10	05		1322	NULL	NULL	NULL
missed	614740	B>A	Markučiai–Baltupiai–Fabijoniškės	1332	NULL	NULL	NULL	NULL	NULL	NULL	NULL	10	Autobusai	10	05		1371	NULL	NULL	NULL
missed	614747	B>A	Markučiai–Baltupiai–Fabijoniškės	397	NULL	NULL	NULL	NULL	NULL	NULL	NULL	10	Autobusai	10	06		439	NULL	NULL	NULL
missed	614747	A>B	Fabijoniškės–Baltupiai–Markučiai	449	NULL	NULL	NULL	NULL	NULL	NULL	NULL	10	Autobusai	10	06		501	NULL	NULL	NULL
missed	614747	B>A	Markučiai–Baltupiai–Fabijoniškės	506	NULL	NULL	NULL	NULL	NULL	NULL	NULL	10	Autobusai	10	06		552	NULL	NULL	NULL
missed	614747	A>B	Fabijoniškės–Baltupiai–Markučiai	557	NULL	NULL	NULL	NULL	NULL	NULL	NULL	10	Autobusai	10	06		603	NULL	NULL	NULL
missed	614747	B>A	Markučiai–Baltupiai–Fabijoniškės	608	NULL	NULL	NULL	NULL	NULL	NULL	NULL	10	Autobusai	10	06		652	NULL	NULL	NULL
missed	614747	A>B	Fabijoniškės–Baltupiai–Markučiai	946	NULL	NULL	NULL	NULL	NULL	NULL	NULL	10	Autobusai	10	06		994	NULL	NULL	NULL
missed	614747	B>A	Markučiai–Baltupiai–Fabijoniškės	999	NULL	NULL	NULL	NULL	NULL	NULL	NULL	10	Autobusai	10	06		1049	NULL	NULL	NULL
missed	614747	A>B	Fabijoniškės–Baltupiai–Markučiai	1059	NULL	NULL	NULL	NULL	NULL	NULL	NULL	10	Autobusai	10	06		1108	NULL	NULL	NULL
missed	614747	B>A	Markučiai–Baltupiai–Fabijoniškės	1113	NULL	NULL	NULL	NULL	NULL	NULL	NULL	10	Autobusai	10	06		1159	NULL	NULL	NULL
missed	614745	B>A	Markučiai–Baltupiai–Fabijoniškės	347	NULL	NULL	NULL	NULL	NULL	NULL	NULL	10	Autobusai	10	07		389	NULL	NULL	NULL
missed	614745	A>B	Fabijoniškės–Baltupiai–Markučiai	397	NULL	NULL	NULL	NULL	NULL	NULL	NULL	10	Autobusai	10	07		442	NULL	NULL	NULL
missed	614745	B>A	Markučiai–Baltupiai–Fabijoniškės	450	NULL	NULL	NULL	NULL	NULL	NULL	NULL	10	Autobusai	10	07		496	NULL	NULL	NULL
missed	614745	A>B	Fabijoniškės–Baltupiai–Markučiai	506	NULL	NULL	NULL	NULL	NULL	NULL	NULL	10	Autobusai	10	07		555	NULL	NULL	NULL
missed	614745	B>A	Markučiai–Baltupiai–Fabijoniškės	560	NULL	NULL	NULL	NULL	NULL	NULL	NULL	10	Autobusai	10	07		604	NULL	NULL	NULL
missed	614745	A>B	Fabijoniškės–Baltupiai–Markučiai	645	NULL	NULL	NULL	NULL	NULL	NULL	NULL	10	Autobusai	10	07		691	NULL	NULL	NULL
missed	614745	B>A	Markučiai–Baltupiai–Fabijoniškės	696	NULL	NULL	NULL	NULL	NULL	NULL	NULL	10	Autobusai	10	07		740	NULL	NULL	NULL
missed	614745	A>B	Fabijoniškės–Baltupiai–Markučiai	754	NULL	NULL	NULL	NULL	NULL	NULL	NULL	10	Autobusai	10	07		800	NULL	NULL	NULL
missed	614745	B>A	Markučiai–Baltupiai–Fabijoniškės	806	NULL	NULL	NULL	NULL	NULL	NULL	NULL	10	Autobusai	10	07		850	NULL	NULL	NULL
missed	614745	A>B	Fabijoniškės–Baltupiai–Markučiai	861	NULL	NULL	NULL	NULL	NULL	NULL	NULL	10	Autobusai	10	07		907	NULL	NULL	NULL
missed	614745	B>A	Markučiai–Baltupiai–Fabijoniškės	916	NULL	NULL	NULL	NULL	NULL	NULL	NULL	10	Autobusai	10	07		960	NULL	NULL	NULL
missed	614745	A>B	Fabijoniškės–Baltupiai–Markučiai	970	NULL	NULL	NULL	NULL	NULL	NULL	NULL	10	Autobusai	10	07		1018	NULL	NULL	NULL
missed	614745	B>A	Markučiai–Baltupiai–Fabijoniškės	1023	NULL	NULL	NULL	NULL	NULL	NULL	NULL	10	Autobusai	10	07		1073	NULL	NULL	NULL
missed	614745	A>B	Fabijoniškės–Baltupiai–Markučiai	1083	NULL	NULL	NULL	NULL	NULL	NULL	NULL	10	Autobusai	10	07		1132	NULL	NULL	NULL
missed	614745	B>A	Markučiai–Baltupiai–Fabijoniškės	1139	NULL	NULL	NULL	NULL	NULL	NULL	NULL	10	Autobusai	10	07		1183	NULL	NULL	NULL
missed	614745	A>B	Fabijoniškės–Baltupiai–Markučiai	1218	NULL	NULL	NULL	NULL	NULL	NULL	NULL	10	Autobusai	10	07		1259	NULL	NULL	NULL
missed	614745	B>A	Markučiai–Baltupiai–Fabijoniškės	1264	NULL	NULL	NULL	NULL	NULL	NULL	NULL	10	Autobusai	10	07		1303	NULL	NULL	NULL
missed	614745	A>B	Fabijoniškės–Baltupiai–Markučiai	1313	NULL	NULL	NULL	NULL	NULL	NULL	NULL	10	Autobusai	10	07		1354	NULL	NULL	NULL
missed	614745	B>A	Markučiai–Baltupiai–Fabijoniškės	1363	NULL	NULL	NULL	NULL	NULL	NULL	NULL	10	Autobusai	10	07		1402	NULL	NULL	NULL
missed	614746	A>B	Fabijoniškės–Baltupiai–Markučiai	357	NULL	NULL	NULL	NULL	NULL	NULL	NULL	10	Autobusai	10	08		399	NULL	NULL	NULL
missed	614746	B>A	Markučiai–Baltupiai–Fabijoniškės	406	NULL	NULL	NULL	NULL	NULL	NULL	NULL	10	Autobusai	10	08		451	NULL	NULL	NULL
missed	614746	A>B	Fabijoniškės–Baltupiai–Markučiai	459	NULL	NULL	NULL	NULL	NULL	NULL	NULL	10	Autobusai	10	08		511	NULL	NULL	NULL
missed	614746	B>A	Markučiai–Baltupiai–Fabijoniškės	516	NULL	NULL	NULL	NULL	NULL	NULL	NULL	10	Autobusai	10	08		561	NULL	NULL	NULL
missed	614746	A>B	Fabijoniškės–Baltupiai–Markučiai	600	NULL	NULL	NULL	NULL	NULL	NULL	NULL	10	Autobusai	10	08		646	NULL	NULL	NULL
missed	614746	B>A	Markučiai–Baltupiai–Fabijoniškės	651	NULL	NULL	NULL	NULL	NULL	NULL	NULL	10	Autobusai	10	08		695	NULL	NULL	NULL
missed	614746	A>B	Fabijoniškės–Baltupiai–Markučiai	703	NULL	NULL	NULL	NULL	NULL	NULL	NULL	10	Autobusai	10	08		749	NULL	NULL	NULL
missed	614746	B>A	Markučiai–Baltupiai–Fabijoniškės	754	NULL	NULL	NULL	NULL	NULL	NULL	NULL	10	Autobusai	10	08		798	NULL	NULL	NULL
missed	614746	A>B	Fabijoniškės–Baltupiai–Markučiai	807	NULL	NULL	NULL	NULL	NULL	NULL	NULL	10	Autobusai	10	08		853	NULL	NULL	NULL
missed	614746	B>A	Markučiai–Baltupiai–Fabijoniškės	860	NULL	NULL	NULL	NULL	NULL	NULL	NULL	10	Autobusai	10	08		904	NULL	NULL	NULL
missed	614746	A>B	Fabijoniškės–Baltupiai–Markučiai	917	NULL	NULL	NULL	NULL	NULL	NULL	NULL	10	Autobusai	10	08		965	NULL	NULL	NULL
missed	614746	B>A	Markučiai–Baltupiai–Fabijoniškės	970	NULL	NULL	NULL	NULL	NULL	NULL	NULL	10	Autobusai	10	08		1020	NULL	NULL	NULL
missed	614746	A>B	Fabijoniškės–Baltupiai–Markučiai	1030	NULL	NULL	NULL	NULL	NULL	NULL	NULL	10	Autobusai	10	08		1079	NULL	NULL	NULL
missed	614746	B>A	Markučiai–Baltupiai–Fabijoniškės	1084	NULL	NULL	NULL	NULL	NULL	NULL	NULL	10	Autobusai	10	08		1132	NULL	NULL	NULL
missed	614746	A>B	Fabijoniškės–Baltupiai–Markučiai	1166	NULL	NULL	NULL	NULL	NULL	NULL	NULL	10	Autobusai	10	08		1208	NULL	NULL	NULL
missed	614746	B>A	Markučiai–Baltupiai–Fabijoniškės	1214	NULL	NULL	NULL	NULL	NULL	NULL	NULL	10	Autobusai	10	08		1253	NULL	NULL	NULL
missed	614746	A>B	Fabijoniškės–Baltupiai–Markučiai	1264	NULL	NULL	NULL	NULL	NULL	NULL	NULL	10	Autobusai	10	08		1305	NULL	NULL	NULL
missed	614746	B>A	Markučiai–Baltupiai–Fabijoniškės	1314	NULL	NULL	NULL	NULL	NULL	NULL	NULL	10	Autobusai	10	08		1353	NULL	NULL	NULL
missed	614746	A>B	Fabijoniškės–Baltupiai–Markučiai	1368	NULL	NULL	NULL	NULL	NULL	NULL	NULL	10	Autobusai	10	08		1409	NULL	NULL	NULL
missed	614748	B>A	Markučiai–Baltupiai–Fabijoniškės	415	NULL	NULL	NULL	NULL	NULL	NULL	NULL	10	Autobusai	10	09		461	NULL	NULL	NULL
missed	614748	A>B	Fabijoniškės–Baltupiai–Markučiai	469	NULL	NULL	NULL	NULL	NULL	NULL	NULL	10	Autobusai	10	09		521	NULL	NULL	NULL
missed	614748	B>A	Markučiai–Baltupiai–Fabijoniškės	526	NULL	NULL	NULL	NULL	NULL	NULL	NULL	10	Autobusai	10	09		571	NULL	NULL	NULL
missed	614748	A>B	Fabijoniškės–Baltupiai–Markučiai	586	NULL	NULL	NULL	NULL	NULL	NULL	NULL	10	Autobusai	10	09		632	NULL	NULL	NULL
missed	614748	B>A	Markučiai–Baltupiai–Fabijoniškės	639	NULL	NULL	NULL	NULL	NULL	NULL	NULL	10	Autobusai	10	09		683	NULL	NULL	NULL
missed	614748	A>B	Fabijoniškės–Baltupiai–Markučiai	983	NULL	NULL	NULL	NULL	NULL	NULL	NULL	10	Autobusai	10	09		1031	NULL	NULL	NULL
missed	614748	B>A	Markučiai–Baltupiai–Fabijoniškės	1036	NULL	NULL	NULL	NULL	NULL	NULL	NULL	10	Autobusai	10	09		1086	NULL	NULL	NULL
missed	614748	A>B	Fabijoniškės–Baltupiai–Markučiai	1103	NULL	NULL	NULL	NULL	NULL	NULL	NULL	10	Autobusai	10	09		1152	NULL	NULL	NULL
missed	614748	B>A	Markučiai–Baltupiai–Fabijoniškės	1157	NULL	NULL	NULL	NULL	NULL	NULL	NULL	10	Autobusai	10	09		1201	NULL	NULL	NULL
missed	614749	A>B	Fabijoniškės–Baltupiai–Markučiai	385	NULL	NULL	NULL	NULL	NULL	NULL	NULL	10	Autobusai	10	10		428	NULL	NULL	NULL
missed	614749	B>A	Markučiai–Baltupiai–Fabijoniškės	437	NULL	NULL	NULL	NULL	NULL	NULL	NULL	10	Autobusai	10	10		483	NULL	NULL	NULL
missed	614749	A>B	Fabijoniškės–Baltupiai–Markučiai	493	NULL	NULL	NULL	NULL	NULL	NULL	NULL	10	Autobusai	10	10		542	NULL	NULL	NULL
missed	614749	B>A	Markučiai–Baltupiai–Fabijoniškės	547	NULL	NULL	NULL	NULL	NULL	NULL	NULL	10	Autobusai	10	10		591	NULL	NULL	NULL
missed	614749	A>B	Fabijoniškės–Baltupiai–Markučiai	630	NULL	NULL	NULL	NULL	NULL	NULL	NULL	10	Autobusai	10	10		676	NULL	NULL	NULL
missed	614749	B>A	Markučiai–Baltupiai–Fabijoniškės	681	NULL	NULL	NULL	NULL	NULL	NULL	NULL	10	Autobusai	10	10		725	NULL	NULL	NULL
missed	614749	A>B	Fabijoniškės–Baltupiai–Markučiai	737	NULL	NULL	NULL	NULL	NULL	NULL	NULL	10	Autobusai	10	10		783	NULL	NULL	NULL
missed	614749	B>A	Markučiai–Baltupiai–Fabijoniškės	788	NULL	NULL	NULL	NULL	NULL	NULL	NULL	10	Autobusai	10	10		832	NULL	NULL	NULL
missed	614749	A>B	Fabijoniškės–Baltupiai–Markučiai	841	NULL	NULL	NULL	NULL	NULL	NULL	NULL	10	Autobusai	10	10		887	NULL	NULL	NULL
missed	614749	B>A	Markučiai–Baltupiai–Fabijoniškės	897	NULL	NULL	NULL	NULL	NULL	NULL	NULL	10	Autobusai	10	10		941	NULL	NULL	NULL
missed	614749	A>B	Fabijoniškės–Baltupiai–Markučiai	957	NULL	NULL	NULL	NULL	NULL	NULL	NULL	10	Autobusai	10	10		1005	NULL	NULL	NULL
missed	614749	B>A	Markučiai–Baltupiai–Fabijoniškės	1011	NULL	NULL	NULL	NULL	NULL	NULL	NULL	10	Autobusai	10	10		1061	NULL	NULL	NULL
missed	614749	A>B	Fabijoniškės–Baltupiai–Markučiai	1072	NULL	NULL	NULL	NULL	NULL	NULL	NULL	10	Autobusai	10	10		1121	NULL	NULL	NULL
missed	614749	B>A	Markučiai–Baltupiai–Fabijoniškės	1126	NULL	NULL	NULL	NULL	NULL	NULL	NULL	10	Autobusai	10	10		1170	NULL	NULL	NULL
missed	614749	A>B	Fabijoniškės–Baltupiai–Markučiai	1202	NULL	NULL	NULL	NULL	NULL	NULL	NULL	10	Autobusai	10	10		1243	NULL	NULL	NULL
missed	614749	B>A	Markučiai–Baltupiai–Fabijoniškės	1249	NULL	NULL	NULL	NULL	NULL	NULL	NULL	10	Autobusai	10	10		1288	NULL	NULL	NULL
missed	614749	A>B	Fabijoniškės–Baltupiai–Markučiai	1298	NULL	NULL	NULL	NULL	NULL	NULL	NULL	10	Autobusai	10	10		1339	NULL	NULL	NULL
missed	614749	B>A	Markučiai–Baltupiai–Fabijoniškės	1348	NULL	NULL	NULL	NULL	NULL	NULL	NULL	10	Autobusai	10	10		1387	NULL	NULL	NULL
missed	614749	A>B	Fabijoniškės–Baltupiai–Markučiai	1389	NULL	NULL	NULL	NULL	NULL	NULL	NULL	10	Autobusai	10	10		1430	NULL	NULL	NULL
missed	538208	A>B	Saulėtekis–Žygimantų g.–Savanorių–Laisvės pr.–Fabijoniškės	1431	NULL	NULL	NULL	NULL	NULL	NULL	NULL	101N	Autobusai	101N	01		1496	NULL	NULL	NULL
missed	538208	B>A	Fabijoniškės–Laisvės–Savanorių pr.–Žygimantų g.–Saulėtekis	1501	NULL	NULL	NULL	NULL	NULL	NULL	NULL	101N	Autobusai	101N	01		1565	NULL	NULL	NULL
missed	538208	A>B	Saulėtekis–Žygimantų g.–Savanorių–Laisvės pr.–Fabijoniškės	1574	NULL	NULL	NULL	NULL	NULL	NULL	NULL	101N	Autobusai	101N	01		1639	NULL	NULL	NULL
missed	538209	A>B	Saulėtekis–Žygimantų g.–Savanorių–Laisvės pr.–Fabijoniškės	1474	NULL	NULL	NULL	NULL	NULL	NULL	NULL	101N	Autobusai	101N	02		1539	NULL	NULL	NULL
missed	538209	B>A	Fabijoniškės–Laisvės–Savanorių pr.–Žygimantų g.–Saulėtekis	1547	NULL	NULL	NULL	NULL	NULL	NULL	NULL	101N	Autobusai	101N	02		1611	NULL	NULL	NULL
missed	538210	B>A	Fabijoniškės–Laisvės–Savanorių pr.–Žygimantų g.–Saulėtekis	1439	NULL	NULL	NULL	NULL	NULL	NULL	NULL	101N	Autobusai	101N	03		1504	NULL	NULL	NULL
missed	538210	A>B	Saulėtekis–Žygimantų g.–Savanorių–Laisvės pr.–Fabijoniškės	1522	NULL	NULL	NULL	NULL	NULL	NULL	NULL	101N	Autobusai	101N	03		1587	NULL	NULL	NULL
missed	538211	A>B	Pilaitė–Žvėrynas–Žygimantų–Maironio g.–Stotis	1425	NULL	NULL	NULL	NULL	NULL	NULL	NULL	102N	Autobusai	102N	01		1463	NULL	NULL	NULL
missed	538211	B>A	Stotis–Maironio–Žygimantų g.–Žvėrynas–Pilaitė	1467	NULL	NULL	NULL	NULL	NULL	NULL	NULL	102N	Autobusai	102N	01		1503	NULL	NULL	NULL
missed	538211	A>B	Pilaitė–Žvėrynas–Žygimantų–Maironio g.–Stotis	1508	NULL	NULL	NULL	NULL	NULL	NULL	NULL	102N	Autobusai	102N	01		1546	NULL	NULL	NULL
missed	538211	B>A	Stotis–Maironio–Žygimantų g.–Žvėrynas–Pilaitė	1550	NULL	NULL	NULL	NULL	NULL	NULL	NULL	102N	Autobusai	102N	01		1586	NULL	NULL	NULL
missed	538212	A>B	Pilaitė–Žvėrynas–Žygimantų–Maironio g.–Stotis	1463	NULL	NULL	NULL	NULL	NULL	NULL	NULL	102N	Autobusai	102N	02		1501	NULL	NULL	NULL
missed	538212	B>A	Stotis–Maironio–Žygimantų g.–Žvėrynas–Pilaitė	1509	NULL	NULL	NULL	NULL	NULL	NULL	NULL	102N	Autobusai	102N	02		1545	NULL	NULL	NULL
missed	538212	A>B	Pilaitė–Žvėrynas–Žygimantų–Maironio g.–Stotis	1552	NULL	NULL	NULL	NULL	NULL	NULL	NULL	102N	Autobusai	102N	02		1590	NULL	NULL	NULL
missed	538212	B>A	Stotis–Maironio–Žygimantų g.–Žvėrynas–Pilaitė	1598	NULL	NULL	NULL	NULL	NULL	NULL	NULL	102N	Autobusai	102N	02		1634	NULL	NULL	NULL
missed	538213	A>B	Santariškės–Didlaukio–Kalvarijų–Pylimo g.–Stotis–Gerosios Vilties st.	1419	NULL	NULL	NULL	NULL	NULL	NULL	NULL	103N	Autobusai	103N	01		1469	NULL	NULL	NULL
missed	538213	B>A	Gerosios Vilties st.–Stotis–Pylimo–Kalvarijų–Didlaukio g.–Santariškės	1469	NULL	NULL	NULL	NULL	NULL	NULL	NULL	103N	Autobusai	103N	01		1518	NULL	NULL	NULL
missed	538213	A>B	Santariškės–Didlaukio–Kalvarijų–Pylimo g.–Stotis–Gerosios Vilties st.	1529	NULL	NULL	NULL	NULL	NULL	NULL	NULL	103N	Autobusai	103N	01		1579	NULL	NULL	NULL
missed	538213	B>A	Gerosios Vilties st.–Stotis–Pylimo–Kalvarijų–Didlaukio g.–Santariškės	1579	NULL	NULL	NULL	NULL	NULL	NULL	NULL	103N	Autobusai	103N	01		1628	NULL	NULL	NULL
missed	538214	B1>A	Gerosios Vilties st.–Stotis–Pylimo–Kalvarijų–Didlaukio g.–Santariškės	1443	NULL	NULL	NULL	NULL	NULL	NULL	NULL	103N	Autobusai	103N	02		1489	NULL	NULL	NULL
missed	538214	A>B	Santariškės–Didlaukio–Kalvarijų–Pylimo g.–Stotis–Gerosios Vilties st.	1500	NULL	NULL	NULL	NULL	NULL	NULL	NULL	103N	Autobusai	103N	02		1550	NULL	NULL	NULL
missed	538214	B>A	Gerosios Vilties st.–Stotis–Pylimo–Kalvarijų–Didlaukio g.–Santariškės	1550	NULL	NULL	NULL	NULL	NULL	NULL	NULL	103N	Autobusai	103N	02		1599	NULL	NULL	NULL
missed	538215	A>B	Santariškės–Didlaukio–Kalvarijų–Pylimo g.–Stotis–Gerosios Vilties st.	1453	NULL	NULL	NULL	NULL	NULL	NULL	NULL	103N	Autobusai	103N	03		1503	NULL	NULL	NULL
missed	538215	B>A	Gerosios Vilties st.–Stotis–Pylimo–Kalvarijų–Didlaukio g.–Santariškės	1503	NULL	NULL	NULL	NULL	NULL	NULL	NULL	103N	Autobusai	103N	03		1552	NULL	NULL	NULL
missed	538215	A>B	Santariškės–Didlaukio–Kalvarijų–Pylimo g.–Stotis–Gerosios Vilties st.	1557	NULL	NULL	NULL	NULL	NULL	NULL	NULL	103N	Autobusai	103N	03		1607	NULL	NULL	NULL
missed	538216	A>B	Ateities–Žirmūnų–Pylimo g.–Naujininkai	1408	NULL	NULL	NULL	NULL	NULL	NULL	NULL	104N	Autobusai	104N	01		1452	NULL	NULL	NULL
missed	538216	B>A	Naujininkai–Pylimo–Žirmūnų–Ateities g.	1456	NULL	NULL	NULL	NULL	NULL	NULL	NULL	104N	Autobusai	104N	01		1502	NULL	NULL	NULL
missed	538216	A>B	Ateities–Žirmūnų–Pylimo g.–Naujininkai	1507	NULL	NULL	NULL	NULL	NULL	NULL	NULL	104N	Autobusai	104N	01		1551	NULL	NULL	NULL
missed	538216	B>A	Naujininkai–Pylimo–Žirmūnų–Ateities g.	1556	NULL	NULL	NULL	NULL	NULL	NULL	NULL	104N	Autobusai	104N	01		1601	NULL	NULL	NULL
missed	538217	A>B	Ateities–Žirmūnų–Pylimo g.–Naujininkai	1458	NULL	NULL	NULL	NULL	NULL	NULL	NULL	104N	Autobusai	104N	02		1502	NULL	NULL	NULL
missed	538217	B>A	Naujininkai–Pylimo–Žirmūnų–Ateities g.	1507	NULL	NULL	NULL	NULL	NULL	NULL	NULL	104N	Autobusai	104N	02		1552	NULL	NULL	NULL
missed	538217	A>B	Ateities–Žirmūnų–Pylimo g.–Naujininkai	1558	NULL	NULL	NULL	NULL	NULL	NULL	NULL	104N	Autobusai	104N	02		1602	NULL	NULL	NULL
missed	538218	A>B	Pašilaičiai–Šeškinė–Konstitucijos pr.–Žygimantų g.–Polocko st.	1412	NULL	NULL	NULL	NULL	NULL	NULL	NULL	105N	Autobusai	105N	01		1443	NULL	NULL	NULL
missed	538218	B>A	Polocko st.–Žygimantų g.–Konstitucijos pr.–Šeškinė–Pašilaičiai	1443	NULL	NULL	NULL	NULL	NULL	NULL	NULL	105N	Autobusai	105N	01		1475	NULL	NULL	NULL
missed	538218	A>B	Pašilaičiai–Šeškinė–Konstitucijos pr.–Žygimantų g.–Polocko st.	1483	NULL	NULL	NULL	NULL	NULL	NULL	NULL	105N	Autobusai	105N	01		1514	NULL	NULL	NULL
missed	538218	B>A	Polocko st.–Žygimantų g.–Konstitucijos pr.–Šeškinė–Pašilaičiai	1514	NULL	NULL	NULL	NULL	NULL	NULL	NULL	105N	Autobusai	105N	01		1546	NULL	NULL	NULL
missed	538218	A>B	Pašilaičiai–Šeškinė–Konstitucijos pr.–Žygimantų g.–Polocko st.	1556	NULL	NULL	NULL	NULL	NULL	NULL	NULL	105N	Autobusai	105N	01		1587	NULL	NULL	NULL
missed	538218	B>A	Polocko st.–Žygimantų g.–Konstitucijos pr.–Šeškinė–Pašilaičiai	1587	NULL	NULL	NULL	NULL	NULL	NULL	NULL	105N	Autobusai	105N	01		1619	NULL	NULL	NULL
missed	538219	A>B	Pašilaičiai–Šeškinė–Konstitucijos pr.–Žygimantų g.–Polocko st.	1446	NULL	NULL	NULL	NULL	NULL	NULL	NULL	105N	Autobusai	105N	02		1477	NULL	NULL	NULL
missed	538219	B>A	Polocko st.–Žygimantų g.–Konstitucijos pr.–Šeškinė–Pašilaičiai	1477	NULL	NULL	NULL	NULL	NULL	NULL	NULL	105N	Autobusai	105N	02		1509	NULL	NULL	NULL
missed	538219	A>B	Pašilaičiai–Šeškinė–Konstitucijos pr.–Žygimantų g.–Polocko st.	1517	NULL	NULL	NULL	NULL	NULL	NULL	NULL	105N	Autobusai	105N	02		1548	NULL	NULL	NULL
missed	538219	B>A	Polocko st.–Žygimantų g.–Konstitucijos pr.–Šeškinė–Pašilaičiai	1548	NULL	NULL	NULL	NULL	NULL	NULL	NULL	105N	Autobusai	105N	02		1580	NULL	NULL	NULL
missed	444115	A>B	Žvėrynas–Senamiestis–Užupis	328	NULL	NULL	NULL	NULL	NULL	NULL	NULL	11	Autobusai	11	01-Ž		357	NULL	NULL	NULL
missed	444115	B>A	Užupis–Senamiestis–Žvėrynas	357	NULL	NULL	NULL	NULL	NULL	NULL	NULL	11	Autobusai	11	01-Ž		377	NULL	NULL	NULL
missed	444115	A>B	Žvėrynas–Senamiestis–Užupis	387	NULL	NULL	NULL	NULL	NULL	NULL	NULL	11	Autobusai	11	01-Ž		415	NULL	NULL	NULL
missed	444115	B>A	Užupis–Senamiestis–Žvėrynas	418	NULL	NULL	NULL	NULL	NULL	NULL	NULL	11	Autobusai	11	01-Ž		445	NULL	NULL	NULL
missed	444115	A>B	Žvėrynas–Senamiestis–Užupis	457	NULL	NULL	NULL	NULL	NULL	NULL	NULL	11	Autobusai	11	01-Ž		488	NULL	NULL	NULL
missed	444115	B>A	Užupis–Senamiestis–Žvėrynas	488	NULL	NULL	NULL	NULL	NULL	NULL	NULL	11	Autobusai	11	01-Ž		514	NULL	NULL	NULL
missed	444115	A>B	Žvėrynas–Senamiestis–Užupis	530	NULL	NULL	NULL	NULL	NULL	NULL	NULL	11	Autobusai	11	01-Ž		561	NULL	NULL	NULL
missed	444115	B>A	Užupis–Senamiestis–Žvėrynas	561	NULL	NULL	NULL	NULL	NULL	NULL	NULL	11	Autobusai	11	01-Ž		587	NULL	NULL	NULL
missed	444115	A>B	Žvėrynas–Senamiestis–Užupis	620	NULL	NULL	NULL	NULL	NULL	NULL	NULL	11	Autobusai	11	01-Ž		651	NULL	NULL	NULL
missed	444115	B>A	Užupis–Senamiestis–Žvėrynas	651	NULL	NULL	NULL	NULL	NULL	NULL	NULL	11	Autobusai	11	01-Ž		677	NULL	NULL	NULL
missed	444115	A>B	Žvėrynas–Senamiestis–Užupis	687	NULL	NULL	NULL	NULL	NULL	NULL	NULL	11	Autobusai	11	01-Ž		718	NULL	NULL	NULL
missed	444115	B>A	Užupis–Senamiestis–Žvėrynas	718	NULL	NULL	NULL	NULL	NULL	NULL	NULL	11	Autobusai	11	01-Ž		744	NULL	NULL	NULL
missed	444115	A>B	Žvėrynas–Senamiestis–Užupis	758	NULL	NULL	NULL	NULL	NULL	NULL	NULL	11	Autobusai	11	01-Ž		789	NULL	NULL	NULL
missed	444115	B>A	Užupis–Senamiestis–Žvėrynas	789	NULL	NULL	NULL	NULL	NULL	NULL	NULL	11	Autobusai	11	01-Ž		815	NULL	NULL	NULL
missed	444115	A>B	Žvėrynas–Senamiestis–Užupis	826	NULL	NULL	NULL	NULL	NULL	NULL	NULL	11	Autobusai	11	01-Ž		857	NULL	NULL	NULL
missed	444115	B>A	Užupis–Senamiestis–Žvėrynas	857	NULL	NULL	NULL	NULL	NULL	NULL	NULL	11	Autobusai	11	01-Ž		883	NULL	NULL	NULL
missed	444115	A>B	Žvėrynas–Senamiestis–Užupis	893	NULL	NULL	NULL	NULL	NULL	NULL	NULL	11	Autobusai	11	01-Ž		924	NULL	NULL	NULL
missed	444115	B>A	Užupis–Senamiestis–Žvėrynas	924	NULL	NULL	NULL	NULL	NULL	NULL	NULL	11	Autobusai	11	01-Ž		951	NULL	NULL	NULL
missed	444115	A>B	Žvėrynas–Senamiestis–Užupis	969	NULL	NULL	NULL	NULL	NULL	NULL	NULL	11	Autobusai	11	01-Ž		1000	NULL	NULL	NULL
missed	444115	B>A	Užupis–Senamiestis–Žvėrynas	1000	NULL	NULL	NULL	NULL	NULL	NULL	NULL	11	Autobusai	11	01-Ž		1027	NULL	NULL	NULL
missed	444115	A>B	Žvėrynas–Senamiestis–Užupis	1039	NULL	NULL	NULL	NULL	NULL	NULL	NULL	11	Autobusai	11	01-Ž		1070	NULL	NULL	NULL
missed	444115	B>A	Užupis–Senamiestis–Žvėrynas	1070	NULL	NULL	NULL	NULL	NULL	NULL	NULL	11	Autobusai	11	01-Ž		1097	NULL	NULL	NULL
missed	444115	A>B	Žvėrynas–Senamiestis–Užupis	1127	NULL	NULL	NULL	NULL	NULL	NULL	NULL	11	Autobusai	11	01-Ž		1158	NULL	NULL	NULL
missed	444115	B>A	Užupis–Senamiestis–Žvėrynas	1158	NULL	NULL	NULL	NULL	NULL	NULL	NULL	11	Autobusai	11	01-Ž		1183	NULL	NULL	NULL
missed	444115	A>B	Žvėrynas–Senamiestis–Užupis	1195	NULL	NULL	NULL	NULL	NULL	NULL	NULL	11	Autobusai	11	01-Ž		1224	NULL	NULL	NULL
missed	444115	B>A	Užupis–Senamiestis–Žvėrynas	1224	NULL	NULL	NULL	NULL	NULL	NULL	NULL	11	Autobusai	11	01-Ž		1244	NULL	NULL	NULL
missed	444115	A>B	Žvėrynas–Senamiestis–Užupis	1254	NULL	NULL	NULL	NULL	NULL	NULL	NULL	11	Autobusai	11	01-Ž		1283	NULL	NULL	NULL
missed	444115	B>A	Užupis–Senamiestis–Žvėrynas	1283	NULL	NULL	NULL	NULL	NULL	NULL	NULL	11	Autobusai	11	01-Ž		1303	NULL	NULL	NULL
missed	444116	B>A	Užupis–Senamiestis–Žvėrynas	324	NULL	NULL	NULL	NULL	NULL	NULL	NULL	11	Autobusai	11	02		344	NULL	NULL	NULL
missed	444116	A>B	Žvėrynas–Senamiestis–Užupis	354	NULL	NULL	NULL	NULL	NULL	NULL	NULL	11	Autobusai	11	02		383	NULL	NULL	NULL
missed	444116	B>A	Užupis–Senamiestis–Žvėrynas	383	NULL	NULL	NULL	NULL	NULL	NULL	NULL	11	Autobusai	11	02		405	NULL	NULL	NULL
missed	444116	A>B	Žvėrynas–Senamiestis–Užupis	416	NULL	NULL	NULL	NULL	NULL	NULL	NULL	11	Autobusai	11	02		446	NULL	NULL	NULL
missed	444116	B>A	Užupis–Senamiestis–Žvėrynas	446	NULL	NULL	NULL	NULL	NULL	NULL	NULL	11	Autobusai	11	02		474	NULL	NULL	NULL
missed	444116	A>B	Žvėrynas–Senamiestis–Užupis	493	NULL	NULL	NULL	NULL	NULL	NULL	NULL	11	Autobusai	11	02		524	NULL	NULL	NULL
missed	444116	B>A	Užupis–Senamiestis–Žvėrynas	524	NULL	NULL	NULL	NULL	NULL	NULL	NULL	11	Autobusai	11	02		550	NULL	NULL	NULL
missed	444116	A>B	Žvėrynas–Senamiestis–Užupis	560	NULL	NULL	NULL	NULL	NULL	NULL	NULL	11	Autobusai	11	02		591	NULL	NULL	NULL
missed	444116	B>A	Užupis–Senamiestis–Žvėrynas	591	NULL	NULL	NULL	NULL	NULL	NULL	NULL	11	Autobusai	11	02		617	NULL	NULL	NULL
missed	444116	A>B	Žvėrynas–Senamiestis–Užupis	659	NULL	NULL	NULL	NULL	NULL	NULL	NULL	11	Autobusai	11	02		690	NULL	NULL	NULL
missed	444116	B>A	Užupis–Senamiestis–Žvėrynas	690	NULL	NULL	NULL	NULL	NULL	NULL	NULL	11	Autobusai	11	02		716	NULL	NULL	NULL
missed	444116	A>B	Žvėrynas–Senamiestis–Užupis	727	NULL	NULL	NULL	NULL	NULL	NULL	NULL	11	Autobusai	11	02		758	NULL	NULL	NULL
missed	444116	B>A	Užupis–Senamiestis–Žvėrynas	758	NULL	NULL	NULL	NULL	NULL	NULL	NULL	11	Autobusai	11	02		784	NULL	NULL	NULL
missed	444116	A>B	Žvėrynas–Senamiestis–Užupis	794	NULL	NULL	NULL	NULL	NULL	NULL	NULL	11	Autobusai	11	02		825	NULL	NULL	NULL
missed	444116	B>A	Užupis–Senamiestis–Žvėrynas	825	NULL	NULL	NULL	NULL	NULL	NULL	NULL	11	Autobusai	11	02		851	NULL	NULL	NULL
missed	444116	A>B	Žvėrynas–Senamiestis–Užupis	861	NULL	NULL	NULL	NULL	NULL	NULL	NULL	11	Autobusai	11	02		892	NULL	NULL	NULL
missed	444116	B>A	Užupis–Senamiestis–Žvėrynas	892	NULL	NULL	NULL	NULL	NULL	NULL	NULL	11	Autobusai	11	02		919	NULL	NULL	NULL
missed	444116	A>B	Žvėrynas–Senamiestis–Užupis	934	NULL	NULL	NULL	NULL	NULL	NULL	NULL	11	Autobusai	11	02		965	NULL	NULL	NULL
missed	444116	B>A	Užupis–Senamiestis–Žvėrynas	965	NULL	NULL	NULL	NULL	NULL	NULL	NULL	11	Autobusai	11	02		992	NULL	NULL	NULL
missed	444116	A>B	Žvėrynas–Senamiestis–Užupis	1006	NULL	NULL	NULL	NULL	NULL	NULL	NULL	11	Autobusai	11	02		1037	NULL	NULL	NULL
missed	444116	B>A	Užupis–Senamiestis–Žvėrynas	1037	NULL	NULL	NULL	NULL	NULL	NULL	NULL	11	Autobusai	11	02		1064	NULL	NULL	NULL
missed	444116	A>B	Žvėrynas–Senamiestis–Užupis	1074	NULL	NULL	NULL	NULL	NULL	NULL	NULL	11	Autobusai	11	02		1105	NULL	NULL	NULL
missed	444116	B>A	Užupis–Senamiestis–Žvėrynas	1105	NULL	NULL	NULL	NULL	NULL	NULL	NULL	11	Autobusai	11	02		1132	NULL	NULL	NULL
missed	444116	A>B	Žvėrynas–Senamiestis–Užupis	1165	NULL	NULL	NULL	NULL	NULL	NULL	NULL	11	Autobusai	11	02		1194	NULL	NULL	NULL
missed	444116	B>A	Užupis–Senamiestis–Žvėrynas	1194	NULL	NULL	NULL	NULL	NULL	NULL	NULL	11	Autobusai	11	02		1214	NULL	NULL	NULL
missed	444116	A>B	Žvėrynas–Senamiestis–Užupis	1224	NULL	NULL	NULL	NULL	NULL	NULL	NULL	11	Autobusai	11	02		1253	NULL	NULL	NULL
missed	444116	B>A	Užupis–Senamiestis–Žvėrynas	1253	NULL	NULL	NULL	NULL	NULL	NULL	NULL	11	Autobusai	11	02		1273	NULL	NULL	NULL
missed	444116	A>B	Žvėrynas–Senamiestis–Užupis	1283	NULL	NULL	NULL	NULL	NULL	NULL	NULL	11	Autobusai	11	02		1312	NULL	NULL	NULL
missed	444116	B>A	Užupis–Senamiestis–Žvėrynas	1312	NULL	NULL	NULL	NULL	NULL	NULL	NULL	11	Autobusai	11	02		1332	NULL	NULL	NULL
missed	444116	A>B	Žvėrynas–Senamiestis–Užupis	1342	NULL	NULL	NULL	NULL	NULL	NULL	NULL	11	Autobusai	11	02		1371	NULL	NULL	NULL
missed	444116	B>A	Užupis–Senamiestis–Žvėrynas	1371	NULL	NULL	NULL	NULL	NULL	NULL	NULL	11	Autobusai	11	02		1391	NULL	NULL	NULL
missed	635436	A>B	Antakalnis–Mileišiškių –S.Kerbedžio g.–Dvarčionys–Vinciūniškės	354	NULL	NULL	NULL	NULL	NULL	NULL	NULL	114	Autobusai	114	01-mt		386	NULL	NULL	NULL
missed	635436	B>A	Vinciūniškės–Dvarčionys–S.Kerbedžio–Mileišiškių g.–Antakalnis	391	NULL	NULL	NULL	NULL	NULL	NULL	NULL	114	Autobusai	114	01-mt		423	NULL	NULL	NULL
missed	635436	A>B	Antakalnis–Mileišiškių –S.Kerbedžio g.–Dvarčionys–Vinciūniškės	428	NULL	NULL	NULL	NULL	NULL	NULL	NULL	114	Autobusai	114	01-mt		460	NULL	NULL	NULL
missed	635436	B>A	Vinciūniškės–Dvarčionys–S.Kerbedžio–Mileišiškių g.–Antakalnis	467	NULL	NULL	NULL	NULL	NULL	NULL	NULL	114	Autobusai	114	01-mt		499	NULL	NULL	NULL
missed	635436	A>B	Antakalnis–Mileišiškių –S.Kerbedžio g.–Dvarčionys–Vinciūniškės	504	NULL	NULL	NULL	NULL	NULL	NULL	NULL	114	Autobusai	114	01-mt		536	NULL	NULL	NULL
missed	635436	B>A	Vinciūniškės–Dvarčionys–S.Kerbedžio–Mileišiškių g.–Antakalnis	541	NULL	NULL	NULL	NULL	NULL	NULL	NULL	114	Autobusai	114	01-mt		573	NULL	NULL	NULL
missed	635436	A>B	Antakalnis–Mileišiškių –S.Kerbedžio g.–Dvarčionys–Vinciūniškės	583	NULL	NULL	NULL	NULL	NULL	NULL	NULL	114	Autobusai	114	01-mt		615	NULL	NULL	NULL
missed	635436	B>A	Vinciūniškės–Dvarčionys–S.Kerbedžio–Mileišiškių g.–Antakalnis	620	NULL	NULL	NULL	NULL	NULL	NULL	NULL	114	Autobusai	114	01-mt		652	NULL	NULL	NULL
missed	635436	A>B	Antakalnis–Mileišiškių –S.Kerbedžio g.–Dvarčionys–Vinciūniškės	684	NULL	NULL	NULL	NULL	NULL	NULL	NULL	114	Autobusai	114	01-mt		716	NULL	NULL	NULL
missed	635436	B>A	Vinciūniškės–Dvarčionys–S.Kerbedžio–Mileišiškių g.–Antakalnis	723	NULL	NULL	NULL	NULL	NULL	NULL	NULL	114	Autobusai	114	01-mt		755	NULL	NULL	NULL
missed	635436	A>B	Antakalnis–Mileišiškių –S.Kerbedžio g.–Dvarčionys–Vinciūniškės	759	NULL	NULL	NULL	NULL	NULL	NULL	NULL	114	Autobusai	114	01-mt		791	NULL	NULL	NULL
missed	635436	B>A	Vinciūniškės–Dvarčionys–S.Kerbedžio–Mileišiškių g.–Antakalnis	795	NULL	NULL	NULL	NULL	NULL	NULL	NULL	114	Autobusai	114	01-mt		827	NULL	NULL	NULL
missed	635436	A>B	Antakalnis–Mileišiškių –S.Kerbedžio g.–Dvarčionys–Vinciūniškės	846	NULL	NULL	NULL	NULL	NULL	NULL	NULL	114	Autobusai	114	01-mt		878	NULL	NULL	NULL
missed	635436	B>A	Vinciūniškės–Dvarčionys–S.Kerbedžio–Mileišiškių g.–Antakalnis	883	NULL	NULL	NULL	NULL	NULL	NULL	NULL	114	Autobusai	114	01-mt		915	NULL	NULL	NULL
missed	635436	A>B	Antakalnis–Mileišiškių –S.Kerbedžio g.–Dvarčionys–Vinciūniškės	930	NULL	NULL	NULL	NULL	NULL	NULL	NULL	114	Autobusai	114	01-mt		962	NULL	NULL	NULL
missed	635436	B>A	Vinciūniškės–Dvarčionys–S.Kerbedžio–Mileišiškių g.–Antakalnis	967	NULL	NULL	NULL	NULL	NULL	NULL	NULL	114	Autobusai	114	01-mt		999	NULL	NULL	NULL
missed	635436	A>B	Antakalnis–Mileišiškių –S.Kerbedžio g.–Dvarčionys–Vinciūniškės	1004	NULL	NULL	NULL	NULL	NULL	NULL	NULL	114	Autobusai	114	01-mt		1036	NULL	NULL	NULL
missed	635436	B>A	Vinciūniškės–Dvarčionys–S.Kerbedžio–Mileišiškių g.–Antakalnis	1041	NULL	NULL	NULL	NULL	NULL	NULL	NULL	114	Autobusai	114	01-mt		1073	NULL	NULL	NULL
missed	635436	A>B	Antakalnis–Mileišiškių –S.Kerbedžio g.–Dvarčionys–Vinciūniškės	1079	NULL	NULL	NULL	NULL	NULL	NULL	NULL	114	Autobusai	114	01-mt		1111	NULL	NULL	NULL
missed	635436	B>A	Vinciūniškės–Dvarčionys–S.Kerbedžio–Mileišiškių g.–Antakalnis	1116	NULL	NULL	NULL	NULL	NULL	NULL	NULL	114	Autobusai	114	01-mt		1148	NULL	NULL	NULL
missed	635436	A>B	Antakalnis–Mileišiškių –S.Kerbedžio g.–Dvarčionys–Vinciūniškės	1180	NULL	NULL	NULL	NULL	NULL	NULL	NULL	114	Autobusai	114	01-mt		1212	NULL	NULL	NULL
missed	635436	B>A	Vinciūniškės–Dvarčionys–S.Kerbedžio–Mileišiškių g.–Antakalnis	1215	NULL	NULL	NULL	NULL	NULL	NULL	NULL	114	Autobusai	114	01-mt		1247	NULL	NULL	NULL
missed	635436	A>B	Antakalnis–Mileišiškių –S.Kerbedžio g.–Dvarčionys–Vinciūniškės	1252	NULL	NULL	NULL	NULL	NULL	NULL	NULL	114	Autobusai	114	01-mt		1284	NULL	NULL	NULL
missed	635436	B>A	Vinciūniškės–Dvarčionys–S.Kerbedžio–Mileišiškių g.–Antakalnis	1295	NULL	NULL	NULL	NULL	NULL	NULL	NULL	114	Autobusai	114	01-mt		1327	NULL	NULL	NULL
missed	635436	A>B	Antakalnis–Mileišiškių –S.Kerbedžio g.–Dvarčionys–Vinciūniškės	1332	NULL	NULL	NULL	NULL	NULL	NULL	NULL	114	Autobusai	114	01-mt		1364	NULL	NULL	NULL
missed	635436	B>A	Vinciūniškės–Dvarčionys–S.Kerbedžio–Mileišiškių g.–Antakalnis	1370	NULL	NULL	NULL	NULL	NULL	NULL	NULL	114	Autobusai	114	01-mt		1402	NULL	NULL	NULL
missed	635437	A>B	Antakalnis–Mileišiškių –S.Kerbedžio g.–Dvarčionys–Vinciūniškės	381	NULL	NULL	NULL	NULL	NULL	NULL	NULL	114	Autobusai	114	02-mt		413	NULL	NULL	NULL
missed	635437	B>A	Vinciūniškės–Dvarčionys–S.Kerbedžio–Mileišiškių g.–Antakalnis	418	NULL	NULL	NULL	NULL	NULL	NULL	NULL	114	Autobusai	114	02-mt		450	NULL	NULL	NULL
missed	635437	A>B	Antakalnis–Mileišiškių –S.Kerbedžio g.–Dvarčionys–Vinciūniškės	455	NULL	NULL	NULL	NULL	NULL	NULL	NULL	114	Autobusai	114	02-mt		487	NULL	NULL	NULL
missed	635437	B>A	Vinciūniškės–Dvarčionys–S.Kerbedžio–Mileišiškių g.–Antakalnis	495	NULL	NULL	NULL	NULL	NULL	NULL	NULL	114	Autobusai	114	02-mt		527	NULL	NULL	NULL
missed	635437	A>B	Antakalnis–Mileišiškių –S.Kerbedžio g.–Dvarčionys–Vinciūniškės	532	NULL	NULL	NULL	NULL	NULL	NULL	NULL	114	Autobusai	114	02-mt		564	NULL	NULL	NULL
missed	635437	B>A	Vinciūniškės–Dvarčionys–S.Kerbedžio–Mileišiškių g.–Antakalnis	569	NULL	NULL	NULL	NULL	NULL	NULL	NULL	114	Autobusai	114	02-mt		601	NULL	NULL	NULL
missed	635437	A>B	Antakalnis–Mileišiškių –S.Kerbedžio g.–Dvarčionys–Vinciūniškės	633	NULL	NULL	NULL	NULL	NULL	NULL	NULL	114	Autobusai	114	02-mt		665	NULL	NULL	NULL
missed	635437	B>A	Vinciūniškės–Dvarčionys–S.Kerbedžio–Mileišiškių g.–Antakalnis	668	NULL	NULL	NULL	NULL	NULL	NULL	NULL	114	Autobusai	114	02-mt		700	NULL	NULL	NULL
missed	635437	A>B	Antakalnis–Mileišiškių –S.Kerbedžio g.–Dvarčionys–Vinciūniškės	706	NULL	NULL	NULL	NULL	NULL	NULL	NULL	114	Autobusai	114	02-mt		738	NULL	NULL	NULL
missed	635437	B>A	Vinciūniškės–Dvarčionys–S.Kerbedžio–Mileišiškių g.–Antakalnis	747	NULL	NULL	NULL	NULL	NULL	NULL	NULL	114	Autobusai	114	02-mt		779	NULL	NULL	NULL
missed	635437	A>B	Antakalnis–Mileišiškių –S.Kerbedžio g.–Dvarčionys–Vinciūniškės	783	NULL	NULL	NULL	NULL	NULL	NULL	NULL	114	Autobusai	114	02-mt		815	NULL	NULL	NULL
missed	635437	B>A	Vinciūniškės–Dvarčionys–S.Kerbedžio–Mileišiškių g.–Antakalnis	820	NULL	NULL	NULL	NULL	NULL	NULL	NULL	114	Autobusai	114	02-mt		852	NULL	NULL	NULL
missed	635437	A>B	Antakalnis–Mileišiškių –S.Kerbedžio g.–Dvarčionys–Vinciūniškės	870	NULL	NULL	NULL	NULL	NULL	NULL	NULL	114	Autobusai	114	02-mt		902	NULL	NULL	NULL
missed	635437	B>A	Vinciūniškės–Dvarčionys–S.Kerbedžio–Mileišiškių g.–Antakalnis	907	NULL	NULL	NULL	NULL	NULL	NULL	NULL	114	Autobusai	114	02-mt		939	NULL	NULL	NULL
missed	635437	A>B	Antakalnis–Mileišiškių –S.Kerbedžio g.–Dvarčionys–Vinciūniškės	956	NULL	NULL	NULL	NULL	NULL	NULL	NULL	114	Autobusai	114	02-mt		988	NULL	NULL	NULL
missed	635437	B>A	Vinciūniškės–Dvarčionys–S.Kerbedžio–Mileišiškių g.–Antakalnis	992	NULL	NULL	NULL	NULL	NULL	NULL	NULL	114	Autobusai	114	02-mt		1024	NULL	NULL	NULL
missed	635437	A>B	Antakalnis–Mileišiškių –S.Kerbedžio g.–Dvarčionys–Vinciūniškės	1031	NULL	NULL	NULL	NULL	NULL	NULL	NULL	114	Autobusai	114	02-mt		1063	NULL	NULL	NULL
missed	635437	B>A	Vinciūniškės–Dvarčionys–S.Kerbedžio–Mileišiškių g.–Antakalnis	1068	NULL	NULL	NULL	NULL	NULL	NULL	NULL	114	Autobusai	114	02-mt		1100	NULL	NULL	NULL
missed	635437	A>B	Antakalnis–Mileišiškių –S.Kerbedžio g.–Dvarčionys–Vinciūniškės	1105	NULL	NULL	NULL	NULL	NULL	NULL	NULL	114	Autobusai	114	02-mt		1137	NULL	NULL	NULL
missed	635437	B>A	Vinciūniškės–Dvarčionys–S.Kerbedžio–Mileišiškių g.–Antakalnis	1142	NULL	NULL	NULL	NULL	NULL	NULL	NULL	114	Autobusai	114	02-mt		1174	NULL	NULL	NULL
missed	635437	A>B	Antakalnis–Mileišiškių –S.Kerbedžio g.–Dvarčionys–Vinciūniškės	1206	NULL	NULL	NULL	NULL	NULL	NULL	NULL	114	Autobusai	114	02-mt		1238	NULL	NULL	NULL
missed	635437	B>A	Vinciūniškės–Dvarčionys–S.Kerbedžio–Mileišiškių g.–Antakalnis	1241	NULL	NULL	NULL	NULL	NULL	NULL	NULL	114	Autobusai	114	02-mt		1273	NULL	NULL	NULL
missed	635437	A>B	Antakalnis–Mileišiškių –S.Kerbedžio g.–Dvarčionys–Vinciūniškės	1279	NULL	NULL	NULL	NULL	NULL	NULL	NULL	114	Autobusai	114	02-mt		1311	NULL	NULL	NULL
missed	635437	B>A	Vinciūniškės–Dvarčionys–S.Kerbedžio–Mileišiškių g.–Antakalnis	1316	NULL	NULL	NULL	NULL	NULL	NULL	NULL	114	Autobusai	114	02-mt		1348	NULL	NULL	NULL
missed	635437	A>B	Antakalnis–Mileišiškių –S.Kerbedžio g.–Dvarčionys–Vinciūniškės	1353	NULL	NULL	NULL	NULL	NULL	NULL	NULL	114	Autobusai	114	02-mt		1385	NULL	NULL	NULL
missed	635437	B>A	Vinciūniškės–Dvarčionys–S.Kerbedžio–Mileišiškių g.–Antakalnis	1390	NULL	NULL	NULL	NULL	NULL	NULL	NULL	114	Autobusai	114	02-mt		1422	NULL	NULL	NULL
missed	635438	A>B	Antakalnis–Mileišiškių –S.Kerbedžio g.–Dvarčionys–Vinciūniškės	396	NULL	NULL	NULL	NULL	NULL	NULL	NULL	114	Autobusai	114	03-mt		428	NULL	NULL	NULL
missed	635438	B>A	Vinciūniškės–Dvarčionys–S.Kerbedžio–Mileišiškių g.–Antakalnis	433	NULL	NULL	NULL	NULL	NULL	NULL	NULL	114	Autobusai	114	03-mt		465	NULL	NULL	NULL
missed	635438	A>B	Antakalnis–Mileišiškių –S.Kerbedžio g.–Dvarčionys–Vinciūniškės	477	NULL	NULL	NULL	NULL	NULL	NULL	NULL	114	Autobusai	114	03-mt		509	NULL	NULL	NULL
missed	635438	B>A	Vinciūniškės–Dvarčionys–S.Kerbedžio–Mileišiškių g.–Antakalnis	514	NULL	NULL	NULL	NULL	NULL	NULL	NULL	114	Autobusai	114	03-mt		546	NULL	NULL	NULL
missed	635438	A>B	Antakalnis–Mileišiškių –S.Kerbedžio g.–Dvarčionys–Vinciūniškės	555	NULL	NULL	NULL	NULL	NULL	NULL	NULL	114	Autobusai	114	03-mt		587	NULL	NULL	NULL
missed	635438	B>A	Vinciūniškės–Dvarčionys–S.Kerbedžio–Mileišiškių g.–Antakalnis	592	NULL	NULL	NULL	NULL	NULL	NULL	NULL	114	Autobusai	114	03-mt		624	NULL	NULL	NULL
missed	635438	A>B	Antakalnis–Mileišiškių –S.Kerbedžio g.–Dvarčionys–Vinciūniškės	656	NULL	NULL	NULL	NULL	NULL	NULL	NULL	114	Autobusai	114	03-mt		688	NULL	NULL	NULL
missed	635438	B>A	Vinciūniškės–Dvarčionys–S.Kerbedžio–Mileišiškių g.–Antakalnis	697	NULL	NULL	NULL	NULL	NULL	NULL	NULL	114	Autobusai	114	03-mt		729	NULL	NULL	NULL
missed	635438	A>B	Antakalnis–Mileišiškių –S.Kerbedžio g.–Dvarčionys–Vinciūniškės	733	NULL	NULL	NULL	NULL	NULL	NULL	NULL	114	Autobusai	114	03-mt		765	NULL	NULL	NULL
missed	635438	B>A	Vinciūniškės–Dvarčionys–S.Kerbedžio–Mileišiškių g.–Antakalnis	770	NULL	NULL	NULL	NULL	NULL	NULL	NULL	114	Autobusai	114	03-mt		802	NULL	NULL	NULL
missed	635438	A>B	Antakalnis–Mileišiškių –S.Kerbedžio g.–Dvarčionys–Vinciūniškės	810	NULL	NULL	NULL	NULL	NULL	NULL	NULL	114	Autobusai	114	03-mt		842	NULL	NULL	NULL
missed	635438	B>A	Vinciūniškės–Dvarčionys–S.Kerbedžio–Mileišiškių g.–Antakalnis	847	NULL	NULL	NULL	NULL	NULL	NULL	NULL	114	Autobusai	114	03-mt		879	NULL	NULL	NULL
missed	635438	A>B	Antakalnis–Mileišiškių –S.Kerbedžio g.–Dvarčionys–Vinciūniškės	891	NULL	NULL	NULL	NULL	NULL	NULL	NULL	114	Autobusai	114	03-mt		923	NULL	NULL	NULL
missed	635438	B>A	Vinciūniškės–Dvarčionys–S.Kerbedžio–Mileišiškių g.–Antakalnis	934	NULL	NULL	NULL	NULL	NULL	NULL	NULL	114	Autobusai	114	03-mt		966	NULL	NULL	NULL
missed	635438	A>B	Antakalnis–Mileišiškių –S.Kerbedžio g.–Dvarčionys–Vinciūniškės	975	NULL	NULL	NULL	NULL	NULL	NULL	NULL	114	Autobusai	114	03-mt		1007	NULL	NULL	NULL
missed	635438	B>A	Vinciūniškės–Dvarčionys–S.Kerbedžio–Mileišiškių g.–Antakalnis	1017	NULL	NULL	NULL	NULL	NULL	NULL	NULL	114	Autobusai	114	03-mt		1049	NULL	NULL	NULL
missed	635438	A>B	Antakalnis–Mileišiškių –S.Kerbedžio g.–Dvarčionys–Vinciūniškės	1054	NULL	NULL	NULL	NULL	NULL	NULL	NULL	114	Autobusai	114	03-mt		1086	NULL	NULL	NULL
missed	635438	B>A	Vinciūniškės–Dvarčionys–S.Kerbedžio–Mileišiškių g.–Antakalnis	1095	NULL	NULL	NULL	NULL	NULL	NULL	NULL	114	Autobusai	114	03-mt		1127	NULL	NULL	NULL
missed	635438	A>B	Antakalnis–Mileišiškių –S.Kerbedžio g.–Dvarčionys–Vinciūniškės	1159	NULL	NULL	NULL	NULL	NULL	NULL	NULL	114	Autobusai	114	03-mt		1191	NULL	NULL	NULL
missed	635438	B>A	Vinciūniškės–Dvarčionys–S.Kerbedžio–Mileišiškių g.–Antakalnis	1194	NULL	NULL	NULL	NULL	NULL	NULL	NULL	114	Autobusai	114	03-mt		1226	NULL	NULL	NULL
missed	635438	A>B	Antakalnis–Mileišiškių –S.Kerbedžio g.–Dvarčionys–Vinciūniškės	1231	NULL	NULL	NULL	NULL	NULL	NULL	NULL	114	Autobusai	114	03-mt		1263	NULL	NULL	NULL
missed	635438	B>A	Vinciūniškės–Dvarčionys–S.Kerbedžio–Mileišiškių g.–Antakalnis	1268	NULL	NULL	NULL	NULL	NULL	NULL	NULL	114	Autobusai	114	03-mt		1300	NULL	NULL	NULL
missed	635438	A>B	Antakalnis–Mileišiškių –S.Kerbedžio g.–Dvarčionys–Vinciūniškės	1305	NULL	NULL	NULL	NULL	NULL	NULL	NULL	114	Autobusai	114	03-mt		1337	NULL	NULL	NULL
missed	635438	B>A	Vinciūniškės–Dvarčionys–S.Kerbedžio–Mileišiškių g.–Antakalnis	1341	NULL	NULL	NULL	NULL	NULL	NULL	NULL	114	Autobusai	114	03-mt		1373	NULL	NULL	NULL
missed	635441	A>B	Antakalnis–Rokantiškės–Parko g.	316	NULL	NULL	NULL	NULL	NULL	NULL	NULL	115	Autobusai	115	01		355	NULL	NULL	NULL
missed	635441	B>A	Parko g.–Rokantiškės–Antakalnis	365	NULL	NULL	NULL	NULL	NULL	NULL	NULL	115	Autobusai	115	01		400	NULL	NULL	NULL
missed	635441	A>B	Antakalnis–Rokantiškės–Parko g.	405	NULL	NULL	NULL	NULL	NULL	NULL	NULL	115	Autobusai	115	01		444	NULL	NULL	NULL
missed	635441	B>A	Parko g.–Rokantiškės–Antakalnis	449	NULL	NULL	NULL	NULL	NULL	NULL	NULL	115	Autobusai	115	01		484	NULL	NULL	NULL
missed	635441	A>B	Antakalnis–Rokantiškės–Parko g.	489	NULL	NULL	NULL	NULL	NULL	NULL	NULL	115	Autobusai	115	01		528	NULL	NULL	NULL
missed	635441	B>A	Parko g.–Rokantiškės–Antakalnis	533	NULL	NULL	NULL	NULL	NULL	NULL	NULL	115	Autobusai	115	01		568	NULL	NULL	NULL
missed	635441	A>B	Antakalnis–Rokantiškės–Parko g.	600	NULL	NULL	NULL	NULL	NULL	NULL	NULL	115	Autobusai	115	01		639	NULL	NULL	NULL
missed	635441	B>A	Parko g.–Rokantiškės–Antakalnis	653	NULL	NULL	NULL	NULL	NULL	NULL	NULL	115	Autobusai	115	01		687	NULL	NULL	NULL
missed	635441	A>B	Antakalnis–Rokantiškės–Parko g.	692	NULL	NULL	NULL	NULL	NULL	NULL	NULL	115	Autobusai	115	01		731	NULL	NULL	NULL
missed	635441	B>A	Parko g.–Rokantiškės–Antakalnis	739	NULL	NULL	NULL	NULL	NULL	NULL	NULL	115	Autobusai	115	01		773	NULL	NULL	NULL
missed	635441	A>B	Antakalnis–Rokantiškės–Parko g.	778	NULL	NULL	NULL	NULL	NULL	NULL	NULL	115	Autobusai	115	01		817	NULL	NULL	NULL
missed	635441	B>A	Parko g.–Rokantiškės–Antakalnis	822	NULL	NULL	NULL	NULL	NULL	NULL	NULL	115	Autobusai	115	01		856	NULL	NULL	NULL
missed	635441	A>B	Antakalnis–Rokantiškės–Parko g.	866	NULL	NULL	NULL	NULL	NULL	NULL	NULL	115	Autobusai	115	01		905	NULL	NULL	NULL
missed	635441	B>A	Parko g.–Rokantiškės–Antakalnis	910	NULL	NULL	NULL	NULL	NULL	NULL	NULL	115	Autobusai	115	01		944	NULL	NULL	NULL
missed	635441	A>B	Antakalnis–Rokantiškės–Parko g.	950	NULL	NULL	NULL	NULL	NULL	NULL	NULL	115	Autobusai	115	01		989	NULL	NULL	NULL
missed	635441	B>A	Parko g.–Rokantiškės–Antakalnis	996	NULL	NULL	NULL	NULL	NULL	NULL	NULL	115	Autobusai	115	01		1031	NULL	NULL	NULL
missed	635441	A>B	Antakalnis–Rokantiškės–Parko g.	1044	NULL	NULL	NULL	NULL	NULL	NULL	NULL	115	Autobusai	115	01		1083	NULL	NULL	NULL
missed	635441	B>A	Parko g.–Rokantiškės–Antakalnis	1088	NULL	NULL	NULL	NULL	NULL	NULL	NULL	115	Autobusai	115	01		1123	NULL	NULL	NULL
missed	635441	A>B	Antakalnis–Rokantiškės–Parko g.	1173	NULL	NULL	NULL	NULL	NULL	NULL	NULL	115	Autobusai	115	01		1212	NULL	NULL	NULL
missed	635441	B>A	Parko g.–Rokantiškės–Antakalnis	1217	NULL	NULL	NULL	NULL	NULL	NULL	NULL	115	Autobusai	115	01		1251	NULL	NULL	NULL
missed	635441	A>B	Antakalnis–Rokantiškės–Parko g.	1256	NULL	NULL	NULL	NULL	NULL	NULL	NULL	115	Autobusai	115	01		1295	NULL	NULL	NULL
missed	635441	B>A	Parko g.–Rokantiškės–Antakalnis	1302	NULL	NULL	NULL	NULL	NULL	NULL	NULL	115	Autobusai	115	01		1336	NULL	NULL	NULL
missed	635441	A>B	Antakalnis–Rokantiškės–Parko g.	1342	NULL	NULL	NULL	NULL	NULL	NULL	NULL	115	Autobusai	115	01		1381	NULL	NULL	NULL
missed	635441	B>A	Parko g.–Rokantiškės–Antakalnis	1392	NULL	NULL	NULL	NULL	NULL	NULL	NULL	115	Autobusai	115	01		1426	NULL	NULL	NULL
missed	635442	A>B	Antakalnis–Rokantiškės–Parko g.	368	NULL	NULL	NULL	NULL	NULL	NULL	NULL	115	Autobusai	115	02		407	NULL	NULL	NULL
missed	635442	B>A	Parko g.–Rokantiškės–Antakalnis	419	NULL	NULL	NULL	NULL	NULL	NULL	NULL	115	Autobusai	115	02		454	NULL	NULL	NULL
missed	635442	A>B	Antakalnis–Rokantiškės–Parko g.	459	NULL	NULL	NULL	NULL	NULL	NULL	NULL	115	Autobusai	115	02		498	NULL	NULL	NULL
missed	635442	B>A	Parko g.–Rokantiškės–Antakalnis	503	NULL	NULL	NULL	NULL	NULL	NULL	NULL	115	Autobusai	115	02		538	NULL	NULL	NULL
missed	635442	A>B	Antakalnis–Rokantiškės–Parko g.	543	NULL	NULL	NULL	NULL	NULL	NULL	NULL	115	Autobusai	115	02		582	NULL	NULL	NULL
missed	635442	B>A	Parko g.–Rokantiškės–Antakalnis	595	NULL	NULL	NULL	NULL	NULL	NULL	NULL	115	Autobusai	115	02		629	NULL	NULL	NULL
missed	635442	A>B	Antakalnis–Rokantiškės–Parko g.	662	NULL	NULL	NULL	NULL	NULL	NULL	NULL	115	Autobusai	115	02		701	NULL	NULL	NULL
missed	635442	B>A	Parko g.–Rokantiškės–Antakalnis	710	NULL	NULL	NULL	NULL	NULL	NULL	NULL	115	Autobusai	115	02		744	NULL	NULL	NULL
missed	635442	A>B	Antakalnis–Rokantiškės–Parko g.	749	NULL	NULL	NULL	NULL	NULL	NULL	NULL	115	Autobusai	115	02		788	NULL	NULL	NULL
missed	635442	B>A	Parko g.–Rokantiškės–Antakalnis	797	NULL	NULL	NULL	NULL	NULL	NULL	NULL	115	Autobusai	115	02		831	NULL	NULL	NULL
missed	635442	A>B	Antakalnis–Rokantiškės–Parko g.	836	NULL	NULL	NULL	NULL	NULL	NULL	NULL	115	Autobusai	115	02		875	NULL	NULL	NULL
missed	635442	B>A	Parko g.–Rokantiškės–Antakalnis	885	NULL	NULL	NULL	NULL	NULL	NULL	NULL	115	Autobusai	115	02		919	NULL	NULL	NULL
missed	635442	A>B	Antakalnis–Rokantiškės–Parko g.	924	NULL	NULL	NULL	NULL	NULL	NULL	NULL	115	Autobusai	115	02		964	NULL	NULL	NULL
missed	635442	B>A	Parko g.–Rokantiškės–Antakalnis	970	NULL	NULL	NULL	NULL	NULL	NULL	NULL	115	Autobusai	115	02		1005	NULL	NULL	NULL
missed	635442	A>B	Antakalnis–Rokantiškės–Parko g.	1010	NULL	NULL	NULL	NULL	NULL	NULL	NULL	115	Autobusai	115	02		1049	NULL	NULL	NULL
missed	635442	B>A	Parko g.–Rokantiškės–Antakalnis	1054	NULL	NULL	NULL	NULL	NULL	NULL	NULL	115	Autobusai	115	02		1089	NULL	NULL	NULL
missed	635442	A>B	Antakalnis–Rokantiškės–Parko g.	1121	NULL	NULL	NULL	NULL	NULL	NULL	NULL	115	Autobusai	115	02		1160	NULL	NULL	NULL
missed	635442	B>A	Parko g.–Rokantiškės–Antakalnis	1177	NULL	NULL	NULL	NULL	NULL	NULL	NULL	115	Autobusai	115	02		1212	NULL	NULL	NULL
missed	635442	A>B	Antakalnis–Rokantiškės–Parko g.	1223	NULL	NULL	NULL	NULL	NULL	NULL	NULL	115	Autobusai	115	02		1262	NULL	NULL	NULL
missed	635442	B>A	Parko g.–Rokantiškės–Antakalnis	1273	NULL	NULL	NULL	NULL	NULL	NULL	NULL	115	Autobusai	115	02		1307	NULL	NULL	NULL
missed	635442	A>B	Antakalnis–Rokantiškės–Parko g.	1314	NULL	NULL	NULL	NULL	NULL	NULL	NULL	115	Autobusai	115	02		1353	NULL	NULL	NULL
missed	635442	B>A	Parko g.–Rokantiškės–Antakalnis	1358	NULL	NULL	NULL	NULL	NULL	NULL	NULL	115	Autobusai	115	02		1392	NULL	NULL	NULL
missed	635443	A>B1	Antakalnis–Rokantiškės–Kalno g.	335	NULL	NULL	NULL	NULL	NULL	NULL	NULL	115	Autobusai	115	03		359	NULL	NULL	NULL
missed	635443	B1>A	Kalno g.–Rokantiškės–Antakalnis	364	NULL	NULL	NULL	NULL	NULL	NULL	NULL	115	Autobusai	115	03		385	NULL	NULL	NULL
missed	635443	A>B1	Antakalnis–Rokantiškės–Kalno g.	390	NULL	NULL	NULL	NULL	NULL	NULL	NULL	115	Autobusai	115	03		414	NULL	NULL	NULL
missed	635443	B1>A	Kalno g.–Rokantiškės–Antakalnis	419	NULL	NULL	NULL	NULL	NULL	NULL	NULL	115	Autobusai	115	03		440	NULL	NULL	NULL
missed	635443	A>B1	Antakalnis–Rokantiškės–Kalno g.	445	NULL	NULL	NULL	NULL	NULL	NULL	NULL	115	Autobusai	115	03		469	NULL	NULL	NULL
missed	635443	B1>A	Kalno g.–Rokantiškės–Antakalnis	474	NULL	NULL	NULL	NULL	NULL	NULL	NULL	115	Autobusai	115	03		495	NULL	NULL	NULL
missed	635443	A>B1	Antakalnis–Rokantiškės–Kalno g.	500	NULL	NULL	NULL	NULL	NULL	NULL	NULL	115	Autobusai	115	03		524	NULL	NULL	NULL
missed	635443	B1>A	Kalno g.–Rokantiškės–Antakalnis	534	NULL	NULL	NULL	NULL	NULL	NULL	NULL	115	Autobusai	115	03		555	NULL	NULL	NULL
missed	635443	A>B1	Antakalnis–Rokantiškės–Kalno g.	564	NULL	NULL	NULL	NULL	NULL	NULL	NULL	115	Autobusai	115	03		588	NULL	NULL	NULL
missed	635443	B1>A	Kalno g.–Rokantiškės–Antakalnis	593	NULL	NULL	NULL	NULL	NULL	NULL	NULL	115	Autobusai	115	03		614	NULL	NULL	NULL
missed	635443	A>B1	Antakalnis–Rokantiškės–Kalno g.	649	NULL	NULL	NULL	NULL	NULL	NULL	NULL	115	Autobusai	115	03		673	NULL	NULL	NULL
missed	635443	B1>A	Kalno g.–Rokantiškės–Antakalnis	683	NULL	NULL	NULL	NULL	NULL	NULL	NULL	115	Autobusai	115	03		704	NULL	NULL	NULL
missed	635443	A>B1	Antakalnis–Rokantiškės–Kalno g.	710	NULL	NULL	NULL	NULL	NULL	NULL	NULL	115	Autobusai	115	03		734	NULL	NULL	NULL
missed	635443	B1>A	Kalno g.–Rokantiškės–Antakalnis	739	NULL	NULL	NULL	NULL	NULL	NULL	NULL	115	Autobusai	115	03		760	NULL	NULL	NULL
missed	635443	A>B1	Antakalnis–Rokantiškės–Kalno g.	765	NULL	NULL	NULL	NULL	NULL	NULL	NULL	115	Autobusai	115	03		789	NULL	NULL	NULL
missed	635443	B1>A	Kalno g.–Rokantiškės–Antakalnis	794	NULL	NULL	NULL	NULL	NULL	NULL	NULL	115	Autobusai	115	03		815	NULL	NULL	NULL
missed	635443	A>B1	Antakalnis–Rokantiškės–Kalno g.	820	NULL	NULL	NULL	NULL	NULL	NULL	NULL	115	Autobusai	115	03		844	NULL	NULL	NULL
missed	635443	B1>A	Kalno g.–Rokantiškės–Antakalnis	853	NULL	NULL	NULL	NULL	NULL	NULL	NULL	115	Autobusai	115	03		874	NULL	NULL	NULL
missed	635443	A>B1	Antakalnis–Rokantiškės–Kalno g.	884	NULL	NULL	NULL	NULL	NULL	NULL	NULL	115	Autobusai	115	03		908	NULL	NULL	NULL
missed	635443	B1>A	Kalno g.–Rokantiškės–Antakalnis	913	NULL	NULL	NULL	NULL	NULL	NULL	NULL	115	Autobusai	115	03		934	NULL	NULL	NULL
missed	635443	A>B1	Antakalnis–Rokantiškės–Kalno g.	939	NULL	NULL	NULL	NULL	NULL	NULL	NULL	115	Autobusai	115	03		963	NULL	NULL	NULL
missed	635443	B1>A	Kalno g.–Rokantiškės–Antakalnis	968	NULL	NULL	NULL	NULL	NULL	NULL	NULL	115	Autobusai	115	03		989	NULL	NULL	NULL
missed	635443	A>B1	Antakalnis–Rokantiškės–Kalno g.	994	NULL	NULL	NULL	NULL	NULL	NULL	NULL	115	Autobusai	115	03		1018	NULL	NULL	NULL
missed	635443	B1>A	Kalno g.–Rokantiškės–Antakalnis	1023	NULL	NULL	NULL	NULL	NULL	NULL	NULL	115	Autobusai	115	03		1044	NULL	NULL	NULL
missed	635443	A>B1	Antakalnis–Rokantiškės–Kalno g.	1058	NULL	NULL	NULL	NULL	NULL	NULL	NULL	115	Autobusai	115	03		1082	NULL	NULL	NULL
missed	635443	B1>A	Kalno g.–Rokantiškės–Antakalnis	1087	NULL	NULL	NULL	NULL	NULL	NULL	NULL	115	Autobusai	115	03		1108	NULL	NULL	NULL
missed	635443	A>B1	Antakalnis–Rokantiškės–Kalno g.	1140	NULL	NULL	NULL	NULL	NULL	NULL	NULL	115	Autobusai	115	03		1164	NULL	NULL	NULL
missed	635443	B1>A	Kalno g.–Rokantiškės–Antakalnis	1169	NULL	NULL	NULL	NULL	NULL	NULL	NULL	115	Autobusai	115	03		1190	NULL	NULL	NULL
missed	635443	A>B1	Antakalnis–Rokantiškės–Kalno g.	1208	NULL	NULL	NULL	NULL	NULL	NULL	NULL	115	Autobusai	115	03		1232	NULL	NULL	NULL
missed	635443	B1>A	Kalno g.–Rokantiškės–Antakalnis	1246	NULL	NULL	NULL	NULL	NULL	NULL	NULL	115	Autobusai	115	03		1267	NULL	NULL	NULL
missed	635443	A>B1	Antakalnis–Rokantiškės–Kalno g.	1272	NULL	NULL	NULL	NULL	NULL	NULL	NULL	115	Autobusai	115	03		1296	NULL	NULL	NULL
missed	635443	B1>A	Kalno g.–Rokantiškės–Antakalnis	1301	NULL	NULL	NULL	NULL	NULL	NULL	NULL	115	Autobusai	115	03		1322	NULL	NULL	NULL
missed	635443	A>B1	Antakalnis–Rokantiškės–Kalno g.	1327	NULL	NULL	NULL	NULL	NULL	NULL	NULL	115	Autobusai	115	03		1351	NULL	NULL	NULL
missed	635443	B1>A	Kalno g.–Rokantiškės–Antakalnis	1358	NULL	NULL	NULL	NULL	NULL	NULL	NULL	115	Autobusai	115	03		1379	NULL	NULL	NULL
missed	635444	A>B	Antakalnis–Rokantiškės–Parko g.	327	NULL	NULL	NULL	NULL	NULL	NULL	NULL	115	Autobusai	115	04		366	NULL	NULL	NULL
missed	635444	B>A	Parko g.–Rokantiškės–Antakalnis	379	NULL	NULL	NULL	NULL	NULL	NULL	NULL	115	Autobusai	115	04		414	NULL	NULL	NULL
missed	635444	A>B1	Antakalnis–Rokantiškės–Kalno g.	418	NULL	NULL	NULL	NULL	NULL	NULL	NULL	115	Autobusai	115	04		442	NULL	NULL	NULL
missed	635444	B1>A	Kalno g.–Rokantiškės–Antakalnis	447	NULL	NULL	NULL	NULL	NULL	NULL	NULL	115	Autobusai	115	04		468	NULL	NULL	NULL
missed	635444	A>B1	Antakalnis–Rokantiškės–Kalno g.	473	NULL	NULL	NULL	NULL	NULL	NULL	NULL	115	Autobusai	115	04		497	NULL	NULL	NULL
missed	635444	B1>A	Kalno g.–Rokantiškės–Antakalnis	502	NULL	NULL	NULL	NULL	NULL	NULL	NULL	115	Autobusai	115	04		523	NULL	NULL	NULL
missed	635444	A>B1	Antakalnis–Rokantiškės–Kalno g.	528	NULL	NULL	NULL	NULL	NULL	NULL	NULL	115	Autobusai	115	04		552	NULL	NULL	NULL
missed	635444	B1>A	Kalno g.–Rokantiškės–Antakalnis	560	NULL	NULL	NULL	NULL	NULL	NULL	NULL	115	Autobusai	115	04		581	NULL	NULL	NULL
missed	635444	A>B1	Antakalnis–Rokantiškės–Kalno g.	616	NULL	NULL	NULL	NULL	NULL	NULL	NULL	115	Autobusai	115	04		640	NULL	NULL	NULL
missed	635444	B1>A	Kalno g.–Rokantiškės–Antakalnis	645	NULL	NULL	NULL	NULL	NULL	NULL	NULL	115	Autobusai	115	04		666	NULL	NULL	NULL
missed	635444	A>B1	Antakalnis–Rokantiškės–Kalno g.	673	NULL	NULL	NULL	NULL	NULL	NULL	NULL	115	Autobusai	115	04		697	NULL	NULL	NULL
missed	635444	B1>A	Kalno g.–Rokantiškės–Antakalnis	702	NULL	NULL	NULL	NULL	NULL	NULL	NULL	115	Autobusai	115	04		723	NULL	NULL	NULL
missed	635444	A>B1	Antakalnis–Rokantiškės–Kalno g.	728	NULL	NULL	NULL	NULL	NULL	NULL	NULL	115	Autobusai	115	04		752	NULL	NULL	NULL
missed	635444	B1>A	Kalno g.–Rokantiškės–Antakalnis	769	NULL	NULL	NULL	NULL	NULL	NULL	NULL	115	Autobusai	115	04		790	NULL	NULL	NULL
missed	635444	A>B	Antakalnis–Rokantiškės–Parko g.	798	NULL	NULL	NULL	NULL	NULL	NULL	NULL	115	Autobusai	115	04		837	NULL	NULL	NULL
missed	635444	B>A	Parko g.–Rokantiškės–Antakalnis	850	NULL	NULL	NULL	NULL	NULL	NULL	NULL	115	Autobusai	115	04		887	NULL	NULL	NULL
missed	635444	A>B1	Antakalnis–Rokantiškės–Kalno g.	910	NULL	NULL	NULL	NULL	NULL	NULL	NULL	115	Autobusai	115	04		934	NULL	NULL	NULL
missed	635444	B1>A	Kalno g.–Rokantiškės–Antakalnis	939	NULL	NULL	NULL	NULL	NULL	NULL	NULL	115	Autobusai	115	04		960	NULL	NULL	NULL
missed	635444	A>B1	Antakalnis–Rokantiškės–Kalno g.	967	NULL	NULL	NULL	NULL	NULL	NULL	NULL	115	Autobusai	115	04		991	NULL	NULL	NULL
missed	635444	B1>A	Kalno g.–Rokantiškės–Antakalnis	997	NULL	NULL	NULL	NULL	NULL	NULL	NULL	115	Autobusai	115	04		1018	NULL	NULL	NULL
missed	635444	A>B1	Antakalnis–Rokantiškės–Kalno g.	1025	NULL	NULL	NULL	NULL	NULL	NULL	NULL	115	Autobusai	115	04		1049	NULL	NULL	NULL
missed	635444	B1>A	Kalno g.–Rokantiškės–Antakalnis	1057	NULL	NULL	NULL	NULL	NULL	NULL	NULL	115	Autobusai	115	04		1078	NULL	NULL	NULL
missed	635444	A>B1	Antakalnis–Rokantiškės–Kalno g.	1087	NULL	NULL	NULL	NULL	NULL	NULL	NULL	115	Autobusai	115	04		1111	NULL	NULL	NULL
missed	635444	B1>A	Kalno g.–Rokantiškės–Antakalnis	1116	NULL	NULL	NULL	NULL	NULL	NULL	NULL	115	Autobusai	115	04		1137	NULL	NULL	NULL
missed	635444	A>B1	Antakalnis–Rokantiškės–Kalno g.	1187	NULL	NULL	NULL	NULL	NULL	NULL	NULL	115	Autobusai	115	04		1211	NULL	NULL	NULL
missed	635444	B1>A	Kalno g.–Rokantiškės–Antakalnis	1216	NULL	NULL	NULL	NULL	NULL	NULL	NULL	115	Autobusai	115	04		1237	NULL	NULL	NULL
missed	635444	A>B1	Antakalnis–Rokantiškės–Kalno g.	1242	NULL	NULL	NULL	NULL	NULL	NULL	NULL	115	Autobusai	115	04		1266	NULL	NULL	NULL
missed	635444	B1>A	Kalno g.–Rokantiškės–Antakalnis	1271	NULL	NULL	NULL	NULL	NULL	NULL	NULL	115	Autobusai	115	04		1292	NULL	NULL	NULL
missed	635444	A>B1	Antakalnis–Rokantiškės–Kalno g.	1297	NULL	NULL	NULL	NULL	NULL	NULL	NULL	115	Autobusai	115	04		1321	NULL	NULL	NULL
missed	635444	B1>A	Kalno g.–Rokantiškės–Antakalnis	1336	NULL	NULL	NULL	NULL	NULL	NULL	NULL	115	Autobusai	115	04		1357	NULL	NULL	NULL
missed	635444	A>B1	Antakalnis–Rokantiškės–Kalno g.	1362	NULL	NULL	NULL	NULL	NULL	NULL	NULL	115	Autobusai	115	04		1386	NULL	NULL	NULL
missed	635444	B1>A	Kalno g.–Rokantiškės–Antakalnis	1391	NULL	NULL	NULL	NULL	NULL	NULL	NULL	115	Autobusai	115	04		1412	NULL	NULL	NULL
missed	635445	A>B	Antakalnis–Rokantiškės–Parko g.	346	NULL	NULL	NULL	NULL	NULL	NULL	NULL	115	Autobusai	115	05		385	NULL	NULL	NULL
missed	635445	B>A	Parko g.–Rokantiškės–Antakalnis	392	NULL	NULL	NULL	NULL	NULL	NULL	NULL	115	Autobusai	115	05		427	NULL	NULL	NULL
missed	635445	A>B	Antakalnis–Rokantiškės–Parko g.	432	NULL	NULL	NULL	NULL	NULL	NULL	NULL	115	Autobusai	115	05		471	NULL	NULL	NULL
missed	635445	B>A	Parko g.–Rokantiškės–Antakalnis	476	NULL	NULL	NULL	NULL	NULL	NULL	NULL	115	Autobusai	115	05		511	NULL	NULL	NULL
missed	635445	A>B	Antakalnis–Rokantiškės–Parko g.	516	NULL	NULL	NULL	NULL	NULL	NULL	NULL	115	Autobusai	115	05		555	NULL	NULL	NULL
missed	635445	B>A	Parko g.–Rokantiškės–Antakalnis	561	NULL	NULL	NULL	NULL	NULL	NULL	NULL	115	Autobusai	115	05		596	NULL	NULL	NULL
missed	635445	A>B	Antakalnis–Rokantiškės–Parko g.	897	NULL	NULL	NULL	NULL	NULL	NULL	NULL	115	Autobusai	115	05		936	NULL	NULL	NULL
missed	635445	B>A	Parko g.–Rokantiškės–Antakalnis	941	NULL	NULL	NULL	NULL	NULL	NULL	NULL	115	Autobusai	115	05		975	NULL	NULL	NULL
missed	635445	A>B	Antakalnis–Rokantiškės–Parko g.	980	NULL	NULL	NULL	NULL	NULL	NULL	NULL	115	Autobusai	115	05		1019	NULL	NULL	NULL
missed	635445	B>A	Parko g.–Rokantiškės–Antakalnis	1024	NULL	NULL	NULL	NULL	NULL	NULL	NULL	115	Autobusai	115	05		1059	NULL	NULL	NULL
missed	635445	A>B	Antakalnis–Rokantiškės–Parko g.	1070	NULL	NULL	NULL	NULL	NULL	NULL	NULL	115	Autobusai	115	05		1109	NULL	NULL	NULL
missed	635445	B>A	Parko g.–Rokantiškės–Antakalnis	1119	NULL	NULL	NULL	NULL	NULL	NULL	NULL	115	Autobusai	115	05		1154	NULL	NULL	NULL
missed	615012	B>A	Ungurių g.–Lazdynai–Gudelių šilas–Žvėrynas	349	NULL	NULL	NULL	NULL	NULL	NULL	NULL	116	Autobusai	116	01		380	NULL	NULL	NULL
missed	615012	A>B	Žvėrynas–Gudelių šilas–Lazdynai–Ungurių g.	386	NULL	NULL	NULL	NULL	NULL	NULL	NULL	116	Autobusai	116	01		415	NULL	NULL	NULL
missed	615012	B>A	Ungurių g.–Lazdynai–Gudelių šilas–Žvėrynas	421	NULL	NULL	NULL	NULL	NULL	NULL	NULL	116	Autobusai	116	01		452	NULL	NULL	NULL
missed	615012	A>B	Žvėrynas–Gudelių šilas–Lazdynai–Ungurių g.	458	NULL	NULL	NULL	NULL	NULL	NULL	NULL	116	Autobusai	116	01		487	NULL	NULL	NULL
missed	615012	B>A	Ungurių g.–Lazdynai–Gudelių šilas–Žvėrynas	492	NULL	NULL	NULL	NULL	NULL	NULL	NULL	116	Autobusai	116	01		523	NULL	NULL	NULL
missed	615012	A>B	Žvėrynas–Gudelių šilas–Lazdynai–Ungurių g.	561	NULL	NULL	NULL	NULL	NULL	NULL	NULL	116	Autobusai	116	01		590	NULL	NULL	NULL
missed	615012	B>A	Ungurių g.–Lazdynai–Gudelių šilas–Žvėrynas	595	NULL	NULL	NULL	NULL	NULL	NULL	NULL	116	Autobusai	116	01		626	NULL	NULL	NULL
missed	615012	A>B	Žvėrynas–Gudelių šilas–Lazdynai–Ungurių g.	634	NULL	NULL	NULL	NULL	NULL	NULL	NULL	116	Autobusai	116	01		663	NULL	NULL	NULL
missed	615012	B>A	Ungurių g.–Lazdynai–Gudelių šilas–Žvėrynas	668	NULL	NULL	NULL	NULL	NULL	NULL	NULL	116	Autobusai	116	01		699	NULL	NULL	NULL
missed	615012	A>B	Žvėrynas–Gudelių šilas–Lazdynai–Ungurių g.	704	NULL	NULL	NULL	NULL	NULL	NULL	NULL	116	Autobusai	116	01		733	NULL	NULL	NULL
missed	615012	B>A	Ungurių g.–Lazdynai–Gudelių šilas–Žvėrynas	738	NULL	NULL	NULL	NULL	NULL	NULL	NULL	116	Autobusai	116	01		769	NULL	NULL	NULL
missed	615012	A>B	Žvėrynas–Gudelių šilas–Lazdynai–Ungurių g.	774	NULL	NULL	NULL	NULL	NULL	NULL	NULL	116	Autobusai	116	01		803	NULL	NULL	NULL
missed	615012	B>A	Ungurių g.–Lazdynai–Gudelių šilas–Žvėrynas	808	NULL	NULL	NULL	NULL	NULL	NULL	NULL	116	Autobusai	116	01		839	NULL	NULL	NULL
missed	615012	A>B	Žvėrynas–Gudelių šilas–Lazdynai–Ungurių g.	844	NULL	NULL	NULL	NULL	NULL	NULL	NULL	116	Autobusai	116	01		873	NULL	NULL	NULL
missed	615012	B>A	Ungurių g.–Lazdynai–Gudelių šilas–Žvėrynas	876	NULL	NULL	NULL	NULL	NULL	NULL	NULL	116	Autobusai	116	01		907	NULL	NULL	NULL
missed	615012	A>B	Žvėrynas–Gudelių šilas–Lazdynai–Ungurių g.	914	NULL	NULL	NULL	NULL	NULL	NULL	NULL	116	Autobusai	116	01		943	NULL	NULL	NULL
missed	615012	B>A	Ungurių g.–Lazdynai–Gudelių šilas–Žvėrynas	948	NULL	NULL	NULL	NULL	NULL	NULL	NULL	116	Autobusai	116	01		979	NULL	NULL	NULL
missed	615012	A>B	Žvėrynas–Gudelių šilas–Lazdynai–Ungurių g.	984	NULL	NULL	NULL	NULL	NULL	NULL	NULL	116	Autobusai	116	01		1013	NULL	NULL	NULL
missed	615012	B>A	Ungurių g.–Lazdynai–Gudelių šilas–Žvėrynas	1018	NULL	NULL	NULL	NULL	NULL	NULL	NULL	116	Autobusai	116	01		1049	NULL	NULL	NULL
missed	615012	A>B	Žvėrynas–Gudelių šilas–Lazdynai–Ungurių g.	1060	NULL	NULL	NULL	NULL	NULL	NULL	NULL	116	Autobusai	116	01		1089	NULL	NULL	NULL
missed	615012	B>A	Ungurių g.–Lazdynai–Gudelių šilas–Žvėrynas	1094	NULL	NULL	NULL	NULL	NULL	NULL	NULL	116	Autobusai	116	01		1125	NULL	NULL	NULL
missed	615012	A>B	Žvėrynas–Gudelių šilas–Lazdynai–Ungurių g.	1155	NULL	NULL	NULL	NULL	NULL	NULL	NULL	116	Autobusai	116	01		1184	NULL	NULL	NULL
missed	615012	B>A	Ungurių g.–Lazdynai–Gudelių šilas–Žvėrynas	1189	NULL	NULL	NULL	NULL	NULL	NULL	NULL	116	Autobusai	116	01		1220	NULL	NULL	NULL
missed	615012	A>B	Žvėrynas–Gudelių šilas–Lazdynai–Ungurių g.	1225	NULL	NULL	NULL	NULL	NULL	NULL	NULL	116	Autobusai	116	01		1254	NULL	NULL	NULL
missed	615012	B>A	Ungurių g.–Lazdynai–Gudelių šilas–Žvėrynas	1259	NULL	NULL	NULL	NULL	NULL	NULL	NULL	116	Autobusai	116	01		1290	NULL	NULL	NULL
missed	615012	A>B	Žvėrynas–Gudelių šilas–Lazdynai–Ungurių g.	1295	NULL	NULL	NULL	NULL	NULL	NULL	NULL	116	Autobusai	116	01		1324	NULL	NULL	NULL
missed	615012	B>A	Ungurių g.–Lazdynai–Gudelių šilas–Žvėrynas	1329	NULL	NULL	NULL	NULL	NULL	NULL	NULL	116	Autobusai	116	01		1360	NULL	NULL	NULL
missed	615012	A>B1	Žvėrynas–Gudelių šilas–Lazdynai	1365	NULL	NULL	NULL	NULL	NULL	NULL	NULL	116	Autobusai	116	01		1386	NULL	NULL	NULL
missed	615013	B1>A	Lazdynai–Gudelių šilas–Žvėrynas	328	NULL	NULL	NULL	NULL	NULL	NULL	NULL	116	Autobusai	116	02		348	NULL	NULL	NULL
missed	615013	A>B	Žvėrynas–Gudelių šilas–Lazdynai–Ungurių g.	350	NULL	NULL	NULL	NULL	NULL	NULL	NULL	116	Autobusai	116	02		379	NULL	NULL	NULL
missed	615013	B>A	Ungurių g.–Lazdynai–Gudelių šilas–Žvėrynas	387	NULL	NULL	NULL	NULL	NULL	NULL	NULL	116	Autobusai	116	02		418	NULL	NULL	NULL
missed	615013	A>B	Žvėrynas–Gudelių šilas–Lazdynai–Ungurių g.	423	NULL	NULL	NULL	NULL	NULL	NULL	NULL	116	Autobusai	116	02		452	NULL	NULL	NULL
missed	615013	B>A	Ungurių g.–Lazdynai–Gudelių šilas–Žvėrynas	457	NULL	NULL	NULL	NULL	NULL	NULL	NULL	116	Autobusai	116	02		488	NULL	NULL	NULL
missed	615013	A>B	Žvėrynas–Gudelių šilas–Lazdynai–Ungurių g.	493	NULL	NULL	NULL	NULL	NULL	NULL	NULL	116	Autobusai	116	02		522	NULL	NULL	NULL
missed	615013	B>A	Ungurių g.–Lazdynai–Gudelių šilas–Žvėrynas	527	NULL	NULL	NULL	NULL	NULL	NULL	NULL	116	Autobusai	116	02		558	NULL	NULL	NULL
missed	615013	A>B	Žvėrynas–Gudelių šilas–Lazdynai–Ungurių g.	596	NULL	NULL	NULL	NULL	NULL	NULL	NULL	116	Autobusai	116	02		625	NULL	NULL	NULL
missed	615013	B>A	Ungurių g.–Lazdynai–Gudelių šilas–Žvėrynas	630	NULL	NULL	NULL	NULL	NULL	NULL	NULL	116	Autobusai	116	02		661	NULL	NULL	NULL
missed	615013	A>B	Žvėrynas–Gudelių šilas–Lazdynai–Ungurių g.	666	NULL	NULL	NULL	NULL	NULL	NULL	NULL	116	Autobusai	116	02		695	NULL	NULL	NULL
missed	615013	B>A	Ungurių g.–Lazdynai–Gudelių šilas–Žvėrynas	700	NULL	NULL	NULL	NULL	NULL	NULL	NULL	116	Autobusai	116	02		731	NULL	NULL	NULL
missed	615013	A>B	Žvėrynas–Gudelių šilas–Lazdynai–Ungurių g.	736	NULL	NULL	NULL	NULL	NULL	NULL	NULL	116	Autobusai	116	02		765	NULL	NULL	NULL
missed	615013	B>A	Ungurių g.–Lazdynai–Gudelių šilas–Žvėrynas	770	NULL	NULL	NULL	NULL	NULL	NULL	NULL	116	Autobusai	116	02		801	NULL	NULL	NULL
missed	615013	A>B	Žvėrynas–Gudelių šilas–Lazdynai–Ungurių g.	808	NULL	NULL	NULL	NULL	NULL	NULL	NULL	116	Autobusai	116	02		837	NULL	NULL	NULL
missed	615013	B>A	Ungurių g.–Lazdynai–Gudelių šilas–Žvėrynas	842	NULL	NULL	NULL	NULL	NULL	NULL	NULL	116	Autobusai	116	02		873	NULL	NULL	NULL
missed	615013	A>B	Žvėrynas–Gudelių šilas–Lazdynai–Ungurių g.	878	NULL	NULL	NULL	NULL	NULL	NULL	NULL	116	Autobusai	116	02		907	NULL	NULL	NULL
missed	615013	B>A	Ungurių g.–Lazdynai–Gudelių šilas–Žvėrynas	912	NULL	NULL	NULL	NULL	NULL	NULL	NULL	116	Autobusai	116	02		943	NULL	NULL	NULL
missed	615013	A>B	Žvėrynas–Gudelių šilas–Lazdynai–Ungurių g.	948	NULL	NULL	NULL	NULL	NULL	NULL	NULL	116	Autobusai	116	02		977	NULL	NULL	NULL
missed	615013	B>A	Ungurių g.–Lazdynai–Gudelių šilas–Žvėrynas	982	NULL	NULL	NULL	NULL	NULL	NULL	NULL	116	Autobusai	116	02		1013	NULL	NULL	NULL
missed	615013	A>B	Žvėrynas–Gudelių šilas–Lazdynai–Ungurių g.	1018	NULL	NULL	NULL	NULL	NULL	NULL	NULL	116	Autobusai	116	02		1047	NULL	NULL	NULL
missed	615013	B>A	Ungurių g.–Lazdynai–Gudelių šilas–Žvėrynas	1052	NULL	NULL	NULL	NULL	NULL	NULL	NULL	116	Autobusai	116	02		1083	NULL	NULL	NULL
missed	615013	A>B	Žvėrynas–Gudelių šilas–Lazdynai–Ungurių g.	1113	NULL	NULL	NULL	NULL	NULL	NULL	NULL	116	Autobusai	116	02		1142	NULL	NULL	NULL
missed	615013	B>A	Ungurių g.–Lazdynai–Gudelių šilas–Žvėrynas	1147	NULL	NULL	NULL	NULL	NULL	NULL	NULL	116	Autobusai	116	02		1178	NULL	NULL	NULL
missed	615013	A>B	Žvėrynas–Gudelių šilas–Lazdynai–Ungurių g.	1187	NULL	NULL	NULL	NULL	NULL	NULL	NULL	116	Autobusai	116	02		1216	NULL	NULL	NULL
missed	615013	B>A	Ungurių g.–Lazdynai–Gudelių šilas–Žvėrynas	1221	NULL	NULL	NULL	NULL	NULL	NULL	NULL	116	Autobusai	116	02		1252	NULL	NULL	NULL
missed	615013	A>B1	Žvėrynas–Gudelių šilas–Lazdynai	1257	NULL	NULL	NULL	NULL	NULL	NULL	NULL	116	Autobusai	116	02		1278	NULL	NULL	NULL
missed	689295	A>B	Stotis–Rudamina–Skaidiškės	314	NULL	NULL	NULL	NULL	NULL	NULL	NULL	12	Autobusai	12	01		346	NULL	NULL	NULL
missed	689295	B>A	Skaidiškės–Rudamina–Stotis	352	NULL	NULL	NULL	NULL	NULL	NULL	NULL	12	Autobusai	12	01		384	NULL	NULL	NULL
missed	689295	A>B	Stotis–Rudamina–Skaidiškės	390	NULL	NULL	NULL	NULL	NULL	NULL	NULL	12	Autobusai	12	01		422	NULL	NULL	NULL
missed	689295	B>A	Skaidiškės–Rudamina–Stotis	433	NULL	NULL	NULL	NULL	NULL	NULL	NULL	12	Autobusai	12	01		465	NULL	NULL	NULL
missed	689295	A>B	Stotis–Rudamina–Skaidiškės	484	NULL	NULL	NULL	NULL	NULL	NULL	NULL	12	Autobusai	12	01		516	NULL	NULL	NULL
missed	689295	B>A	Skaidiškės–Rudamina–Stotis	522	NULL	NULL	NULL	NULL	NULL	NULL	NULL	12	Autobusai	12	01		554	NULL	NULL	NULL
missed	689295	A>B	Stotis–Rudamina–Skaidiškės	598	NULL	NULL	NULL	NULL	NULL	NULL	NULL	12	Autobusai	12	01		630	NULL	NULL	NULL
missed	689295	B>A	Skaidiškės–Rudamina–Stotis	637	NULL	NULL	NULL	NULL	NULL	NULL	NULL	12	Autobusai	12	01		669	NULL	NULL	NULL
missed	689295	A>B	Stotis–Rudamina–Skaidiškės	713	NULL	NULL	NULL	NULL	NULL	NULL	NULL	12	Autobusai	12	01		745	NULL	NULL	NULL
missed	689295	B>A	Skaidiškės–Rudamina–Stotis	752	NULL	NULL	NULL	NULL	NULL	NULL	NULL	12	Autobusai	12	01		784	NULL	NULL	NULL
missed	689295	A>B	Stotis–Rudamina–Skaidiškės	796	NULL	NULL	NULL	NULL	NULL	NULL	NULL	12	Autobusai	12	01		828	NULL	NULL	NULL
missed	689295	B>A	Skaidiškės–Rudamina–Stotis	834	NULL	NULL	NULL	NULL	NULL	NULL	NULL	12	Autobusai	12	01		866	NULL	NULL	NULL
missed	689295	A>B	Stotis–Rudamina–Skaidiškės	883	NULL	NULL	NULL	NULL	NULL	NULL	NULL	12	Autobusai	12	01		915	NULL	NULL	NULL
missed	689295	B>A	Skaidiškės–Rudamina–Stotis	934	NULL	NULL	NULL	NULL	NULL	NULL	NULL	12	Autobusai	12	01		966	NULL	NULL	NULL
missed	689295	A>B	Stotis–Rudamina–Skaidiškės	979	NULL	NULL	NULL	NULL	NULL	NULL	NULL	12	Autobusai	12	01		1011	NULL	NULL	NULL
missed	689295	B>A	Skaidiškės–Rudamina–Stotis	1017	NULL	NULL	NULL	NULL	NULL	NULL	NULL	12	Autobusai	12	01		1049	NULL	NULL	NULL
missed	689295	A>B	Stotis–Rudamina–Skaidiškės	1066	NULL	NULL	NULL	NULL	NULL	NULL	NULL	12	Autobusai	12	01		1098	NULL	NULL	NULL
missed	689295	B>A	Skaidiškės–Rudamina–Stotis	1104	NULL	NULL	NULL	NULL	NULL	NULL	NULL	12	Autobusai	12	01		1136	NULL	NULL	NULL
missed	689295	A>B	Stotis–Rudamina–Skaidiškės	1177	NULL	NULL	NULL	NULL	NULL	NULL	NULL	12	Autobusai	12	01		1209	NULL	NULL	NULL
missed	689295	B>A	Skaidiškės–Rudamina–Stotis	1215	NULL	NULL	NULL	NULL	NULL	NULL	NULL	12	Autobusai	12	01		1247	NULL	NULL	NULL
missed	689295	A>B	Stotis–Rudamina–Skaidiškės	1258	NULL	NULL	NULL	NULL	NULL	NULL	NULL	12	Autobusai	12	01		1290	NULL	NULL	NULL
missed	689295	B>A	Skaidiškės–Rudamina–Stotis	1296	NULL	NULL	NULL	NULL	NULL	NULL	NULL	12	Autobusai	12	01		1328	NULL	NULL	NULL
missed	689295	A>B	Stotis–Rudamina–Skaidiškės	1339	NULL	NULL	NULL	NULL	NULL	NULL	NULL	12	Autobusai	12	01		1371	NULL	NULL	NULL
missed	689295	B>A	Skaidiškės–Rudamina–Stotis	1376	NULL	NULL	NULL	NULL	NULL	NULL	NULL	12	Autobusai	12	01		1408	NULL	NULL	NULL
missed	689296	B1>A	Rudamina - Stotis	323	NULL	NULL	NULL	NULL	NULL	NULL	NULL	12	Autobusai	12	02		347	NULL	NULL	NULL
missed	689296	A>B	Stotis–Rudamina–Skaidiškės	353	NULL	NULL	NULL	NULL	NULL	NULL	NULL	12	Autobusai	12	02		385	NULL	NULL	NULL
missed	689296	B>A	Skaidiškės–Rudamina–Stotis	394	NULL	NULL	NULL	NULL	NULL	NULL	NULL	12	Autobusai	12	02		426	NULL	NULL	NULL
missed	689296	A>B	Stotis–Rudamina–Skaidiškės	444	NULL	NULL	NULL	NULL	NULL	NULL	NULL	12	Autobusai	12	02		476	NULL	NULL	NULL
missed	689296	B>A	Skaidiškės–Rudamina–Stotis	482	NULL	NULL	NULL	NULL	NULL	NULL	NULL	12	Autobusai	12	02		514	NULL	NULL	NULL
missed	689296	A>B	Stotis–Rudamina–Skaidiškės	548	NULL	NULL	NULL	NULL	NULL	NULL	NULL	12	Autobusai	12	02		580	NULL	NULL	NULL
missed	689296	B>A	Skaidiškės–Rudamina–Stotis	586	NULL	NULL	NULL	NULL	NULL	NULL	NULL	12	Autobusai	12	02		618	NULL	NULL	NULL
missed	689296	A>B	Stotis–Rudamina–Skaidiškės	658	NULL	NULL	NULL	NULL	NULL	NULL	NULL	12	Autobusai	12	02		690	NULL	NULL	NULL
missed	689296	B>A	Skaidiškės–Rudamina–Stotis	696	NULL	NULL	NULL	NULL	NULL	NULL	NULL	12	Autobusai	12	02		728	NULL	NULL	NULL
missed	689296	A>B	Stotis–Rudamina–Skaidiškės	748	NULL	NULL	NULL	NULL	NULL	NULL	NULL	12	Autobusai	12	02		780	NULL	NULL	NULL
missed	689296	B>A	Skaidiškės–Rudamina–Stotis	785	NULL	NULL	NULL	NULL	NULL	NULL	NULL	12	Autobusai	12	02		817	NULL	NULL	NULL
missed	689296	A>B	Stotis–Rudamina–Skaidiškės	834	NULL	NULL	NULL	NULL	NULL	NULL	NULL	12	Autobusai	12	02		866	NULL	NULL	NULL
missed	689296	B>A	Skaidiškės–Rudamina–Stotis	883	NULL	NULL	NULL	NULL	NULL	NULL	NULL	12	Autobusai	12	02		915	NULL	NULL	NULL
missed	689296	A>B	Stotis–Rudamina–Skaidiškės	930	NULL	NULL	NULL	NULL	NULL	NULL	NULL	12	Autobusai	12	02		962	NULL	NULL	NULL
missed	689296	B>A	Skaidiškės–Rudamina–Stotis	968	NULL	NULL	NULL	NULL	NULL	NULL	NULL	12	Autobusai	12	02		1000	NULL	NULL	NULL
missed	689296	A>B	Stotis–Rudamina–Skaidiškės	1011	NULL	NULL	NULL	NULL	NULL	NULL	NULL	12	Autobusai	12	02		1043	NULL	NULL	NULL
missed	689296	B>A	Skaidiškės–Rudamina–Stotis	1050	NULL	NULL	NULL	NULL	NULL	NULL	NULL	12	Autobusai	12	02		1082	NULL	NULL	NULL
missed	689296	A>B	Stotis–Rudamina–Skaidiškės	1126	NULL	NULL	NULL	NULL	NULL	NULL	NULL	12	Autobusai	12	02		1158	NULL	NULL	NULL
missed	689296	B>A	Skaidiškės–Rudamina–Stotis	1168	NULL	NULL	NULL	NULL	NULL	NULL	NULL	12	Autobusai	12	02		1200	NULL	NULL	NULL
missed	689296	A>B	Stotis–Rudamina–Skaidiškės	1212	NULL	NULL	NULL	NULL	NULL	NULL	NULL	12	Autobusai	12	02		1244	NULL	NULL	NULL
missed	689296	B>A	Skaidiškės–Rudamina–Stotis	1250	NULL	NULL	NULL	NULL	NULL	NULL	NULL	12	Autobusai	12	02		1282	NULL	NULL	NULL
missed	689296	A>B	Stotis–Rudamina–Skaidiškės	1298	NULL	NULL	NULL	NULL	NULL	NULL	NULL	12	Autobusai	12	02		1330	NULL	NULL	NULL
missed	689296	B>A	Skaidiškės–Rudamina–Stotis	1335	NULL	NULL	NULL	NULL	NULL	NULL	NULL	12	Autobusai	12	02		1367	NULL	NULL	NULL
missed	211617	A>B	Žemasis Pavilnys–Markučiai–Stotis–Vilkpėdė	312	NULL	NULL	NULL	NULL	NULL	NULL	NULL	13	Autobusai	13	01-mt		337	NULL	NULL	NULL
missed	211617	B>A	Vilkpėdė–Stotis–Markučiai–Žemasis Pavilnys	342	NULL	NULL	NULL	NULL	NULL	NULL	NULL	13	Autobusai	13	01-mt		367	NULL	NULL	NULL
missed	211617	A>B	Žemasis Pavilnys–Markučiai–Stotis–Vilkpėdė	382	NULL	NULL	NULL	NULL	NULL	NULL	NULL	13	Autobusai	13	01-mt		407	NULL	NULL	NULL
missed	211617	B>A	Vilkpėdė–Stotis–Markučiai–Žemasis Pavilnys	412	NULL	NULL	NULL	NULL	NULL	NULL	NULL	13	Autobusai	13	01-mt		437	NULL	NULL	NULL
missed	211617	A>B	Žemasis Pavilnys–Markučiai–Stotis–Vilkpėdė	446	NULL	NULL	NULL	NULL	NULL	NULL	NULL	13	Autobusai	13	01-mt		471	NULL	NULL	NULL
missed	211617	B>A	Vilkpėdė–Stotis–Markučiai–Žemasis Pavilnys	479	NULL	NULL	NULL	NULL	NULL	NULL	NULL	13	Autobusai	13	01-mt		504	NULL	NULL	NULL
missed	211617	A>B	Žemasis Pavilnys–Markučiai–Stotis–Vilkpėdė	509	NULL	NULL	NULL	NULL	NULL	NULL	NULL	13	Autobusai	13	01-mt		534	NULL	NULL	NULL
missed	211617	B>A	Vilkpėdė–Stotis–Markučiai–Žemasis Pavilnys	541	NULL	NULL	NULL	NULL	NULL	NULL	NULL	13	Autobusai	13	01-mt		566	NULL	NULL	NULL
missed	211617	A>B	Žemasis Pavilnys–Markučiai–Stotis–Vilkpėdė	571	NULL	NULL	NULL	NULL	NULL	NULL	NULL	13	Autobusai	13	01-mt		596	NULL	NULL	NULL
missed	211617	B>A	Vilkpėdė–Stotis–Markučiai–Žemasis Pavilnys	634	NULL	NULL	NULL	NULL	NULL	NULL	NULL	13	Autobusai	13	01-mt		659	NULL	NULL	NULL
missed	211617	A>B	Žemasis Pavilnys–Markučiai–Stotis–Vilkpėdė	664	NULL	NULL	NULL	NULL	NULL	NULL	NULL	13	Autobusai	13	01-mt		689	NULL	NULL	NULL
missed	211617	B>A	Vilkpėdė–Stotis–Markučiai–Žemasis Pavilnys	700	NULL	NULL	NULL	NULL	NULL	NULL	NULL	13	Autobusai	13	01-mt		725	NULL	NULL	NULL
missed	211617	A>B	Žemasis Pavilnys–Markučiai–Stotis–Vilkpėdė	730	NULL	NULL	NULL	NULL	NULL	NULL	NULL	13	Autobusai	13	01-mt		755	NULL	NULL	NULL
missed	211617	B>A	Vilkpėdė–Stotis–Markučiai–Žemasis Pavilnys	761	NULL	NULL	NULL	NULL	NULL	NULL	NULL	13	Autobusai	13	01-mt		786	NULL	NULL	NULL
missed	211617	A>B	Žemasis Pavilnys–Markučiai–Stotis–Vilkpėdė	791	NULL	NULL	NULL	NULL	NULL	NULL	NULL	13	Autobusai	13	01-mt		816	NULL	NULL	NULL
missed	211617	B>A	Vilkpėdė–Stotis–Markučiai–Žemasis Pavilnys	826	NULL	NULL	NULL	NULL	NULL	NULL	NULL	13	Autobusai	13	01-mt		851	NULL	NULL	NULL
missed	211617	A>B	Žemasis Pavilnys–Markučiai–Stotis–Vilkpėdė	856	NULL	NULL	NULL	NULL	NULL	NULL	NULL	13	Autobusai	13	01-mt		881	NULL	NULL	NULL
missed	211617	B>A	Vilkpėdė–Stotis–Markučiai–Žemasis Pavilnys	886	NULL	NULL	NULL	NULL	NULL	NULL	NULL	13	Autobusai	13	01-mt		911	NULL	NULL	NULL
missed	211617	A>B	Žemasis Pavilnys–Markučiai–Stotis–Vilkpėdė	916	NULL	NULL	NULL	NULL	NULL	NULL	NULL	13	Autobusai	13	01-mt		941	NULL	NULL	NULL
missed	211617	B>A	Vilkpėdė–Stotis–Markučiai–Žemasis Pavilnys	947	NULL	NULL	NULL	NULL	NULL	NULL	NULL	13	Autobusai	13	01-mt		972	NULL	NULL	NULL
missed	211617	A>B	Žemasis Pavilnys–Markučiai–Stotis–Vilkpėdė	977	NULL	NULL	NULL	NULL	NULL	NULL	NULL	13	Autobusai	13	01-mt		1002	NULL	NULL	NULL
missed	211617	B>A	Vilkpėdė–Stotis–Markučiai–Žemasis Pavilnys	1008	NULL	NULL	NULL	NULL	NULL	NULL	NULL	13	Autobusai	13	01-mt		1033	NULL	NULL	NULL
missed	211617	A>B	Žemasis Pavilnys–Markučiai–Stotis–Vilkpėdė	1038	NULL	NULL	NULL	NULL	NULL	NULL	NULL	13	Autobusai	13	01-mt		1063	NULL	NULL	NULL
missed	211617	B>A	Vilkpėdė–Stotis–Markučiai–Žemasis Pavilnys	1093	NULL	NULL	NULL	NULL	NULL	NULL	NULL	13	Autobusai	13	01-mt		1118	NULL	NULL	NULL
missed	211617	A>B	Žemasis Pavilnys–Markučiai–Stotis–Vilkpėdė	1123	NULL	NULL	NULL	NULL	NULL	NULL	NULL	13	Autobusai	13	01-mt		1148	NULL	NULL	NULL
missed	211617	B>A	Vilkpėdė–Stotis–Markučiai–Žemasis Pavilnys	1153	NULL	NULL	NULL	NULL	NULL	NULL	NULL	13	Autobusai	13	01-mt		1178	NULL	NULL	NULL
missed	211617	A>B	Žemasis Pavilnys–Markučiai–Stotis–Vilkpėdė	1183	NULL	NULL	NULL	NULL	NULL	NULL	NULL	13	Autobusai	13	01-mt		1208	NULL	NULL	NULL
missed	211617	B>A	Vilkpėdė–Stotis–Markučiai–Žemasis Pavilnys	1215	NULL	NULL	NULL	NULL	NULL	NULL	NULL	13	Autobusai	13	01-mt		1240	NULL	NULL	NULL
missed	211617	A>B	Žemasis Pavilnys–Markučiai–Stotis–Vilkpėdė	1245	NULL	NULL	NULL	NULL	NULL	NULL	NULL	13	Autobusai	13	01-mt		1270	NULL	NULL	NULL
missed	211617	B>A	Vilkpėdė–Stotis–Markučiai–Žemasis Pavilnys	1275	NULL	NULL	NULL	NULL	NULL	NULL	NULL	13	Autobusai	13	01-mt		1300	NULL	NULL	NULL
missed	211619	A>B	Žemasis Pavilnys–Markučiai–Stotis–Vilkpėdė	339	NULL	NULL	NULL	NULL	NULL	NULL	NULL	13	Autobusai	13	02-mt		364	NULL	NULL	NULL
missed	211619	B>A	Vilkpėdė–Stotis–Markučiai–Žemasis Pavilnys	369	NULL	NULL	NULL	NULL	NULL	NULL	NULL	13	Autobusai	13	02-mt		394	NULL	NULL	NULL
missed	211619	A>B	Žemasis Pavilnys–Markučiai–Stotis–Vilkpėdė	399	NULL	NULL	NULL	NULL	NULL	NULL	NULL	13	Autobusai	13	02-mt		424	NULL	NULL	NULL
missed	211619	B>A	Vilkpėdė–Stotis–Markučiai–Žemasis Pavilnys	429	NULL	NULL	NULL	NULL	NULL	NULL	NULL	13	Autobusai	13	02-mt		454	NULL	NULL	NULL
missed	211619	A>B	Žemasis Pavilnys–Markučiai–Stotis–Vilkpėdė	459	NULL	NULL	NULL	NULL	NULL	NULL	NULL	13	Autobusai	13	02-mt		484	NULL	NULL	NULL
missed	211619	B>A	Vilkpėdė–Stotis–Markučiai–Žemasis Pavilnys	493	NULL	NULL	NULL	NULL	NULL	NULL	NULL	13	Autobusai	13	02-mt		518	NULL	NULL	NULL
missed	211619	A>B	Žemasis Pavilnys–Markučiai–Stotis–Vilkpėdė	523	NULL	NULL	NULL	NULL	NULL	NULL	NULL	13	Autobusai	13	02-mt		548	NULL	NULL	NULL
missed	211619	B>A	Vilkpėdė–Stotis–Markučiai–Žemasis Pavilnys	597	NULL	NULL	NULL	NULL	NULL	NULL	NULL	13	Autobusai	13	02-mt		622	NULL	NULL	NULL
missed	211619	A>B	Žemasis Pavilnys–Markučiai–Stotis–Vilkpėdė	627	NULL	NULL	NULL	NULL	NULL	NULL	NULL	13	Autobusai	13	02-mt		652	NULL	NULL	NULL
missed	211619	B>A	Vilkpėdė–Stotis–Markučiai–Žemasis Pavilnys	657	NULL	NULL	NULL	NULL	NULL	NULL	NULL	13	Autobusai	13	02-mt		682	NULL	NULL	NULL
missed	211619	A>B	Žemasis Pavilnys–Markučiai–Stotis–Vilkpėdė	687	NULL	NULL	NULL	NULL	NULL	NULL	NULL	13	Autobusai	13	02-mt		712	NULL	NULL	NULL
missed	211619	B>A	Vilkpėdė–Stotis–Markučiai–Žemasis Pavilnys	720	NULL	NULL	NULL	NULL	NULL	NULL	NULL	13	Autobusai	13	02-mt		745	NULL	NULL	NULL
missed	211619	A>B	Žemasis Pavilnys–Markučiai–Stotis–Vilkpėdė	750	NULL	NULL	NULL	NULL	NULL	NULL	NULL	13	Autobusai	13	02-mt		775	NULL	NULL	NULL
missed	211619	B>A	Vilkpėdė–Stotis–Markučiai–Žemasis Pavilnys	780	NULL	NULL	NULL	NULL	NULL	NULL	NULL	13	Autobusai	13	02-mt		805	NULL	NULL	NULL
missed	211619	A>B	Žemasis Pavilnys–Markučiai–Stotis–Vilkpėdė	810	NULL	NULL	NULL	NULL	NULL	NULL	NULL	13	Autobusai	13	02-mt		835	NULL	NULL	NULL
missed	211619	B>A	Vilkpėdė–Stotis–Markučiai–Žemasis Pavilnys	845	NULL	NULL	NULL	NULL	NULL	NULL	NULL	13	Autobusai	13	02-mt		870	NULL	NULL	NULL
missed	211619	A>B	Žemasis Pavilnys–Markučiai–Stotis–Vilkpėdė	875	NULL	NULL	NULL	NULL	NULL	NULL	NULL	13	Autobusai	13	02-mt		900	NULL	NULL	NULL
missed	211619	B>A	Vilkpėdė–Stotis–Markučiai–Žemasis Pavilnys	905	NULL	NULL	NULL	NULL	NULL	NULL	NULL	13	Autobusai	13	02-mt		930	NULL	NULL	NULL
missed	211619	A>B	Žemasis Pavilnys–Markučiai–Stotis–Vilkpėdė	935	NULL	NULL	NULL	NULL	NULL	NULL	NULL	13	Autobusai	13	02-mt		960	NULL	NULL	NULL
missed	211619	B>A	Vilkpėdė–Stotis–Markučiai–Žemasis Pavilnys	965	NULL	NULL	NULL	NULL	NULL	NULL	NULL	13	Autobusai	13	02-mt		990	NULL	NULL	NULL
missed	211619	A>B	Žemasis Pavilnys–Markučiai–Stotis–Vilkpėdė	995	NULL	NULL	NULL	NULL	NULL	NULL	NULL	13	Autobusai	13	02-mt		1020	NULL	NULL	NULL
missed	211619	B>A	Vilkpėdė–Stotis–Markučiai–Žemasis Pavilnys	1026	NULL	NULL	NULL	NULL	NULL	NULL	NULL	13	Autobusai	13	02-mt		1051	NULL	NULL	NULL
missed	211619	A>B	Žemasis Pavilnys–Markučiai–Stotis–Vilkpėdė	1056	NULL	NULL	NULL	NULL	NULL	NULL	NULL	13	Autobusai	13	02-mt		1081	NULL	NULL	NULL
missed	211619	B>A	Vilkpėdė–Stotis–Markučiai–Žemasis Pavilnys	1134	NULL	NULL	NULL	NULL	NULL	NULL	NULL	13	Autobusai	13	02-mt		1159	NULL	NULL	NULL
missed	211619	A>B	Žemasis Pavilnys–Markučiai–Stotis–Vilkpėdė	1164	NULL	NULL	NULL	NULL	NULL	NULL	NULL	13	Autobusai	13	02-mt		1189	NULL	NULL	NULL
missed	211619	B>A	Vilkpėdė–Stotis–Markučiai–Žemasis Pavilnys	1194	NULL	NULL	NULL	NULL	NULL	NULL	NULL	13	Autobusai	13	02-mt		1219	NULL	NULL	NULL
missed	211619	A>B	Žemasis Pavilnys–Markučiai–Stotis–Vilkpėdė	1224	NULL	NULL	NULL	NULL	NULL	NULL	NULL	13	Autobusai	13	02-mt		1249	NULL	NULL	NULL
missed	211619	B>A	Vilkpėdė–Stotis–Markučiai–Žemasis Pavilnys	1254	NULL	NULL	NULL	NULL	NULL	NULL	NULL	13	Autobusai	13	02-mt		1279	NULL	NULL	NULL
missed	211619	A>B	Žemasis Pavilnys–Markučiai–Stotis–Vilkpėdė	1292	NULL	NULL	NULL	NULL	NULL	NULL	NULL	13	Autobusai	13	02-mt		1319	NULL	NULL	NULL
missed	211619	B>A	Vilkpėdė–Stotis–Markučiai–Žemasis Pavilnys	1324	NULL	NULL	NULL	NULL	NULL	NULL	NULL	13	Autobusai	13	02-mt		1349	NULL	NULL	NULL
missed	211618	A>B	Žemasis Pavilnys–Markučiai–Stotis–Vilkpėdė	365	NULL	NULL	NULL	NULL	NULL	NULL	NULL	13	Autobusai	13	03		392	NULL	NULL	NULL
missed	211618	B>A	Vilkpėdė–Stotis–Markučiai–Žemasis Pavilnys	397	NULL	NULL	NULL	NULL	NULL	NULL	NULL	13	Autobusai	13	03		425	NULL	NULL	NULL
missed	211618	A>B	Žemasis Pavilnys–Markučiai–Stotis–Vilkpėdė	433	NULL	NULL	NULL	NULL	NULL	NULL	NULL	13	Autobusai	13	03		460	NULL	NULL	NULL
missed	211618	B>A	Vilkpėdė–Stotis–Markučiai–Žemasis Pavilnys	465	NULL	NULL	NULL	NULL	NULL	NULL	NULL	13	Autobusai	13	03		493	NULL	NULL	NULL
missed	211618	A>B	Žemasis Pavilnys–Markučiai–Stotis–Vilkpėdė	498	NULL	NULL	NULL	NULL	NULL	NULL	NULL	13	Autobusai	13	03		525	NULL	NULL	NULL
missed	211618	B>A	Vilkpėdė–Stotis–Markučiai–Žemasis Pavilnys	917	NULL	NULL	NULL	NULL	NULL	NULL	NULL	13	Autobusai	13	03		945	NULL	NULL	NULL
missed	211618	A>B	Žemasis Pavilnys–Markučiai–Stotis–Vilkpėdė	950	NULL	NULL	NULL	NULL	NULL	NULL	NULL	13	Autobusai	13	03		977	NULL	NULL	NULL
missed	211618	B>A	Vilkpėdė–Stotis–Markučiai–Žemasis Pavilnys	982	NULL	NULL	NULL	NULL	NULL	NULL	NULL	13	Autobusai	13	03		1010	NULL	NULL	NULL
missed	211618	A>B	Žemasis Pavilnys–Markučiai–Stotis–Vilkpėdė	1015	NULL	NULL	NULL	NULL	NULL	NULL	NULL	13	Autobusai	13	03		1042	NULL	NULL	NULL
missed	211618	B>A	Vilkpėdė–Stotis–Markučiai–Žemasis Pavilnys	1047	NULL	NULL	NULL	NULL	NULL	NULL	NULL	13	Autobusai	13	03		1075	NULL	NULL	NULL
missed	211618	A>B	Žemasis Pavilnys–Markučiai–Stotis–Vilkpėdė	1080	NULL	NULL	NULL	NULL	NULL	NULL	NULL	13	Autobusai	13	03		1107	NULL	NULL	NULL
missed	211618	B>A	Vilkpėdė–Stotis–Markučiai–Žemasis Pavilnys	1112	NULL	NULL	NULL	NULL	NULL	NULL	NULL	13	Autobusai	13	03		1140	NULL	NULL	NULL
missed	211620	A>B	Žemasis Pavilnys–Markučiai–Stotis–Vilkpėdė	415	NULL	NULL	NULL	NULL	NULL	NULL	NULL	13	Autobusai	13	04-mt		439	NULL	NULL	NULL
missed	211620	B>A	Vilkpėdė–Stotis–Markučiai–Žemasis Pavilnys	444	NULL	NULL	NULL	NULL	NULL	NULL	NULL	13	Autobusai	13	04-mt		469	NULL	NULL	NULL
missed	211620	A>B	Žemasis Pavilnys–Markučiai–Stotis–Vilkpėdė	477	NULL	NULL	NULL	NULL	NULL	NULL	NULL	13	Autobusai	13	04-mt		501	NULL	NULL	NULL
missed	211620	B>A	Vilkpėdė–Stotis–Markučiai–Žemasis Pavilnys	509	NULL	NULL	NULL	NULL	NULL	NULL	NULL	13	Autobusai	13	04-mt		534	NULL	NULL	NULL
missed	211620	A>B	Žemasis Pavilnys–Markučiai–Stotis–Vilkpėdė	539	NULL	NULL	NULL	NULL	NULL	NULL	NULL	13	Autobusai	13	04-mt		563	NULL	NULL	NULL
missed	211620	B>A	Vilkpėdė–Stotis–Markučiai–Žemasis Pavilnys	568	NULL	NULL	NULL	NULL	NULL	NULL	NULL	13	Autobusai	13	04-mt		593	NULL	NULL	NULL
missed	211620	A>B	Žemasis Pavilnys–Markučiai–Stotis–Vilkpėdė	598	NULL	NULL	NULL	NULL	NULL	NULL	NULL	13	Autobusai	13	04-mt		622	NULL	NULL	NULL
missed	211620	B>A	Vilkpėdė–Stotis–Markučiai–Žemasis Pavilnys	678	NULL	NULL	NULL	NULL	NULL	NULL	NULL	13	Autobusai	13	04-mt		703	NULL	NULL	NULL
missed	211620	A>B	Žemasis Pavilnys–Markučiai–Stotis–Vilkpėdė	708	NULL	NULL	NULL	NULL	NULL	NULL	NULL	13	Autobusai	13	04-mt		732	NULL	NULL	NULL
missed	211620	B>A	Vilkpėdė–Stotis–Markučiai–Žemasis Pavilnys	740	NULL	NULL	NULL	NULL	NULL	NULL	NULL	13	Autobusai	13	04-mt		765	NULL	NULL	NULL
missed	211620	A>B	Žemasis Pavilnys–Markučiai–Stotis–Vilkpėdė	770	NULL	NULL	NULL	NULL	NULL	NULL	NULL	13	Autobusai	13	04-mt		794	NULL	NULL	NULL
missed	211620	B>A	Vilkpėdė–Stotis–Markučiai–Žemasis Pavilnys	802	NULL	NULL	NULL	NULL	NULL	NULL	NULL	13	Autobusai	13	04-mt		827	NULL	NULL	NULL
missed	211620	A>B	Žemasis Pavilnys–Markučiai–Stotis–Vilkpėdė	832	NULL	NULL	NULL	NULL	NULL	NULL	NULL	13	Autobusai	13	04-mt		857	NULL	NULL	NULL
missed	211620	B>A	Vilkpėdė–Stotis–Markučiai–Žemasis Pavilnys	867	NULL	NULL	NULL	NULL	NULL	NULL	NULL	13	Autobusai	13	04-mt		892	NULL	NULL	NULL
missed	211620	A>B	Žemasis Pavilnys–Markučiai–Stotis–Vilkpėdė	897	NULL	NULL	NULL	NULL	NULL	NULL	NULL	13	Autobusai	13	04-mt		922	NULL	NULL	NULL
missed	211620	B>A	Vilkpėdė–Stotis–Markučiai–Žemasis Pavilnys	932	NULL	NULL	NULL	NULL	NULL	NULL	NULL	13	Autobusai	13	04-mt		957	NULL	NULL	NULL
missed	211620	A>B	Žemasis Pavilnys–Markučiai–Stotis–Vilkpėdė	962	NULL	NULL	NULL	NULL	NULL	NULL	NULL	13	Autobusai	13	04-mt		987	NULL	NULL	NULL
missed	211620	B>A	Vilkpėdė–Stotis–Markučiai–Žemasis Pavilnys	997	NULL	NULL	NULL	NULL	NULL	NULL	NULL	13	Autobusai	13	04-mt		1022	NULL	NULL	NULL
missed	211620	A>B	Žemasis Pavilnys–Markučiai–Stotis–Vilkpėdė	1027	NULL	NULL	NULL	NULL	NULL	NULL	NULL	13	Autobusai	13	04-mt		1052	NULL	NULL	NULL
missed	211620	B>A	Vilkpėdė–Stotis–Markučiai–Žemasis Pavilnys	1067	NULL	NULL	NULL	NULL	NULL	NULL	NULL	13	Autobusai	13	04-mt		1092	NULL	NULL	NULL
missed	211620	A>B	Žemasis Pavilnys–Markučiai–Stotis–Vilkpėdė	1097	NULL	NULL	NULL	NULL	NULL	NULL	NULL	13	Autobusai	13	04-mt		1122	NULL	NULL	NULL
missed	211620	B>A	Vilkpėdė–Stotis–Markučiai–Žemasis Pavilnys	1171	NULL	NULL	NULL	NULL	NULL	NULL	NULL	13	Autobusai	13	04-mt		1196	NULL	NULL	NULL
missed	211620	A>B	Žemasis Pavilnys–Markučiai–Stotis–Vilkpėdė	1201	NULL	NULL	NULL	NULL	NULL	NULL	NULL	13	Autobusai	13	04-mt		1226	NULL	NULL	NULL
missed	211620	B>A	Vilkpėdė–Stotis–Markučiai–Žemasis Pavilnys	1234	NULL	NULL	NULL	NULL	NULL	NULL	NULL	13	Autobusai	13	04-mt		1259	NULL	NULL	NULL
missed	211620	A>B	Žemasis Pavilnys–Markučiai–Stotis–Vilkpėdė	1264	NULL	NULL	NULL	NULL	NULL	NULL	NULL	13	Autobusai	13	04-mt		1289	NULL	NULL	NULL
missed	211620	B>A	Vilkpėdė–Stotis–Markučiai–Žemasis Pavilnys	1294	NULL	NULL	NULL	NULL	NULL	NULL	NULL	13	Autobusai	13	04-mt		1319	NULL	NULL	NULL
missed	211620	A>B	Žemasis Pavilnys–Markučiai–Stotis–Vilkpėdė	1324	NULL	NULL	NULL	NULL	NULL	NULL	NULL	13	Autobusai	13	04-mt		1349	NULL	NULL	NULL
missed	211620	B>A	Vilkpėdė–Stotis–Markučiai–Žemasis Pavilnys	1354	NULL	NULL	NULL	NULL	NULL	NULL	NULL	13	Autobusai	13	04-mt		1379	NULL	NULL	NULL
missed	614764	B>A	Arimų–Parko g.–Grigaičiai	328	NULL	NULL	NULL	NULL	NULL	NULL	NULL	14	Autobusai	14	01		359	NULL	NULL	NULL
missed	614764	A>B	Grigaičiai–Parko–Arimų g.	363	NULL	NULL	NULL	NULL	NULL	NULL	NULL	14	Autobusai	14	01		393	NULL	NULL	NULL
missed	614764	B>A	Arimų–Parko g.–Grigaičiai	398	NULL	NULL	NULL	NULL	NULL	NULL	NULL	14	Autobusai	14	01		429	NULL	NULL	NULL
missed	614764	A>B	Grigaičiai–Parko–Arimų g.	435	NULL	NULL	NULL	NULL	NULL	NULL	NULL	14	Autobusai	14	01		465	NULL	NULL	NULL
missed	614764	B>A	Arimų–Parko g.–Grigaičiai	495	NULL	NULL	NULL	NULL	NULL	NULL	NULL	14	Autobusai	14	01		526	NULL	NULL	NULL
missed	614764	A>B	Grigaičiai–Parko–Arimų g.	531	NULL	NULL	NULL	NULL	NULL	NULL	NULL	14	Autobusai	14	01		561	NULL	NULL	NULL
missed	614764	B>A	Arimų–Parko g.–Grigaičiai	566	NULL	NULL	NULL	NULL	NULL	NULL	NULL	14	Autobusai	14	01		597	NULL	NULL	NULL
missed	614764	A>B	Grigaičiai–Parko–Arimų g.	602	NULL	NULL	NULL	NULL	NULL	NULL	NULL	14	Autobusai	14	01		632	NULL	NULL	NULL
missed	614764	B>A	Arimų–Parko g.–Grigaičiai	637	NULL	NULL	NULL	NULL	NULL	NULL	NULL	14	Autobusai	14	01		668	NULL	NULL	NULL
missed	614764	A>B	Grigaičiai–Parko–Arimų g.	673	NULL	NULL	NULL	NULL	NULL	NULL	NULL	14	Autobusai	14	01		703	NULL	NULL	NULL
missed	614764	B>A	Arimų–Parko g.–Grigaičiai	708	NULL	NULL	NULL	NULL	NULL	NULL	NULL	14	Autobusai	14	01		739	NULL	NULL	NULL
missed	614764	A>B	Grigaičiai–Parko–Arimų g.	744	NULL	NULL	NULL	NULL	NULL	NULL	NULL	14	Autobusai	14	01		774	NULL	NULL	NULL
missed	614764	B>A	Arimų–Parko g.–Grigaičiai	784	NULL	NULL	NULL	NULL	NULL	NULL	NULL	14	Autobusai	14	01		815	NULL	NULL	NULL
missed	614764	A>B	Grigaičiai–Parko–Arimų g.	824	NULL	NULL	NULL	NULL	NULL	NULL	NULL	14	Autobusai	14	01		854	NULL	NULL	NULL
missed	614764	B>A	Arimų–Parko g.–Grigaičiai	859	NULL	NULL	NULL	NULL	NULL	NULL	NULL	14	Autobusai	14	01		890	NULL	NULL	NULL
missed	614764	A>B	Grigaičiai–Parko–Arimų g.	903	NULL	NULL	NULL	NULL	NULL	NULL	NULL	14	Autobusai	14	01		933	NULL	NULL	NULL
missed	614764	B>A	Arimų–Parko g.–Grigaičiai	938	NULL	NULL	NULL	NULL	NULL	NULL	NULL	14	Autobusai	14	01		969	NULL	NULL	NULL
missed	614764	A>B	Grigaičiai–Parko–Arimų g.	974	NULL	NULL	NULL	NULL	NULL	NULL	NULL	14	Autobusai	14	01		1004	NULL	NULL	NULL
missed	614764	B>A	Arimų–Parko g.–Grigaičiai	1009	NULL	NULL	NULL	NULL	NULL	NULL	NULL	14	Autobusai	14	01		1040	NULL	NULL	NULL
missed	614764	A>B	Grigaičiai–Parko–Arimų g.	1045	NULL	NULL	NULL	NULL	NULL	NULL	NULL	14	Autobusai	14	01		1075	NULL	NULL	NULL
missed	614764	B>A	Arimų–Parko g.–Grigaičiai	1080	NULL	NULL	NULL	NULL	NULL	NULL	NULL	14	Autobusai	14	01		1111	NULL	NULL	NULL
missed	614764	A>B	Grigaičiai–Parko–Arimų g.	1141	NULL	NULL	NULL	NULL	NULL	NULL	NULL	14	Autobusai	14	01		1171	NULL	NULL	NULL
missed	614764	B>A	Arimų–Parko g.–Grigaičiai	1176	NULL	NULL	NULL	NULL	NULL	NULL	NULL	14	Autobusai	14	01		1207	NULL	NULL	NULL
missed	614764	A>B	Grigaičiai–Parko–Arimų g.	1212	NULL	NULL	NULL	NULL	NULL	NULL	NULL	14	Autobusai	14	01		1242	NULL	NULL	NULL
missed	614767	B>A	Turniškės–Antakalnis–Žolyno g.	351	NULL	NULL	NULL	NULL	NULL	NULL	NULL	15	Autobusai	15	01-Ž		378	NULL	NULL	NULL
missed	614767	A>B	Žolyno g.–Antakalnis–Turniškės	388	NULL	NULL	NULL	NULL	NULL	NULL	NULL	15	Autobusai	15	01-Ž		406	NULL	NULL	NULL
missed	614767	B>A	Turniškės–Antakalnis–Žolyno g.	411	NULL	NULL	NULL	NULL	NULL	NULL	NULL	15	Autobusai	15	01-Ž		442	NULL	NULL	NULL
missed	614767	A>B	Žolyno g.–Antakalnis–Turniškės	447	NULL	NULL	NULL	NULL	NULL	NULL	NULL	15	Autobusai	15	01-Ž		464	NULL	NULL	NULL
missed	614767	B>A	Turniškės–Antakalnis–Žolyno g.	469	NULL	NULL	NULL	NULL	NULL	NULL	NULL	15	Autobusai	15	01-Ž		498	NULL	NULL	NULL
missed	614767	A>B	Žolyno g.–Antakalnis–Turniškės	503	NULL	NULL	NULL	NULL	NULL	NULL	NULL	15	Autobusai	15	01-Ž		520	NULL	NULL	NULL
missed	614767	B>A	Turniškės–Antakalnis–Žolyno g.	525	NULL	NULL	NULL	NULL	NULL	NULL	NULL	15	Autobusai	15	01-Ž		552	NULL	NULL	NULL
missed	614767	A>B	Žolyno g.–Antakalnis–Turniškės	557	NULL	NULL	NULL	NULL	NULL	NULL	NULL	15	Autobusai	15	01-Ž		576	NULL	NULL	NULL
missed	614767	B1>A	Antakalnis–Žolyno g.	645	NULL	NULL	NULL	NULL	NULL	NULL	NULL	15	Autobusai	15	01-Ž		656	NULL	NULL	NULL
missed	614767	A>B	Žolyno g.–Antakalnis–Turniškės	661	NULL	NULL	NULL	NULL	NULL	NULL	NULL	15	Autobusai	15	01-Ž		680	NULL	NULL	NULL
missed	614767	B>A	Turniškės–Antakalnis–Žolyno g.	685	NULL	NULL	NULL	NULL	NULL	NULL	NULL	15	Autobusai	15	01-Ž		712	NULL	NULL	NULL
missed	614767	A>B	Žolyno g.–Antakalnis–Turniškės	717	NULL	NULL	NULL	NULL	NULL	NULL	NULL	15	Autobusai	15	01-Ž		736	NULL	NULL	NULL
missed	614767	B>A	Turniškės–Antakalnis–Žolyno g.	741	NULL	NULL	NULL	NULL	NULL	NULL	NULL	15	Autobusai	15	01-Ž		768	NULL	NULL	NULL
missed	614767	A>B	Žolyno g.–Antakalnis–Turniškės	773	NULL	NULL	NULL	NULL	NULL	NULL	NULL	15	Autobusai	15	01-Ž		792	NULL	NULL	NULL
missed	614767	B>A	Turniškės–Antakalnis–Žolyno g.	797	NULL	NULL	NULL	NULL	NULL	NULL	NULL	15	Autobusai	15	01-Ž		824	NULL	NULL	NULL
missed	614767	A>B	Žolyno g.–Antakalnis–Turniškės	834	NULL	NULL	NULL	NULL	NULL	NULL	NULL	15	Autobusai	15	01-Ž		853	NULL	NULL	NULL
missed	614767	B>A	Turniškės–Antakalnis–Žolyno g.	858	NULL	NULL	NULL	NULL	NULL	NULL	NULL	15	Autobusai	15	01-Ž		885	NULL	NULL	NULL
missed	614767	A>B	Žolyno g.–Antakalnis–Turniškės	890	NULL	NULL	NULL	NULL	NULL	NULL	NULL	15	Autobusai	15	01-Ž		909	NULL	NULL	NULL
missed	614767	B>A	Turniškės–Antakalnis–Žolyno g.	914	NULL	NULL	NULL	NULL	NULL	NULL	NULL	15	Autobusai	15	01-Ž		941	NULL	NULL	NULL
missed	614767	A>B	Žolyno g.–Antakalnis–Turniškės	948	NULL	NULL	NULL	NULL	NULL	NULL	NULL	15	Autobusai	15	01-Ž		967	NULL	NULL	NULL
missed	614767	B>A	Turniškės–Antakalnis–Žolyno g.	972	NULL	NULL	NULL	NULL	NULL	NULL	NULL	15	Autobusai	15	01-Ž		999	NULL	NULL	NULL
missed	614767	A>B	Žolyno g.–Antakalnis–Turniškės	1004	NULL	NULL	NULL	NULL	NULL	NULL	NULL	15	Autobusai	15	01-Ž		1023	NULL	NULL	NULL
missed	614767	B1>A	Antakalnis–Žolyno g.	1078	NULL	NULL	NULL	NULL	NULL	NULL	NULL	15	Autobusai	15	01-Ž		1089	NULL	NULL	NULL
missed	614767	A>B	Žolyno g.–Antakalnis–Turniškės	1092	NULL	NULL	NULL	NULL	NULL	NULL	NULL	15	Autobusai	15	01-Ž		1111	NULL	NULL	NULL
missed	614767	B>A	Turniškės–Antakalnis–Žolyno g.	1116	NULL	NULL	NULL	NULL	NULL	NULL	NULL	15	Autobusai	15	01-Ž		1143	NULL	NULL	NULL
missed	614767	A>B	Žolyno g.–Antakalnis–Turniškės	1147	NULL	NULL	NULL	NULL	NULL	NULL	NULL	15	Autobusai	15	01-Ž		1165	NULL	NULL	NULL
missed	614767	B>A	Turniškės–Antakalnis–Žolyno g.	1170	NULL	NULL	NULL	NULL	NULL	NULL	NULL	15	Autobusai	15	01-Ž		1197	NULL	NULL	NULL
missed	614767	A>B	Žolyno g.–Antakalnis–Turniškės	1205	NULL	NULL	NULL	NULL	NULL	NULL	NULL	15	Autobusai	15	01-Ž		1223	NULL	NULL	NULL
missed	614767	B>A	Turniškės–Antakalnis–Žolyno g.	1228	NULL	NULL	NULL	NULL	NULL	NULL	NULL	15	Autobusai	15	01-Ž		1257	NULL	NULL	NULL
missed	614767	A>B	Žolyno g.–Antakalnis–Turniškės	1275	NULL	NULL	NULL	NULL	NULL	NULL	NULL	15	Autobusai	15	01-Ž		1295	NULL	NULL	NULL
missed	567600	A>B	Stotis–Nemėžis–Skaidiškės	318	NULL	NULL	NULL	NULL	NULL	NULL	NULL	16	Autobusai	16	01		346	NULL	NULL	NULL
missed	567600	B>A	Skaidiškės–Nemėžis–Stotis	353	NULL	NULL	NULL	NULL	NULL	NULL	NULL	16	Autobusai	16	01		381	NULL	NULL	NULL
missed	567600	A>B	Stotis–Nemėžis–Skaidiškės	394	NULL	NULL	NULL	NULL	NULL	NULL	NULL	16	Autobusai	16	01		422	NULL	NULL	NULL
missed	567600	B>A	Skaidiškės–Nemėžis–Stotis	427	NULL	NULL	NULL	NULL	NULL	NULL	NULL	16	Autobusai	16	01		455	NULL	NULL	NULL
missed	567600	A>B	Stotis–Nemėžis–Skaidiškės	459	NULL	NULL	NULL	NULL	NULL	NULL	NULL	16	Autobusai	16	01		487	NULL	NULL	NULL
missed	567600	B>A	Skaidiškės–Nemėžis–Stotis	496	NULL	NULL	NULL	NULL	NULL	NULL	NULL	16	Autobusai	16	01		524	NULL	NULL	NULL
missed	567600	A>B	Stotis–Nemėžis–Skaidiškės	572	NULL	NULL	NULL	NULL	NULL	NULL	NULL	16	Autobusai	16	01		600	NULL	NULL	NULL
missed	567600	B>A	Skaidiškės–Nemėžis–Stotis	605	NULL	NULL	NULL	NULL	NULL	NULL	NULL	16	Autobusai	16	01		633	NULL	NULL	NULL
missed	567600	A>B	Stotis–Nemėžis–Skaidiškės	668	NULL	NULL	NULL	NULL	NULL	NULL	NULL	16	Autobusai	16	01		696	NULL	NULL	NULL
missed	567600	B>A	Skaidiškės–Nemėžis–Stotis	706	NULL	NULL	NULL	NULL	NULL	NULL	NULL	16	Autobusai	16	01		734	NULL	NULL	NULL
missed	567600	A>B	Stotis–Nemėžis–Skaidiškės	742	NULL	NULL	NULL	NULL	NULL	NULL	NULL	16	Autobusai	16	01		770	NULL	NULL	NULL
missed	567600	B>A	Skaidiškės–Nemėžis–Stotis	777	NULL	NULL	NULL	NULL	NULL	NULL	NULL	16	Autobusai	16	01		805	NULL	NULL	NULL
missed	567600	A>B	Stotis–Nemėžis–Skaidiškės	818	NULL	NULL	NULL	NULL	NULL	NULL	NULL	16	Autobusai	16	01		846	NULL	NULL	NULL
missed	567600	B>A	Skaidiškės–Nemėžis–Stotis	856	NULL	NULL	NULL	NULL	NULL	NULL	NULL	16	Autobusai	16	01		884	NULL	NULL	NULL
missed	567600	A>B	Stotis–Nemėžis–Skaidiškės	892	NULL	NULL	NULL	NULL	NULL	NULL	NULL	16	Autobusai	16	01		920	NULL	NULL	NULL
missed	567600	B>A	Skaidiškės–Nemėžis–Stotis	927	NULL	NULL	NULL	NULL	NULL	NULL	NULL	16	Autobusai	16	01		955	NULL	NULL	NULL
missed	567600	A>B	Stotis–Nemėžis–Skaidiškės	966	NULL	NULL	NULL	NULL	NULL	NULL	NULL	16	Autobusai	16	01		994	NULL	NULL	NULL
missed	567600	B>A	Skaidiškės–Nemėžis–Stotis	1008	NULL	NULL	NULL	NULL	NULL	NULL	NULL	16	Autobusai	16	01		1036	NULL	NULL	NULL
missed	567600	A>B	Stotis–Nemėžis–Skaidiškės	1047	NULL	NULL	NULL	NULL	NULL	NULL	NULL	16	Autobusai	16	01		1075	NULL	NULL	NULL
missed	567600	B>A	Skaidiškės–Nemėžis–Stotis	1082	NULL	NULL	NULL	NULL	NULL	NULL	NULL	16	Autobusai	16	01		1110	NULL	NULL	NULL
missed	567600	A>B	Stotis–Nemėžis–Skaidiškės	1145	NULL	NULL	NULL	NULL	NULL	NULL	NULL	16	Autobusai	16	01		1173	NULL	NULL	NULL
missed	567600	B>A	Skaidiškės–Nemėžis–Stotis	1178	NULL	NULL	NULL	NULL	NULL	NULL	NULL	16	Autobusai	16	01		1206	NULL	NULL	NULL
missed	567600	A>B	Stotis–Nemėžis–Skaidiškės	1241	NULL	NULL	NULL	NULL	NULL	NULL	NULL	16	Autobusai	16	01		1269	NULL	NULL	NULL
missed	567600	B>A	Skaidiškės–Nemėžis–Stotis	1279	NULL	NULL	NULL	NULL	NULL	NULL	NULL	16	Autobusai	16	01		1307	NULL	NULL	NULL
missed	567599	A>B	Stotis–Nemėžis–Skaidiškės	350	NULL	NULL	NULL	NULL	NULL	NULL	NULL	16	Autobusai	16	02		378	NULL	NULL	NULL
missed	567599	B>A	Skaidiškės–Nemėžis–Stotis	383	NULL	NULL	NULL	NULL	NULL	NULL	NULL	16	Autobusai	16	02		411	NULL	NULL	NULL
missed	567599	A>B	Stotis–Nemėžis–Skaidiškės	419	NULL	NULL	NULL	NULL	NULL	NULL	NULL	16	Autobusai	16	02		447	NULL	NULL	NULL
missed	567599	B>A	Skaidiškės–Nemėžis–Stotis	455	NULL	NULL	NULL	NULL	NULL	NULL	NULL	16	Autobusai	16	02		483	NULL	NULL	NULL
missed	567599	A>B	Stotis–Nemėžis–Skaidiškės	502	NULL	NULL	NULL	NULL	NULL	NULL	NULL	16	Autobusai	16	02		530	NULL	NULL	NULL
missed	567599	B>A	Skaidiškės–Nemėžis–Stotis	540	NULL	NULL	NULL	NULL	NULL	NULL	NULL	16	Autobusai	16	02		568	NULL	NULL	NULL
missed	567599	A>B	Stotis–Nemėžis–Skaidiškės	949	NULL	NULL	NULL	NULL	NULL	NULL	NULL	16	Autobusai	16	02		977	NULL	NULL	NULL
missed	567599	B>A	Skaidiškės–Nemėžis–Stotis	989	NULL	NULL	NULL	NULL	NULL	NULL	NULL	16	Autobusai	16	02		1017	NULL	NULL	NULL
missed	567599	A>B	Stotis–Nemėžis–Skaidiškės	1026	NULL	NULL	NULL	NULL	NULL	NULL	NULL	16	Autobusai	16	02		1054	NULL	NULL	NULL
missed	567599	B>A	Skaidiškės–Nemėžis–Stotis	1061	NULL	NULL	NULL	NULL	NULL	NULL	NULL	16	Autobusai	16	02		1089	NULL	NULL	NULL
missed	567599	A>B	Stotis–Nemėžis–Skaidiškės	1096	NULL	NULL	NULL	NULL	NULL	NULL	NULL	16	Autobusai	16	02		1124	NULL	NULL	NULL
missed	567599	B>A	Skaidiškės–Nemėžis–Stotis	1129	NULL	NULL	NULL	NULL	NULL	NULL	NULL	16	Autobusai	16	02		1157	NULL	NULL	NULL
missed	567598	B>A	Skaidiškės–Nemėžis–Stotis	330	NULL	NULL	NULL	NULL	NULL	NULL	NULL	16	Autobusai	16	03		358	NULL	NULL	NULL
missed	567598	A>B	Stotis–Nemėžis–Skaidiškės	366	NULL	NULL	NULL	NULL	NULL	NULL	NULL	16	Autobusai	16	03		394	NULL	NULL	NULL
missed	567598	B>A	Skaidiškės–Nemėžis–Stotis	400	NULL	NULL	NULL	NULL	NULL	NULL	NULL	16	Autobusai	16	03		428	NULL	NULL	NULL
missed	567598	A>B	Stotis–Nemėžis–Skaidiškės	542	NULL	NULL	NULL	NULL	NULL	NULL	NULL	16	Autobusai	16	03		570	NULL	NULL	NULL
missed	567598	B>A	Skaidiškės–Nemėžis–Stotis	577	NULL	NULL	NULL	NULL	NULL	NULL	NULL	16	Autobusai	16	03		605	NULL	NULL	NULL
missed	567598	A>B	Stotis–Nemėžis–Skaidiškės	610	NULL	NULL	NULL	NULL	NULL	NULL	NULL	16	Autobusai	16	03		638	NULL	NULL	NULL
missed	567598	B>A	Skaidiškės–Nemėžis–Stotis	648	NULL	NULL	NULL	NULL	NULL	NULL	NULL	16	Autobusai	16	03		676	NULL	NULL	NULL
missed	567598	A>B	Stotis–Nemėžis–Skaidiškės	697	NULL	NULL	NULL	NULL	NULL	NULL	NULL	16	Autobusai	16	03		725	NULL	NULL	NULL
missed	567598	B>A	Skaidiškės–Nemėžis–Stotis	735	NULL	NULL	NULL	NULL	NULL	NULL	NULL	16	Autobusai	16	03		763	NULL	NULL	NULL
missed	567598	A>B	Stotis–Nemėžis–Skaidiškės	768	NULL	NULL	NULL	NULL	NULL	NULL	NULL	16	Autobusai	16	03		796	NULL	NULL	NULL
missed	567598	B>A	Skaidiškės–Nemėžis–Stotis	806	NULL	NULL	NULL	NULL	NULL	NULL	NULL	16	Autobusai	16	03		834	NULL	NULL	NULL
missed	567598	A>B	Stotis–Nemėžis–Skaidiškės	848	NULL	NULL	NULL	NULL	NULL	NULL	NULL	16	Autobusai	16	03		876	NULL	NULL	NULL
missed	567598	B>A	Skaidiškės–Nemėžis–Stotis	887	NULL	NULL	NULL	NULL	NULL	NULL	NULL	16	Autobusai	16	03		915	NULL	NULL	NULL
missed	567598	A>B	Stotis–Nemėžis–Skaidiškės	922	NULL	NULL	NULL	NULL	NULL	NULL	NULL	16	Autobusai	16	03		950	NULL	NULL	NULL
missed	567598	B>A	Skaidiškės–Nemėžis–Stotis	957	NULL	NULL	NULL	NULL	NULL	NULL	NULL	16	Autobusai	16	03		985	NULL	NULL	NULL
missed	567598	A>B	Stotis–Nemėžis–Skaidiškės	998	NULL	NULL	NULL	NULL	NULL	NULL	NULL	16	Autobusai	16	03		1026	NULL	NULL	NULL
missed	567598	B>A	Skaidiškės–Nemėžis–Stotis	1034	NULL	NULL	NULL	NULL	NULL	NULL	NULL	16	Autobusai	16	03		1062	NULL	NULL	NULL
missed	567598	A>B	Stotis–Nemėžis–Skaidiškės	1073	NULL	NULL	NULL	NULL	NULL	NULL	NULL	16	Autobusai	16	03		1101	NULL	NULL	NULL
missed	567598	B>A	Skaidiškės–Nemėžis–Stotis	1110	NULL	NULL	NULL	NULL	NULL	NULL	NULL	16	Autobusai	16	03		1138	NULL	NULL	NULL
missed	567598	A>B	Stotis–Nemėžis–Skaidiškės	1186	NULL	NULL	NULL	NULL	NULL	NULL	NULL	16	Autobusai	16	03		1214	NULL	NULL	NULL
missed	567598	B>A	Skaidiškės–Nemėžis–Stotis	1221	NULL	NULL	NULL	NULL	NULL	NULL	NULL	16	Autobusai	16	03		1249	NULL	NULL	NULL
missed	567598	A>B	Stotis–Nemėžis–Skaidiškės	1284	NULL	NULL	NULL	NULL	NULL	NULL	NULL	16	Autobusai	16	03		1312	NULL	NULL	NULL
missed	567598	B>A	Skaidiškės–Nemėžis–Stotis	1319	NULL	NULL	NULL	NULL	NULL	NULL	NULL	16	Autobusai	16	03		1347	NULL	NULL	NULL
missed	567598	A>B	Stotis–Nemėžis–Skaidiškės	1360	NULL	NULL	NULL	NULL	NULL	NULL	NULL	16	Autobusai	16	03		1388	NULL	NULL	NULL
missed	567598	B>A	Skaidiškės–Nemėžis–Stotis	1395	NULL	NULL	NULL	NULL	NULL	NULL	NULL	16	Autobusai	16	03		1423	NULL	NULL	NULL
missed	614769	B>A	Antaviliai–Nemenčinės pl.–Antakalnis	316	NULL	NULL	NULL	NULL	NULL	NULL	NULL	17	Autobusai	17	01		343	NULL	NULL	NULL
missed	614769	A>B	Antakalnis–Nemenčinės pl.–Antaviliai	353	NULL	NULL	NULL	NULL	NULL	NULL	NULL	17	Autobusai	17	01		380	NULL	NULL	NULL
missed	614769	B>A	Antaviliai–Nemenčinės pl.–Antakalnis	380	NULL	NULL	NULL	NULL	NULL	NULL	NULL	17	Autobusai	17	01		407	NULL	NULL	NULL
missed	614769	A>B	Antakalnis–Nemenčinės pl.–Antaviliai	417	NULL	NULL	NULL	NULL	NULL	NULL	NULL	17	Autobusai	17	01		444	NULL	NULL	NULL
missed	614769	B>A	Antaviliai–Nemenčinės pl.–Antakalnis	444	NULL	NULL	NULL	NULL	NULL	NULL	NULL	17	Autobusai	17	01		471	NULL	NULL	NULL
missed	614769	A>B	Antakalnis–Nemenčinės pl.–Antaviliai	481	NULL	NULL	NULL	NULL	NULL	NULL	NULL	17	Autobusai	17	01		508	NULL	NULL	NULL
missed	614769	B>A	Antaviliai–Nemenčinės pl.–Antakalnis	508	NULL	NULL	NULL	NULL	NULL	NULL	NULL	17	Autobusai	17	01		535	NULL	NULL	NULL
missed	614769	A>B	Antakalnis–Nemenčinės pl.–Antaviliai	571	NULL	NULL	NULL	NULL	NULL	NULL	NULL	17	Autobusai	17	01		598	NULL	NULL	NULL
missed	614769	B>A	Antaviliai–Nemenčinės pl.–Antakalnis	598	NULL	NULL	NULL	NULL	NULL	NULL	NULL	17	Autobusai	17	01		625	NULL	NULL	NULL
missed	614769	A>B	Antakalnis–Nemenčinės pl.–Antaviliai	637	NULL	NULL	NULL	NULL	NULL	NULL	NULL	17	Autobusai	17	01		664	NULL	NULL	NULL
missed	614769	B>A	Antaviliai–Nemenčinės pl.–Antakalnis	664	NULL	NULL	NULL	NULL	NULL	NULL	NULL	17	Autobusai	17	01		691	NULL	NULL	NULL
missed	614769	A>B	Antakalnis–Nemenčinės pl.–Antaviliai	705	NULL	NULL	NULL	NULL	NULL	NULL	NULL	17	Autobusai	17	01		732	NULL	NULL	NULL
missed	614769	B>A	Antaviliai–Nemenčinės pl.–Antakalnis	732	NULL	NULL	NULL	NULL	NULL	NULL	NULL	17	Autobusai	17	01		759	NULL	NULL	NULL
missed	614769	A>B	Antakalnis–Nemenčinės pl.–Antaviliai	780	NULL	NULL	NULL	NULL	NULL	NULL	NULL	17	Autobusai	17	01		807	NULL	NULL	NULL
missed	614769	B>A	Antaviliai–Nemenčinės pl.–Antakalnis	807	NULL	NULL	NULL	NULL	NULL	NULL	NULL	17	Autobusai	17	01		834	NULL	NULL	NULL
missed	614769	A>B	Antakalnis–Nemenčinės pl.–Antaviliai	844	NULL	NULL	NULL	NULL	NULL	NULL	NULL	17	Autobusai	17	01		871	NULL	NULL	NULL
missed	614769	B>A	Antaviliai–Nemenčinės pl.–Antakalnis	871	NULL	NULL	NULL	NULL	NULL	NULL	NULL	17	Autobusai	17	01		898	NULL	NULL	NULL
missed	614769	A>B	Antakalnis–Nemenčinės pl.–Antaviliai	908	NULL	NULL	NULL	NULL	NULL	NULL	NULL	17	Autobusai	17	01		935	NULL	NULL	NULL
missed	614769	B>A	Antaviliai–Nemenčinės pl.–Antakalnis	935	NULL	NULL	NULL	NULL	NULL	NULL	NULL	17	Autobusai	17	01		962	NULL	NULL	NULL
missed	614769	A>B	Antakalnis–Nemenčinės pl.–Antaviliai	972	NULL	NULL	NULL	NULL	NULL	NULL	NULL	17	Autobusai	17	01		999	NULL	NULL	NULL
missed	614769	B>A	Antaviliai–Nemenčinės pl.–Antakalnis	999	NULL	NULL	NULL	NULL	NULL	NULL	NULL	17	Autobusai	17	01		1026	NULL	NULL	NULL
missed	614769	A>B	Antakalnis–Nemenčinės pl.–Antaviliai	1045	NULL	NULL	NULL	NULL	NULL	NULL	NULL	17	Autobusai	17	01		1072	NULL	NULL	NULL
missed	614769	B>A	Antaviliai–Nemenčinės pl.–Antakalnis	1072	NULL	NULL	NULL	NULL	NULL	NULL	NULL	17	Autobusai	17	01		1099	NULL	NULL	NULL
missed	614769	A>B	Antakalnis–Nemenčinės pl.–Antaviliai	1136	NULL	NULL	NULL	NULL	NULL	NULL	NULL	17	Autobusai	17	01		1163	NULL	NULL	NULL
missed	614769	B>A	Antaviliai–Nemenčinės pl.–Antakalnis	1163	NULL	NULL	NULL	NULL	NULL	NULL	NULL	17	Autobusai	17	01		1190	NULL	NULL	NULL
missed	614769	A>B	Antakalnis–Nemenčinės pl.–Antaviliai	1200	NULL	NULL	NULL	NULL	NULL	NULL	NULL	17	Autobusai	17	01		1222	NULL	NULL	NULL
missed	614769	B>A	Antaviliai–Nemenčinės pl.–Antakalnis	1222	NULL	NULL	NULL	NULL	NULL	NULL	NULL	17	Autobusai	17	01		1244	NULL	NULL	NULL
missed	614769	A>B	Antakalnis–Nemenčinės pl.–Antaviliai	1254	NULL	NULL	NULL	NULL	NULL	NULL	NULL	17	Autobusai	17	01		1278	NULL	NULL	NULL
missed	614769	B>A	Antaviliai–Nemenčinės pl.–Antakalnis	1278	NULL	NULL	NULL	NULL	NULL	NULL	NULL	17	Autobusai	17	01		1300	NULL	NULL	NULL
missed	614769	A>B	Antakalnis–Nemenčinės pl.–Antaviliai	1310	NULL	NULL	NULL	NULL	NULL	NULL	NULL	17	Autobusai	17	01		1334	NULL	NULL	NULL
missed	614769	B>A	Antaviliai–Nemenčinės pl.–Antakalnis	1334	NULL	NULL	NULL	NULL	NULL	NULL	NULL	17	Autobusai	17	01		1356	NULL	NULL	NULL
missed	614769	A>B	Antakalnis–Nemenčinės pl.–Antaviliai	1366	NULL	NULL	NULL	NULL	NULL	NULL	NULL	17	Autobusai	17	01		1390	NULL	NULL	NULL
missed	614769	B>A	Antaviliai–Nemenčinės pl.–Antakalnis	1390	NULL	NULL	NULL	NULL	NULL	NULL	NULL	17	Autobusai	17	01		1412	NULL	NULL	NULL
missed	614770	A>B	Antakalnis–Nemenčinės pl.–Antaviliai	319	NULL	NULL	NULL	NULL	NULL	NULL	NULL	17	Autobusai	17	02		346	NULL	NULL	NULL
missed	614770	B>A	Antaviliai–Nemenčinės pl.–Antakalnis	346	NULL	NULL	NULL	NULL	NULL	NULL	NULL	17	Autobusai	17	02		373	NULL	NULL	NULL
missed	614770	A>B	Antakalnis–Nemenčinės pl.–Antaviliai	383	NULL	NULL	NULL	NULL	NULL	NULL	NULL	17	Autobusai	17	02		410	NULL	NULL	NULL
missed	614770	B>A	Antaviliai–Nemenčinės pl.–Antakalnis	410	NULL	NULL	NULL	NULL	NULL	NULL	NULL	17	Autobusai	17	02		437	NULL	NULL	NULL
missed	614770	A>B	Antakalnis–Nemenčinės pl.–Antaviliai	447	NULL	NULL	NULL	NULL	NULL	NULL	NULL	17	Autobusai	17	02		474	NULL	NULL	NULL
missed	614770	B>A	Antaviliai–Nemenčinės pl.–Antakalnis	474	NULL	NULL	NULL	NULL	NULL	NULL	NULL	17	Autobusai	17	02		501	NULL	NULL	NULL
missed	614770	A>B	Antakalnis–Nemenčinės pl.–Antaviliai	514	NULL	NULL	NULL	NULL	NULL	NULL	NULL	17	Autobusai	17	02		541	NULL	NULL	NULL
missed	614770	B>A	Antaviliai–Nemenčinės pl.–Antakalnis	541	NULL	NULL	NULL	NULL	NULL	NULL	NULL	17	Autobusai	17	02		568	NULL	NULL	NULL
missed	614770	A>B	Antakalnis–Nemenčinės pl.–Antaviliai	948	NULL	NULL	NULL	NULL	NULL	NULL	NULL	17	Autobusai	17	02		975	NULL	NULL	NULL
missed	614770	B>A	Antaviliai–Nemenčinės pl.–Antakalnis	975	NULL	NULL	NULL	NULL	NULL	NULL	NULL	17	Autobusai	17	02		1002	NULL	NULL	NULL
missed	614770	A>B	Antakalnis–Nemenčinės pl.–Antaviliai	1012	NULL	NULL	NULL	NULL	NULL	NULL	NULL	17	Autobusai	17	02		1039	NULL	NULL	NULL
missed	614770	B>A	Antaviliai–Nemenčinės pl.–Antakalnis	1039	NULL	NULL	NULL	NULL	NULL	NULL	NULL	17	Autobusai	17	02		1066	NULL	NULL	NULL
missed	614770	A>B	Antakalnis–Nemenčinės pl.–Antaviliai	1076	NULL	NULL	NULL	NULL	NULL	NULL	NULL	17	Autobusai	17	02		1103	NULL	NULL	NULL
missed	614770	B>A	Antaviliai–Nemenčinės pl.–Antakalnis	1103	NULL	NULL	NULL	NULL	NULL	NULL	NULL	17	Autobusai	17	02		1130	NULL	NULL	NULL
missed	663224	B>A	Parko g.–Dvarčionys–Antakalnis	324	NULL	NULL	NULL	NULL	NULL	NULL	NULL	18	Autobusai	18	01-Ž		363	NULL	NULL	NULL
missed	663224	A>B	Antakalnis–Dvarčionys–Parko g.	369	NULL	NULL	NULL	NULL	NULL	NULL	NULL	18	Autobusai	18	01-Ž		409	NULL	NULL	NULL
missed	663224	B>A	Parko g.–Dvarčionys–Antakalnis	417	NULL	NULL	NULL	NULL	NULL	NULL	NULL	18	Autobusai	18	01-Ž		458	NULL	NULL	NULL
missed	663224	A>B	Antakalnis–Dvarčionys–Parko g.	467	NULL	NULL	NULL	NULL	NULL	NULL	NULL	18	Autobusai	18	01-Ž		509	NULL	NULL	NULL
missed	663224	B>A	Parko g.–Dvarčionys–Antakalnis	516	NULL	NULL	NULL	NULL	NULL	NULL	NULL	18	Autobusai	18	01-Ž		557	NULL	NULL	NULL
missed	663224	A>B	Antakalnis–Dvarčionys–Parko g.	589	NULL	NULL	NULL	NULL	NULL	NULL	NULL	18	Autobusai	18	01-Ž		631	NULL	NULL	NULL
missed	663224	B>A	Parko g.–Dvarčionys–Antakalnis	637	NULL	NULL	NULL	NULL	NULL	NULL	NULL	18	Autobusai	18	01-Ž		678	NULL	NULL	NULL
missed	663224	A>B	Antakalnis–Dvarčionys–Parko g.	685	NULL	NULL	NULL	NULL	NULL	NULL	NULL	18	Autobusai	18	01-Ž		727	NULL	NULL	NULL
missed	663224	B>A	Parko g.–Dvarčionys–Antakalnis	732	NULL	NULL	NULL	NULL	NULL	NULL	NULL	18	Autobusai	18	01-Ž		773	NULL	NULL	NULL
missed	663224	A>B	Antakalnis–Dvarčionys–Parko g.	780	NULL	NULL	NULL	NULL	NULL	NULL	NULL	18	Autobusai	18	01-Ž		822	NULL	NULL	NULL
missed	663224	B>A	Parko g.–Dvarčionys–Antakalnis	831	NULL	NULL	NULL	NULL	NULL	NULL	NULL	18	Autobusai	18	01-Ž		872	NULL	NULL	NULL
missed	663224	A>B	Antakalnis–Dvarčionys–Parko g.	881	NULL	NULL	NULL	NULL	NULL	NULL	NULL	18	Autobusai	18	01-Ž		923	NULL	NULL	NULL
missed	663224	B>A	Parko g.–Dvarčionys–Antakalnis	928	NULL	NULL	NULL	NULL	NULL	NULL	NULL	18	Autobusai	18	01-Ž		969	NULL	NULL	NULL
missed	663224	A>B	Antakalnis–Dvarčionys–Parko g.	979	NULL	NULL	NULL	NULL	NULL	NULL	NULL	18	Autobusai	18	01-Ž		1021	NULL	NULL	NULL
missed	663224	B>A	Parko g.–Dvarčionys–Antakalnis	1026	NULL	NULL	NULL	NULL	NULL	NULL	NULL	18	Autobusai	18	01-Ž		1067	NULL	NULL	NULL
missed	663224	A>B	Antakalnis–Dvarčionys–Parko g.	1077	NULL	NULL	NULL	NULL	NULL	NULL	NULL	18	Autobusai	18	01-Ž		1119	NULL	NULL	NULL
missed	663224	B>A	Parko g.–Dvarčionys–Antakalnis	1128	NULL	NULL	NULL	NULL	NULL	NULL	NULL	18	Autobusai	18	01-Ž		1169	NULL	NULL	NULL
missed	663224	A>B	Antakalnis–Dvarčionys–Parko g.	1210	NULL	NULL	NULL	NULL	NULL	NULL	NULL	18	Autobusai	18	01-Ž		1252	NULL	NULL	NULL
missed	663224	B>A	Parko g.–Dvarčionys–Antakalnis	1257	NULL	NULL	NULL	NULL	NULL	NULL	NULL	18	Autobusai	18	01-Ž		1296	NULL	NULL	NULL
missed	663224	A>B	Antakalnis–Dvarčionys–Parko g.	1306	NULL	NULL	NULL	NULL	NULL	NULL	NULL	18	Autobusai	18	01-Ž		1346	NULL	NULL	NULL
missed	663224	B>A	Parko g.–Dvarčionys–Antakalnis	1351	NULL	NULL	NULL	NULL	NULL	NULL	NULL	18	Autobusai	18	01-Ž		1390	NULL	NULL	NULL
missed	663222	A>B	Antakalnis–Dvarčionys–Parko g.	353	NULL	NULL	NULL	NULL	NULL	NULL	NULL	18	Autobusai	18	02		393	NULL	NULL	NULL
missed	663222	B>A	Parko g.–Dvarčionys–Antakalnis	399	NULL	NULL	NULL	NULL	NULL	NULL	NULL	18	Autobusai	18	02		440	NULL	NULL	NULL
missed	663222	A>B	Antakalnis–Dvarčionys–Parko g.	449	NULL	NULL	NULL	NULL	NULL	NULL	NULL	18	Autobusai	18	02		491	NULL	NULL	NULL
missed	663222	B>A	Parko g.–Dvarčionys–Antakalnis	500	NULL	NULL	NULL	NULL	NULL	NULL	NULL	18	Autobusai	18	02		541	NULL	NULL	NULL
missed	663222	A>B	Antakalnis–Dvarčionys–Parko g.	551	NULL	NULL	NULL	NULL	NULL	NULL	NULL	18	Autobusai	18	02		593	NULL	NULL	NULL
missed	663222	B>A	Parko g.–Dvarčionys–Antakalnis	602	NULL	NULL	NULL	NULL	NULL	NULL	NULL	18	Autobusai	18	02		643	NULL	NULL	NULL
missed	663222	A>B	Antakalnis–Dvarčionys–Parko g.	961	NULL	NULL	NULL	NULL	NULL	NULL	NULL	18	Autobusai	18	02		1003	NULL	NULL	NULL
missed	663222	B>A	Parko g.–Dvarčionys–Antakalnis	1008	NULL	NULL	NULL	NULL	NULL	NULL	NULL	18	Autobusai	18	02		1049	NULL	NULL	NULL
missed	663222	A>B	Antakalnis–Dvarčionys–Parko g.	1058	NULL	NULL	NULL	NULL	NULL	NULL	NULL	18	Autobusai	18	02		1100	NULL	NULL	NULL
missed	663222	B>A	Parko g.–Dvarčionys–Antakalnis	1105	NULL	NULL	NULL	NULL	NULL	NULL	NULL	18	Autobusai	18	02		1146	NULL	NULL	NULL
missed	663220	A>B	Antakalnis–Dvarčionys–Parko g.	296	NULL	NULL	NULL	NULL	NULL	NULL	NULL	18	Autobusai	18	03		336	NULL	NULL	NULL
missed	663220	B>A	Parko g.–Dvarčionys–Antakalnis	345	NULL	NULL	NULL	NULL	NULL	NULL	NULL	18	Autobusai	18	03		384	NULL	NULL	NULL
missed	663220	A>B	Antakalnis–Dvarčionys–Parko g.	390	NULL	NULL	NULL	NULL	NULL	NULL	NULL	18	Autobusai	18	03		432	NULL	NULL	NULL
missed	663220	B>A	Parko g.–Dvarčionys–Antakalnis	437	NULL	NULL	NULL	NULL	NULL	NULL	NULL	18	Autobusai	18	03		478	NULL	NULL	NULL
missed	663220	A>B	Antakalnis–Dvarčionys–Parko g.	487	NULL	NULL	NULL	NULL	NULL	NULL	NULL	18	Autobusai	18	03		529	NULL	NULL	NULL
missed	663220	B>A	Parko g.–Dvarčionys–Antakalnis	534	NULL	NULL	NULL	NULL	NULL	NULL	NULL	18	Autobusai	18	03		575	NULL	NULL	NULL
missed	663220	A>B	Antakalnis–Dvarčionys–Parko g.	614	NULL	NULL	NULL	NULL	NULL	NULL	NULL	18	Autobusai	18	03		656	NULL	NULL	NULL
missed	663220	B>A	Parko g.–Dvarčionys–Antakalnis	663	NULL	NULL	NULL	NULL	NULL	NULL	NULL	18	Autobusai	18	03		704	NULL	NULL	NULL
missed	663220	A>B	Antakalnis–Dvarčionys–Parko g.	712	NULL	NULL	NULL	NULL	NULL	NULL	NULL	18	Autobusai	18	03		754	NULL	NULL	NULL
missed	663220	B>A	Parko g.–Dvarčionys–Antakalnis	759	NULL	NULL	NULL	NULL	NULL	NULL	NULL	18	Autobusai	18	03		800	NULL	NULL	NULL
missed	663220	A>B	Antakalnis–Dvarčionys–Parko g.	810	NULL	NULL	NULL	NULL	NULL	NULL	NULL	18	Autobusai	18	03		852	NULL	NULL	NULL
missed	663220	B>A	Parko g.–Dvarčionys–Antakalnis	861	NULL	NULL	NULL	NULL	NULL	NULL	NULL	18	Autobusai	18	03		902	NULL	NULL	NULL
missed	663220	A>B	Antakalnis–Dvarčionys–Parko g.	912	NULL	NULL	NULL	NULL	NULL	NULL	NULL	18	Autobusai	18	03		954	NULL	NULL	NULL
missed	663220	B>A	Parko g.–Dvarčionys–Antakalnis	959	NULL	NULL	NULL	NULL	NULL	NULL	NULL	18	Autobusai	18	03		1000	NULL	NULL	NULL
missed	663220	A>B	Antakalnis–Dvarčionys–Parko g.	1014	NULL	NULL	NULL	NULL	NULL	NULL	NULL	18	Autobusai	18	03		1056	NULL	NULL	NULL
missed	663220	B>A	Parko g.–Dvarčionys–Antakalnis	1061	NULL	NULL	NULL	NULL	NULL	NULL	NULL	18	Autobusai	18	03		1102	NULL	NULL	NULL
missed	663220	A>B	Antakalnis–Dvarčionys–Parko g.	1134	NULL	NULL	NULL	NULL	NULL	NULL	NULL	18	Autobusai	18	03		1176	NULL	NULL	NULL
missed	663220	B>A	Parko g.–Dvarčionys–Antakalnis	1181	NULL	NULL	NULL	NULL	NULL	NULL	NULL	18	Autobusai	18	03		1222	NULL	NULL	NULL
missed	663220	A>B	Antakalnis–Dvarčionys–Parko g.	1254	NULL	NULL	NULL	NULL	NULL	NULL	NULL	18	Autobusai	18	03		1294	NULL	NULL	NULL
missed	663220	B>A	Parko g.–Dvarčionys–Antakalnis	1300	NULL	NULL	NULL	NULL	NULL	NULL	NULL	18	Autobusai	18	03		1339	NULL	NULL	NULL
missed	663220	A>B	Antakalnis–Dvarčionys–Parko g.	1345	NULL	NULL	NULL	NULL	NULL	NULL	NULL	18	Autobusai	18	03		1385	NULL	NULL	NULL
missed	663220	B>A	Parko g.–Dvarčionys–Antakalnis	1390	NULL	NULL	NULL	NULL	NULL	NULL	NULL	18	Autobusai	18	03		1429	NULL	NULL	NULL
missed	663223	A>B	Antakalnis–Dvarčionys–Parko g.	406	NULL	NULL	NULL	NULL	NULL	NULL	NULL	18	Autobusai	18	04		448	NULL	NULL	NULL
missed	663223	B>A	Parko g.–Dvarčionys–Antakalnis	453	NULL	NULL	NULL	NULL	NULL	NULL	NULL	18	Autobusai	18	04		494	NULL	NULL	NULL
missed	663223	A>B	Antakalnis–Dvarčionys–Parko g.	502	NULL	NULL	NULL	NULL	NULL	NULL	NULL	18	Autobusai	18	04		544	NULL	NULL	NULL
missed	663223	B>A	Parko g.–Dvarčionys–Antakalnis	551	NULL	NULL	NULL	NULL	NULL	NULL	NULL	18	Autobusai	18	04		592	NULL	NULL	NULL
missed	663223	A>B	Antakalnis–Dvarčionys–Parko g.	997	NULL	NULL	NULL	NULL	NULL	NULL	NULL	18	Autobusai	18	04		1039	NULL	NULL	NULL
missed	663223	B>A	Parko g.–Dvarčionys–Antakalnis	1044	NULL	NULL	NULL	NULL	NULL	NULL	NULL	18	Autobusai	18	04		1085	NULL	NULL	NULL
missed	663223	A>B	Antakalnis–Dvarčionys–Parko g.	1098	NULL	NULL	NULL	NULL	NULL	NULL	NULL	18	Autobusai	18	04		1140	NULL	NULL	NULL
missed	663223	B>A	Parko g.–Dvarčionys–Antakalnis	1145	NULL	NULL	NULL	NULL	NULL	NULL	NULL	18	Autobusai	18	04		1186	NULL	NULL	NULL
missed	663221	B1>A	Dvarčionys - Antakalnis	317	NULL	NULL	NULL	NULL	NULL	NULL	NULL	18	Autobusai	18	05		329	NULL	NULL	NULL
missed	663221	A>B	Antakalnis–Dvarčionys–Parko g.	332	NULL	NULL	NULL	NULL	NULL	NULL	NULL	18	Autobusai	18	05		372	NULL	NULL	NULL
missed	663221	B>A	Parko g.–Dvarčionys–Antakalnis	378	NULL	NULL	NULL	NULL	NULL	NULL	NULL	18	Autobusai	18	05		417	NULL	NULL	NULL
missed	663221	A>B	Antakalnis–Dvarčionys–Parko g.	427	NULL	NULL	NULL	NULL	NULL	NULL	NULL	18	Autobusai	18	05		469	NULL	NULL	NULL
missed	663221	B>A	Parko g.–Dvarčionys–Antakalnis	475	NULL	NULL	NULL	NULL	NULL	NULL	NULL	18	Autobusai	18	05		516	NULL	NULL	NULL
missed	663221	A>B	Antakalnis–Dvarčionys–Parko g.	526	NULL	NULL	NULL	NULL	NULL	NULL	NULL	18	Autobusai	18	05		568	NULL	NULL	NULL
missed	663221	B>A	Parko g.–Dvarčionys–Antakalnis	572	NULL	NULL	NULL	NULL	NULL	NULL	NULL	18	Autobusai	18	05		613	NULL	NULL	NULL
missed	663221	A>B	Antakalnis–Dvarčionys–Parko g.	648	NULL	NULL	NULL	NULL	NULL	NULL	NULL	18	Autobusai	18	05		690	NULL	NULL	NULL
missed	663221	B>A	Parko g.–Dvarčionys–Antakalnis	695	NULL	NULL	NULL	NULL	NULL	NULL	NULL	18	Autobusai	18	05		736	NULL	NULL	NULL
missed	663221	A>B	Antakalnis–Dvarčionys–Parko g.	743	NULL	NULL	NULL	NULL	NULL	NULL	NULL	18	Autobusai	18	05		785	NULL	NULL	NULL
missed	663221	B>A	Parko g.–Dvarčionys–Antakalnis	791	NULL	NULL	NULL	NULL	NULL	NULL	NULL	18	Autobusai	18	05		832	NULL	NULL	NULL
missed	663221	A>B	Antakalnis–Dvarčionys–Parko g.	842	NULL	NULL	NULL	NULL	NULL	NULL	NULL	18	Autobusai	18	05		884	NULL	NULL	NULL
missed	663221	B>A	Parko g.–Dvarčionys–Antakalnis	889	NULL	NULL	NULL	NULL	NULL	NULL	NULL	18	Autobusai	18	05		930	NULL	NULL	NULL
missed	663221	A>B	Antakalnis–Dvarčionys–Parko g.	936	NULL	NULL	NULL	NULL	NULL	NULL	NULL	18	Autobusai	18	05		978	NULL	NULL	NULL
missed	663221	B>A	Parko g.–Dvarčionys–Antakalnis	983	NULL	NULL	NULL	NULL	NULL	NULL	NULL	18	Autobusai	18	05		1024	NULL	NULL	NULL
missed	663221	A>B	Antakalnis–Dvarčionys–Parko g.	1034	NULL	NULL	NULL	NULL	NULL	NULL	NULL	18	Autobusai	18	05		1076	NULL	NULL	NULL
missed	663221	B>A	Parko g.–Dvarčionys–Antakalnis	1081	NULL	NULL	NULL	NULL	NULL	NULL	NULL	18	Autobusai	18	05		1122	NULL	NULL	NULL
missed	663221	A>B	Antakalnis–Dvarčionys–Parko g.	1158	NULL	NULL	NULL	NULL	NULL	NULL	NULL	18	Autobusai	18	05		1200	NULL	NULL	NULL
missed	663221	B>A	Parko g.–Dvarčionys–Antakalnis	1205	NULL	NULL	NULL	NULL	NULL	NULL	NULL	18	Autobusai	18	05		1246	NULL	NULL	NULL
missed	663221	A>B	Antakalnis–Dvarčionys–Parko g.	1278	NULL	NULL	NULL	NULL	NULL	NULL	NULL	18	Autobusai	18	05		1318	NULL	NULL	NULL
missed	663221	B>A	Parko g.–Dvarčionys–Antakalnis	1323	NULL	NULL	NULL	NULL	NULL	NULL	NULL	18	Autobusai	18	05		1362	NULL	NULL	NULL
missed	663221	A>B	Antakalnis–Dvarčionys–Parko g.	1367	NULL	NULL	NULL	NULL	NULL	NULL	NULL	18	Autobusai	18	05		1407	NULL	NULL	NULL
missed	663221	B>A	Parko g.–Dvarčionys–Antakalnis	1407	NULL	NULL	NULL	NULL	NULL	NULL	NULL	18	Autobusai	18	05		1444	NULL	NULL	NULL
missed	567606	A>B	Stotis–Lydos pl.–Salininkai	319	NULL	NULL	NULL	NULL	NULL	NULL	NULL	19	Autobusai	19	01-Ž		347	NULL	NULL	NULL
missed	567606	B>A	Salininkai–Lydos pl.–Stotis	354	NULL	NULL	NULL	NULL	NULL	NULL	NULL	19	Autobusai	19	01-Ž		384	NULL	NULL	NULL
missed	567606	A>B	Stotis–Lydos pl.–Salininkai	389	NULL	NULL	NULL	NULL	NULL	NULL	NULL	19	Autobusai	19	01-Ž		417	NULL	NULL	NULL
missed	567606	B>A	Salininkai–Lydos pl.–Stotis	427	NULL	NULL	NULL	NULL	NULL	NULL	NULL	19	Autobusai	19	01-Ž		457	NULL	NULL	NULL
missed	567606	A>B	Stotis–Lydos pl.–Salininkai	466	NULL	NULL	NULL	NULL	NULL	NULL	NULL	19	Autobusai	19	01-Ž		494	NULL	NULL	NULL
missed	567606	B>A	Salininkai–Lydos pl.–Stotis	500	NULL	NULL	NULL	NULL	NULL	NULL	NULL	19	Autobusai	19	01-Ž		530	NULL	NULL	NULL
missed	567606	A>B	Stotis–Lydos pl.–Salininkai	563	NULL	NULL	NULL	NULL	NULL	NULL	NULL	19	Autobusai	19	01-Ž		591	NULL	NULL	NULL
missed	567606	B>A	Salininkai–Lydos pl.–Stotis	599	NULL	NULL	NULL	NULL	NULL	NULL	NULL	19	Autobusai	19	01-Ž		629	NULL	NULL	NULL
missed	567606	A>B	Stotis–Lydos pl.–Salininkai	639	NULL	NULL	NULL	NULL	NULL	NULL	NULL	19	Autobusai	19	01-Ž		667	NULL	NULL	NULL
missed	567606	B>A	Salininkai–Lydos pl.–Stotis	676	NULL	NULL	NULL	NULL	NULL	NULL	NULL	19	Autobusai	19	01-Ž		706	NULL	NULL	NULL
missed	567606	A>B	Stotis–Lydos pl.–Salininkai	711	NULL	NULL	NULL	NULL	NULL	NULL	NULL	19	Autobusai	19	01-Ž		739	NULL	NULL	NULL
missed	567606	B>A	Salininkai–Lydos pl.–Stotis	744	NULL	NULL	NULL	NULL	NULL	NULL	NULL	19	Autobusai	19	01-Ž		774	NULL	NULL	NULL
missed	567606	A>B	Stotis–Lydos pl.–Salininkai	786	NULL	NULL	NULL	NULL	NULL	NULL	NULL	19	Autobusai	19	01-Ž		814	NULL	NULL	NULL
missed	567606	B>A	Salininkai–Lydos pl.–Stotis	819	NULL	NULL	NULL	NULL	NULL	NULL	NULL	19	Autobusai	19	01-Ž		849	NULL	NULL	NULL
missed	567606	A>B	Stotis–Lydos pl.–Salininkai	861	NULL	NULL	NULL	NULL	NULL	NULL	NULL	19	Autobusai	19	01-Ž		889	NULL	NULL	NULL
missed	567606	B>A	Salininkai–Lydos pl.–Stotis	894	NULL	NULL	NULL	NULL	NULL	NULL	NULL	19	Autobusai	19	01-Ž		924	NULL	NULL	NULL
missed	567606	A>B	Stotis–Lydos pl.–Salininkai	932	NULL	NULL	NULL	NULL	NULL	NULL	NULL	19	Autobusai	19	01-Ž		960	NULL	NULL	NULL
missed	567606	B>A	Salininkai–Lydos pl.–Stotis	968	NULL	NULL	NULL	NULL	NULL	NULL	NULL	19	Autobusai	19	01-Ž		998	NULL	NULL	NULL
missed	567606	A>B	Stotis–Lydos pl.–Salininkai	1008	NULL	NULL	NULL	NULL	NULL	NULL	NULL	19	Autobusai	19	01-Ž		1036	NULL	NULL	NULL
missed	567606	B>A	Salininkai–Lydos pl.–Stotis	1042	NULL	NULL	NULL	NULL	NULL	NULL	NULL	19	Autobusai	19	01-Ž		1072	NULL	NULL	NULL
missed	567606	A>B	Stotis–Lydos pl.–Salininkai	1079	NULL	NULL	NULL	NULL	NULL	NULL	NULL	19	Autobusai	19	01-Ž		1107	NULL	NULL	NULL
missed	567606	B>A	Salininkai–Lydos pl.–Stotis	1113	NULL	NULL	NULL	NULL	NULL	NULL	NULL	19	Autobusai	19	01-Ž		1143	NULL	NULL	NULL
missed	567606	A>B	Stotis–Lydos pl.–Salininkai	1188	NULL	NULL	NULL	NULL	NULL	NULL	NULL	19	Autobusai	19	01-Ž		1216	NULL	NULL	NULL
missed	567606	B>A	Salininkai–Lydos pl.–Stotis	1221	NULL	NULL	NULL	NULL	NULL	NULL	NULL	19	Autobusai	19	01-Ž		1251	NULL	NULL	NULL
missed	567606	A>B	Stotis–Lydos pl.–Salininkai	1264	NULL	NULL	NULL	NULL	NULL	NULL	NULL	19	Autobusai	19	01-Ž		1292	NULL	NULL	NULL
missed	567606	B>A	Salininkai–Lydos pl.–Stotis	1297	NULL	NULL	NULL	NULL	NULL	NULL	NULL	19	Autobusai	19	01-Ž		1327	NULL	NULL	NULL
missed	567606	A>B	Stotis–Lydos pl.–Salininkai	1337	NULL	NULL	NULL	NULL	NULL	NULL	NULL	19	Autobusai	19	01-Ž		1365	NULL	NULL	NULL
missed	567606	B>A	Salininkai–Lydos pl.–Stotis	1370	NULL	NULL	NULL	NULL	NULL	NULL	NULL	19	Autobusai	19	01-Ž		1400	NULL	NULL	NULL
missed	567607	A>B	Stotis–Lydos pl.–Salininkai	350	NULL	NULL	NULL	NULL	NULL	NULL	NULL	19	Autobusai	19	02		378	NULL	NULL	NULL
missed	567607	B>A	Salininkai–Lydos pl.–Stotis	385	NULL	NULL	NULL	NULL	NULL	NULL	NULL	19	Autobusai	19	02		415	NULL	NULL	NULL
missed	567607	A>B	Stotis–Lydos pl.–Salininkai	420	NULL	NULL	NULL	NULL	NULL	NULL	NULL	19	Autobusai	19	02		448	NULL	NULL	NULL
missed	567607	B>A	Salininkai–Lydos pl.–Stotis	453	NULL	NULL	NULL	NULL	NULL	NULL	NULL	19	Autobusai	19	02		483	NULL	NULL	NULL
missed	567607	A>B	Stotis–Lydos pl.–Salininkai	488	NULL	NULL	NULL	NULL	NULL	NULL	NULL	19	Autobusai	19	02		516	NULL	NULL	NULL
missed	567607	B>A	Salininkai–Lydos pl.–Stotis	523	NULL	NULL	NULL	NULL	NULL	NULL	NULL	19	Autobusai	19	02		553	NULL	NULL	NULL
missed	567607	A>B	Stotis–Lydos pl.–Salininkai	586	NULL	NULL	NULL	NULL	NULL	NULL	NULL	19	Autobusai	19	02		614	NULL	NULL	NULL
missed	567607	B>A	Salininkai–Lydos pl.–Stotis	622	NULL	NULL	NULL	NULL	NULL	NULL	NULL	19	Autobusai	19	02		652	NULL	NULL	NULL
missed	567607	A>B	Stotis–Lydos pl.–Salininkai	662	NULL	NULL	NULL	NULL	NULL	NULL	NULL	19	Autobusai	19	02		690	NULL	NULL	NULL
missed	567607	B>A	Salininkai–Lydos pl.–Stotis	696	NULL	NULL	NULL	NULL	NULL	NULL	NULL	19	Autobusai	19	02		726	NULL	NULL	NULL
missed	567607	A>B	Stotis–Lydos pl.–Salininkai	731	NULL	NULL	NULL	NULL	NULL	NULL	NULL	19	Autobusai	19	02		759	NULL	NULL	NULL
missed	567607	B>A	Salininkai–Lydos pl.–Stotis	767	NULL	NULL	NULL	NULL	NULL	NULL	NULL	19	Autobusai	19	02		797	NULL	NULL	NULL
missed	567607	A>B	Stotis–Lydos pl.–Salininkai	804	NULL	NULL	NULL	NULL	NULL	NULL	NULL	19	Autobusai	19	02		832	NULL	NULL	NULL
missed	567607	B>A	Salininkai–Lydos pl.–Stotis	839	NULL	NULL	NULL	NULL	NULL	NULL	NULL	19	Autobusai	19	02		869	NULL	NULL	NULL
missed	567607	A>B	Stotis–Lydos pl.–Salininkai	879	NULL	NULL	NULL	NULL	NULL	NULL	NULL	19	Autobusai	19	02		907	NULL	NULL	NULL
missed	567607	B>A	Salininkai–Lydos pl.–Stotis	915	NULL	NULL	NULL	NULL	NULL	NULL	NULL	19	Autobusai	19	02		945	NULL	NULL	NULL
missed	567607	A>B	Stotis–Lydos pl.–Salininkai	950	NULL	NULL	NULL	NULL	NULL	NULL	NULL	19	Autobusai	19	02		978	NULL	NULL	NULL
missed	567607	B>A	Salininkai–Lydos pl.–Stotis	986	NULL	NULL	NULL	NULL	NULL	NULL	NULL	19	Autobusai	19	02		1016	NULL	NULL	NULL
missed	567607	A>B	Stotis–Lydos pl.–Salininkai	1025	NULL	NULL	NULL	NULL	NULL	NULL	NULL	19	Autobusai	19	02		1053	NULL	NULL	NULL
missed	567607	B>A	Salininkai–Lydos pl.–Stotis	1061	NULL	NULL	NULL	NULL	NULL	NULL	NULL	19	Autobusai	19	02		1091	NULL	NULL	NULL
missed	567607	A>B	Stotis–Lydos pl.–Salininkai	1107	NULL	NULL	NULL	NULL	NULL	NULL	NULL	19	Autobusai	19	02		1135	NULL	NULL	NULL
missed	567607	B>A	Salininkai–Lydos pl.–Stotis	1145	NULL	NULL	NULL	NULL	NULL	NULL	NULL	19	Autobusai	19	02		1175	NULL	NULL	NULL
missed	567607	A>B	Stotis–Lydos pl.–Salininkai	1220	NULL	NULL	NULL	NULL	NULL	NULL	NULL	19	Autobusai	19	02		1248	NULL	NULL	NULL
missed	567607	B>A	Salininkai–Lydos pl.–Stotis	1256	NULL	NULL	NULL	NULL	NULL	NULL	NULL	19	Autobusai	19	02		1286	NULL	NULL	NULL
missed	567607	A>B	Stotis–Lydos pl.–Salininkai	1293	NULL	NULL	NULL	NULL	NULL	NULL	NULL	19	Autobusai	19	02		1321	NULL	NULL	NULL
missed	567607	B>A	Salininkai–Lydos pl.–Stotis	1329	NULL	NULL	NULL	NULL	NULL	NULL	NULL	19	Autobusai	19	02		1359	NULL	NULL	NULL
missed	567607	A>B	Stotis–Lydos pl.–Salininkai	1367	NULL	NULL	NULL	NULL	NULL	NULL	NULL	19	Autobusai	19	02		1395	NULL	NULL	NULL
missed	567607	B>A	Salininkai–Lydos pl.–Stotis	1400	NULL	NULL	NULL	NULL	NULL	NULL	NULL	19	Autobusai	19	02		1430	NULL	NULL	NULL
missed	567605	B>A	Salininkai–Lydos pl.–Stotis	330	NULL	NULL	NULL	NULL	NULL	NULL	NULL	19	Autobusai	19	03		360	NULL	NULL	NULL
missed	567605	A>B	Stotis–Lydos pl.–Salininkai	368	NULL	NULL	NULL	NULL	NULL	NULL	NULL	19	Autobusai	19	03		396	NULL	NULL	NULL
missed	567605	B>A	Salininkai–Lydos pl.–Stotis	405	NULL	NULL	NULL	NULL	NULL	NULL	NULL	19	Autobusai	19	03		435	NULL	NULL	NULL
missed	567605	A>B	Stotis–Lydos pl.–Salininkai	440	NULL	NULL	NULL	NULL	NULL	NULL	NULL	19	Autobusai	19	03		468	NULL	NULL	NULL
missed	567605	B>A	Salininkai–Lydos pl.–Stotis	476	NULL	NULL	NULL	NULL	NULL	NULL	NULL	19	Autobusai	19	03		506	NULL	NULL	NULL
missed	567605	A>B	Stotis–Lydos pl.–Salininkai	519	NULL	NULL	NULL	NULL	NULL	NULL	NULL	19	Autobusai	19	03		547	NULL	NULL	NULL
missed	567605	B>A	Salininkai–Lydos pl.–Stotis	554	NULL	NULL	NULL	NULL	NULL	NULL	NULL	19	Autobusai	19	03		584	NULL	NULL	NULL
missed	567605	A>B	Stotis–Lydos pl.–Salininkai	617	NULL	NULL	NULL	NULL	NULL	NULL	NULL	19	Autobusai	19	03		645	NULL	NULL	NULL
missed	567605	B>A	Salininkai–Lydos pl.–Stotis	650	NULL	NULL	NULL	NULL	NULL	NULL	NULL	19	Autobusai	19	03		680	NULL	NULL	NULL
missed	567605	A>B	Stotis–Lydos pl.–Salininkai	685	NULL	NULL	NULL	NULL	NULL	NULL	NULL	19	Autobusai	19	03		713	NULL	NULL	NULL
missed	567605	B>A	Salininkai–Lydos pl.–Stotis	721	NULL	NULL	NULL	NULL	NULL	NULL	NULL	19	Autobusai	19	03		751	NULL	NULL	NULL
missed	567605	A>B	Stotis–Lydos pl.–Salininkai	757	NULL	NULL	NULL	NULL	NULL	NULL	NULL	19	Autobusai	19	03		785	NULL	NULL	NULL
missed	567605	B>A	Salininkai–Lydos pl.–Stotis	789	NULL	NULL	NULL	NULL	NULL	NULL	NULL	19	Autobusai	19	03		819	NULL	NULL	NULL
missed	567605	A>B	Stotis–Lydos pl.–Salininkai	829	NULL	NULL	NULL	NULL	NULL	NULL	NULL	19	Autobusai	19	03		857	NULL	NULL	NULL
missed	567605	B>A	Salininkai–Lydos pl.–Stotis	867	NULL	NULL	NULL	NULL	NULL	NULL	NULL	19	Autobusai	19	03		897	NULL	NULL	NULL
missed	567605	A>B	Stotis–Lydos pl.–Salininkai	906	NULL	NULL	NULL	NULL	NULL	NULL	NULL	19	Autobusai	19	03		934	NULL	NULL	NULL
missed	567605	B>A	Salininkai–Lydos pl.–Stotis	942	NULL	NULL	NULL	NULL	NULL	NULL	NULL	19	Autobusai	19	03		972	NULL	NULL	NULL
missed	567605	A>B	Stotis–Lydos pl.–Salininkai	982	NULL	NULL	NULL	NULL	NULL	NULL	NULL	19	Autobusai	19	03		1010	NULL	NULL	NULL
missed	567605	B>A	Salininkai–Lydos pl.–Stotis	1018	NULL	NULL	NULL	NULL	NULL	NULL	NULL	19	Autobusai	19	03		1048	NULL	NULL	NULL
missed	567605	A>B	Stotis–Lydos pl.–Salininkai	1057	NULL	NULL	NULL	NULL	NULL	NULL	NULL	19	Autobusai	19	03		1085	NULL	NULL	NULL
missed	567605	B>A	Salininkai–Lydos pl.–Stotis	1090	NULL	NULL	NULL	NULL	NULL	NULL	NULL	19	Autobusai	19	03		1120	NULL	NULL	NULL
missed	567605	A>B	Stotis–Lydos pl.–Salininkai	1161	NULL	NULL	NULL	NULL	NULL	NULL	NULL	19	Autobusai	19	03		1189	NULL	NULL	NULL
missed	567605	B>A	Salininkai–Lydos pl.–Stotis	1194	NULL	NULL	NULL	NULL	NULL	NULL	NULL	19	Autobusai	19	03		1224	NULL	NULL	NULL
missed	567605	A>B	Stotis–Lydos pl.–Salininkai	1238	NULL	NULL	NULL	NULL	NULL	NULL	NULL	19	Autobusai	19	03		1266	NULL	NULL	NULL
missed	567605	B>A	Salininkai–Lydos pl.–Stotis	1274	NULL	NULL	NULL	NULL	NULL	NULL	NULL	19	Autobusai	19	03		1304	NULL	NULL	NULL
missed	567605	A>B	Stotis–Lydos pl.–Salininkai	1312	NULL	NULL	NULL	NULL	NULL	NULL	NULL	19	Autobusai	19	03		1340	NULL	NULL	NULL
missed	567605	B>A	Salininkai–Lydos pl.–Stotis	1345	NULL	NULL	NULL	NULL	NULL	NULL	NULL	19	Autobusai	19	03		1375	NULL	NULL	NULL
missed	614565	A>B	Stotis–Kalvarijų g.–Santariškės	314	NULL	NULL	NULL	NULL	NULL	NULL	NULL	1G	Autobusai	1G	01-ž		349	NULL	NULL	NULL
missed	614565	B>A	Santariškės–Kalvarijų g.–Stotis	357	NULL	NULL	NULL	NULL	NULL	NULL	NULL	1G	Autobusai	1G	01-ž		390	NULL	NULL	NULL
missed	614565	A>B	Stotis–Kalvarijų g.–Santariškės	393	NULL	NULL	NULL	NULL	NULL	NULL	NULL	1G	Autobusai	1G	01-ž		428	NULL	NULL	NULL
missed	614565	B>A	Santariškės–Kalvarijų g.–Stotis	436	NULL	NULL	NULL	NULL	NULL	NULL	NULL	1G	Autobusai	1G	01-ž		476	NULL	NULL	NULL
missed	614565	B>A	Santariškės–Kalvarijų g.–Stotis	535	NULL	NULL	NULL	NULL	NULL	NULL	NULL	1G	Autobusai	1G	01-ž		573	NULL	NULL	NULL
missed	614565	B>A	Santariškės–Kalvarijų g.–Stotis	659	NULL	NULL	NULL	NULL	NULL	NULL	NULL	1G	Autobusai	1G	01-ž		695	NULL	NULL	NULL
missed	614565	A>B	Stotis–Kalvarijų g.–Santariškės	701	NULL	NULL	NULL	NULL	NULL	NULL	NULL	1G	Autobusai	1G	01-ž		736	NULL	NULL	NULL
missed	614565	B>A	Santariškės–Kalvarijų g.–Stotis	751	NULL	NULL	NULL	NULL	NULL	NULL	NULL	1G	Autobusai	1G	01-ž		787	NULL	NULL	NULL
missed	614565	A>B	Stotis–Kalvarijų g.–Santariškės	790	NULL	NULL	NULL	NULL	NULL	NULL	NULL	1G	Autobusai	1G	01-ž		825	NULL	NULL	NULL
missed	614565	B>A	Santariškės–Kalvarijų g.–Stotis	836	NULL	NULL	NULL	NULL	NULL	NULL	NULL	1G	Autobusai	1G	01-ž		872	NULL	NULL	NULL
missed	614565	A>B	Stotis–Kalvarijų g.–Santariškės	880	NULL	NULL	NULL	NULL	NULL	NULL	NULL	1G	Autobusai	1G	01-ž		915	NULL	NULL	NULL
missed	614565	B>A	Santariškės–Kalvarijų g.–Stotis	924	NULL	NULL	NULL	NULL	NULL	NULL	NULL	1G	Autobusai	1G	01-ž		960	NULL	NULL	NULL
missed	614565	B>A	Santariškės–Kalvarijų g.–Stotis	1021	NULL	NULL	NULL	NULL	NULL	NULL	NULL	1G	Autobusai	1G	01-ž		1057	NULL	NULL	NULL
missed	614565	B>A	Santariškės–Kalvarijų g.–Stotis	1124	NULL	NULL	NULL	NULL	NULL	NULL	NULL	1G	Autobusai	1G	01-ž		1159	NULL	NULL	NULL
missed	614565	B>A	Santariškės–Kalvarijų g.–Stotis	1236	NULL	NULL	NULL	NULL	NULL	NULL	NULL	1G	Autobusai	1G	01-ž		1269	NULL	NULL	NULL
missed	614565	A>B	Stotis–Kalvarijų g.–Santariškės	1276	NULL	NULL	NULL	NULL	NULL	NULL	NULL	1G	Autobusai	1G	01-ž		1311	NULL	NULL	NULL
missed	614565	B>A	Santariškės–Kalvarijų g.–Stotis	1320	NULL	NULL	NULL	NULL	NULL	NULL	NULL	1G	Autobusai	1G	01-ž		1353	NULL	NULL	NULL
missed	614564	A>B	Stotis–Kalvarijų g.–Santariškės	373	NULL	NULL	NULL	NULL	NULL	NULL	NULL	1G	Autobusai	1G	02		408	NULL	NULL	NULL
missed	614564	B>A	Santariškės–Kalvarijų g.–Stotis	416	NULL	NULL	NULL	NULL	NULL	NULL	NULL	1G	Autobusai	1G	02		451	NULL	NULL	NULL
missed	614564	B>A	Santariškės–Kalvarijų g.–Stotis	515	NULL	NULL	NULL	NULL	NULL	NULL	NULL	1G	Autobusai	1G	02		555	NULL	NULL	NULL
missed	614564	A>B	Stotis–Kalvarijų g.–Santariškės	561	NULL	NULL	NULL	NULL	NULL	NULL	NULL	1G	Autobusai	1G	02		596	NULL	NULL	NULL
missed	614564	B>A	Santariškės–Kalvarijų g.–Stotis	608	NULL	NULL	NULL	NULL	NULL	NULL	NULL	1G	Autobusai	1G	02		644	NULL	NULL	NULL
missed	614564	B>A	Santariškės–Kalvarijų g.–Stotis	1015	NULL	NULL	NULL	NULL	NULL	NULL	NULL	1G	Autobusai	1G	02		1051	NULL	NULL	NULL
missed	614564	B>A	Santariškės–Kalvarijų g.–Stotis	1118	NULL	NULL	NULL	NULL	NULL	NULL	NULL	1G	Autobusai	1G	02		1153	NULL	NULL	NULL
missed	614570	B>A	Santariškės–Kalvarijų g.–Stotis	343	NULL	NULL	NULL	NULL	NULL	NULL	NULL	1G	Autobusai	1G	03-ž		376	NULL	NULL	NULL
missed	614570	A>B	Stotis–Kalvarijų g.–Santariškės	378	NULL	NULL	NULL	NULL	NULL	NULL	NULL	1G	Autobusai	1G	03-ž		413	NULL	NULL	NULL
missed	614570	B>A	Santariškės–Kalvarijų g.–Stotis	421	NULL	NULL	NULL	NULL	NULL	NULL	NULL	1G	Autobusai	1G	03-ž		460	NULL	NULL	NULL
missed	614570	B>A	Santariškės–Kalvarijų g.–Stotis	519	NULL	NULL	NULL	NULL	NULL	NULL	NULL	1G	Autobusai	1G	03-ž		559	NULL	NULL	NULL
missed	614570	B>A	Santariškės–Kalvarijų g.–Stotis	643	NULL	NULL	NULL	NULL	NULL	NULL	NULL	1G	Autobusai	1G	03-ž		679	NULL	NULL	NULL
missed	614570	A>B	Stotis–Kalvarijų g.–Santariškės	685	NULL	NULL	NULL	NULL	NULL	NULL	NULL	1G	Autobusai	1G	03-ž		720	NULL	NULL	NULL
missed	614570	B>A	Santariškės–Kalvarijų g.–Stotis	742	NULL	NULL	NULL	NULL	NULL	NULL	NULL	1G	Autobusai	1G	03-ž		778	NULL	NULL	NULL
missed	614570	A>B	Stotis–Kalvarijų g.–Santariškės	782	NULL	NULL	NULL	NULL	NULL	NULL	NULL	1G	Autobusai	1G	03-ž		817	NULL	NULL	NULL
missed	614570	B>A	Santariškės–Kalvarijų g.–Stotis	826	NULL	NULL	NULL	NULL	NULL	NULL	NULL	1G	Autobusai	1G	03-ž		862	NULL	NULL	NULL
missed	614570	A>B	Stotis–Kalvarijų g.–Santariškės	872	NULL	NULL	NULL	NULL	NULL	NULL	NULL	1G	Autobusai	1G	03-ž		907	NULL	NULL	NULL
missed	614570	B>A	Santariškės–Kalvarijų g.–Stotis	915	NULL	NULL	NULL	NULL	NULL	NULL	NULL	1G	Autobusai	1G	03-ž		951	NULL	NULL	NULL
missed	614570	A>B	Stotis–Kalvarijų g.–Santariškės	955	NULL	NULL	NULL	NULL	NULL	NULL	NULL	1G	Autobusai	1G	03-ž		990	NULL	NULL	NULL
missed	614570	B>A	Santariškės–Kalvarijų g.–Stotis	1000	NULL	NULL	NULL	NULL	NULL	NULL	NULL	1G	Autobusai	1G	03-ž		1036	NULL	NULL	NULL
missed	614570	B>A	Santariškės–Kalvarijų g.–Stotis	1104	NULL	NULL	NULL	NULL	NULL	NULL	NULL	1G	Autobusai	1G	03-ž		1140	NULL	NULL	NULL
missed	614570	B>A	Santariškės–Kalvarijų g.–Stotis	1228	NULL	NULL	NULL	NULL	NULL	NULL	NULL	1G	Autobusai	1G	03-ž		1261	NULL	NULL	NULL
missed	614570	A>B	Stotis–Kalvarijų g.–Santariškės	1267	NULL	NULL	NULL	NULL	NULL	NULL	NULL	1G	Autobusai	1G	03-ž		1302	NULL	NULL	NULL
missed	614570	B>A	Santariškės–Kalvarijų g.–Stotis	1310	NULL	NULL	NULL	NULL	NULL	NULL	NULL	1G	Autobusai	1G	03-ž		1343	NULL	NULL	NULL
missed	614574	A>B	Stotis–Kalvarijų g.–Santariškės	412	NULL	NULL	NULL	NULL	NULL	NULL	NULL	1G	Autobusai	1G	04		447	NULL	NULL	NULL
missed	614574	B>A	Santariškės–Kalvarijų g.–Stotis	457	NULL	NULL	NULL	NULL	NULL	NULL	NULL	1G	Autobusai	1G	04		497	NULL	NULL	NULL
missed	614574	B>A	Santariškės–Kalvarijų g.–Stotis	560	NULL	NULL	NULL	NULL	NULL	NULL	NULL	1G	Autobusai	1G	04		596	NULL	NULL	NULL
missed	614574	B>A	Santariškės–Kalvarijų g.–Stotis	958	NULL	NULL	NULL	NULL	NULL	NULL	NULL	1G	Autobusai	1G	04		994	NULL	NULL	NULL
missed	614574	B>A	Santariškės–Kalvarijų g.–Stotis	1067	NULL	NULL	NULL	NULL	NULL	NULL	NULL	1G	Autobusai	1G	04		1103	NULL	NULL	NULL
missed	614574	A>B	Stotis–Kalvarijų g.–Santariškės	1110	NULL	NULL	NULL	NULL	NULL	NULL	NULL	1G	Autobusai	1G	04		1151	NULL	NULL	NULL
missed	614574	B>A	Santariškės–Kalvarijų g.–Stotis	1160	NULL	NULL	NULL	NULL	NULL	NULL	NULL	1G	Autobusai	1G	04		1195	NULL	NULL	NULL
missed	614567	A>B	Stotis–Kalvarijų g.–Santariškės	325	NULL	NULL	NULL	NULL	NULL	NULL	NULL	1G	Autobusai	1G	05		360	NULL	NULL	NULL
missed	614567	B>A	Santariškės–Kalvarijų g.–Stotis	371	NULL	NULL	NULL	NULL	NULL	NULL	NULL	1G	Autobusai	1G	05		404	NULL	NULL	NULL
missed	614567	A>B	Stotis–Kalvarijų g.–Santariškės	407	NULL	NULL	NULL	NULL	NULL	NULL	NULL	1G	Autobusai	1G	05		442	NULL	NULL	NULL
missed	614567	B>A	Santariškės–Kalvarijų g.–Stotis	452	NULL	NULL	NULL	NULL	NULL	NULL	NULL	1G	Autobusai	1G	05		492	NULL	NULL	NULL
missed	614567	B>A	Santariškės–Kalvarijų g.–Stotis	555	NULL	NULL	NULL	NULL	NULL	NULL	NULL	1G	Autobusai	1G	05		591	NULL	NULL	NULL
missed	614567	B>A	Santariškės–Kalvarijų g.–Stotis	687	NULL	NULL	NULL	NULL	NULL	NULL	NULL	1G	Autobusai	1G	05		723	NULL	NULL	NULL
missed	614567	A>B	Stotis–Kalvarijų g.–Santariškės	727	NULL	NULL	NULL	NULL	NULL	NULL	NULL	1G	Autobusai	1G	05		762	NULL	NULL	NULL
missed	614567	B>A	Santariškės–Kalvarijų g.–Stotis	775	NULL	NULL	NULL	NULL	NULL	NULL	NULL	1G	Autobusai	1G	05		811	NULL	NULL	NULL
missed	614567	A>B	Stotis–Kalvarijų g.–Santariškės	817	NULL	NULL	NULL	NULL	NULL	NULL	NULL	1G	Autobusai	1G	05		852	NULL	NULL	NULL
missed	614567	B>A	Santariškės–Kalvarijų g.–Stotis	862	NULL	NULL	NULL	NULL	NULL	NULL	NULL	1G	Autobusai	1G	05		898	NULL	NULL	NULL
missed	614567	A>B	Stotis–Kalvarijų g.–Santariškės	903	NULL	NULL	NULL	NULL	NULL	NULL	NULL	1G	Autobusai	1G	05		938	NULL	NULL	NULL
missed	614567	B>A	Santariškės–Kalvarijų g.–Stotis	946	NULL	NULL	NULL	NULL	NULL	NULL	NULL	1G	Autobusai	1G	05		982	NULL	NULL	NULL
missed	614567	B>A	Santariškės–Kalvarijų g.–Stotis	1045	NULL	NULL	NULL	NULL	NULL	NULL	NULL	1G	Autobusai	1G	05		1083	NULL	NULL	NULL
missed	614567	B>A	Santariškės–Kalvarijų g.–Stotis	1176	NULL	NULL	NULL	NULL	NULL	NULL	NULL	1G	Autobusai	1G	05		1211	NULL	NULL	NULL
missed	614567	A>B	Stotis–Kalvarijų g.–Santariškės	1216	NULL	NULL	NULL	NULL	NULL	NULL	NULL	1G	Autobusai	1G	05		1251	NULL	NULL	NULL
missed	614567	B>A	Santariškės–Kalvarijų g.–Stotis	1263	NULL	NULL	NULL	NULL	NULL	NULL	NULL	1G	Autobusai	1G	05		1296	NULL	NULL	NULL
missed	614567	A>B	Stotis–Kalvarijų g.–Santariškės	1302	NULL	NULL	NULL	NULL	NULL	NULL	NULL	1G	Autobusai	1G	05		1337	NULL	NULL	NULL
missed	614567	B>A	Santariškės–Kalvarijų g.–Stotis	1346	NULL	NULL	NULL	NULL	NULL	NULL	NULL	1G	Autobusai	1G	05		1379	NULL	NULL	NULL
missed	614567	A>B	Stotis–Kalvarijų g.–Santariškės	1385	NULL	NULL	NULL	NULL	NULL	NULL	NULL	1G	Autobusai	1G	05		1420	NULL	NULL	NULL
missed	614572	A>B	Stotis–Kalvarijų g.–Santariškės	427	NULL	NULL	NULL	NULL	NULL	NULL	NULL	1G	Autobusai	1G	06		462	NULL	NULL	NULL
missed	614572	B>A	Santariškės–Kalvarijų g.–Stotis	473	NULL	NULL	NULL	NULL	NULL	NULL	NULL	1G	Autobusai	1G	06		513	NULL	NULL	NULL
missed	614572	A>B	Stotis–Kalvarijų g.–Santariškės	524	NULL	NULL	NULL	NULL	NULL	NULL	NULL	1G	Autobusai	1G	06		559	NULL	NULL	NULL
missed	614572	B>A	Santariškės–Kalvarijų g.–Stotis	570	NULL	NULL	NULL	NULL	NULL	NULL	NULL	1G	Autobusai	1G	06		606	NULL	NULL	NULL
missed	614572	B>A	Santariškės–Kalvarijų g.–Stotis	976	NULL	NULL	NULL	NULL	NULL	NULL	NULL	1G	Autobusai	1G	06		1012	NULL	NULL	NULL
missed	614572	B>A	Santariškės–Kalvarijų g.–Stotis	1081	NULL	NULL	NULL	NULL	NULL	NULL	NULL	1G	Autobusai	1G	06		1117	NULL	NULL	NULL
missed	614572	A>B	Stotis–Kalvarijų g.–Santariškės	1121	NULL	NULL	NULL	NULL	NULL	NULL	NULL	1G	Autobusai	1G	06		1159	NULL	NULL	NULL
missed	614572	B>A	Santariškės–Kalvarijų g.–Stotis	1165	NULL	NULL	NULL	NULL	NULL	NULL	NULL	1G	Autobusai	1G	06		1200	NULL	NULL	NULL
missed	614569	A>B	Stotis–Kalvarijų g.–Santariškės	335	NULL	NULL	NULL	NULL	NULL	NULL	NULL	1G	Autobusai	1G	07-ž		370	NULL	NULL	NULL
missed	614569	B>A	Santariškės–Kalvarijų g.–Stotis	379	NULL	NULL	NULL	NULL	NULL	NULL	NULL	1G	Autobusai	1G	07-ž		412	NULL	NULL	NULL
missed	614569	A>B	Stotis–Kalvarijų g.–Santariškės	417	NULL	NULL	NULL	NULL	NULL	NULL	NULL	1G	Autobusai	1G	07-ž		452	NULL	NULL	NULL
missed	614569	B>A	Santariškės–Kalvarijų g.–Stotis	462	NULL	NULL	NULL	NULL	NULL	NULL	NULL	1G	Autobusai	1G	07-ž		502	NULL	NULL	NULL
missed	614569	A>B	Stotis–Kalvarijų g.–Santariškės	506	NULL	NULL	NULL	NULL	NULL	NULL	NULL	1G	Autobusai	1G	07-ž		541	NULL	NULL	NULL
missed	614569	B>A	Santariškės–Kalvarijų g.–Stotis	550	NULL	NULL	NULL	NULL	NULL	NULL	NULL	1G	Autobusai	1G	07-ž		586	NULL	NULL	NULL
missed	614569	B>A	Santariškės–Kalvarijų g.–Stotis	676	NULL	NULL	NULL	NULL	NULL	NULL	NULL	1G	Autobusai	1G	07-ž		712	NULL	NULL	NULL
missed	614569	A>B	Stotis–Kalvarijų g.–Santariškės	717	NULL	NULL	NULL	NULL	NULL	NULL	NULL	1G	Autobusai	1G	07-ž		752	NULL	NULL	NULL
missed	614569	B>A	Santariškės–Kalvarijų g.–Stotis	767	NULL	NULL	NULL	NULL	NULL	NULL	NULL	1G	Autobusai	1G	07-ž		803	NULL	NULL	NULL
missed	614569	A>B	Stotis–Kalvarijų g.–Santariškės	806	NULL	NULL	NULL	NULL	NULL	NULL	NULL	1G	Autobusai	1G	07-ž		841	NULL	NULL	NULL
missed	614569	B>A	Santariškės–Kalvarijų g.–Stotis	850	NULL	NULL	NULL	NULL	NULL	NULL	NULL	1G	Autobusai	1G	07-ž		886	NULL	NULL	NULL
missed	614569	A>B	Stotis–Kalvarijų g.–Santariškės	897	NULL	NULL	NULL	NULL	NULL	NULL	NULL	1G	Autobusai	1G	07-ž		932	NULL	NULL	NULL
missed	614569	B>A	Santariškės–Kalvarijų g.–Stotis	939	NULL	NULL	NULL	NULL	NULL	NULL	NULL	1G	Autobusai	1G	07-ž		975	NULL	NULL	NULL
missed	614569	B>A	Santariškės–Kalvarijų g.–Stotis	1038	NULL	NULL	NULL	NULL	NULL	NULL	NULL	1G	Autobusai	1G	07-ž		1076	NULL	NULL	NULL
missed	614569	B>A	Santariškės–Kalvarijų g.–Stotis	1170	NULL	NULL	NULL	NULL	NULL	NULL	NULL	1G	Autobusai	1G	07-ž		1205	NULL	NULL	NULL
missed	614569	A>B	Stotis–Kalvarijų g.–Santariškės	1209	NULL	NULL	NULL	NULL	NULL	NULL	NULL	1G	Autobusai	1G	07-ž		1244	NULL	NULL	NULL
missed	614569	B>A	Santariškės–Kalvarijų g.–Stotis	1254	NULL	NULL	NULL	NULL	NULL	NULL	NULL	1G	Autobusai	1G	07-ž		1287	NULL	NULL	NULL
missed	614569	A>B	Stotis–Kalvarijų g.–Santariškės	1293	NULL	NULL	NULL	NULL	NULL	NULL	NULL	1G	Autobusai	1G	07-ž		1328	NULL	NULL	NULL
missed	614575	A>B	Stotis–Kalvarijų g.–Santariškės	383	NULL	NULL	NULL	NULL	NULL	NULL	NULL	1G	Autobusai	1G	08		418	NULL	NULL	NULL
missed	614575	B>A	Santariškės–Kalvarijų g.–Stotis	426	NULL	NULL	NULL	NULL	NULL	NULL	NULL	1G	Autobusai	1G	08		465	NULL	NULL	NULL
missed	614575	B>A	Santariškės–Kalvarijų g.–Stotis	525	NULL	NULL	NULL	NULL	NULL	NULL	NULL	1G	Autobusai	1G	08		563	NULL	NULL	NULL
missed	614575	A>B	Stotis–Kalvarijų g.–Santariškės	567	NULL	NULL	NULL	NULL	NULL	NULL	NULL	1G	Autobusai	1G	08		602	NULL	NULL	NULL
missed	614575	B>A	Santariškės–Kalvarijų g.–Stotis	614	NULL	NULL	NULL	NULL	NULL	NULL	NULL	1G	Autobusai	1G	08		650	NULL	NULL	NULL
missed	614575	B>A	Santariškės–Kalvarijų g.–Stotis	988	NULL	NULL	NULL	NULL	NULL	NULL	NULL	1G	Autobusai	1G	08		1024	NULL	NULL	NULL
missed	614575	B>A	Santariškės–Kalvarijų g.–Stotis	1091	NULL	NULL	NULL	NULL	NULL	NULL	NULL	1G	Autobusai	1G	08		1127	NULL	NULL	NULL
missed	614573	A>B	Stotis–Kalvarijų g.–Santariškės	361	NULL	NULL	NULL	NULL	NULL	NULL	NULL	1G	Autobusai	1G	09-ž		396	NULL	NULL	NULL
missed	614573	B>A	Santariškės–Kalvarijų g.–Stotis	404	NULL	NULL	NULL	NULL	NULL	NULL	NULL	1G	Autobusai	1G	09-ž		437	NULL	NULL	NULL
missed	614573	B>A	Santariškės–Kalvarijų g.–Stotis	504	NULL	NULL	NULL	NULL	NULL	NULL	NULL	1G	Autobusai	1G	09-ž		544	NULL	NULL	NULL
missed	614573	A>B	Stotis–Kalvarijų g.–Santariškės	550	NULL	NULL	NULL	NULL	NULL	NULL	NULL	1G	Autobusai	1G	09-ž		585	NULL	NULL	NULL
missed	614573	B>A	Santariškės–Kalvarijų g.–Stotis	596	NULL	NULL	NULL	NULL	NULL	NULL	NULL	1G	Autobusai	1G	09-ž		632	NULL	NULL	NULL
missed	614573	B>A	Santariškės–Kalvarijų g.–Stotis	718	NULL	NULL	NULL	NULL	NULL	NULL	NULL	1G	Autobusai	1G	09-ž		754	NULL	NULL	NULL
missed	614573	A>B	Stotis–Kalvarijų g.–Santariškės	756	NULL	NULL	NULL	NULL	NULL	NULL	NULL	1G	Autobusai	1G	09-ž		791	NULL	NULL	NULL
missed	614573	B>A	Santariškės–Kalvarijų g.–Stotis	802	NULL	NULL	NULL	NULL	NULL	NULL	NULL	1G	Autobusai	1G	09-ž		838	NULL	NULL	NULL
missed	614573	A>B	Stotis–Kalvarijų g.–Santariškės	843	NULL	NULL	NULL	NULL	NULL	NULL	NULL	1G	Autobusai	1G	09-ž		878	NULL	NULL	NULL
missed	614573	B>A	Santariškės–Kalvarijų g.–Stotis	887	NULL	NULL	NULL	NULL	NULL	NULL	NULL	1G	Autobusai	1G	09-ž		923	NULL	NULL	NULL
missed	614573	A>B	Stotis–Kalvarijų g.–Santariškės	926	NULL	NULL	NULL	NULL	NULL	NULL	NULL	1G	Autobusai	1G	09-ž		961	NULL	NULL	NULL
missed	614573	B>A	Santariškės–Kalvarijų g.–Stotis	969	NULL	NULL	NULL	NULL	NULL	NULL	NULL	1G	Autobusai	1G	09-ž		1005	NULL	NULL	NULL
missed	614573	B>A	Santariškės–Kalvarijų g.–Stotis	1077	NULL	NULL	NULL	NULL	NULL	NULL	NULL	1G	Autobusai	1G	09-ž		1113	NULL	NULL	NULL
missed	614573	B>A	Santariškės–Kalvarijų g.–Stotis	1199	NULL	NULL	NULL	NULL	NULL	NULL	NULL	1G	Autobusai	1G	09-ž		1232	NULL	NULL	NULL
missed	614573	A>B	Stotis–Kalvarijų g.–Santariškės	1238	NULL	NULL	NULL	NULL	NULL	NULL	NULL	1G	Autobusai	1G	09-ž		1273	NULL	NULL	NULL
missed	614573	B>A	Santariškės–Kalvarijų g.–Stotis	1282	NULL	NULL	NULL	NULL	NULL	NULL	NULL	1G	Autobusai	1G	09-ž		1315	NULL	NULL	NULL
missed	614573	A>B	Stotis–Kalvarijų g.–Santariškės	1320	NULL	NULL	NULL	NULL	NULL	NULL	NULL	1G	Autobusai	1G	09-ž		1355	NULL	NULL	NULL
missed	614573	B>A	Santariškės–Kalvarijų g.–Stotis	1361	NULL	NULL	NULL	NULL	NULL	NULL	NULL	1G	Autobusai	1G	09-ž		1394	NULL	NULL	NULL
missed	614573	A>B	Stotis–Kalvarijų g.–Santariškės	1397	NULL	NULL	NULL	NULL	NULL	NULL	NULL	1G	Autobusai	1G	09-ž		1432	NULL	NULL	NULL
missed	614568	A>B	Stotis–Kalvarijų g.–Santariškės	432	NULL	NULL	NULL	NULL	NULL	NULL	NULL	1G	Autobusai	1G	10		467	NULL	NULL	NULL
missed	614568	B>A	Santariškės–Kalvarijų g.–Stotis	479	NULL	NULL	NULL	NULL	NULL	NULL	NULL	1G	Autobusai	1G	10		519	NULL	NULL	NULL
missed	614568	A>B	Stotis–Kalvarijų g.–Santariškės	529	NULL	NULL	NULL	NULL	NULL	NULL	NULL	1G	Autobusai	1G	10		564	NULL	NULL	NULL
missed	614568	B>A	Santariškės–Kalvarijų g.–Stotis	575	NULL	NULL	NULL	NULL	NULL	NULL	NULL	1G	Autobusai	1G	10		611	NULL	NULL	NULL
missed	614568	B>A	Santariškės–Kalvarijų g.–Stotis	1008	NULL	NULL	NULL	NULL	NULL	NULL	NULL	1G	Autobusai	1G	10		1044	NULL	NULL	NULL
missed	614568	B>A	Santariškės–Kalvarijų g.–Stotis	1111	NULL	NULL	NULL	NULL	NULL	NULL	NULL	1G	Autobusai	1G	10		1147	NULL	NULL	NULL
missed	614566	B>A	Santariškės–Kalvarijų g.–Stotis	310	NULL	NULL	NULL	NULL	NULL	NULL	NULL	1G	Autobusai	1G	11		343	NULL	NULL	NULL
missed	614566	A>B	Stotis–Kalvarijų g.–Santariškės	344	NULL	NULL	NULL	NULL	NULL	NULL	NULL	1G	Autobusai	1G	11		379	NULL	NULL	NULL
missed	614566	B>A	Santariškės–Kalvarijų g.–Stotis	388	NULL	NULL	NULL	NULL	NULL	NULL	NULL	1G	Autobusai	1G	11		421	NULL	NULL	NULL
missed	614566	B>A	Santariškės–Kalvarijų g.–Stotis	493	NULL	NULL	NULL	NULL	NULL	NULL	NULL	1G	Autobusai	1G	11		533	NULL	NULL	NULL
missed	614566	A>B	Stotis–Kalvarijų g.–Santariškės	539	NULL	NULL	NULL	NULL	NULL	NULL	NULL	1G	Autobusai	1G	11		574	NULL	NULL	NULL
missed	614566	B>A	Santariškės–Kalvarijų g.–Stotis	585	NULL	NULL	NULL	NULL	NULL	NULL	NULL	1G	Autobusai	1G	11		621	NULL	NULL	NULL
missed	614566	B>A	Santariškės–Kalvarijų g.–Stotis	699	NULL	NULL	NULL	NULL	NULL	NULL	NULL	1G	Autobusai	1G	11		735	NULL	NULL	NULL
missed	614566	A>B	Stotis–Kalvarijų g.–Santariškės	737	NULL	NULL	NULL	NULL	NULL	NULL	NULL	1G	Autobusai	1G	11		772	NULL	NULL	NULL
missed	614566	B>A	Santariškės–Kalvarijų g.–Stotis	783	NULL	NULL	NULL	NULL	NULL	NULL	NULL	1G	Autobusai	1G	11		819	NULL	NULL	NULL
missed	614566	A>B	Stotis–Kalvarijų g.–Santariškės	829	NULL	NULL	NULL	NULL	NULL	NULL	NULL	1G	Autobusai	1G	11		864	NULL	NULL	NULL
missed	614566	B>A	Santariškės–Kalvarijų g.–Stotis	869	NULL	NULL	NULL	NULL	NULL	NULL	NULL	1G	Autobusai	1G	11		905	NULL	NULL	NULL
missed	614566	A>B	Stotis–Kalvarijų g.–Santariškės	909	NULL	NULL	NULL	NULL	NULL	NULL	NULL	1G	Autobusai	1G	11		944	NULL	NULL	NULL
missed	614566	B>A	Santariškės–Kalvarijų g.–Stotis	952	NULL	NULL	NULL	NULL	NULL	NULL	NULL	1G	Autobusai	1G	11		988	NULL	NULL	NULL
missed	614566	B>A	Santariškės–Kalvarijų g.–Stotis	1062	NULL	NULL	NULL	NULL	NULL	NULL	NULL	1G	Autobusai	1G	11		1099	NULL	NULL	NULL
missed	614566	B>A	Santariškės–Kalvarijų g.–Stotis	1183	NULL	NULL	NULL	NULL	NULL	NULL	NULL	1G	Autobusai	1G	11		1218	NULL	NULL	NULL
missed	614566	A>B	Stotis–Kalvarijų g.–Santariškės	1223	NULL	NULL	NULL	NULL	NULL	NULL	NULL	1G	Autobusai	1G	11		1258	NULL	NULL	NULL
missed	614566	B>A	Santariškės–Kalvarijų g.–Stotis	1273	NULL	NULL	NULL	NULL	NULL	NULL	NULL	1G	Autobusai	1G	11		1306	NULL	NULL	NULL
missed	614566	A>B	Stotis–Kalvarijų g.–Santariškės	1312	NULL	NULL	NULL	NULL	NULL	NULL	NULL	1G	Autobusai	1G	11		1347	NULL	NULL	NULL
missed	614563	A>B	Stotis–Kalvarijų g.–Santariškės	402	NULL	NULL	NULL	NULL	NULL	NULL	NULL	1G	Autobusai	1G	12		437	NULL	NULL	NULL
missed	614563	B>A	Santariškės–Kalvarijų g.–Stotis	446	NULL	NULL	NULL	NULL	NULL	NULL	NULL	1G	Autobusai	1G	12		486	NULL	NULL	NULL
missed	614563	B>A	Santariškės–Kalvarijų g.–Stotis	545	NULL	NULL	NULL	NULL	NULL	NULL	NULL	1G	Autobusai	1G	12		583	NULL	NULL	NULL
missed	614563	A>B	Stotis–Kalvarijų g.–Santariškės	591	NULL	NULL	NULL	NULL	NULL	NULL	NULL	1G	Autobusai	1G	12		626	NULL	NULL	NULL
missed	614563	B>A	Santariškės–Kalvarijų g.–Stotis	636	NULL	NULL	NULL	NULL	NULL	NULL	NULL	1G	Autobusai	1G	12		672	NULL	NULL	NULL
missed	614563	B>A	Santariškės–Kalvarijų g.–Stotis	1033	NULL	NULL	NULL	NULL	NULL	NULL	NULL	1G	Autobusai	1G	12		1071	NULL	NULL	NULL
missed	614563	B>A	Santariškės–Kalvarijų g.–Stotis	1139	NULL	NULL	NULL	NULL	NULL	NULL	NULL	1G	Autobusai	1G	12		1174	NULL	NULL	NULL
missed	614571	B>A	Santariškės–Kalvarijų g.–Stotis	319	NULL	NULL	NULL	NULL	NULL	NULL	NULL	1G	Autobusai	1G	13-ž		352	NULL	NULL	NULL
missed	614571	A>B	Stotis–Kalvarijų g.–Santariškės	353	NULL	NULL	NULL	NULL	NULL	NULL	NULL	1G	Autobusai	1G	13-ž		388	NULL	NULL	NULL
missed	614571	B>A	Santariškės–Kalvarijų g.–Stotis	396	NULL	NULL	NULL	NULL	NULL	NULL	NULL	1G	Autobusai	1G	13-ž		429	NULL	NULL	NULL
missed	614571	B>A	Santariškės–Kalvarijų g.–Stotis	499	NULL	NULL	NULL	NULL	NULL	NULL	NULL	1G	Autobusai	1G	13-ž		539	NULL	NULL	NULL
missed	614571	A>B	Stotis–Kalvarijų g.–Santariškės	545	NULL	NULL	NULL	NULL	NULL	NULL	NULL	1G	Autobusai	1G	13-ž		580	NULL	NULL	NULL
missed	614571	B>A	Santariškės–Kalvarijų g.–Stotis	591	NULL	NULL	NULL	NULL	NULL	NULL	NULL	1G	Autobusai	1G	13-ž		627	NULL	NULL	NULL
missed	614571	B>A	Santariškės–Kalvarijų g.–Stotis	709	NULL	NULL	NULL	NULL	NULL	NULL	NULL	1G	Autobusai	1G	13-ž		745	NULL	NULL	NULL
missed	614571	A>B	Stotis–Kalvarijų g.–Santariškės	747	NULL	NULL	NULL	NULL	NULL	NULL	NULL	1G	Autobusai	1G	13-ž		782	NULL	NULL	NULL
missed	614571	B>A	Santariškės–Kalvarijų g.–Stotis	794	NULL	NULL	NULL	NULL	NULL	NULL	NULL	1G	Autobusai	1G	13-ž		830	NULL	NULL	NULL
missed	614571	A>B	Stotis–Kalvarijų g.–Santariškės	836	NULL	NULL	NULL	NULL	NULL	NULL	NULL	1G	Autobusai	1G	13-ž		871	NULL	NULL	NULL
missed	614571	B>A	Santariškės–Kalvarijų g.–Stotis	880	NULL	NULL	NULL	NULL	NULL	NULL	NULL	1G	Autobusai	1G	13-ž		916	NULL	NULL	NULL
missed	614571	A>B	Stotis–Kalvarijų g.–Santariškės	921	NULL	NULL	NULL	NULL	NULL	NULL	NULL	1G	Autobusai	1G	13-ž		956	NULL	NULL	NULL
missed	614571	B>A	Santariškės–Kalvarijų g.–Stotis	964	NULL	NULL	NULL	NULL	NULL	NULL	NULL	1G	Autobusai	1G	13-ž		1000	NULL	NULL	NULL
missed	614571	B>A	Santariškės–Kalvarijų g.–Stotis	1072	NULL	NULL	NULL	NULL	NULL	NULL	NULL	1G	Autobusai	1G	13-ž		1108	NULL	NULL	NULL
missed	614571	B>A	Santariškės–Kalvarijų g.–Stotis	1191	NULL	NULL	NULL	NULL	NULL	NULL	NULL	1G	Autobusai	1G	13-ž		1225	NULL	NULL	NULL
missed	614571	A>B	Stotis–Kalvarijų g.–Santariškės	1231	NULL	NULL	NULL	NULL	NULL	NULL	NULL	1G	Autobusai	1G	13-ž		1266	NULL	NULL	NULL
missed	614571	B>A	Santariškės–Kalvarijų g.–Stotis	1292	NULL	NULL	NULL	NULL	NULL	NULL	NULL	1G	Autobusai	1G	13-ž		1325	NULL	NULL	NULL
missed	614571	A>B	Stotis–Kalvarijų g.–Santariškės	1332	NULL	NULL	NULL	NULL	NULL	NULL	NULL	1G	Autobusai	1G	13-ž		1367	NULL	NULL	NULL
missed	614571	B>A	Santariškės–Kalvarijų g.–Stotis	1375	NULL	NULL	NULL	NULL	NULL	NULL	NULL	1G	Autobusai	1G	13-ž		1408	NULL	NULL	NULL
missed	614576	A>B	Stotis–Kalvarijų g.–Santariškės	422	NULL	NULL	NULL	NULL	NULL	NULL	NULL	1G	Autobusai	1G	14		457	NULL	NULL	NULL
missed	614576	B>A	Santariškės–Kalvarijų g.–Stotis	467	NULL	NULL	NULL	NULL	NULL	NULL	NULL	1G	Autobusai	1G	14		507	NULL	NULL	NULL
missed	614576	A>B	Stotis–Kalvarijų g.–Santariškės	519	NULL	NULL	NULL	NULL	NULL	NULL	NULL	1G	Autobusai	1G	14		554	NULL	NULL	NULL
missed	614576	B>A	Santariškės–Kalvarijų g.–Stotis	565	NULL	NULL	NULL	NULL	NULL	NULL	NULL	1G	Autobusai	1G	14		601	NULL	NULL	NULL
missed	614576	A>B	Stotis–Kalvarijų g.–Santariškės	605	NULL	NULL	NULL	NULL	NULL	NULL	NULL	1G	Autobusai	1G	14		640	NULL	NULL	NULL
missed	614576	B>A	Santariškės–Kalvarijų g.–Stotis	651	NULL	NULL	NULL	NULL	NULL	NULL	NULL	1G	Autobusai	1G	14		687	NULL	NULL	NULL
missed	614576	B>A	Santariškės–Kalvarijų g.–Stotis	1051	NULL	NULL	NULL	NULL	NULL	NULL	NULL	1G	Autobusai	1G	14		1089	NULL	NULL	NULL
missed	614576	A>B	Stotis–Kalvarijų g.–Santariškės	1097	NULL	NULL	NULL	NULL	NULL	NULL	NULL	1G	Autobusai	1G	14		1139	NULL	NULL	NULL
missed	614576	B>A	Santariškės–Kalvarijų g.–Stotis	1147	NULL	NULL	NULL	NULL	NULL	NULL	NULL	1G	Autobusai	1G	14		1182	NULL	NULL	NULL
missed	614577	B>A	Santariškės–Kalvarijų g.–Stotis	331	NULL	NULL	NULL	NULL	NULL	NULL	NULL	1G	Autobusai	1G	15		364	NULL	NULL	NULL
missed	614577	A>B	Stotis–Kalvarijų g.–Santariškės	368	NULL	NULL	NULL	NULL	NULL	NULL	NULL	1G	Autobusai	1G	15		403	NULL	NULL	NULL
missed	614577	B>A	Santariškės–Kalvarijų g.–Stotis	410	NULL	NULL	NULL	NULL	NULL	NULL	NULL	1G	Autobusai	1G	15		444	NULL	NULL	NULL
missed	614577	B>A	Santariškės–Kalvarijų g.–Stotis	510	NULL	NULL	NULL	NULL	NULL	NULL	NULL	1G	Autobusai	1G	15		550	NULL	NULL	NULL
missed	614577	A>B	Stotis–Kalvarijų g.–Santariškės	555	NULL	NULL	NULL	NULL	NULL	NULL	NULL	1G	Autobusai	1G	15		590	NULL	NULL	NULL
missed	614577	B>A	Santariškės–Kalvarijų g.–Stotis	602	NULL	NULL	NULL	NULL	NULL	NULL	NULL	1G	Autobusai	1G	15		638	NULL	NULL	NULL
missed	614577	B>A	Santariškės–Kalvarijų g.–Stotis	726	NULL	NULL	NULL	NULL	NULL	NULL	NULL	1G	Autobusai	1G	15		762	NULL	NULL	NULL
missed	614577	A>B	Stotis–Kalvarijų g.–Santariškės	764	NULL	NULL	NULL	NULL	NULL	NULL	NULL	1G	Autobusai	1G	15		799	NULL	NULL	NULL
missed	614577	B>A	Santariškės–Kalvarijų g.–Stotis	810	NULL	NULL	NULL	NULL	NULL	NULL	NULL	1G	Autobusai	1G	15		846	NULL	NULL	NULL
missed	614577	A>B	Stotis–Kalvarijų g.–Santariškės	852	NULL	NULL	NULL	NULL	NULL	NULL	NULL	1G	Autobusai	1G	15		887	NULL	NULL	NULL
missed	614577	B>A	Santariškės–Kalvarijų g.–Stotis	896	NULL	NULL	NULL	NULL	NULL	NULL	NULL	1G	Autobusai	1G	15		932	NULL	NULL	NULL
missed	614577	A>B	Stotis–Kalvarijų g.–Santariškės	939	NULL	NULL	NULL	NULL	NULL	NULL	NULL	1G	Autobusai	1G	15		974	NULL	NULL	NULL
missed	614577	B>A	Santariškės–Kalvarijų g.–Stotis	983	NULL	NULL	NULL	NULL	NULL	NULL	NULL	1G	Autobusai	1G	15		1019	NULL	NULL	NULL
missed	614577	B>A	Santariškės–Kalvarijų g.–Stotis	1086	NULL	NULL	NULL	NULL	NULL	NULL	NULL	1G	Autobusai	1G	15		1122	NULL	NULL	NULL
missed	614577	B>A	Santariškės–Kalvarijų g.–Stotis	1209	NULL	NULL	NULL	NULL	NULL	NULL	NULL	1G	Autobusai	1G	15		1242	NULL	NULL	NULL
missed	614577	A>B	Stotis–Kalvarijų g.–Santariškės	1248	NULL	NULL	NULL	NULL	NULL	NULL	NULL	1G	Autobusai	1G	15		1283	NULL	NULL	NULL
missed	614578	A>B	Stotis–Kalvarijų g.–Santariškės	438	NULL	NULL	NULL	NULL	NULL	NULL	NULL	1G	Autobusai	1G	16		473	NULL	NULL	NULL
missed	614578	B>A	Santariškės–Kalvarijų g.–Stotis	486	NULL	NULL	NULL	NULL	NULL	NULL	NULL	1G	Autobusai	1G	16		526	NULL	NULL	NULL
missed	614578	A>B	Stotis–Kalvarijų g.–Santariškės	534	NULL	NULL	NULL	NULL	NULL	NULL	NULL	1G	Autobusai	1G	16		569	NULL	NULL	NULL
missed	614578	B>A	Santariškės–Kalvarijų g.–Stotis	580	NULL	NULL	NULL	NULL	NULL	NULL	NULL	1G	Autobusai	1G	16		616	NULL	NULL	NULL
missed	614578	A>B	Stotis–Kalvarijų g.–Santariškės	619	NULL	NULL	NULL	NULL	NULL	NULL	NULL	1G	Autobusai	1G	16		654	NULL	NULL	NULL
missed	614578	B>A	Santariškės–Kalvarijų g.–Stotis	667	NULL	NULL	NULL	NULL	NULL	NULL	NULL	1G	Autobusai	1G	16		703	NULL	NULL	NULL
missed	614578	B>A	Santariškės–Kalvarijų g.–Stotis	1056	NULL	NULL	NULL	NULL	NULL	NULL	NULL	1G	Autobusai	1G	16		1094	NULL	NULL	NULL
missed	614578	A>B	Stotis–Kalvarijų g.–Santariškės	1103	NULL	NULL	NULL	NULL	NULL	NULL	NULL	1G	Autobusai	1G	16		1145	NULL	NULL	NULL
missed	614578	B>A	Santariškės–Kalvarijų g.–Stotis	1154	NULL	NULL	NULL	NULL	NULL	NULL	NULL	1G	Autobusai	1G	16		1189	NULL	NULL	NULL
missed	614579	B>A	Santariškės–Kalvarijų g.–Stotis	351	NULL	NULL	NULL	NULL	NULL	NULL	NULL	1G	Autobusai	1G	17		384	NULL	NULL	NULL
missed	614579	A>B	Stotis–Kalvarijų g.–Santariškės	388	NULL	NULL	NULL	NULL	NULL	NULL	NULL	1G	Autobusai	1G	17		423	NULL	NULL	NULL
missed	614579	B>A	Santariškės–Kalvarijų g.–Stotis	431	NULL	NULL	NULL	NULL	NULL	NULL	NULL	1G	Autobusai	1G	17		471	NULL	NULL	NULL
missed	614579	B>A	Santariškės–Kalvarijų g.–Stotis	530	NULL	NULL	NULL	NULL	NULL	NULL	NULL	1G	Autobusai	1G	17		568	NULL	NULL	NULL
missed	614579	A>B	Stotis–Kalvarijų g.–Santariškės	574	NULL	NULL	NULL	NULL	NULL	NULL	NULL	1G	Autobusai	1G	17		609	NULL	NULL	NULL
missed	614579	B>A	Santariškės–Kalvarijų g.–Stotis	619	NULL	NULL	NULL	NULL	NULL	NULL	NULL	1G	Autobusai	1G	17		655	NULL	NULL	NULL
missed	614579	B>A	Santariškės–Kalvarijų g.–Stotis	734	NULL	NULL	NULL	NULL	NULL	NULL	NULL	1G	Autobusai	1G	17		770	NULL	NULL	NULL
missed	614579	A>B	Stotis–Kalvarijų g.–Santariškės	774	NULL	NULL	NULL	NULL	NULL	NULL	NULL	1G	Autobusai	1G	17		809	NULL	NULL	NULL
missed	614579	B>A	Santariškės–Kalvarijų g.–Stotis	819	NULL	NULL	NULL	NULL	NULL	NULL	NULL	1G	Autobusai	1G	17		855	NULL	NULL	NULL
missed	614579	A>B	Stotis–Kalvarijų g.–Santariškės	862	NULL	NULL	NULL	NULL	NULL	NULL	NULL	1G	Autobusai	1G	17		897	NULL	NULL	NULL
missed	614579	B>A	Santariškės–Kalvarijų g.–Stotis	906	NULL	NULL	NULL	NULL	NULL	NULL	NULL	1G	Autobusai	1G	17		942	NULL	NULL	NULL
missed	614579	A>B	Stotis–Kalvarijų g.–Santariškės	949	NULL	NULL	NULL	NULL	NULL	NULL	NULL	1G	Autobusai	1G	17		984	NULL	NULL	NULL
missed	614579	B>A	Santariškės–Kalvarijų g.–Stotis	994	NULL	NULL	NULL	NULL	NULL	NULL	NULL	1G	Autobusai	1G	17		1030	NULL	NULL	NULL
missed	614579	B>A	Santariškės–Kalvarijų g.–Stotis	1096	NULL	NULL	NULL	NULL	NULL	NULL	NULL	1G	Autobusai	1G	17		1132	NULL	NULL	NULL
missed	614579	B>A	Santariškės–Kalvarijų g.–Stotis	1219	NULL	NULL	NULL	NULL	NULL	NULL	NULL	1G	Autobusai	1G	17		1252	NULL	NULL	NULL
missed	614579	A>B	Stotis–Kalvarijų g.–Santariškės	1259	NULL	NULL	NULL	NULL	NULL	NULL	NULL	1G	Autobusai	1G	17		1294	NULL	NULL	NULL
missed	614579	B>A	Santariškės–Kalvarijų g.–Stotis	1303	NULL	NULL	NULL	NULL	NULL	NULL	NULL	1G	Autobusai	1G	17		1336	NULL	NULL	NULL
missed	614579	A>B	Stotis–Kalvarijų g.–Santariškės	1349	NULL	NULL	NULL	NULL	NULL	NULL	NULL	1G	Autobusai	1G	17		1384	NULL	NULL	NULL
missed	614579	B>A	Santariškės–Kalvarijų g.–Stotis	1389	NULL	NULL	NULL	NULL	NULL	NULL	NULL	1G	Autobusai	1G	17		1422	NULL	NULL	NULL
missed	614580	B>A	Santariškės–Kalvarijų g.–Stotis	363	NULL	NULL	NULL	NULL	NULL	NULL	NULL	1G	Autobusai	1G	18		396	NULL	NULL	NULL
missed	614580	A>B	Stotis–Kalvarijų g.–Santariškės	398	NULL	NULL	NULL	NULL	NULL	NULL	NULL	1G	Autobusai	1G	18		433	NULL	NULL	NULL
missed	614580	B>A	Santariškės–Kalvarijų g.–Stotis	441	NULL	NULL	NULL	NULL	NULL	NULL	NULL	1G	Autobusai	1G	18		481	NULL	NULL	NULL
missed	614580	B>A	Santariškės–Kalvarijų g.–Stotis	540	NULL	NULL	NULL	NULL	NULL	NULL	NULL	1G	Autobusai	1G	18		578	NULL	NULL	NULL
missed	614580	A>B	Stotis–Kalvarijų g.–Santariškės	583	NULL	NULL	NULL	NULL	NULL	NULL	NULL	1G	Autobusai	1G	18		618	NULL	NULL	NULL
missed	614580	B>A	Santariškės–Kalvarijų g.–Stotis	628	NULL	NULL	NULL	NULL	NULL	NULL	NULL	1G	Autobusai	1G	18		664	NULL	NULL	NULL
missed	614580	B>A	Santariškės–Kalvarijų g.–Stotis	759	NULL	NULL	NULL	NULL	NULL	NULL	NULL	1G	Autobusai	1G	18		795	NULL	NULL	NULL
missed	614580	A>B	Stotis–Kalvarijų g.–Santariškės	798	NULL	NULL	NULL	NULL	NULL	NULL	NULL	1G	Autobusai	1G	18		833	NULL	NULL	NULL
missed	614580	B>A	Santariškės–Kalvarijų g.–Stotis	842	NULL	NULL	NULL	NULL	NULL	NULL	NULL	1G	Autobusai	1G	18		878	NULL	NULL	NULL
missed	614580	A>B	Stotis–Kalvarijų g.–Santariškės	888	NULL	NULL	NULL	NULL	NULL	NULL	NULL	1G	Autobusai	1G	18		923	NULL	NULL	NULL
missed	614580	B>A	Santariškės–Kalvarijų g.–Stotis	931	NULL	NULL	NULL	NULL	NULL	NULL	NULL	1G	Autobusai	1G	18		967	NULL	NULL	NULL
missed	614580	B>A	Santariškės–Kalvarijų g.–Stotis	1027	NULL	NULL	NULL	NULL	NULL	NULL	NULL	1G	Autobusai	1G	18		1063	NULL	NULL	NULL
missed	614580	B>A	Santariškės–Kalvarijų g.–Stotis	1131	NULL	NULL	NULL	NULL	NULL	NULL	NULL	1G	Autobusai	1G	18		1166	NULL	NULL	NULL
missed	614580	B>A	Santariškės–Kalvarijų g.–Stotis	1245	NULL	NULL	NULL	NULL	NULL	NULL	NULL	1G	Autobusai	1G	18		1278	NULL	NULL	NULL
missed	614580	A>B	Stotis–Kalvarijų g.–Santariškės	1285	NULL	NULL	NULL	NULL	NULL	NULL	NULL	1G	Autobusai	1G	18		1320	NULL	NULL	NULL
missed	614580	B>A	Santariškės–Kalvarijų g.–Stotis	1332	NULL	NULL	NULL	NULL	NULL	NULL	NULL	1G	Autobusai	1G	18		1365	NULL	NULL	NULL
missed	614580	A>B	Stotis–Kalvarijų g.–Santariškės	1370	NULL	NULL	NULL	NULL	NULL	NULL	NULL	1G	Autobusai	1G	18		1405	NULL	NULL	NULL
missed	663216	A>B	Stotis–Liepkalnio–Vikingų g.–Oro uostas	340	NULL	NULL	NULL	NULL	NULL	NULL	NULL	2	Autobusai	2	01-ž		357	NULL	NULL	NULL
missed	663216	B>A	Oro uostas–Vikingų–Liepkalnio g.–Stotis	360	NULL	NULL	NULL	NULL	NULL	NULL	NULL	2	Autobusai	2	01-ž		376	NULL	NULL	NULL
missed	663216	A>B	Stotis–Liepkalnio–Vikingų g.–Oro uostas	385	NULL	NULL	NULL	NULL	NULL	NULL	NULL	2	Autobusai	2	01-ž		402	NULL	NULL	NULL
missed	663216	B>A	Oro uostas–Vikingų–Liepkalnio g.–Stotis	405	NULL	NULL	NULL	NULL	NULL	NULL	NULL	2	Autobusai	2	01-ž		421	NULL	NULL	NULL
missed	663216	A>B	Stotis–Liepkalnio–Vikingų g.–Oro uostas	446	NULL	NULL	NULL	NULL	NULL	NULL	NULL	2	Autobusai	2	01-ž		463	NULL	NULL	NULL
missed	663216	B>A	Oro uostas–Vikingų–Liepkalnio g.–Stotis	466	NULL	NULL	NULL	NULL	NULL	NULL	NULL	2	Autobusai	2	01-ž		483	NULL	NULL	NULL
missed	663216	A>B	Stotis–Liepkalnio–Vikingų g.–Oro uostas	501	NULL	NULL	NULL	NULL	NULL	NULL	NULL	2	Autobusai	2	01-ž		518	NULL	NULL	NULL
missed	663216	B>A	Oro uostas–Vikingų–Liepkalnio g.–Stotis	521	NULL	NULL	NULL	NULL	NULL	NULL	NULL	2	Autobusai	2	01-ž		538	NULL	NULL	NULL
missed	663216	A>B	Stotis–Liepkalnio–Vikingų g.–Oro uostas	547	NULL	NULL	NULL	NULL	NULL	NULL	NULL	2	Autobusai	2	01-ž		564	NULL	NULL	NULL
missed	663216	B>A	Oro uostas–Vikingų–Liepkalnio g.–Stotis	567	NULL	NULL	NULL	NULL	NULL	NULL	NULL	2	Autobusai	2	01-ž		584	NULL	NULL	NULL
missed	663216	A>B1	Stotis–Liepkalnio–Vikingų g.–Oro uostas	618	NULL	NULL	NULL	NULL	NULL	NULL	NULL	2	Autobusai	2	01-ž		634	NULL	NULL	NULL
missed	663216	B>A	Oro uostas–Vikingų–Liepkalnio g.–Stotis	637	NULL	NULL	NULL	NULL	NULL	NULL	NULL	2	Autobusai	2	01-ž		654	NULL	NULL	NULL
missed	663216	A>B	Stotis–Liepkalnio–Vikingų g.–Oro uostas	662	NULL	NULL	NULL	NULL	NULL	NULL	NULL	2	Autobusai	2	01-ž		679	NULL	NULL	NULL
missed	663216	B>A	Oro uostas–Vikingų–Liepkalnio g.–Stotis	682	NULL	NULL	NULL	NULL	NULL	NULL	NULL	2	Autobusai	2	01-ž		699	NULL	NULL	NULL
missed	663216	A>B	Stotis–Liepkalnio–Vikingų g.–Oro uostas	711	NULL	NULL	NULL	NULL	NULL	NULL	NULL	2	Autobusai	2	01-ž		728	NULL	NULL	NULL
missed	663216	B>A	Oro uostas–Vikingų–Liepkalnio g.–Stotis	731	NULL	NULL	NULL	NULL	NULL	NULL	NULL	2	Autobusai	2	01-ž		748	NULL	NULL	NULL
missed	663216	A>B	Stotis–Liepkalnio–Vikingų g.–Oro uostas	753	NULL	NULL	NULL	NULL	NULL	NULL	NULL	2	Autobusai	2	01-ž		770	NULL	NULL	NULL
missed	663216	B>A	Oro uostas–Vikingų–Liepkalnio g.–Stotis	773	NULL	NULL	NULL	NULL	NULL	NULL	NULL	2	Autobusai	2	01-ž		790	NULL	NULL	NULL
missed	663216	A>B	Stotis–Liepkalnio–Vikingų g.–Oro uostas	807	NULL	NULL	NULL	NULL	NULL	NULL	NULL	2	Autobusai	2	01-ž		824	NULL	NULL	NULL
missed	663216	B>A	Oro uostas–Vikingų–Liepkalnio g.–Stotis	827	NULL	NULL	NULL	NULL	NULL	NULL	NULL	2	Autobusai	2	01-ž		844	NULL	NULL	NULL
missed	663216	A>B	Stotis–Liepkalnio–Vikingų g.–Oro uostas	858	NULL	NULL	NULL	NULL	NULL	NULL	NULL	2	Autobusai	2	01-ž		875	NULL	NULL	NULL
missed	663216	B>A	Oro uostas–Vikingų–Liepkalnio g.–Stotis	878	NULL	NULL	NULL	NULL	NULL	NULL	NULL	2	Autobusai	2	01-ž		895	NULL	NULL	NULL
missed	663216	A>B	Stotis–Liepkalnio–Vikingų g.–Oro uostas	900	NULL	NULL	NULL	NULL	NULL	NULL	NULL	2	Autobusai	2	01-ž		917	NULL	NULL	NULL
missed	663216	B>A	Oro uostas–Vikingų–Liepkalnio g.–Stotis	920	NULL	NULL	NULL	NULL	NULL	NULL	NULL	2	Autobusai	2	01-ž		937	NULL	NULL	NULL
missed	663216	A>B	Stotis–Liepkalnio–Vikingų g.–Oro uostas	943	NULL	NULL	NULL	NULL	NULL	NULL	NULL	2	Autobusai	2	01-ž		960	NULL	NULL	NULL
missed	663216	B>A	Oro uostas–Vikingų–Liepkalnio g.–Stotis	968	NULL	NULL	NULL	NULL	NULL	NULL	NULL	2	Autobusai	2	01-ž		984	NULL	NULL	NULL
missed	663216	A>B	Stotis–Liepkalnio–Vikingų g.–Oro uostas	989	NULL	NULL	NULL	NULL	NULL	NULL	NULL	2	Autobusai	2	01-ž		1006	NULL	NULL	NULL
missed	663216	B>A	Oro uostas–Vikingų–Liepkalnio g.–Stotis	1009	NULL	NULL	NULL	NULL	NULL	NULL	NULL	2	Autobusai	2	01-ž		1025	NULL	NULL	NULL
missed	663216	A>B	Stotis–Liepkalnio–Vikingų g.–Oro uostas	1033	NULL	NULL	NULL	NULL	NULL	NULL	NULL	2	Autobusai	2	01-ž		1050	NULL	NULL	NULL
missed	663216	B>A	Oro uostas–Vikingų–Liepkalnio g.–Stotis	1053	NULL	NULL	NULL	NULL	NULL	NULL	NULL	2	Autobusai	2	01-ž		1069	NULL	NULL	NULL
missed	663216	A>B	Stotis–Liepkalnio–Vikingų g.–Oro uostas	1075	NULL	NULL	NULL	NULL	NULL	NULL	NULL	2	Autobusai	2	01-ž		1092	NULL	NULL	NULL
missed	663216	B>A	Oro uostas–Vikingų–Liepkalnio g.–Stotis	1095	NULL	NULL	NULL	NULL	NULL	NULL	NULL	2	Autobusai	2	01-ž		1111	NULL	NULL	NULL
missed	663216	A>B1	Stotis–Liepkalnio–Vikingų g.–Oro uostas	1145	NULL	NULL	NULL	NULL	NULL	NULL	NULL	2	Autobusai	2	01-ž		1161	NULL	NULL	NULL
missed	663216	B>A	Oro uostas–Vikingų–Liepkalnio g.–Stotis	1164	NULL	NULL	NULL	NULL	NULL	NULL	NULL	2	Autobusai	2	01-ž		1180	NULL	NULL	NULL
missed	663216	A>B	Stotis–Liepkalnio–Vikingų g.–Oro uostas	1186	NULL	NULL	NULL	NULL	NULL	NULL	NULL	2	Autobusai	2	01-ž		1203	NULL	NULL	NULL
missed	663216	B>A	Oro uostas–Vikingų–Liepkalnio g.–Stotis	1206	NULL	NULL	NULL	NULL	NULL	NULL	NULL	2	Autobusai	2	01-ž		1222	NULL	NULL	NULL
missed	663216	A>B	Stotis–Liepkalnio–Vikingų g.–Oro uostas	1229	NULL	NULL	NULL	NULL	NULL	NULL	NULL	2	Autobusai	2	01-ž		1246	NULL	NULL	NULL
missed	663216	B>A	Oro uostas–Vikingų–Liepkalnio g.–Stotis	1266	NULL	NULL	NULL	NULL	NULL	NULL	NULL	2	Autobusai	2	01-ž		1282	NULL	NULL	NULL
missed	663216	A>B	Stotis–Liepkalnio–Vikingų g.–Oro uostas	1287	NULL	NULL	NULL	NULL	NULL	NULL	NULL	2	Autobusai	2	01-ž		1304	NULL	NULL	NULL
missed	663216	B>A	Oro uostas–Vikingų–Liepkalnio g.–Stotis	1326	NULL	NULL	NULL	NULL	NULL	NULL	NULL	2	Autobusai	2	01-ž		1342	NULL	NULL	NULL
missed	663216	A>B	Stotis–Liepkalnio–Vikingų g.–Oro uostas	1347	NULL	NULL	NULL	NULL	NULL	NULL	NULL	2	Autobusai	2	01-ž		1364	NULL	NULL	NULL
missed	663216	B>A	Oro uostas–Vikingų–Liepkalnio g.–Stotis	1369	NULL	NULL	NULL	NULL	NULL	NULL	NULL	2	Autobusai	2	01-ž		1385	NULL	NULL	NULL
missed	635389	A>B	Žemieji Paneriai–Mūrinė Vokė–Lazdynai	304	NULL	NULL	NULL	NULL	NULL	NULL	NULL	20	Autobusai	20	01-mt		337	NULL	NULL	NULL
missed	635389	B>A	Lazdynai–Mūrinė Vokė–Žemieji Paneriai	360	NULL	NULL	NULL	NULL	NULL	NULL	NULL	20	Autobusai	20	01-mt		393	NULL	NULL	NULL
missed	635389	A>B	Žemieji Paneriai–Mūrinė Vokė–Lazdynai	404	NULL	NULL	NULL	NULL	NULL	NULL	NULL	20	Autobusai	20	01-mt		438	NULL	NULL	NULL
missed	635389	B>A	Lazdynai–Mūrinė Vokė–Žemieji Paneriai	440	NULL	NULL	NULL	NULL	NULL	NULL	NULL	20	Autobusai	20	01-mt		473	NULL	NULL	NULL
missed	635389	A>B	Žemieji Paneriai–Mūrinė Vokė–Lazdynai	483	NULL	NULL	NULL	NULL	NULL	NULL	NULL	20	Autobusai	20	01-mt		517	NULL	NULL	NULL
missed	635389	B>A	Lazdynai–Mūrinė Vokė–Žemieji Paneriai	519	NULL	NULL	NULL	NULL	NULL	NULL	NULL	20	Autobusai	20	01-mt		551	NULL	NULL	NULL
missed	635389	A>B	Žemieji Paneriai–Mūrinė Vokė–Lazdynai	581	NULL	NULL	NULL	NULL	NULL	NULL	NULL	20	Autobusai	20	01-mt		614	NULL	NULL	NULL
missed	635389	B>A	Lazdynai–Mūrinė Vokė–Žemieji Paneriai	619	NULL	NULL	NULL	NULL	NULL	NULL	NULL	20	Autobusai	20	01-mt		647	NULL	NULL	NULL
missed	635389	A>B	Žemieji Paneriai–Mūrinė Vokė–Lazdynai	665	NULL	NULL	NULL	NULL	NULL	NULL	NULL	20	Autobusai	20	01-mt		698	NULL	NULL	NULL
missed	635389	B>A	Lazdynai–Mūrinė Vokė–Žemieji Paneriai	706	NULL	NULL	NULL	NULL	NULL	NULL	NULL	20	Autobusai	20	01-mt		734	NULL	NULL	NULL
missed	635389	A>B	Žemieji Paneriai–Mūrinė Vokė–Lazdynai	741	NULL	NULL	NULL	NULL	NULL	NULL	NULL	20	Autobusai	20	01-mt		774	NULL	NULL	NULL
missed	635389	B>A	Lazdynai–Mūrinė Vokė–Žemieji Paneriai	777	NULL	NULL	NULL	NULL	NULL	NULL	NULL	20	Autobusai	20	01-mt		805	NULL	NULL	NULL
missed	635389	A>B	Žemieji Paneriai–Mūrinė Vokė–Lazdynai	815	NULL	NULL	NULL	NULL	NULL	NULL	NULL	20	Autobusai	20	01-mt		848	NULL	NULL	NULL
missed	635389	B>A	Lazdynai–Mūrinė Vokė–Žemieji Paneriai	857	NULL	NULL	NULL	NULL	NULL	NULL	NULL	20	Autobusai	20	01-mt		885	NULL	NULL	NULL
missed	635389	A>B	Žemieji Paneriai–Mūrinė Vokė–Lazdynai	898	NULL	NULL	NULL	NULL	NULL	NULL	NULL	20	Autobusai	20	01-mt		932	NULL	NULL	NULL
missed	635389	B>A	Lazdynai–Mūrinė Vokė–Žemieji Paneriai	938	NULL	NULL	NULL	NULL	NULL	NULL	NULL	20	Autobusai	20	01-mt		970	NULL	NULL	NULL
missed	635389	A>B	Žemieji Paneriai–Mūrinė Vokė–Lazdynai	976	NULL	NULL	NULL	NULL	NULL	NULL	NULL	20	Autobusai	20	01-mt		1010	NULL	NULL	NULL
missed	635389	B>A	Lazdynai–Mūrinė Vokė–Žemieji Paneriai	1018	NULL	NULL	NULL	NULL	NULL	NULL	NULL	20	Autobusai	20	01-mt		1050	NULL	NULL	NULL
missed	635389	A>B	Žemieji Paneriai–Mūrinė Vokė–Lazdynai	1080	NULL	NULL	NULL	NULL	NULL	NULL	NULL	20	Autobusai	20	01-mt		1114	NULL	NULL	NULL
missed	635389	B>A	Lazdynai–Mūrinė Vokė–Žemieji Paneriai	1117	NULL	NULL	NULL	NULL	NULL	NULL	NULL	20	Autobusai	20	01-mt		1145	NULL	NULL	NULL
missed	635389	A>B	Žemieji Paneriai–Mūrinė Vokė–Lazdynai	1153	NULL	NULL	NULL	NULL	NULL	NULL	NULL	20	Autobusai	20	01-mt		1186	NULL	NULL	NULL
missed	635389	B>A	Lazdynai–Mūrinė Vokė–Žemieji Paneriai	1190	NULL	NULL	NULL	NULL	NULL	NULL	NULL	20	Autobusai	20	01-mt		1218	NULL	NULL	NULL
missed	635389	A>B	Žemieji Paneriai–Mūrinė Vokė–Lazdynai	1226	NULL	NULL	NULL	NULL	NULL	NULL	NULL	20	Autobusai	20	01-mt		1259	NULL	NULL	NULL
missed	635389	B>A	Lazdynai–Mūrinė Vokė–Žemieji Paneriai	1261	NULL	NULL	NULL	NULL	NULL	NULL	NULL	20	Autobusai	20	01-mt		1289	NULL	NULL	NULL
missed	635389	A>B	Žemieji Paneriai–Mūrinė Vokė–Lazdynai	1302	NULL	NULL	NULL	NULL	NULL	NULL	NULL	20	Autobusai	20	01-mt		1335	NULL	NULL	NULL
missed	635389	B>A	Lazdynai–Mūrinė Vokė–Žemieji Paneriai	1341	NULL	NULL	NULL	NULL	NULL	NULL	NULL	20	Autobusai	20	01-mt		1369	NULL	NULL	NULL
missed	635389	A>B	Žemieji Paneriai–Mūrinė Vokė–Lazdynai	1377	NULL	NULL	NULL	NULL	NULL	NULL	NULL	20	Autobusai	20	01-mt		1410	NULL	NULL	NULL
missed	635389	B>A	Lazdynai–Mūrinė Vokė–Žemieji Paneriai	1415	NULL	NULL	NULL	NULL	NULL	NULL	NULL	20	Autobusai	20	01-mt		1443	NULL	NULL	NULL
missed	635388	B>A	Lazdynai–Mūrinė Vokė–Žemieji Paneriai	335	NULL	NULL	NULL	NULL	NULL	NULL	NULL	20	Autobusai	20	02-mt		364	NULL	NULL	NULL
missed	635388	A1>B1	Žemieji Paneriai–Mūrinė Vokė–Paneriškių g.–Lazdynai	373	NULL	NULL	NULL	NULL	NULL	NULL	NULL	20	Autobusai	20	02-mt		409	NULL	NULL	NULL
missed	635388	B>A	Lazdynai–Mūrinė Vokė–Žemieji Paneriai	409	NULL	NULL	NULL	NULL	NULL	NULL	NULL	20	Autobusai	20	02-mt		441	NULL	NULL	NULL
missed	635388	A>B	Žemieji Paneriai–Mūrinė Vokė–Lazdynai	448	NULL	NULL	NULL	NULL	NULL	NULL	NULL	20	Autobusai	20	02-mt		482	NULL	NULL	NULL
missed	635388	B>A	Lazdynai–Mūrinė Vokė–Žemieji Paneriai	484	NULL	NULL	NULL	NULL	NULL	NULL	NULL	20	Autobusai	20	02-mt		516	NULL	NULL	NULL
missed	635388	A>B	Žemieji Paneriai–Mūrinė Vokė–Lazdynai	532	NULL	NULL	NULL	NULL	NULL	NULL	NULL	20	Autobusai	20	02-mt		565	NULL	NULL	NULL
missed	635388	B>A	Lazdynai–Mūrinė Vokė–Žemieji Paneriai	575	NULL	NULL	NULL	NULL	NULL	NULL	NULL	20	Autobusai	20	02-mt		604	NULL	NULL	NULL
missed	635388	A>B	Žemieji Paneriai–Mūrinė Vokė–Lazdynai	634	NULL	NULL	NULL	NULL	NULL	NULL	NULL	20	Autobusai	20	02-mt		667	NULL	NULL	NULL
missed	635388	B>A	Lazdynai–Mūrinė Vokė–Žemieji Paneriai	673	NULL	NULL	NULL	NULL	NULL	NULL	NULL	20	Autobusai	20	02-mt		702	NULL	NULL	NULL
missed	635388	A>B	Žemieji Paneriai–Mūrinė Vokė–Lazdynai	707	NULL	NULL	NULL	NULL	NULL	NULL	NULL	20	Autobusai	20	02-mt		740	NULL	NULL	NULL
missed	635388	B>A	Lazdynai–Mūrinė Vokė–Žemieji Paneriai	740	NULL	NULL	NULL	NULL	NULL	NULL	NULL	20	Autobusai	20	02-mt		769	NULL	NULL	NULL
missed	635388	A>B	Žemieji Paneriai–Mūrinė Vokė–Lazdynai	775	NULL	NULL	NULL	NULL	NULL	NULL	NULL	20	Autobusai	20	02-mt		808	NULL	NULL	NULL
missed	635388	B>A	Lazdynai–Mūrinė Vokė–Žemieji Paneriai	814	NULL	NULL	NULL	NULL	NULL	NULL	NULL	20	Autobusai	20	02-mt		843	NULL	NULL	NULL
missed	635388	A>B	Žemieji Paneriai–Mūrinė Vokė–Lazdynai	850	NULL	NULL	NULL	NULL	NULL	NULL	NULL	20	Autobusai	20	02-mt		883	NULL	NULL	NULL
missed	635388	B>A	Lazdynai–Mūrinė Vokė–Žemieji Paneriai	887	NULL	NULL	NULL	NULL	NULL	NULL	NULL	20	Autobusai	20	02-mt		918	NULL	NULL	NULL
missed	635388	A>B	Žemieji Paneriai–Mūrinė Vokė–Lazdynai	922	NULL	NULL	NULL	NULL	NULL	NULL	NULL	20	Autobusai	20	02-mt		956	NULL	NULL	NULL
missed	635388	B>A	Lazdynai–Mūrinė Vokė–Žemieji Paneriai	961	NULL	NULL	NULL	NULL	NULL	NULL	NULL	20	Autobusai	20	02-mt		993	NULL	NULL	NULL
missed	635388	A>B	Žemieji Paneriai–Mūrinė Vokė–Lazdynai	998	NULL	NULL	NULL	NULL	NULL	NULL	NULL	20	Autobusai	20	02-mt		1032	NULL	NULL	NULL
missed	635388	B>A	Lazdynai–Mūrinė Vokė–Žemieji Paneriai	1037	NULL	NULL	NULL	NULL	NULL	NULL	NULL	20	Autobusai	20	02-mt		1069	NULL	NULL	NULL
missed	635388	A>B	Žemieji Paneriai–Mūrinė Vokė–Lazdynai	1101	NULL	NULL	NULL	NULL	NULL	NULL	NULL	20	Autobusai	20	02-mt		1135	NULL	NULL	NULL
missed	635388	B>A	Lazdynai–Mūrinė Vokė–Žemieji Paneriai	1140	NULL	NULL	NULL	NULL	NULL	NULL	NULL	20	Autobusai	20	02-mt		1169	NULL	NULL	NULL
missed	635388	A>B	Žemieji Paneriai–Mūrinė Vokė–Lazdynai	1184	NULL	NULL	NULL	NULL	NULL	NULL	NULL	20	Autobusai	20	02-mt		1217	NULL	NULL	NULL
missed	635388	B>A	Lazdynai–Mūrinė Vokė–Žemieji Paneriai	1222	NULL	NULL	NULL	NULL	NULL	NULL	NULL	20	Autobusai	20	02-mt		1251	NULL	NULL	NULL
missed	635388	A>B	Žemieji Paneriai–Mūrinė Vokė–Lazdynai	1260	NULL	NULL	NULL	NULL	NULL	NULL	NULL	20	Autobusai	20	02-mt		1293	NULL	NULL	NULL
missed	635388	B>A	Lazdynai–Mūrinė Vokė–Žemieji Paneriai	1298	NULL	NULL	NULL	NULL	NULL	NULL	NULL	20	Autobusai	20	02-mt		1327	NULL	NULL	NULL
missed	635388	A>B	Žemieji Paneriai–Mūrinė Vokė–Lazdynai	1344	NULL	NULL	NULL	NULL	NULL	NULL	NULL	20	Autobusai	20	02-mt		1377	NULL	NULL	NULL
missed	635388	B>A	Lazdynai–Mūrinė Vokė–Žemieji Paneriai	1379	NULL	NULL	NULL	NULL	NULL	NULL	NULL	20	Autobusai	20	02-mt		1408	NULL	NULL	NULL
missed	635390	B>A	Lazdynai–Mūrinė Vokė–Žemieji Paneriai	324	NULL	NULL	NULL	NULL	NULL	NULL	NULL	20	Autobusai	20	03-mt		353	NULL	NULL	NULL
missed	635390	A>B	Žemieji Paneriai–Mūrinė Vokė–Lazdynai	385	NULL	NULL	NULL	NULL	NULL	NULL	NULL	20	Autobusai	20	03-mt		419	NULL	NULL	NULL
missed	635390	B>A	Lazdynai–Mūrinė Vokė–Žemieji Paneriai	424	NULL	NULL	NULL	NULL	NULL	NULL	NULL	20	Autobusai	20	03-mt		456	NULL	NULL	NULL
missed	635390	A>B	Žemieji Paneriai–Mūrinė Vokė–Lazdynai	467	NULL	NULL	NULL	NULL	NULL	NULL	NULL	20	Autobusai	20	03-mt		501	NULL	NULL	NULL
missed	635390	B>A	Lazdynai–Mūrinė Vokė–Žemieji Paneriai	502	NULL	NULL	NULL	NULL	NULL	NULL	NULL	20	Autobusai	20	03-mt		534	NULL	NULL	NULL
missed	635390	A>B	Žemieji Paneriai–Mūrinė Vokė–Lazdynai	549	NULL	NULL	NULL	NULL	NULL	NULL	NULL	20	Autobusai	20	03-mt		582	NULL	NULL	NULL
missed	635390	B>A	Lazdynai–Mūrinė Vokė–Žemieji Paneriai	592	NULL	NULL	NULL	NULL	NULL	NULL	NULL	20	Autobusai	20	03-mt		620	NULL	NULL	NULL
missed	635390	A>B	Žemieji Paneriai–Mūrinė Vokė–Lazdynai	650	NULL	NULL	NULL	NULL	NULL	NULL	NULL	20	Autobusai	20	03-mt		683	NULL	NULL	NULL
missed	635390	B>A	Lazdynai–Mūrinė Vokė–Žemieji Paneriai	689	NULL	NULL	NULL	NULL	NULL	NULL	NULL	20	Autobusai	20	03-mt		717	NULL	NULL	NULL
missed	635390	A>B	Žemieji Paneriai–Mūrinė Vokė–Lazdynai	723	NULL	NULL	NULL	NULL	NULL	NULL	NULL	20	Autobusai	20	03-mt		756	NULL	NULL	NULL
missed	635390	B>A	Lazdynai–Mūrinė Vokė–Žemieji Paneriai	761	NULL	NULL	NULL	NULL	NULL	NULL	NULL	20	Autobusai	20	03-mt		789	NULL	NULL	NULL
missed	635390	A>B	Žemieji Paneriai–Mūrinė Vokė–Lazdynai	795	NULL	NULL	NULL	NULL	NULL	NULL	NULL	20	Autobusai	20	03-mt		828	NULL	NULL	NULL
missed	635390	B>A	Lazdynai–Mūrinė Vokė–Žemieji Paneriai	828	NULL	NULL	NULL	NULL	NULL	NULL	NULL	20	Autobusai	20	03-mt		857	NULL	NULL	NULL
missed	635390	A>B	Žemieji Paneriai–Mūrinė Vokė–Lazdynai	867	NULL	NULL	NULL	NULL	NULL	NULL	NULL	20	Autobusai	20	03-mt		900	NULL	NULL	NULL
missed	635390	B>A	Lazdynai–Mūrinė Vokė–Žemieji Paneriai	905	NULL	NULL	NULL	NULL	NULL	NULL	NULL	20	Autobusai	20	03-mt		937	NULL	NULL	NULL
missed	635390	A>B	Žemieji Paneriai–Mūrinė Vokė–Lazdynai	948	NULL	NULL	NULL	NULL	NULL	NULL	NULL	20	Autobusai	20	03-mt		982	NULL	NULL	NULL
missed	635390	B>A	Lazdynai–Mūrinė Vokė–Žemieji Paneriai	991	NULL	NULL	NULL	NULL	NULL	NULL	NULL	20	Autobusai	20	03-mt		1023	NULL	NULL	NULL
missed	635390	A>B	Žemieji Paneriai–Mūrinė Vokė–Lazdynai	1034	NULL	NULL	NULL	NULL	NULL	NULL	NULL	20	Autobusai	20	03-mt		1068	NULL	NULL	NULL
missed	635390	B>A	Lazdynai–Mūrinė Vokė–Žemieji Paneriai	1073	NULL	NULL	NULL	NULL	NULL	NULL	NULL	20	Autobusai	20	03-mt		1105	NULL	NULL	NULL
missed	635390	A>B	Žemieji Paneriai–Mūrinė Vokė–Lazdynai	1140	NULL	NULL	NULL	NULL	NULL	NULL	NULL	20	Autobusai	20	03-mt		1173	NULL	NULL	NULL
missed	635390	B>A	Lazdynai–Mūrinė Vokė–Žemieji Paneriai	1176	NULL	NULL	NULL	NULL	NULL	NULL	NULL	20	Autobusai	20	03-mt		1204	NULL	NULL	NULL
missed	635390	A>B	Žemieji Paneriai–Mūrinė Vokė–Lazdynai	1213	NULL	NULL	NULL	NULL	NULL	NULL	NULL	20	Autobusai	20	03-mt		1246	NULL	NULL	NULL
missed	635390	B>A	Lazdynai–Mūrinė Vokė–Žemieji Paneriai	1249	NULL	NULL	NULL	NULL	NULL	NULL	NULL	20	Autobusai	20	03-mt		1277	NULL	NULL	NULL
missed	635390	A>B	Žemieji Paneriai–Mūrinė Vokė–Lazdynai	1286	NULL	NULL	NULL	NULL	NULL	NULL	NULL	20	Autobusai	20	03-mt		1319	NULL	NULL	NULL
missed	635390	B>A	Lazdynai–Mūrinė Vokė–Žemieji Paneriai	1324	NULL	NULL	NULL	NULL	NULL	NULL	NULL	20	Autobusai	20	03-mt		1352	NULL	NULL	NULL
missed	635390	A>B	Žemieji Paneriai–Mūrinė Vokė–Lazdynai	1357	NULL	NULL	NULL	NULL	NULL	NULL	NULL	20	Autobusai	20	03-mt		1390	NULL	NULL	NULL
missed	635390	B>A	Lazdynai–Mūrinė Vokė–Žemieji Paneriai	1392	NULL	NULL	NULL	NULL	NULL	NULL	NULL	20	Autobusai	20	03-mt		1420	NULL	NULL	NULL
missed	635391	A>B	Žemieji Paneriai–Mūrinė Vokė–Lazdynai	326	NULL	NULL	NULL	NULL	NULL	NULL	NULL	20	Autobusai	20	04-mt		359	NULL	NULL	NULL
missed	635391	B1>A1	Lazdynai–Paneriškių g.–Mūrinė Vokė–Žemieji Paneriai	382	NULL	NULL	NULL	NULL	NULL	NULL	NULL	20	Autobusai	20	04-mt		416	NULL	NULL	NULL
missed	635391	A1>B1	Žemieji Paneriai–Mūrinė Vokė–Paneriškių g.–Lazdynai	416	NULL	NULL	NULL	NULL	NULL	NULL	NULL	20	Autobusai	20	04-mt		452	NULL	NULL	NULL
missed	635391	B1>A1	Lazdynai–Paneriškių g.–Mūrinė Vokė–Žemieji Paneriai	470	NULL	NULL	NULL	NULL	NULL	NULL	NULL	20	Autobusai	20	04-mt		504	NULL	NULL	NULL
missed	635391	A>B	Žemieji Paneriai–Mūrinė Vokė–Lazdynai	515	NULL	NULL	NULL	NULL	NULL	NULL	NULL	20	Autobusai	20	04-mt		549	NULL	NULL	NULL
missed	635391	B>A	Lazdynai–Mūrinė Vokė–Žemieji Paneriai	554	NULL	NULL	NULL	NULL	NULL	NULL	NULL	20	Autobusai	20	04-mt		583	NULL	NULL	NULL
missed	635391	A>B	Žemieji Paneriai–Mūrinė Vokė–Lazdynai	616	NULL	NULL	NULL	NULL	NULL	NULL	NULL	20	Autobusai	20	04-mt		649	NULL	NULL	NULL
missed	635391	B>A	Lazdynai–Mūrinė Vokė–Žemieji Paneriai	655	NULL	NULL	NULL	NULL	NULL	NULL	NULL	20	Autobusai	20	04-mt		684	NULL	NULL	NULL
missed	635391	A>B	Žemieji Paneriai–Mūrinė Vokė–Lazdynai	695	NULL	NULL	NULL	NULL	NULL	NULL	NULL	20	Autobusai	20	04-mt		728	NULL	NULL	NULL
missed	635391	B>A	Lazdynai–Mūrinė Vokė–Žemieji Paneriai	751	NULL	NULL	NULL	NULL	NULL	NULL	NULL	20	Autobusai	20	04-mt		780	NULL	NULL	NULL
missed	635391	A1>B1	Žemieji Paneriai–Mūrinė Vokė–Paneriškių g.–Lazdynai	806	NULL	NULL	NULL	NULL	NULL	NULL	NULL	20	Autobusai	20	04-mt		841	NULL	NULL	NULL
missed	635391	B1>A1	Lazdynai–Paneriškių g.–Mūrinė Vokė–Žemieji Paneriai	842	NULL	NULL	NULL	NULL	NULL	NULL	NULL	20	Autobusai	20	04-mt		872	NULL	NULL	NULL
missed	635391	A1>B1	Žemieji Paneriai–Mūrinė Vokė–Paneriškių g.–Lazdynai	877	NULL	NULL	NULL	NULL	NULL	NULL	NULL	20	Autobusai	20	04-mt		913	NULL	NULL	NULL
missed	635391	B1>A1	Lazdynai–Paneriškių g.–Mūrinė Vokė–Žemieji Paneriai	921	NULL	NULL	NULL	NULL	NULL	NULL	NULL	20	Autobusai	20	04-mt		955	NULL	NULL	NULL
missed	635391	A>B	Žemieji Paneriai–Mūrinė Vokė–Lazdynai	962	NULL	NULL	NULL	NULL	NULL	NULL	NULL	20	Autobusai	20	04-mt		996	NULL	NULL	NULL
missed	635391	B1>A1	Lazdynai–Paneriškių g.–Mūrinė Vokė–Žemieji Paneriai	1006	NULL	NULL	NULL	NULL	NULL	NULL	NULL	20	Autobusai	20	04-mt		1040	NULL	NULL	NULL
missed	635391	A>B	Žemieji Paneriai–Mūrinė Vokė–Lazdynai	1052	NULL	NULL	NULL	NULL	NULL	NULL	NULL	20	Autobusai	20	04-mt		1086	NULL	NULL	NULL
missed	635391	B1>A1	Lazdynai–Paneriškių g.–Mūrinė Vokė–Žemieji Paneriai	1094	NULL	NULL	NULL	NULL	NULL	NULL	NULL	20	Autobusai	20	04-mt		1126	NULL	NULL	NULL
missed	635391	A>B	Žemieji Paneriai–Mūrinė Vokė–Lazdynai	1165	NULL	NULL	NULL	NULL	NULL	NULL	NULL	20	Autobusai	20	04-mt		1198	NULL	NULL	NULL
missed	635391	B>A	Lazdynai–Mūrinė Vokė–Žemieji Paneriai	1203	NULL	NULL	NULL	NULL	NULL	NULL	NULL	20	Autobusai	20	04-mt		1231	NULL	NULL	NULL
missed	635391	A>B	Žemieji Paneriai–Mūrinė Vokė–Lazdynai	1240	NULL	NULL	NULL	NULL	NULL	NULL	NULL	20	Autobusai	20	04-mt		1273	NULL	NULL	NULL
missed	635391	B>A	Lazdynai–Mūrinė Vokė–Žemieji Paneriai	1278	NULL	NULL	NULL	NULL	NULL	NULL	NULL	20	Autobusai	20	04-mt		1306	NULL	NULL	NULL
missed	635391	A>B	Žemieji Paneriai–Mūrinė Vokė–Lazdynai	1318	NULL	NULL	NULL	NULL	NULL	NULL	NULL	20	Autobusai	20	04-mt		1351	NULL	NULL	NULL
missed	635391	B>A	Lazdynai–Mūrinė Vokė–Žemieji Paneriai	1355	NULL	NULL	NULL	NULL	NULL	NULL	NULL	20	Autobusai	20	04-mt		1383	NULL	NULL	NULL
missed	635392	B>A	Lazdynai–Mūrinė Vokė–Žemieji Paneriai	373	NULL	NULL	NULL	NULL	NULL	NULL	NULL	20	Autobusai	20	05		405	NULL	NULL	NULL
missed	635392	A>B	Žemieji Paneriai–Mūrinė Vokė–Lazdynai	422	NULL	NULL	NULL	NULL	NULL	NULL	NULL	20	Autobusai	20	05		456	NULL	NULL	NULL
missed	635392	B>A	Lazdynai–Mūrinė Vokė–Žemieji Paneriai	460	NULL	NULL	NULL	NULL	NULL	NULL	NULL	20	Autobusai	20	05		492	NULL	NULL	NULL
missed	635392	A>B	Žemieji Paneriai–Mūrinė Vokė–Lazdynai	499	NULL	NULL	NULL	NULL	NULL	NULL	NULL	20	Autobusai	20	05		533	NULL	NULL	NULL
missed	635392	B>A	Lazdynai–Mūrinė Vokė–Žemieji Paneriai	537	NULL	NULL	NULL	NULL	NULL	NULL	NULL	20	Autobusai	20	05		566	NULL	NULL	NULL
missed	635392	A>B	Žemieji Paneriai–Mūrinė Vokė–Lazdynai	599	NULL	NULL	NULL	NULL	NULL	NULL	NULL	20	Autobusai	20	05		632	NULL	NULL	NULL
missed	635392	B>A	Lazdynai–Mūrinė Vokė–Žemieji Paneriai	638	NULL	NULL	NULL	NULL	NULL	NULL	NULL	20	Autobusai	20	05		667	NULL	NULL	NULL
missed	635392	A>B	Žemieji Paneriai–Mūrinė Vokė–Lazdynai	682	NULL	NULL	NULL	NULL	NULL	NULL	NULL	20	Autobusai	20	05		715	NULL	NULL	NULL
missed	635392	B>A	Lazdynai–Mūrinė Vokė–Žemieji Paneriai	725	NULL	NULL	NULL	NULL	NULL	NULL	NULL	20	Autobusai	20	05		754	NULL	NULL	NULL
missed	635392	A>B	Žemieji Paneriai–Mūrinė Vokė–Lazdynai	759	NULL	NULL	NULL	NULL	NULL	NULL	NULL	20	Autobusai	20	05		792	NULL	NULL	NULL
missed	635392	B>A	Lazdynai–Mūrinė Vokė–Žemieji Paneriai	797	NULL	NULL	NULL	NULL	NULL	NULL	NULL	20	Autobusai	20	05		826	NULL	NULL	NULL
missed	635392	A>B	Žemieji Paneriai–Mūrinė Vokė–Lazdynai	836	NULL	NULL	NULL	NULL	NULL	NULL	NULL	20	Autobusai	20	05		869	NULL	NULL	NULL
missed	635392	B>A	Lazdynai–Mūrinė Vokė–Žemieji Paneriai	877	NULL	NULL	NULL	NULL	NULL	NULL	NULL	20	Autobusai	20	05		907	NULL	NULL	NULL
missed	635392	A>B	Žemieji Paneriai–Mūrinė Vokė–Lazdynai	929	NULL	NULL	NULL	NULL	NULL	NULL	NULL	20	Autobusai	20	05		963	NULL	NULL	NULL
missed	635392	B>A	Lazdynai–Mūrinė Vokė–Žemieji Paneriai	971	NULL	NULL	NULL	NULL	NULL	NULL	NULL	20	Autobusai	20	05		1003	NULL	NULL	NULL
missed	635392	A>B	Žemieji Paneriai–Mūrinė Vokė–Lazdynai	1012	NULL	NULL	NULL	NULL	NULL	NULL	NULL	20	Autobusai	20	05		1046	NULL	NULL	NULL
missed	635392	B>A	Lazdynai–Mūrinė Vokė–Žemieji Paneriai	1053	NULL	NULL	NULL	NULL	NULL	NULL	NULL	20	Autobusai	20	05		1085	NULL	NULL	NULL
missed	635392	A>B	Žemieji Paneriai–Mūrinė Vokė–Lazdynai	1117	NULL	NULL	NULL	NULL	NULL	NULL	NULL	20	Autobusai	20	05		1150	NULL	NULL	NULL
missed	635392	B>A	Lazdynai–Mūrinė Vokė–Žemieji Paneriai	1157	NULL	NULL	NULL	NULL	NULL	NULL	NULL	20	Autobusai	20	05		1185	NULL	NULL	NULL
missed	635392	A>B	Žemieji Paneriai–Mūrinė Vokė–Lazdynai	1196	NULL	NULL	NULL	NULL	NULL	NULL	NULL	20	Autobusai	20	05		1229	NULL	NULL	NULL
missed	635392	B>A	Lazdynai–Mūrinė Vokė–Žemieji Paneriai	1234	NULL	NULL	NULL	NULL	NULL	NULL	NULL	20	Autobusai	20	05		1262	NULL	NULL	NULL
missed	635392	A>B	Žemieji Paneriai–Mūrinė Vokė–Lazdynai	1270	NULL	NULL	NULL	NULL	NULL	NULL	NULL	20	Autobusai	20	05		1303	NULL	NULL	NULL
missed	635392	B>A	Lazdynai–Mūrinė Vokė–Žemieji Paneriai	1308	NULL	NULL	NULL	NULL	NULL	NULL	NULL	20	Autobusai	20	05		1335	NULL	NULL	NULL
missed	614793	A>B	Lazdynėliai–Lazdynai–Centras	328	NULL	NULL	NULL	NULL	NULL	NULL	NULL	21	Autobusai	21	01-Ž		356	NULL	NULL	NULL
missed	614793	B>A	Centras–Lazdynai–Lazdynėliai	356	NULL	NULL	NULL	NULL	NULL	NULL	NULL	21	Autobusai	21	01-Ž		388	NULL	NULL	NULL
missed	614793	A>B	Lazdynėliai–Lazdynai–Centras	400	NULL	NULL	NULL	NULL	NULL	NULL	NULL	21	Autobusai	21	01-Ž		430	NULL	NULL	NULL
missed	614793	B>A	Centras–Lazdynai–Lazdynėliai	430	NULL	NULL	NULL	NULL	NULL	NULL	NULL	21	Autobusai	21	01-Ž		462	NULL	NULL	NULL
missed	614793	A>B	Lazdynėliai–Lazdynai–Centras	474	NULL	NULL	NULL	NULL	NULL	NULL	NULL	21	Autobusai	21	01-Ž		504	NULL	NULL	NULL
missed	614793	B>A	Centras–Lazdynai–Lazdynėliai	504	NULL	NULL	NULL	NULL	NULL	NULL	NULL	21	Autobusai	21	01-Ž		536	NULL	NULL	NULL
missed	614793	A>B	Lazdynėliai–Lazdynai–Centras	566	NULL	NULL	NULL	NULL	NULL	NULL	NULL	21	Autobusai	21	01-Ž		595	NULL	NULL	NULL
missed	614793	B>A	Centras–Lazdynai–Lazdynėliai	595	NULL	NULL	NULL	NULL	NULL	NULL	NULL	21	Autobusai	21	01-Ž		626	NULL	NULL	NULL
missed	614793	A>B	Lazdynėliai–Lazdynai–Centras	656	NULL	NULL	NULL	NULL	NULL	NULL	NULL	21	Autobusai	21	01-Ž		685	NULL	NULL	NULL
missed	614793	B>A	Centras–Lazdynai–Lazdynėliai	685	NULL	NULL	NULL	NULL	NULL	NULL	NULL	21	Autobusai	21	01-Ž		716	NULL	NULL	NULL
missed	614793	A>B	Lazdynėliai–Lazdynai–Centras	732	NULL	NULL	NULL	NULL	NULL	NULL	NULL	21	Autobusai	21	01-Ž		761	NULL	NULL	NULL
missed	614793	B>A	Centras–Lazdynai–Lazdynėliai	761	NULL	NULL	NULL	NULL	NULL	NULL	NULL	21	Autobusai	21	01-Ž		792	NULL	NULL	NULL
missed	614793	A>B	Lazdynėliai–Lazdynai–Centras	807	NULL	NULL	NULL	NULL	NULL	NULL	NULL	21	Autobusai	21	01-Ž		836	NULL	NULL	NULL
missed	614793	B>A	Centras–Lazdynai–Lazdynėliai	836	NULL	NULL	NULL	NULL	NULL	NULL	NULL	21	Autobusai	21	01-Ž		867	NULL	NULL	NULL
missed	614793	A>B	Lazdynėliai–Lazdynai–Centras	879	NULL	NULL	NULL	NULL	NULL	NULL	NULL	21	Autobusai	21	01-Ž		909	NULL	NULL	NULL
missed	614793	B>A	Centras–Lazdynai–Lazdynėliai	909	NULL	NULL	NULL	NULL	NULL	NULL	NULL	21	Autobusai	21	01-Ž		941	NULL	NULL	NULL
missed	614793	A>B	Lazdynėliai–Lazdynai–Centras	951	NULL	NULL	NULL	NULL	NULL	NULL	NULL	21	Autobusai	21	01-Ž		982	NULL	NULL	NULL
missed	614793	B>A	Centras–Lazdynai–Lazdynėliai	982	NULL	NULL	NULL	NULL	NULL	NULL	NULL	21	Autobusai	21	01-Ž		1015	NULL	NULL	NULL
missed	614793	A>B	Lazdynėliai–Lazdynai–Centras	1025	NULL	NULL	NULL	NULL	NULL	NULL	NULL	21	Autobusai	21	01-Ž		1056	NULL	NULL	NULL
missed	614793	B>A	Centras–Lazdynai–Lazdynėliai	1056	NULL	NULL	NULL	NULL	NULL	NULL	NULL	21	Autobusai	21	01-Ž		1089	NULL	NULL	NULL
missed	614793	A>B	Lazdynėliai–Lazdynai–Centras	1119	NULL	NULL	NULL	NULL	NULL	NULL	NULL	21	Autobusai	21	01-Ž		1150	NULL	NULL	NULL
missed	614793	B>A	Centras–Lazdynai–Lazdynėliai	1150	NULL	NULL	NULL	NULL	NULL	NULL	NULL	21	Autobusai	21	01-Ž		1182	NULL	NULL	NULL
missed	614793	A>B	Lazdynėliai–Lazdynai–Centras	1222	NULL	NULL	NULL	NULL	NULL	NULL	NULL	21	Autobusai	21	01-Ž		1252	NULL	NULL	NULL
missed	614793	B>A	Centras–Lazdynai–Lazdynėliai	1252	NULL	NULL	NULL	NULL	NULL	NULL	NULL	21	Autobusai	21	01-Ž		1284	NULL	NULL	NULL
missed	614793	A>B	Lazdynėliai–Lazdynai–Centras	1294	NULL	NULL	NULL	NULL	NULL	NULL	NULL	21	Autobusai	21	01-Ž		1324	NULL	NULL	NULL
missed	614793	B>A	Centras–Lazdynai–Lazdynėliai	1324	NULL	NULL	NULL	NULL	NULL	NULL	NULL	21	Autobusai	21	01-Ž		1356	NULL	NULL	NULL
missed	614793	A>B	Lazdynėliai–Lazdynai–Centras	1366	NULL	NULL	NULL	NULL	NULL	NULL	NULL	21	Autobusai	21	01-Ž		1396	NULL	NULL	NULL
missed	614794	A>B	Lazdynėliai–Lazdynai–Centras	354	NULL	NULL	NULL	NULL	NULL	NULL	NULL	21	Autobusai	21	02		383	NULL	NULL	NULL
missed	614794	B>A	Centras–Lazdynai–Lazdynėliai	383	NULL	NULL	NULL	NULL	NULL	NULL	NULL	21	Autobusai	21	02		415	NULL	NULL	NULL
missed	614794	A>B	Lazdynėliai–Lazdynai–Centras	428	NULL	NULL	NULL	NULL	NULL	NULL	NULL	21	Autobusai	21	02		458	NULL	NULL	NULL
missed	614794	B>A	Centras–Lazdynai–Lazdynėliai	458	NULL	NULL	NULL	NULL	NULL	NULL	NULL	21	Autobusai	21	02		490	NULL	NULL	NULL
missed	614794	A>B	Lazdynėliai–Lazdynai–Centras	502	NULL	NULL	NULL	NULL	NULL	NULL	NULL	21	Autobusai	21	02		532	NULL	NULL	NULL
missed	614794	B>A	Centras–Lazdynai–Lazdynėliai	532	NULL	NULL	NULL	NULL	NULL	NULL	NULL	21	Autobusai	21	02		564	NULL	NULL	NULL
missed	614794	A>B	Lazdynėliai–Lazdynai–Centras	605	NULL	NULL	NULL	NULL	NULL	NULL	NULL	21	Autobusai	21	02		634	NULL	NULL	NULL
missed	614794	B>A	Centras–Lazdynai–Lazdynėliai	634	NULL	NULL	NULL	NULL	NULL	NULL	NULL	21	Autobusai	21	02		665	NULL	NULL	NULL
missed	614794	A>B	Lazdynėliai–Lazdynai–Centras	695	NULL	NULL	NULL	NULL	NULL	NULL	NULL	21	Autobusai	21	02		724	NULL	NULL	NULL
missed	614794	B>A	Centras–Lazdynai–Lazdynėliai	724	NULL	NULL	NULL	NULL	NULL	NULL	NULL	21	Autobusai	21	02		755	NULL	NULL	NULL
missed	614794	A>B	Lazdynėliai–Lazdynai–Centras	771	NULL	NULL	NULL	NULL	NULL	NULL	NULL	21	Autobusai	21	02		800	NULL	NULL	NULL
missed	614794	B>A	Centras–Lazdynai–Lazdynėliai	800	NULL	NULL	NULL	NULL	NULL	NULL	NULL	21	Autobusai	21	02		832	NULL	NULL	NULL
missed	614794	A>B	Lazdynėliai–Lazdynai–Centras	843	NULL	NULL	NULL	NULL	NULL	NULL	NULL	21	Autobusai	21	02		872	NULL	NULL	NULL
missed	614794	B>A	Centras–Lazdynai–Lazdynėliai	872	NULL	NULL	NULL	NULL	NULL	NULL	NULL	21	Autobusai	21	02		905	NULL	NULL	NULL
missed	614794	A>B	Lazdynėliai–Lazdynai–Centras	918	NULL	NULL	NULL	NULL	NULL	NULL	NULL	21	Autobusai	21	02		948	NULL	NULL	NULL
missed	614794	B>A	Centras–Lazdynai–Lazdynėliai	948	NULL	NULL	NULL	NULL	NULL	NULL	NULL	21	Autobusai	21	02		981	NULL	NULL	NULL
missed	614794	A>B	Lazdynėliai–Lazdynai–Centras	998	NULL	NULL	NULL	NULL	NULL	NULL	NULL	21	Autobusai	21	02		1029	NULL	NULL	NULL
missed	614794	B>A	Centras–Lazdynai–Lazdynėliai	1029	NULL	NULL	NULL	NULL	NULL	NULL	NULL	21	Autobusai	21	02		1062	NULL	NULL	NULL
missed	614794	A>B	Lazdynėliai–Lazdynai–Centras	1074	NULL	NULL	NULL	NULL	NULL	NULL	NULL	21	Autobusai	21	02		1105	NULL	NULL	NULL
missed	614794	B>A	Centras–Lazdynai–Lazdynėliai	1105	NULL	NULL	NULL	NULL	NULL	NULL	NULL	21	Autobusai	21	02		1137	NULL	NULL	NULL
missed	614794	A>B	Lazdynėliai–Lazdynai–Centras	1168	NULL	NULL	NULL	NULL	NULL	NULL	NULL	21	Autobusai	21	02		1199	NULL	NULL	NULL
missed	614794	B>A	Centras–Lazdynai–Lazdynėliai	1199	NULL	NULL	NULL	NULL	NULL	NULL	NULL	21	Autobusai	21	02		1231	NULL	NULL	NULL
missed	614794	A>B	Lazdynėliai–Lazdynai–Centras	1261	NULL	NULL	NULL	NULL	NULL	NULL	NULL	21	Autobusai	21	02		1291	NULL	NULL	NULL
missed	614794	B>A	Centras–Lazdynai–Lazdynėliai	1291	NULL	NULL	NULL	NULL	NULL	NULL	NULL	21	Autobusai	21	02		1323	NULL	NULL	NULL
missed	614794	A>B	Lazdynėliai–Lazdynai–Centras	1333	NULL	NULL	NULL	NULL	NULL	NULL	NULL	21	Autobusai	21	02		1363	NULL	NULL	NULL
missed	614794	B>A	Centras–Lazdynai–Lazdynėliai	1363	NULL	NULL	NULL	NULL	NULL	NULL	NULL	21	Autobusai	21	02		1395	NULL	NULL	NULL
missed	614794	A>B	Lazdynėliai–Lazdynai–Centras	1405	NULL	NULL	NULL	NULL	NULL	NULL	NULL	21	Autobusai	21	02		1435	NULL	NULL	NULL
missed	614795	A>B	Lazdynėliai–Lazdynai–Centras	375	NULL	NULL	NULL	NULL	NULL	NULL	NULL	21	Autobusai	21	03		405	NULL	NULL	NULL
missed	614795	B>A	Centras–Lazdynai–Lazdynėliai	405	NULL	NULL	NULL	NULL	NULL	NULL	NULL	21	Autobusai	21	03		437	NULL	NULL	NULL
missed	614795	A>B	Lazdynėliai–Lazdynai–Centras	449	NULL	NULL	NULL	NULL	NULL	NULL	NULL	21	Autobusai	21	03		479	NULL	NULL	NULL
missed	614795	B>A	Centras–Lazdynai–Lazdynėliai	479	NULL	NULL	NULL	NULL	NULL	NULL	NULL	21	Autobusai	21	03		511	NULL	NULL	NULL
missed	614795	A>B	Lazdynėliai–Lazdynai–Centras	974	NULL	NULL	NULL	NULL	NULL	NULL	NULL	21	Autobusai	21	03		1005	NULL	NULL	NULL
missed	614795	B>A	Centras–Lazdynai–Lazdynėliai	1005	NULL	NULL	NULL	NULL	NULL	NULL	NULL	21	Autobusai	21	03		1038	NULL	NULL	NULL
missed	614795	A>B	Lazdynėliai–Lazdynai–Centras	1051	NULL	NULL	NULL	NULL	NULL	NULL	NULL	21	Autobusai	21	03		1082	NULL	NULL	NULL
missed	614795	B>A	Centras–Lazdynai–Lazdynėliai	1082	NULL	NULL	NULL	NULL	NULL	NULL	NULL	21	Autobusai	21	03		1114	NULL	NULL	NULL
missed	614795	A>B	Lazdynėliai–Lazdynai–Centras	1139	NULL	NULL	NULL	NULL	NULL	NULL	NULL	21	Autobusai	21	03		1170	NULL	NULL	NULL
missed	614796	A>B	Lazdynai–Oslo g.–Centras	328	NULL	NULL	NULL	NULL	NULL	NULL	NULL	22	Autobusai	22	01-Ž		352	NULL	NULL	NULL
missed	614796	B>A	Centras–Oslo g.–Lazdynai	365	NULL	NULL	NULL	NULL	NULL	NULL	NULL	22	Autobusai	22	01-Ž		389	NULL	NULL	NULL
missed	614796	A>B	Lazdynai–Oslo g.–Centras	389	NULL	NULL	NULL	NULL	NULL	NULL	NULL	22	Autobusai	22	01-Ž		415	NULL	NULL	NULL
missed	614796	B>A	Centras–Oslo g.–Lazdynai	427	NULL	NULL	NULL	NULL	NULL	NULL	NULL	22	Autobusai	22	01-Ž		451	NULL	NULL	NULL
missed	614796	A>B	Lazdynai–Oslo g.–Centras	451	NULL	NULL	NULL	NULL	NULL	NULL	NULL	22	Autobusai	22	01-Ž		477	NULL	NULL	NULL
missed	614796	B>A	Centras–Oslo g.–Lazdynai	491	NULL	NULL	NULL	NULL	NULL	NULL	NULL	22	Autobusai	22	01-Ž		515	NULL	NULL	NULL
missed	614796	A>B	Lazdynai–Oslo g.–Centras	515	NULL	NULL	NULL	NULL	NULL	NULL	NULL	22	Autobusai	22	01-Ž		541	NULL	NULL	NULL
missed	614796	B>A	Centras–Oslo g.–Lazdynai	571	NULL	NULL	NULL	NULL	NULL	NULL	NULL	22	Autobusai	22	01-Ž		595	NULL	NULL	NULL
missed	614796	A>B	Lazdynai–Oslo g.–Centras	595	NULL	NULL	NULL	NULL	NULL	NULL	NULL	22	Autobusai	22	01-Ž		620	NULL	NULL	NULL
missed	614796	B>A	Centras–Oslo g.–Lazdynai	630	NULL	NULL	NULL	NULL	NULL	NULL	NULL	22	Autobusai	22	01-Ž		654	NULL	NULL	NULL
missed	614796	A>B	Lazdynai–Oslo g.–Centras	654	NULL	NULL	NULL	NULL	NULL	NULL	NULL	22	Autobusai	22	01-Ž		679	NULL	NULL	NULL
missed	614796	B>A	Centras–Oslo g.–Lazdynai	689	NULL	NULL	NULL	NULL	NULL	NULL	NULL	22	Autobusai	22	01-Ž		713	NULL	NULL	NULL
missed	614796	A>B	Lazdynai–Oslo g.–Centras	713	NULL	NULL	NULL	NULL	NULL	NULL	NULL	22	Autobusai	22	01-Ž		738	NULL	NULL	NULL
missed	614796	B>A	Centras–Oslo g.–Lazdynai	748	NULL	NULL	NULL	NULL	NULL	NULL	NULL	22	Autobusai	22	01-Ž		772	NULL	NULL	NULL
missed	614796	A>B	Lazdynai–Oslo g.–Centras	772	NULL	NULL	NULL	NULL	NULL	NULL	NULL	22	Autobusai	22	01-Ž		797	NULL	NULL	NULL
missed	614796	B>A	Centras–Oslo g.–Lazdynai	807	NULL	NULL	NULL	NULL	NULL	NULL	NULL	22	Autobusai	22	01-Ž		831	NULL	NULL	NULL
missed	614796	A>B	Lazdynai–Oslo g.–Centras	831	NULL	NULL	NULL	NULL	NULL	NULL	NULL	22	Autobusai	22	01-Ž		856	NULL	NULL	NULL
missed	614796	B>A	Centras–Oslo g.–Lazdynai	867	NULL	NULL	NULL	NULL	NULL	NULL	NULL	22	Autobusai	22	01-Ž		891	NULL	NULL	NULL
missed	614796	A>B	Lazdynai–Oslo g.–Centras	891	NULL	NULL	NULL	NULL	NULL	NULL	NULL	22	Autobusai	22	01-Ž		916	NULL	NULL	NULL
missed	614796	B>A	Centras–Oslo g.–Lazdynai	926	NULL	NULL	NULL	NULL	NULL	NULL	NULL	22	Autobusai	22	01-Ž		950	NULL	NULL	NULL
missed	614796	A>B	Lazdynai–Oslo g.–Centras	950	NULL	NULL	NULL	NULL	NULL	NULL	NULL	22	Autobusai	22	01-Ž		976	NULL	NULL	NULL
missed	614796	B>A	Centras–Oslo g.–Lazdynai	989	NULL	NULL	NULL	NULL	NULL	NULL	NULL	22	Autobusai	22	01-Ž		1013	NULL	NULL	NULL
missed	614796	A>B	Lazdynai–Oslo g.–Centras	1013	NULL	NULL	NULL	NULL	NULL	NULL	NULL	22	Autobusai	22	01-Ž		1039	NULL	NULL	NULL
missed	614796	B>A	Centras–Oslo g.–Lazdynai	1050	NULL	NULL	NULL	NULL	NULL	NULL	NULL	22	Autobusai	22	01-Ž		1074	NULL	NULL	NULL
missed	614796	A>B	Lazdynai–Oslo g.–Centras	1074	NULL	NULL	NULL	NULL	NULL	NULL	NULL	22	Autobusai	22	01-Ž		1100	NULL	NULL	NULL
missed	614796	B>A	Centras–Oslo g.–Lazdynai	1130	NULL	NULL	NULL	NULL	NULL	NULL	NULL	22	Autobusai	22	01-Ž		1154	NULL	NULL	NULL
missed	614796	A>B	Lazdynai–Oslo g.–Centras	1154	NULL	NULL	NULL	NULL	NULL	NULL	NULL	22	Autobusai	22	01-Ž		1180	NULL	NULL	NULL
missed	614796	B>A	Centras–Oslo g.–Lazdynai	1210	NULL	NULL	NULL	NULL	NULL	NULL	NULL	22	Autobusai	22	01-Ž		1233	NULL	NULL	NULL
missed	614796	A>B	Lazdynai–Oslo g.–Centras	1233	NULL	NULL	NULL	NULL	NULL	NULL	NULL	22	Autobusai	22	01-Ž		1257	NULL	NULL	NULL
missed	614796	B>A	Centras–Oslo g.–Lazdynai	1269	NULL	NULL	NULL	NULL	NULL	NULL	NULL	22	Autobusai	22	01-Ž		1292	NULL	NULL	NULL
missed	614796	A>B	Lazdynai–Oslo g.–Centras	1292	NULL	NULL	NULL	NULL	NULL	NULL	NULL	22	Autobusai	22	01-Ž		1316	NULL	NULL	NULL
missed	614796	B>A	Centras–Oslo g.–Lazdynai	1329	NULL	NULL	NULL	NULL	NULL	NULL	NULL	22	Autobusai	22	01-Ž		1352	NULL	NULL	NULL
missed	614796	A>B	Lazdynai–Oslo g.–Centras	1352	NULL	NULL	NULL	NULL	NULL	NULL	NULL	22	Autobusai	22	01-Ž		1376	NULL	NULL	NULL
missed	614796	B>A	Centras–Oslo g.–Lazdynai	1400	NULL	NULL	NULL	NULL	NULL	NULL	NULL	22	Autobusai	22	01-Ž		1423	NULL	NULL	NULL
missed	614799	A>B	Lazdynai–Oslo g.–Centras	370	NULL	NULL	NULL	NULL	NULL	NULL	NULL	22	Autobusai	22	02		396	NULL	NULL	NULL
missed	614799	B>A	Centras–Oslo g.–Lazdynai	413	NULL	NULL	NULL	NULL	NULL	NULL	NULL	22	Autobusai	22	02		437	NULL	NULL	NULL
missed	614799	A>B	Lazdynai–Oslo g.–Centras	437	NULL	NULL	NULL	NULL	NULL	NULL	NULL	22	Autobusai	22	02		463	NULL	NULL	NULL
missed	614799	B>A	Centras–Oslo g.–Lazdynai	477	NULL	NULL	NULL	NULL	NULL	NULL	NULL	22	Autobusai	22	02		501	NULL	NULL	NULL
missed	614799	A>B	Lazdynai–Oslo g.–Centras	501	NULL	NULL	NULL	NULL	NULL	NULL	NULL	22	Autobusai	22	02		527	NULL	NULL	NULL
missed	614799	B>A	Centras–Oslo g.–Lazdynai	543	NULL	NULL	NULL	NULL	NULL	NULL	NULL	22	Autobusai	22	02		567	NULL	NULL	NULL
missed	614799	A>B	Lazdynai–Oslo g.–Centras	567	NULL	NULL	NULL	NULL	NULL	NULL	NULL	22	Autobusai	22	02		592	NULL	NULL	NULL
missed	614799	B>A	Centras–Oslo g.–Lazdynai	943	NULL	NULL	NULL	NULL	NULL	NULL	NULL	22	Autobusai	22	02		967	NULL	NULL	NULL
missed	614799	A>B	Lazdynai–Oslo g.–Centras	967	NULL	NULL	NULL	NULL	NULL	NULL	NULL	22	Autobusai	22	02		993	NULL	NULL	NULL
missed	614799	B>A	Centras–Oslo g.–Lazdynai	1005	NULL	NULL	NULL	NULL	NULL	NULL	NULL	22	Autobusai	22	02		1029	NULL	NULL	NULL
missed	614799	A>B	Lazdynai–Oslo g.–Centras	1029	NULL	NULL	NULL	NULL	NULL	NULL	NULL	22	Autobusai	22	02		1055	NULL	NULL	NULL
missed	614799	B>A	Centras–Oslo g.–Lazdynai	1067	NULL	NULL	NULL	NULL	NULL	NULL	NULL	22	Autobusai	22	02		1091	NULL	NULL	NULL
missed	614799	A>B	Lazdynai–Oslo g.–Centras	1091	NULL	NULL	NULL	NULL	NULL	NULL	NULL	22	Autobusai	22	02		1117	NULL	NULL	NULL
missed	614797	B>A	Centras–Oslo g.–Lazdynai	399	NULL	NULL	NULL	NULL	NULL	NULL	NULL	22	Autobusai	22	03		423	NULL	NULL	NULL
missed	614797	A>B	Lazdynai–Oslo g.–Centras	423	NULL	NULL	NULL	NULL	NULL	NULL	NULL	22	Autobusai	22	03		449	NULL	NULL	NULL
missed	614797	B>A	Centras–Oslo g.–Lazdynai	461	NULL	NULL	NULL	NULL	NULL	NULL	NULL	22	Autobusai	22	03		485	NULL	NULL	NULL
missed	614797	A>B	Lazdynai–Oslo g.–Centras	485	NULL	NULL	NULL	NULL	NULL	NULL	NULL	22	Autobusai	22	03		511	NULL	NULL	NULL
missed	614797	B>A	Centras–Oslo g.–Lazdynai	522	NULL	NULL	NULL	NULL	NULL	NULL	NULL	22	Autobusai	22	03		546	NULL	NULL	NULL
missed	614797	A>B	Lazdynai–Oslo g.–Centras	546	NULL	NULL	NULL	NULL	NULL	NULL	NULL	22	Autobusai	22	03		572	NULL	NULL	NULL
missed	614797	B>A	Centras–Oslo g.–Lazdynai	602	NULL	NULL	NULL	NULL	NULL	NULL	NULL	22	Autobusai	22	03		626	NULL	NULL	NULL
missed	614797	A>B	Lazdynai–Oslo g.–Centras	626	NULL	NULL	NULL	NULL	NULL	NULL	NULL	22	Autobusai	22	03		651	NULL	NULL	NULL
missed	614797	B>A	Centras–Oslo g.–Lazdynai	662	NULL	NULL	NULL	NULL	NULL	NULL	NULL	22	Autobusai	22	03		686	NULL	NULL	NULL
missed	614797	A>B	Lazdynai–Oslo g.–Centras	686	NULL	NULL	NULL	NULL	NULL	NULL	NULL	22	Autobusai	22	03		711	NULL	NULL	NULL
missed	614797	B>A	Centras–Oslo g.–Lazdynai	722	NULL	NULL	NULL	NULL	NULL	NULL	NULL	22	Autobusai	22	03		746	NULL	NULL	NULL
missed	614797	A>B	Lazdynai–Oslo g.–Centras	746	NULL	NULL	NULL	NULL	NULL	NULL	NULL	22	Autobusai	22	03		771	NULL	NULL	NULL
missed	614797	B>A	Centras–Oslo g.–Lazdynai	781	NULL	NULL	NULL	NULL	NULL	NULL	NULL	22	Autobusai	22	03		805	NULL	NULL	NULL
missed	614797	A>B	Lazdynai–Oslo g.–Centras	805	NULL	NULL	NULL	NULL	NULL	NULL	NULL	22	Autobusai	22	03		830	NULL	NULL	NULL
missed	614797	B>A	Centras–Oslo g.–Lazdynai	842	NULL	NULL	NULL	NULL	NULL	NULL	NULL	22	Autobusai	22	03		866	NULL	NULL	NULL
missed	614797	A>B	Lazdynai–Oslo g.–Centras	866	NULL	NULL	NULL	NULL	NULL	NULL	NULL	22	Autobusai	22	03		891	NULL	NULL	NULL
missed	614797	B>A	Centras–Oslo g.–Lazdynai	901	NULL	NULL	NULL	NULL	NULL	NULL	NULL	22	Autobusai	22	03		925	NULL	NULL	NULL
missed	614797	A>B	Lazdynai–Oslo g.–Centras	925	NULL	NULL	NULL	NULL	NULL	NULL	NULL	22	Autobusai	22	03		950	NULL	NULL	NULL
missed	614797	B>A	Centras–Oslo g.–Lazdynai	960	NULL	NULL	NULL	NULL	NULL	NULL	NULL	22	Autobusai	22	03		984	NULL	NULL	NULL
missed	614797	A>B	Lazdynai–Oslo g.–Centras	984	NULL	NULL	NULL	NULL	NULL	NULL	NULL	22	Autobusai	22	03		1010	NULL	NULL	NULL
missed	614797	B>A	Centras–Oslo g.–Lazdynai	1021	NULL	NULL	NULL	NULL	NULL	NULL	NULL	22	Autobusai	22	03		1045	NULL	NULL	NULL
missed	614797	A>B	Lazdynai–Oslo g.–Centras	1045	NULL	NULL	NULL	NULL	NULL	NULL	NULL	22	Autobusai	22	03		1071	NULL	NULL	NULL
missed	614797	B>A	Centras–Oslo g.–Lazdynai	1083	NULL	NULL	NULL	NULL	NULL	NULL	NULL	22	Autobusai	22	03		1107	NULL	NULL	NULL
missed	614797	A>B	Lazdynai–Oslo g.–Centras	1107	NULL	NULL	NULL	NULL	NULL	NULL	NULL	22	Autobusai	22	03		1133	NULL	NULL	NULL
missed	614797	B>A	Centras–Oslo g.–Lazdynai	1163	NULL	NULL	NULL	NULL	NULL	NULL	NULL	22	Autobusai	22	03		1187	NULL	NULL	NULL
missed	614797	A>B	Lazdynai–Oslo g.–Centras	1187	NULL	NULL	NULL	NULL	NULL	NULL	NULL	22	Autobusai	22	03		1211	NULL	NULL	NULL
missed	614797	B>A	Centras–Oslo g.–Lazdynai	1241	NULL	NULL	NULL	NULL	NULL	NULL	NULL	22	Autobusai	22	03		1264	NULL	NULL	NULL
missed	614797	A>B	Lazdynai–Oslo g.–Centras	1264	NULL	NULL	NULL	NULL	NULL	NULL	NULL	22	Autobusai	22	03		1288	NULL	NULL	NULL
missed	614797	B>A	Centras–Oslo g.–Lazdynai	1300	NULL	NULL	NULL	NULL	NULL	NULL	NULL	22	Autobusai	22	03		1323	NULL	NULL	NULL
missed	614797	A>B	Lazdynai–Oslo g.–Centras	1323	NULL	NULL	NULL	NULL	NULL	NULL	NULL	22	Autobusai	22	03		1347	NULL	NULL	NULL
missed	614797	B>A	Centras–Oslo g.–Lazdynai	1365	NULL	NULL	NULL	NULL	NULL	NULL	NULL	22	Autobusai	22	03		1388	NULL	NULL	NULL
missed	614797	A>B	Lazdynai–Oslo g.–Centras	1388	NULL	NULL	NULL	NULL	NULL	NULL	NULL	22	Autobusai	22	03		1412	NULL	NULL	NULL
missed	614798	B>A	Centras–Oslo g.–Lazdynai	328	NULL	NULL	NULL	NULL	NULL	NULL	NULL	22	Autobusai	22	04		351	NULL	NULL	NULL
missed	614798	A>B	Lazdynai–Oslo g.–Centras	351	NULL	NULL	NULL	NULL	NULL	NULL	NULL	22	Autobusai	22	04		375	NULL	NULL	NULL
missed	614798	B>A	Centras–Oslo g.–Lazdynai	385	NULL	NULL	NULL	NULL	NULL	NULL	NULL	22	Autobusai	22	04		409	NULL	NULL	NULL
missed	614798	A>B	Lazdynai–Oslo g.–Centras	409	NULL	NULL	NULL	NULL	NULL	NULL	NULL	22	Autobusai	22	04		435	NULL	NULL	NULL
missed	614798	B>A	Centras–Oslo g.–Lazdynai	445	NULL	NULL	NULL	NULL	NULL	NULL	NULL	22	Autobusai	22	04		469	NULL	NULL	NULL
missed	614798	A>B	Lazdynai–Oslo g.–Centras	469	NULL	NULL	NULL	NULL	NULL	NULL	NULL	22	Autobusai	22	04		495	NULL	NULL	NULL
missed	614798	B>A	Centras–Oslo g.–Lazdynai	507	NULL	NULL	NULL	NULL	NULL	NULL	NULL	22	Autobusai	22	04		531	NULL	NULL	NULL
missed	614798	A>B	Lazdynai–Oslo g.–Centras	531	NULL	NULL	NULL	NULL	NULL	NULL	NULL	22	Autobusai	22	04		557	NULL	NULL	NULL
missed	614798	B>A	Centras–Oslo g.–Lazdynai	975	NULL	NULL	NULL	NULL	NULL	NULL	NULL	22	Autobusai	22	04		999	NULL	NULL	NULL
missed	614798	A>B	Lazdynai–Oslo g.–Centras	999	NULL	NULL	NULL	NULL	NULL	NULL	NULL	22	Autobusai	22	04		1025	NULL	NULL	NULL
missed	614798	B>A	Centras–Oslo g.–Lazdynai	1036	NULL	NULL	NULL	NULL	NULL	NULL	NULL	22	Autobusai	22	04		1060	NULL	NULL	NULL
missed	614798	A>B	Lazdynai–Oslo g.–Centras	1060	NULL	NULL	NULL	NULL	NULL	NULL	NULL	22	Autobusai	22	04		1086	NULL	NULL	NULL
missed	614798	B>A	Centras–Oslo g.–Lazdynai	1099	NULL	NULL	NULL	NULL	NULL	NULL	NULL	22	Autobusai	22	04		1123	NULL	NULL	NULL
missed	614798	A>B	Lazdynai–Oslo g.–Centras	1123	NULL	NULL	NULL	NULL	NULL	NULL	NULL	22	Autobusai	22	04		1149	NULL	NULL	NULL
missed	539465	A>B	Stotis–Švitrigailos g.–Lazdynai	328	NULL	NULL	NULL	NULL	NULL	NULL	NULL	23	Autobusai	23	01-Ž		355	NULL	NULL	NULL
missed	539465	B>A	Lazdynai–Švitrigailos g.–Stotis	356	NULL	NULL	NULL	NULL	NULL	NULL	NULL	23	Autobusai	23	01-Ž		396	NULL	NULL	NULL
missed	539465	A>B	Stotis–Švitrigailos g.–Lazdynai	407	NULL	NULL	NULL	NULL	NULL	NULL	NULL	23	Autobusai	23	01-Ž		435	NULL	NULL	NULL
missed	539465	B>A	Lazdynai–Švitrigailos g.–Stotis	436	NULL	NULL	NULL	NULL	NULL	NULL	NULL	23	Autobusai	23	01-Ž		476	NULL	NULL	NULL
missed	539465	A>B	Stotis–Švitrigailos g.–Lazdynai	488	NULL	NULL	NULL	NULL	NULL	NULL	NULL	23	Autobusai	23	01-Ž		516	NULL	NULL	NULL
missed	539465	B>A	Lazdynai–Švitrigailos g.–Stotis	517	NULL	NULL	NULL	NULL	NULL	NULL	NULL	23	Autobusai	23	01-Ž		555	NULL	NULL	NULL
missed	539465	B>A	Lazdynai–Švitrigailos g.–Stotis	617	NULL	NULL	NULL	NULL	NULL	NULL	NULL	23	Autobusai	23	01-Ž		655	NULL	NULL	NULL
missed	539465	A>B	Stotis–Švitrigailos g.–Lazdynai	666	NULL	NULL	NULL	NULL	NULL	NULL	NULL	23	Autobusai	23	01-Ž		694	NULL	NULL	NULL
missed	539465	B>A	Lazdynai–Švitrigailos g.–Stotis	695	NULL	NULL	NULL	NULL	NULL	NULL	NULL	23	Autobusai	23	01-Ž		733	NULL	NULL	NULL
missed	539465	A>B	Stotis–Švitrigailos g.–Lazdynai	745	NULL	NULL	NULL	NULL	NULL	NULL	NULL	23	Autobusai	23	01-Ž		773	NULL	NULL	NULL
missed	539465	B>A	Lazdynai–Švitrigailos g.–Stotis	774	NULL	NULL	NULL	NULL	NULL	NULL	NULL	23	Autobusai	23	01-Ž		812	NULL	NULL	NULL
missed	539465	A>B	Stotis–Švitrigailos g.–Lazdynai	818	NULL	NULL	NULL	NULL	NULL	NULL	NULL	23	Autobusai	23	01-Ž		846	NULL	NULL	NULL
missed	539465	B>A	Lazdynai–Švitrigailos g.–Stotis	856	NULL	NULL	NULL	NULL	NULL	NULL	NULL	23	Autobusai	23	01-Ž		896	NULL	NULL	NULL
missed	539465	A>B	Stotis–Švitrigailos g.–Lazdynai	903	NULL	NULL	NULL	NULL	NULL	NULL	NULL	23	Autobusai	23	01-Ž		931	NULL	NULL	NULL
missed	539465	B>A	Lazdynai–Švitrigailos g.–Stotis	932	NULL	NULL	NULL	NULL	NULL	NULL	NULL	23	Autobusai	23	01-Ž		972	NULL	NULL	NULL
missed	539465	A>B	Stotis–Švitrigailos g.–Lazdynai	982	NULL	NULL	NULL	NULL	NULL	NULL	NULL	23	Autobusai	23	01-Ž		1013	NULL	NULL	NULL
missed	539465	B>A	Lazdynai–Švitrigailos g.–Stotis	1014	NULL	NULL	NULL	NULL	NULL	NULL	NULL	23	Autobusai	23	01-Ž		1054	NULL	NULL	NULL
missed	539465	A>B	Stotis–Švitrigailos g.–Lazdynai	1065	NULL	NULL	NULL	NULL	NULL	NULL	NULL	23	Autobusai	23	01-Ž		1096	NULL	NULL	NULL
missed	539465	B>A	Lazdynai–Švitrigailos g.–Stotis	1097	NULL	NULL	NULL	NULL	NULL	NULL	NULL	23	Autobusai	23	01-Ž		1137	NULL	NULL	NULL
missed	539465	B>A	Lazdynai–Švitrigailos g.–Stotis	1206	NULL	NULL	NULL	NULL	NULL	NULL	NULL	23	Autobusai	23	01-Ž		1242	NULL	NULL	NULL
missed	539465	A>B	Stotis–Švitrigailos g.–Lazdynai	1252	NULL	NULL	NULL	NULL	NULL	NULL	NULL	23	Autobusai	23	01-Ž		1279	NULL	NULL	NULL
missed	539465	B>A	Lazdynai–Švitrigailos g.–Stotis	1280	NULL	NULL	NULL	NULL	NULL	NULL	NULL	23	Autobusai	23	01-Ž		1316	NULL	NULL	NULL
missed	539465	A>B	Stotis–Švitrigailos g.–Lazdynai	1326	NULL	NULL	NULL	NULL	NULL	NULL	NULL	23	Autobusai	23	01-Ž		1353	NULL	NULL	NULL
missed	539465	B>A	Lazdynai–Švitrigailos g.–Stotis	1353	NULL	NULL	NULL	NULL	NULL	NULL	NULL	23	Autobusai	23	01-Ž		1389	NULL	NULL	NULL
missed	539466	B>A	Lazdynai–Švitrigailos g.–Stotis	326	NULL	NULL	NULL	NULL	NULL	NULL	NULL	23	Autobusai	23	02		362	NULL	NULL	NULL
missed	539466	A>B	Stotis–Švitrigailos g.–Lazdynai	373	NULL	NULL	NULL	NULL	NULL	NULL	NULL	23	Autobusai	23	02		401	NULL	NULL	NULL
missed	539466	B>A	Lazdynai–Švitrigailos g.–Stotis	402	NULL	NULL	NULL	NULL	NULL	NULL	NULL	23	Autobusai	23	02		442	NULL	NULL	NULL
missed	539466	A>B	Stotis–Švitrigailos g.–Lazdynai	453	NULL	NULL	NULL	NULL	NULL	NULL	NULL	23	Autobusai	23	02		481	NULL	NULL	NULL
missed	539466	B>A	Lazdynai–Švitrigailos g.–Stotis	482	NULL	NULL	NULL	NULL	NULL	NULL	NULL	23	Autobusai	23	02		520	NULL	NULL	NULL
missed	539466	A>B	Stotis–Švitrigailos g.–Lazdynai	531	NULL	NULL	NULL	NULL	NULL	NULL	NULL	23	Autobusai	23	02		559	NULL	NULL	NULL
missed	539466	B>A	Lazdynai–Švitrigailos g.–Stotis	560	NULL	NULL	NULL	NULL	NULL	NULL	NULL	23	Autobusai	23	02		598	NULL	NULL	NULL
missed	539466	B>A	Lazdynai–Švitrigailos g.–Stotis	660	NULL	NULL	NULL	NULL	NULL	NULL	NULL	23	Autobusai	23	02		698	NULL	NULL	NULL
missed	539466	A>B	Stotis–Švitrigailos g.–Lazdynai	709	NULL	NULL	NULL	NULL	NULL	NULL	NULL	23	Autobusai	23	02		737	NULL	NULL	NULL
missed	539466	B>A	Lazdynai–Švitrigailos g.–Stotis	738	NULL	NULL	NULL	NULL	NULL	NULL	NULL	23	Autobusai	23	02		776	NULL	NULL	NULL
missed	539466	A>B	Stotis–Švitrigailos g.–Lazdynai	782	NULL	NULL	NULL	NULL	NULL	NULL	NULL	23	Autobusai	23	02		810	NULL	NULL	NULL
missed	539466	B>A	Lazdynai–Švitrigailos g.–Stotis	820	NULL	NULL	NULL	NULL	NULL	NULL	NULL	23	Autobusai	23	02		858	NULL	NULL	NULL
missed	539466	A>B	Stotis–Švitrigailos g.–Lazdynai	865	NULL	NULL	NULL	NULL	NULL	NULL	NULL	23	Autobusai	23	02		893	NULL	NULL	NULL
missed	539466	B>A	Lazdynai–Švitrigailos g.–Stotis	894	NULL	NULL	NULL	NULL	NULL	NULL	NULL	23	Autobusai	23	02		934	NULL	NULL	NULL
missed	539466	A>B	Stotis–Švitrigailos g.–Lazdynai	945	NULL	NULL	NULL	NULL	NULL	NULL	NULL	23	Autobusai	23	02		973	NULL	NULL	NULL
missed	539466	B>A	Lazdynai–Švitrigailos g.–Stotis	974	NULL	NULL	NULL	NULL	NULL	NULL	NULL	23	Autobusai	23	02		1014	NULL	NULL	NULL
missed	539466	A>B	Stotis–Švitrigailos g.–Lazdynai	1024	NULL	NULL	NULL	NULL	NULL	NULL	NULL	23	Autobusai	23	02		1055	NULL	NULL	NULL
missed	539466	B>A	Lazdynai–Švitrigailos g.–Stotis	1056	NULL	NULL	NULL	NULL	NULL	NULL	NULL	23	Autobusai	23	02		1096	NULL	NULL	NULL
missed	539466	B>A	Lazdynai–Švitrigailos g.–Stotis	1163	NULL	NULL	NULL	NULL	NULL	NULL	NULL	23	Autobusai	23	02		1203	NULL	NULL	NULL
missed	539466	A>B	Stotis–Švitrigailos g.–Lazdynai	1211	NULL	NULL	NULL	NULL	NULL	NULL	NULL	23	Autobusai	23	02		1238	NULL	NULL	NULL
missed	539466	B>A	Lazdynai–Švitrigailos g.–Stotis	1239	NULL	NULL	NULL	NULL	NULL	NULL	NULL	23	Autobusai	23	02		1275	NULL	NULL	NULL
missed	539466	A>B	Stotis–Švitrigailos g.–Lazdynai	1287	NULL	NULL	NULL	NULL	NULL	NULL	NULL	23	Autobusai	23	02		1314	NULL	NULL	NULL
missed	539466	B>A	Lazdynai–Švitrigailos g.–Stotis	1315	NULL	NULL	NULL	NULL	NULL	NULL	NULL	23	Autobusai	23	02		1351	NULL	NULL	NULL
missed	614802	A>B	Fabijoniškės–Ukmergės g.–Žemieji Paneriai	322	NULL	NULL	NULL	NULL	NULL	NULL	NULL	24	Autobusai	24	01-ž		356	NULL	NULL	NULL
missed	614802	B>A	Žemieji Paneriai–Ukmergės g.–Fabijoniškės	361	NULL	NULL	NULL	NULL	NULL	NULL	NULL	24	Autobusai	24	01-ž		392	NULL	NULL	NULL
missed	614802	A>B	Fabijoniškės–Ukmergės g.–Žemieji Paneriai	401	NULL	NULL	NULL	NULL	NULL	NULL	NULL	24	Autobusai	24	01-ž		439	NULL	NULL	NULL
missed	614802	B>A	Žemieji Paneriai–Ukmergės g.–Fabijoniškės	445	NULL	NULL	NULL	NULL	NULL	NULL	NULL	24	Autobusai	24	01-ž		478	NULL	NULL	NULL
missed	614802	A>B	Fabijoniškės–Ukmergės g.–Žemieji Paneriai	487	NULL	NULL	NULL	NULL	NULL	NULL	NULL	24	Autobusai	24	01-ž		525	NULL	NULL	NULL
missed	614802	B>A	Žemieji Paneriai–Ukmergės g.–Fabijoniškės	533	NULL	NULL	NULL	NULL	NULL	NULL	NULL	24	Autobusai	24	01-ž		565	NULL	NULL	NULL
missed	614802	A>B	Fabijoniškės–Ukmergės g.–Žemieji Paneriai	605	NULL	NULL	NULL	NULL	NULL	NULL	NULL	24	Autobusai	24	01-ž		642	NULL	NULL	NULL
missed	614802	B>A	Žemieji Paneriai–Ukmergės g.–Fabijoniškės	648	NULL	NULL	NULL	NULL	NULL	NULL	NULL	24	Autobusai	24	01-ž		680	NULL	NULL	NULL
missed	614802	A>B	Fabijoniškės–Ukmergės g.–Žemieji Paneriai	692	NULL	NULL	NULL	NULL	NULL	NULL	NULL	24	Autobusai	24	01-ž		729	NULL	NULL	NULL
missed	614802	B>A	Žemieji Paneriai–Ukmergės g.–Fabijoniškės	735	NULL	NULL	NULL	NULL	NULL	NULL	NULL	24	Autobusai	24	01-ž		767	NULL	NULL	NULL
missed	614802	A>B	Fabijoniškės–Ukmergės g.–Žemieji Paneriai	776	NULL	NULL	NULL	NULL	NULL	NULL	NULL	24	Autobusai	24	01-ž		813	NULL	NULL	NULL
missed	614802	B>A	Žemieji Paneriai–Ukmergės g.–Fabijoniškės	819	NULL	NULL	NULL	NULL	NULL	NULL	NULL	24	Autobusai	24	01-ž		851	NULL	NULL	NULL
missed	614802	A>B	Fabijoniškės–Ukmergės g.–Žemieji Paneriai	864	NULL	NULL	NULL	NULL	NULL	NULL	NULL	24	Autobusai	24	01-ž		901	NULL	NULL	NULL
missed	614802	B>A	Žemieji Paneriai–Ukmergės g.–Fabijoniškės	907	NULL	NULL	NULL	NULL	NULL	NULL	NULL	24	Autobusai	24	01-ž		939	NULL	NULL	NULL
missed	614802	A>B	Fabijoniškės–Ukmergės g.–Žemieji Paneriai	958	NULL	NULL	NULL	NULL	NULL	NULL	NULL	24	Autobusai	24	01-ž		996	NULL	NULL	NULL
missed	614802	B>A	Žemieji Paneriai–Ukmergės g.–Fabijoniškės	1004	NULL	NULL	NULL	NULL	NULL	NULL	NULL	24	Autobusai	24	01-ž		1039	NULL	NULL	NULL
missed	614802	A>B	Fabijoniškės–Ukmergės g.–Žemieji Paneriai	1050	NULL	NULL	NULL	NULL	NULL	NULL	NULL	24	Autobusai	24	01-ž		1088	NULL	NULL	NULL
missed	614802	B>A	Žemieji Paneriai–Ukmergės g.–Fabijoniškės	1094	NULL	NULL	NULL	NULL	NULL	NULL	NULL	24	Autobusai	24	01-ž		1129	NULL	NULL	NULL
missed	614802	A>B	Fabijoniškės–Ukmergės g.–Žemieji Paneriai	1161	NULL	NULL	NULL	NULL	NULL	NULL	NULL	24	Autobusai	24	01-ž		1198	NULL	NULL	NULL
missed	614802	B>A	Žemieji Paneriai–Ukmergės g.–Fabijoniškės	1203	NULL	NULL	NULL	NULL	NULL	NULL	NULL	24	Autobusai	24	01-ž		1233	NULL	NULL	NULL
missed	614802	A>B	Fabijoniškės–Ukmergės g.–Žemieji Paneriai	1239	NULL	NULL	NULL	NULL	NULL	NULL	NULL	24	Autobusai	24	01-ž		1274	NULL	NULL	NULL
missed	614802	B>A	Žemieji Paneriai–Ukmergės g.–Fabijoniškės	1279	NULL	NULL	NULL	NULL	NULL	NULL	NULL	24	Autobusai	24	01-ž		1309	NULL	NULL	NULL
missed	614802	A>B	Fabijoniškės–Ukmergės g.–Žemieji Paneriai	1315	NULL	NULL	NULL	NULL	NULL	NULL	NULL	24	Autobusai	24	01-ž		1350	NULL	NULL	NULL
missed	614802	B>A	Žemieji Paneriai–Ukmergės g.–Fabijoniškės	1355	NULL	NULL	NULL	NULL	NULL	NULL	NULL	24	Autobusai	24	01-ž		1385	NULL	NULL	NULL
missed	614803	A>B	Fabijoniškės–Ukmergės g.–Žemieji Paneriai	346	NULL	NULL	NULL	NULL	NULL	NULL	NULL	24	Autobusai	24	02		382	NULL	NULL	NULL
missed	614803	B>A	Žemieji Paneriai–Ukmergės g.–Fabijoniškės	387	NULL	NULL	NULL	NULL	NULL	NULL	NULL	24	Autobusai	24	02		418	NULL	NULL	NULL
missed	614803	A>B	Fabijoniškės–Ukmergės g.–Žemieji Paneriai	424	NULL	NULL	NULL	NULL	NULL	NULL	NULL	24	Autobusai	24	02		462	NULL	NULL	NULL
missed	614803	B>A	Žemieji Paneriai–Ukmergės g.–Fabijoniškės	468	NULL	NULL	NULL	NULL	NULL	NULL	NULL	24	Autobusai	24	02		501	NULL	NULL	NULL
missed	614803	A>B	Fabijoniškės–Ukmergės g.–Žemieji Paneriai	510	NULL	NULL	NULL	NULL	NULL	NULL	NULL	24	Autobusai	24	02		548	NULL	NULL	NULL
missed	614803	B>A	Žemieji Paneriai–Ukmergės g.–Fabijoniškės	558	NULL	NULL	NULL	NULL	NULL	NULL	NULL	24	Autobusai	24	02		590	NULL	NULL	NULL
missed	614803	A>B	Fabijoniškės–Ukmergės g.–Žemieji Paneriai	909	NULL	NULL	NULL	NULL	NULL	NULL	NULL	24	Autobusai	24	02		946	NULL	NULL	NULL
missed	614803	B>A	Žemieji Paneriai–Ukmergės g.–Fabijoniškės	954	NULL	NULL	NULL	NULL	NULL	NULL	NULL	24	Autobusai	24	02		987	NULL	NULL	NULL
missed	614803	A>B	Fabijoniškės–Ukmergės g.–Žemieji Paneriai	994	NULL	NULL	NULL	NULL	NULL	NULL	NULL	24	Autobusai	24	02		1032	NULL	NULL	NULL
missed	614803	B>A	Žemieji Paneriai–Ukmergės g.–Fabijoniškės	1038	NULL	NULL	NULL	NULL	NULL	NULL	NULL	24	Autobusai	24	02		1075	NULL	NULL	NULL
missed	614805	A>B	Fabijoniškės–Ukmergės g.–Žemieji Paneriai	391	NULL	NULL	NULL	NULL	NULL	NULL	NULL	24	Autobusai	24	03		429	NULL	NULL	NULL
missed	614805	B>A	Žemieji Paneriai–Ukmergės g.–Fabijoniškės	434	NULL	NULL	NULL	NULL	NULL	NULL	NULL	24	Autobusai	24	03		467	NULL	NULL	NULL
missed	614805	A>B	Fabijoniškės–Ukmergės g.–Žemieji Paneriai	475	NULL	NULL	NULL	NULL	NULL	NULL	NULL	24	Autobusai	24	03		513	NULL	NULL	NULL
missed	614805	B>A	Žemieji Paneriai–Ukmergės g.–Fabijoniškės	519	NULL	NULL	NULL	NULL	NULL	NULL	NULL	24	Autobusai	24	03		552	NULL	NULL	NULL
missed	614805	A>B	Fabijoniškės–Ukmergės g.–Žemieji Paneriai	584	NULL	NULL	NULL	NULL	NULL	NULL	NULL	24	Autobusai	24	03		621	NULL	NULL	NULL
missed	614805	B>A	Žemieji Paneriai–Ukmergės g.–Fabijoniškės	627	NULL	NULL	NULL	NULL	NULL	NULL	NULL	24	Autobusai	24	03		659	NULL	NULL	NULL
missed	614805	A>B	Fabijoniškės–Ukmergės g.–Žemieji Paneriai	667	NULL	NULL	NULL	NULL	NULL	NULL	NULL	24	Autobusai	24	03		704	NULL	NULL	NULL
missed	614805	B>A	Žemieji Paneriai–Ukmergės g.–Fabijoniškės	710	NULL	NULL	NULL	NULL	NULL	NULL	NULL	24	Autobusai	24	03		742	NULL	NULL	NULL
missed	614805	A>B	Fabijoniškės–Ukmergės g.–Žemieji Paneriai	750	NULL	NULL	NULL	NULL	NULL	NULL	NULL	24	Autobusai	24	03		787	NULL	NULL	NULL
missed	614805	B>A	Žemieji Paneriai–Ukmergės g.–Fabijoniškės	793	NULL	NULL	NULL	NULL	NULL	NULL	NULL	24	Autobusai	24	03		825	NULL	NULL	NULL
missed	614805	A>B	Fabijoniškės–Ukmergės g.–Žemieji Paneriai	833	NULL	NULL	NULL	NULL	NULL	NULL	NULL	24	Autobusai	24	03		870	NULL	NULL	NULL
missed	614805	B>A	Žemieji Paneriai–Ukmergės g.–Fabijoniškės	876	NULL	NULL	NULL	NULL	NULL	NULL	NULL	24	Autobusai	24	03		908	NULL	NULL	NULL
missed	614805	A>B	Fabijoniškės–Ukmergės g.–Žemieji Paneriai	921	NULL	NULL	NULL	NULL	NULL	NULL	NULL	24	Autobusai	24	03		958	NULL	NULL	NULL
missed	614805	B>A	Žemieji Paneriai–Ukmergės g.–Fabijoniškės	964	NULL	NULL	NULL	NULL	NULL	NULL	NULL	24	Autobusai	24	03		997	NULL	NULL	NULL
missed	614805	A>B	Fabijoniškės–Ukmergės g.–Žemieji Paneriai	1005	NULL	NULL	NULL	NULL	NULL	NULL	NULL	24	Autobusai	24	03		1043	NULL	NULL	NULL
missed	614805	B>A	Žemieji Paneriai–Ukmergės g.–Fabijoniškės	1049	NULL	NULL	NULL	NULL	NULL	NULL	NULL	24	Autobusai	24	03		1086	NULL	NULL	NULL
missed	614805	A>B	Fabijoniškės–Ukmergės g.–Žemieji Paneriai	1093	NULL	NULL	NULL	NULL	NULL	NULL	NULL	24	Autobusai	24	03		1131	NULL	NULL	NULL
missed	614805	B>A	Žemieji Paneriai–Ukmergės g.–Fabijoniškės	1137	NULL	NULL	NULL	NULL	NULL	NULL	NULL	24	Autobusai	24	03		1171	NULL	NULL	NULL
missed	614805	A>B	Fabijoniškės–Ukmergės g.–Žemieji Paneriai	1206	NULL	NULL	NULL	NULL	NULL	NULL	NULL	24	Autobusai	24	03		1241	NULL	NULL	NULL
missed	614805	B>A	Žemieji Paneriai–Ukmergės g.–Fabijoniškės	1246	NULL	NULL	NULL	NULL	NULL	NULL	NULL	24	Autobusai	24	03		1276	NULL	NULL	NULL
missed	614805	A>B	Fabijoniškės–Ukmergės g.–Žemieji Paneriai	1283	NULL	NULL	NULL	NULL	NULL	NULL	NULL	24	Autobusai	24	03		1318	NULL	NULL	NULL
missed	614805	B>A	Žemieji Paneriai–Ukmergės g.–Fabijoniškės	1323	NULL	NULL	NULL	NULL	NULL	NULL	NULL	24	Autobusai	24	03		1353	NULL	NULL	NULL
missed	614805	A>B	Fabijoniškės–Ukmergės g.–Žemieji Paneriai	1360	NULL	NULL	NULL	NULL	NULL	NULL	NULL	24	Autobusai	24	03		1395	NULL	NULL	NULL
missed	614805	B>A	Žemieji Paneriai–Ukmergės g.–Fabijoniškės	1400	NULL	NULL	NULL	NULL	NULL	NULL	NULL	24	Autobusai	24	03		1430	NULL	NULL	NULL
missed	614800	B>A	Žemieji Paneriai–Ukmergės g.–Fabijoniškės	332	NULL	NULL	NULL	NULL	NULL	NULL	NULL	24	Autobusai	24	04		363	NULL	NULL	NULL
missed	614800	A>B	Fabijoniškės–Ukmergės g.–Žemieji Paneriai	370	NULL	NULL	NULL	NULL	NULL	NULL	NULL	24	Autobusai	24	04		406	NULL	NULL	NULL
missed	614800	B>A	Žemieji Paneriai–Ukmergės g.–Fabijoniškės	411	NULL	NULL	NULL	NULL	NULL	NULL	NULL	24	Autobusai	24	04		444	NULL	NULL	NULL
missed	614800	A>B	Fabijoniškės–Ukmergės g.–Žemieji Paneriai	453	NULL	NULL	NULL	NULL	NULL	NULL	NULL	24	Autobusai	24	04		491	NULL	NULL	NULL
missed	614800	B>A	Žemieji Paneriai–Ukmergės g.–Fabijoniškės	500	NULL	NULL	NULL	NULL	NULL	NULL	NULL	24	Autobusai	24	04		533	NULL	NULL	NULL
missed	614800	A>B	Fabijoniškės–Ukmergės g.–Žemieji Paneriai	540	NULL	NULL	NULL	NULL	NULL	NULL	NULL	24	Autobusai	24	04		578	NULL	NULL	NULL
missed	614800	B>A	Žemieji Paneriai–Ukmergės g.–Fabijoniškės	584	NULL	NULL	NULL	NULL	NULL	NULL	NULL	24	Autobusai	24	04		616	NULL	NULL	NULL
missed	614800	A>B	Fabijoniškės–Ukmergės g.–Žemieji Paneriai	930	NULL	NULL	NULL	NULL	NULL	NULL	NULL	24	Autobusai	24	04		967	NULL	NULL	NULL
missed	614800	B>A	Žemieji Paneriai–Ukmergės g.–Fabijoniškės	974	NULL	NULL	NULL	NULL	NULL	NULL	NULL	24	Autobusai	24	04		1009	NULL	NULL	NULL
missed	614800	A>B	Fabijoniškės–Ukmergės g.–Žemieji Paneriai	1017	NULL	NULL	NULL	NULL	NULL	NULL	NULL	24	Autobusai	24	04		1055	NULL	NULL	NULL
missed	614800	B>A	Žemieji Paneriai–Ukmergės g.–Fabijoniškės	1061	NULL	NULL	NULL	NULL	NULL	NULL	NULL	24	Autobusai	24	04		1098	NULL	NULL	NULL
missed	614806	A>B	Fabijoniškės–Ukmergės g.–Žemieji Paneriai	334	NULL	NULL	NULL	NULL	NULL	NULL	NULL	24	Autobusai	24	05		369	NULL	NULL	NULL
missed	614806	B>A	Žemieji Paneriai–Ukmergės g.–Fabijoniškės	374	NULL	NULL	NULL	NULL	NULL	NULL	NULL	24	Autobusai	24	05		405	NULL	NULL	NULL
missed	614806	A>B	Fabijoniškės–Ukmergės g.–Žemieji Paneriai	413	NULL	NULL	NULL	NULL	NULL	NULL	NULL	24	Autobusai	24	05		451	NULL	NULL	NULL
missed	614806	B>A	Žemieji Paneriai–Ukmergės g.–Fabijoniškės	458	NULL	NULL	NULL	NULL	NULL	NULL	NULL	24	Autobusai	24	05		491	NULL	NULL	NULL
missed	614806	A>B	Fabijoniškės–Ukmergės g.–Žemieji Paneriai	500	NULL	NULL	NULL	NULL	NULL	NULL	NULL	24	Autobusai	24	05		538	NULL	NULL	NULL
missed	614806	B>A	Žemieji Paneriai–Ukmergės g.–Fabijoniškės	549	NULL	NULL	NULL	NULL	NULL	NULL	NULL	24	Autobusai	24	05		581	NULL	NULL	NULL
missed	614806	A>B	Fabijoniškės–Ukmergės g.–Žemieji Paneriai	626	NULL	NULL	NULL	NULL	NULL	NULL	NULL	24	Autobusai	24	05		663	NULL	NULL	NULL
missed	614806	B>A	Žemieji Paneriai–Ukmergės g.–Fabijoniškės	669	NULL	NULL	NULL	NULL	NULL	NULL	NULL	24	Autobusai	24	05		701	NULL	NULL	NULL
missed	614806	A>B	Fabijoniškės–Ukmergės g.–Žemieji Paneriai	718	NULL	NULL	NULL	NULL	NULL	NULL	NULL	24	Autobusai	24	05		755	NULL	NULL	NULL
missed	614806	B>A	Žemieji Paneriai–Ukmergės g.–Fabijoniškės	761	NULL	NULL	NULL	NULL	NULL	NULL	NULL	24	Autobusai	24	05		793	NULL	NULL	NULL
missed	614806	A>B	Fabijoniškės–Ukmergės g.–Žemieji Paneriai	802	NULL	NULL	NULL	NULL	NULL	NULL	NULL	24	Autobusai	24	05		839	NULL	NULL	NULL
missed	614806	B>A	Žemieji Paneriai–Ukmergės g.–Fabijoniškės	845	NULL	NULL	NULL	NULL	NULL	NULL	NULL	24	Autobusai	24	05		877	NULL	NULL	NULL
missed	614806	A>B	Fabijoniškės–Ukmergės g.–Žemieji Paneriai	896	NULL	NULL	NULL	NULL	NULL	NULL	NULL	24	Autobusai	24	05		933	NULL	NULL	NULL
missed	614806	B>A	Žemieji Paneriai–Ukmergės g.–Fabijoniškės	941	NULL	NULL	NULL	NULL	NULL	NULL	NULL	24	Autobusai	24	05		973	NULL	NULL	NULL
missed	614806	A>B	Fabijoniškės–Ukmergės g.–Žemieji Paneriai	981	NULL	NULL	NULL	NULL	NULL	NULL	NULL	24	Autobusai	24	05		1019	NULL	NULL	NULL
missed	614806	B>A	Žemieji Paneriai–Ukmergės g.–Fabijoniškės	1027	NULL	NULL	NULL	NULL	NULL	NULL	NULL	24	Autobusai	24	05		1064	NULL	NULL	NULL
missed	614806	A>B	Fabijoniškės–Ukmergės g.–Žemieji Paneriai	1074	NULL	NULL	NULL	NULL	NULL	NULL	NULL	24	Autobusai	24	05		1112	NULL	NULL	NULL
missed	614806	B>A	Žemieji Paneriai–Ukmergės g.–Fabijoniškės	1118	NULL	NULL	NULL	NULL	NULL	NULL	NULL	24	Autobusai	24	05		1153	NULL	NULL	NULL
missed	614806	A>B	Fabijoniškės–Ukmergės g.–Žemieji Paneriai	1185	NULL	NULL	NULL	NULL	NULL	NULL	NULL	24	Autobusai	24	05		1220	NULL	NULL	NULL
missed	614806	B>A	Žemieji Paneriai–Ukmergės g.–Fabijoniškės	1225	NULL	NULL	NULL	NULL	NULL	NULL	NULL	24	Autobusai	24	05		1255	NULL	NULL	NULL
missed	614806	A>B	Fabijoniškės–Ukmergės g.–Žemieji Paneriai	1261	NULL	NULL	NULL	NULL	NULL	NULL	NULL	24	Autobusai	24	05		1296	NULL	NULL	NULL
missed	614806	B>A	Žemieji Paneriai–Ukmergės g.–Fabijoniškės	1301	NULL	NULL	NULL	NULL	NULL	NULL	NULL	24	Autobusai	24	05		1331	NULL	NULL	NULL
missed	614806	A>B	Fabijoniškės–Ukmergės g.–Žemieji Paneriai	1337	NULL	NULL	NULL	NULL	NULL	NULL	NULL	24	Autobusai	24	05		1372	NULL	NULL	NULL
missed	614806	B>A	Žemieji Paneriai–Ukmergės g.–Fabijoniškės	1377	NULL	NULL	NULL	NULL	NULL	NULL	NULL	24	Autobusai	24	05		1407	NULL	NULL	NULL
missed	614801	A>B	Fabijoniškės–Ukmergės g.–Žemieji Paneriai	359	NULL	NULL	NULL	NULL	NULL	NULL	NULL	24	Autobusai	24	06		395	NULL	NULL	NULL
missed	614801	B>A	Žemieji Paneriai–Ukmergės g.–Fabijoniškės	400	NULL	NULL	NULL	NULL	NULL	NULL	NULL	24	Autobusai	24	06		431	NULL	NULL	NULL
missed	614801	A>B	Fabijoniškės–Ukmergės g.–Žemieji Paneriai	443	NULL	NULL	NULL	NULL	NULL	NULL	NULL	24	Autobusai	24	06		481	NULL	NULL	NULL
missed	614801	B>A	Žemieji Paneriai–Ukmergės g.–Fabijoniškės	491	NULL	NULL	NULL	NULL	NULL	NULL	NULL	24	Autobusai	24	06		524	NULL	NULL	NULL
missed	614801	A>B	Fabijoniškės–Ukmergės g.–Žemieji Paneriai	882	NULL	NULL	NULL	NULL	NULL	NULL	NULL	24	Autobusai	24	06		919	NULL	NULL	NULL
missed	614801	B>A	Žemieji Paneriai–Ukmergės g.–Fabijoniškės	925	NULL	NULL	NULL	NULL	NULL	NULL	NULL	24	Autobusai	24	06		957	NULL	NULL	NULL
missed	614801	A>B	Fabijoniškės–Ukmergės g.–Žemieji Paneriai	968	NULL	NULL	NULL	NULL	NULL	NULL	NULL	24	Autobusai	24	06		1006	NULL	NULL	NULL
missed	614801	B>A	Žemieji Paneriai–Ukmergės g.–Fabijoniškės	1014	NULL	NULL	NULL	NULL	NULL	NULL	NULL	24	Autobusai	24	06		1051	NULL	NULL	NULL
missed	614801	A>B	Fabijoniškės–Ukmergės g.–Žemieji Paneriai	1061	NULL	NULL	NULL	NULL	NULL	NULL	NULL	24	Autobusai	24	06		1099	NULL	NULL	NULL
missed	614801	B>A	Žemieji Paneriai–Ukmergės g.–Fabijoniškės	1105	NULL	NULL	NULL	NULL	NULL	NULL	NULL	24	Autobusai	24	06		1140	NULL	NULL	NULL
missed	614804	A>B	Fabijoniškės–Ukmergės g.–Žemieji Paneriai	380	NULL	NULL	NULL	NULL	NULL	NULL	NULL	24	Autobusai	24	07		418	NULL	NULL	NULL
missed	614804	B>A	Žemieji Paneriai–Ukmergės g.–Fabijoniškės	423	NULL	NULL	NULL	NULL	NULL	NULL	NULL	24	Autobusai	24	07		456	NULL	NULL	NULL
missed	614804	A>B	Fabijoniškės–Ukmergės g.–Žemieji Paneriai	463	NULL	NULL	NULL	NULL	NULL	NULL	NULL	24	Autobusai	24	07		501	NULL	NULL	NULL
missed	614804	B>A	Žemieji Paneriai–Ukmergės g.–Fabijoniškės	510	NULL	NULL	NULL	NULL	NULL	NULL	NULL	24	Autobusai	24	07		543	NULL	NULL	NULL
missed	614804	A>B	Fabijoniškės–Ukmergės g.–Žemieji Paneriai	554	NULL	NULL	NULL	NULL	NULL	NULL	NULL	24	Autobusai	24	07		591	NULL	NULL	NULL
missed	614804	B>A	Žemieji Paneriai–Ukmergės g.–Fabijoniškės	597	NULL	NULL	NULL	NULL	NULL	NULL	NULL	24	Autobusai	24	07		629	NULL	NULL	NULL
missed	614804	A>B	Fabijoniškės–Ukmergės g.–Žemieji Paneriai	948	NULL	NULL	NULL	NULL	NULL	NULL	NULL	24	Autobusai	24	07		986	NULL	NULL	NULL
missed	614804	B>A	Žemieji Paneriai–Ukmergės g.–Fabijoniškės	994	NULL	NULL	NULL	NULL	NULL	NULL	NULL	24	Autobusai	24	07		1029	NULL	NULL	NULL
missed	614804	A>B	Fabijoniškės–Ukmergės g.–Žemieji Paneriai	1039	NULL	NULL	NULL	NULL	NULL	NULL	NULL	24	Autobusai	24	07		1077	NULL	NULL	NULL
missed	614804	B>A	Žemieji Paneriai–Ukmergės g.–Fabijoniškės	1083	NULL	NULL	NULL	NULL	NULL	NULL	NULL	24	Autobusai	24	07		1120	NULL	NULL	NULL
missed	614807	A>B	Fabijoniškės–Ukmergės g.–Žemieji Paneriai	433	NULL	NULL	NULL	NULL	NULL	NULL	NULL	24	Autobusai	24	08		471	NULL	NULL	NULL
missed	614807	B>A	Žemieji Paneriai–Ukmergės g.–Fabijoniškės	480	NULL	NULL	NULL	NULL	NULL	NULL	NULL	24	Autobusai	24	08		513	NULL	NULL	NULL
missed	614807	A>B	Fabijoniškės–Ukmergės g.–Žemieji Paneriai	525	NULL	NULL	NULL	NULL	NULL	NULL	NULL	24	Autobusai	24	08		563	NULL	NULL	NULL
missed	614807	B>A	Žemieji Paneriai–Ukmergės g.–Fabijoniškės	571	NULL	NULL	NULL	NULL	NULL	NULL	NULL	24	Autobusai	24	08		603	NULL	NULL	NULL
missed	614807	A>B	Fabijoniškės–Ukmergės g.–Žemieji Paneriai	939	NULL	NULL	NULL	NULL	NULL	NULL	NULL	24	Autobusai	24	08		977	NULL	NULL	NULL
missed	614807	B>A	Žemieji Paneriai–Ukmergės g.–Fabijoniškės	984	NULL	NULL	NULL	NULL	NULL	NULL	NULL	24	Autobusai	24	08		1019	NULL	NULL	NULL
missed	614807	A>B	Fabijoniškės–Ukmergės g.–Žemieji Paneriai	1028	NULL	NULL	NULL	NULL	NULL	NULL	NULL	24	Autobusai	24	08		1066	NULL	NULL	NULL
missed	614807	B>A	Žemieji Paneriai–Ukmergės g.–Fabijoniškės	1072	NULL	NULL	NULL	NULL	NULL	NULL	NULL	24	Autobusai	24	08		1109	NULL	NULL	NULL
missed	614807	A>B	Fabijoniškės–Ukmergės g.–Žemieji Paneriai	1121	NULL	NULL	NULL	NULL	NULL	NULL	NULL	24	Autobusai	24	08		1159	NULL	NULL	NULL
missed	614807	B>A	Žemieji Paneriai–Ukmergės g.–Fabijoniškės	1164	NULL	NULL	NULL	NULL	NULL	NULL	NULL	24	Autobusai	24	08		1198	NULL	NULL	NULL
missed	339366	A>B	Žemieji Paneriai–V. A. Graičiūno g.	337	NULL	NULL	NULL	NULL	NULL	NULL	NULL	25	Autobusai	25	01		356	NULL	NULL	NULL
missed	339366	B1>A1	V. A. Graičiūno–Kazbėjų g.–Žemieji Paneriai	362	NULL	NULL	NULL	NULL	NULL	NULL	NULL	25	Autobusai	25	01		383	NULL	NULL	NULL
missed	339366	A>B	Žemieji Paneriai–V. A. Graičiūno g.	400	NULL	NULL	NULL	NULL	NULL	NULL	NULL	25	Autobusai	25	01		419	NULL	NULL	NULL
missed	339366	B1>A1	V. A. Graičiūno–Kazbėjų g.–Žemieji Paneriai	424	NULL	NULL	NULL	NULL	NULL	NULL	NULL	25	Autobusai	25	01		445	NULL	NULL	NULL
missed	339366	A>B	Žemieji Paneriai–V. A. Graičiūno g.	450	NULL	NULL	NULL	NULL	NULL	NULL	NULL	25	Autobusai	25	01		469	NULL	NULL	NULL
missed	339366	B1>A1	V. A. Graičiūno–Kazbėjų g.–Žemieji Paneriai	474	NULL	NULL	NULL	NULL	NULL	NULL	NULL	25	Autobusai	25	01		495	NULL	NULL	NULL
missed	339366	A>B	Žemieji Paneriai–V. A. Graičiūno g.	500	NULL	NULL	NULL	NULL	NULL	NULL	NULL	25	Autobusai	25	01		519	NULL	NULL	NULL
missed	339366	B1>A1	V. A. Graičiūno–Kazbėjų g.–Žemieji Paneriai	525	NULL	NULL	NULL	NULL	NULL	NULL	NULL	25	Autobusai	25	01		546	NULL	NULL	NULL
missed	339366	A>B	Žemieji Paneriai–V. A. Graičiūno g.	576	NULL	NULL	NULL	NULL	NULL	NULL	NULL	25	Autobusai	25	01		595	NULL	NULL	NULL
missed	339366	B1>A1	V. A. Graičiūno–Kazbėjų g.–Žemieji Paneriai	600	NULL	NULL	NULL	NULL	NULL	NULL	NULL	25	Autobusai	25	01		621	NULL	NULL	NULL
missed	339366	A>B	Žemieji Paneriai–V. A. Graičiūno g.	626	NULL	NULL	NULL	NULL	NULL	NULL	NULL	25	Autobusai	25	01		645	NULL	NULL	NULL
missed	339366	B1>A1	V. A. Graičiūno–Kazbėjų g.–Žemieji Paneriai	651	NULL	NULL	NULL	NULL	NULL	NULL	NULL	25	Autobusai	25	01		672	NULL	NULL	NULL
missed	339366	A>B	Žemieji Paneriai–V. A. Graičiūno g.	680	NULL	NULL	NULL	NULL	NULL	NULL	NULL	25	Autobusai	25	01		699	NULL	NULL	NULL
missed	339366	B1>A1	V. A. Graičiūno–Kazbėjų g.–Žemieji Paneriai	704	NULL	NULL	NULL	NULL	NULL	NULL	NULL	25	Autobusai	25	01		725	NULL	NULL	NULL
missed	339366	A>B	Žemieji Paneriai–V. A. Graičiūno g.	730	NULL	NULL	NULL	NULL	NULL	NULL	NULL	25	Autobusai	25	01		749	NULL	NULL	NULL
missed	339366	B1>A1	V. A. Graičiūno–Kazbėjų g.–Žemieji Paneriai	755	NULL	NULL	NULL	NULL	NULL	NULL	NULL	25	Autobusai	25	01		776	NULL	NULL	NULL
missed	339366	A1>B1	Žemieji Paneriai–Kazbėjų-V. A. Graičiūno g.	786	NULL	NULL	NULL	NULL	NULL	NULL	NULL	25	Autobusai	25	01		807	NULL	NULL	NULL
missed	339366	B>A	V. A. Graičiūno g.–Žemieji Paneriai	810	NULL	NULL	NULL	NULL	NULL	NULL	NULL	25	Autobusai	25	01		829	NULL	NULL	NULL
missed	339366	A1>B1	Žemieji Paneriai–Kazbėjų-V. A. Graičiūno g.	840	NULL	NULL	NULL	NULL	NULL	NULL	NULL	25	Autobusai	25	01		861	NULL	NULL	NULL
missed	339366	B>A	V. A. Graičiūno g.–Žemieji Paneriai	867	NULL	NULL	NULL	NULL	NULL	NULL	NULL	25	Autobusai	25	01		886	NULL	NULL	NULL
missed	339366	A1>B1	Žemieji Paneriai–Kazbėjų-V. A. Graičiūno g.	892	NULL	NULL	NULL	NULL	NULL	NULL	NULL	25	Autobusai	25	01		913	NULL	NULL	NULL
missed	339366	B>A	V. A. Graičiūno g.–Žemieji Paneriai	919	NULL	NULL	NULL	NULL	NULL	NULL	NULL	25	Autobusai	25	01		938	NULL	NULL	NULL
missed	339366	A1>B1	Žemieji Paneriai–Kazbėjų-V. A. Graičiūno g.	944	NULL	NULL	NULL	NULL	NULL	NULL	NULL	25	Autobusai	25	01		965	NULL	NULL	NULL
missed	339366	B>A	V. A. Graičiūno g.–Žemieji Paneriai	972	NULL	NULL	NULL	NULL	NULL	NULL	NULL	25	Autobusai	25	01		991	NULL	NULL	NULL
missed	339366	A1>B1	Žemieji Paneriai–Kazbėjų-V. A. Graičiūno g.	997	NULL	NULL	NULL	NULL	NULL	NULL	NULL	25	Autobusai	25	01		1018	NULL	NULL	NULL
missed	339366	B>A	V. A. Graičiūno g.–Žemieji Paneriai	1024	NULL	NULL	NULL	NULL	NULL	NULL	NULL	25	Autobusai	25	01		1043	NULL	NULL	NULL
missed	339366	A1>B1	Žemieji Paneriai–Kazbėjų-V. A. Graičiūno g.	1050	NULL	NULL	NULL	NULL	NULL	NULL	NULL	25	Autobusai	25	01		1071	NULL	NULL	NULL
missed	339366	B>A	V. A. Graičiūno g.–Žemieji Paneriai	1077	NULL	NULL	NULL	NULL	NULL	NULL	NULL	25	Autobusai	25	01		1096	NULL	NULL	NULL
missed	339366	A1>B1	Žemieji Paneriai–Kazbėjų-V. A. Graičiūno g.	1127	NULL	NULL	NULL	NULL	NULL	NULL	NULL	25	Autobusai	25	01		1148	NULL	NULL	NULL
missed	339366	B>A	V. A. Graičiūno g.–Žemieji Paneriai	1154	NULL	NULL	NULL	NULL	NULL	NULL	NULL	25	Autobusai	25	01		1173	NULL	NULL	NULL
missed	339366	A1>B1	Žemieji Paneriai–Kazbėjų-V. A. Graičiūno g.	1179	NULL	NULL	NULL	NULL	NULL	NULL	NULL	25	Autobusai	25	01		1200	NULL	NULL	NULL
missed	339366	B>A	V. A. Graičiūno g.–Žemieji Paneriai	1206	NULL	NULL	NULL	NULL	NULL	NULL	NULL	25	Autobusai	25	01		1225	NULL	NULL	NULL
missed	339366	A1>B1	Žemieji Paneriai–Kazbėjų-V. A. Graičiūno g.	1230	NULL	NULL	NULL	NULL	NULL	NULL	NULL	25	Autobusai	25	01		1251	NULL	NULL	NULL
missed	339366	B>A	V. A. Graičiūno g.–Žemieji Paneriai	1256	NULL	NULL	NULL	NULL	NULL	NULL	NULL	25	Autobusai	25	01		1275	NULL	NULL	NULL
missed	339366	A1>B1	Žemieji Paneriai–Kazbėjų-V. A. Graičiūno g.	1280	NULL	NULL	NULL	NULL	NULL	NULL	NULL	25	Autobusai	25	01		1301	NULL	NULL	NULL
missed	339366	B>A	V. A. Graičiūno g.–Žemieji Paneriai	1309	NULL	NULL	NULL	NULL	NULL	NULL	NULL	25	Autobusai	25	01		1328	NULL	NULL	NULL
missed	339366	A1>B1	Žemieji Paneriai–Kazbėjų-V. A. Graičiūno g.	1334	NULL	NULL	NULL	NULL	NULL	NULL	NULL	25	Autobusai	25	01		1355	NULL	NULL	NULL
missed	339366	B>A	V. A. Graičiūno g.–Žemieji Paneriai	1361	NULL	NULL	NULL	NULL	NULL	NULL	NULL	25	Autobusai	25	01		1377	NULL	NULL	NULL
missed	339365	A>B	Žemieji Paneriai–V. A. Graičiūno g.	369	NULL	NULL	NULL	NULL	NULL	NULL	NULL	25	Autobusai	25	02		388	NULL	NULL	NULL
missed	339365	B1>A1	V. A. Graičiūno–Kazbėjų g.–Žemieji Paneriai	394	NULL	NULL	NULL	NULL	NULL	NULL	NULL	25	Autobusai	25	02		415	NULL	NULL	NULL
missed	339365	A>B	Žemieji Paneriai–V. A. Graičiūno g.	420	NULL	NULL	NULL	NULL	NULL	NULL	NULL	25	Autobusai	25	02		439	NULL	NULL	NULL
missed	339365	B1>A1	V. A. Graičiūno–Kazbėjų g.–Žemieji Paneriai	446	NULL	NULL	NULL	NULL	NULL	NULL	NULL	25	Autobusai	25	02		467	NULL	NULL	NULL
missed	339365	A>B	Žemieji Paneriai–V. A. Graičiūno g.	472	NULL	NULL	NULL	NULL	NULL	NULL	NULL	25	Autobusai	25	02		491	NULL	NULL	NULL
missed	339365	B1>A1	V. A. Graičiūno–Kazbėjų g.–Žemieji Paneriai	497	NULL	NULL	NULL	NULL	NULL	NULL	NULL	25	Autobusai	25	02		518	NULL	NULL	NULL
missed	339365	A>B	Žemieji Paneriai–V. A. Graičiūno g.	526	NULL	NULL	NULL	NULL	NULL	NULL	NULL	25	Autobusai	25	02		545	NULL	NULL	NULL
missed	339365	B1>A1	V. A. Graičiūno–Kazbėjų g.–Žemieji Paneriai	551	NULL	NULL	NULL	NULL	NULL	NULL	NULL	25	Autobusai	25	02		572	NULL	NULL	NULL
missed	339365	A1>B1	Žemieji Paneriai–Kazbėjų-V. A. Graičiūno g.	909	NULL	NULL	NULL	NULL	NULL	NULL	NULL	25	Autobusai	25	02		930	NULL	NULL	NULL
missed	339365	B>A	V. A. Graičiūno g.–Žemieji Paneriai	936	NULL	NULL	NULL	NULL	NULL	NULL	NULL	25	Autobusai	25	02		955	NULL	NULL	NULL
missed	339365	A1>B1	Žemieji Paneriai–Kazbėjų-V. A. Graičiūno g.	970	NULL	NULL	NULL	NULL	NULL	NULL	NULL	25	Autobusai	25	02		991	NULL	NULL	NULL
missed	339365	B>A	V. A. Graičiūno g.–Žemieji Paneriai	997	NULL	NULL	NULL	NULL	NULL	NULL	NULL	25	Autobusai	25	02		1016	NULL	NULL	NULL
missed	339365	A1>B1	Žemieji Paneriai–Kazbėjų-V. A. Graičiūno g.	1025	NULL	NULL	NULL	NULL	NULL	NULL	NULL	25	Autobusai	25	02		1046	NULL	NULL	NULL
missed	339365	B>A	V. A. Graičiūno g.–Žemieji Paneriai	1052	NULL	NULL	NULL	NULL	NULL	NULL	NULL	25	Autobusai	25	02		1071	NULL	NULL	NULL
missed	339365	A1>B1	Žemieji Paneriai–Kazbėjų-V. A. Graičiūno g.	1076	NULL	NULL	NULL	NULL	NULL	NULL	NULL	25	Autobusai	25	02		1097	NULL	NULL	NULL
missed	339365	B>A	V. A. Graičiūno g.–Žemieji Paneriai	1105	NULL	NULL	NULL	NULL	NULL	NULL	NULL	25	Autobusai	25	02		1121	NULL	NULL	NULL
missed	663225	B>A	Bajorai–Jeruzalės–Kalvarijų–Ozo g.	345	NULL	NULL	NULL	NULL	NULL	NULL	NULL	26	Autobusai	26	01		370	NULL	NULL	NULL
missed	663225	A>B	Ozo–Kalvarijų–Jeruzalės g.–Bajorai	383	NULL	NULL	NULL	NULL	NULL	NULL	NULL	26	Autobusai	26	01		406	NULL	NULL	NULL
missed	663225	B>A	Bajorai–Jeruzalės–Kalvarijų–Ozo g.	406	NULL	NULL	NULL	NULL	NULL	NULL	NULL	26	Autobusai	26	01		433	NULL	NULL	NULL
missed	663225	A>B	Ozo–Kalvarijų–Jeruzalės g.–Bajorai	447	NULL	NULL	NULL	NULL	NULL	NULL	NULL	26	Autobusai	26	01		471	NULL	NULL	NULL
missed	663225	B>A	Bajorai–Jeruzalės–Kalvarijų–Ozo g.	471	NULL	NULL	NULL	NULL	NULL	NULL	NULL	26	Autobusai	26	01		498	NULL	NULL	NULL
missed	663225	A>B	Ozo–Kalvarijų–Jeruzalės g.–Bajorai	538	NULL	NULL	NULL	NULL	NULL	NULL	NULL	26	Autobusai	26	01		561	NULL	NULL	NULL
missed	663225	B>A	Bajorai–Jeruzalės–Kalvarijų–Ozo g.	561	NULL	NULL	NULL	NULL	NULL	NULL	NULL	26	Autobusai	26	01		586	NULL	NULL	NULL
missed	663225	A>B	Ozo–Kalvarijų–Jeruzalės g.–Bajorai	598	NULL	NULL	NULL	NULL	NULL	NULL	NULL	26	Autobusai	26	01		621	NULL	NULL	NULL
missed	663225	B>A	Bajorai–Jeruzalės–Kalvarijų–Ozo g.	621	NULL	NULL	NULL	NULL	NULL	NULL	NULL	26	Autobusai	26	01		646	NULL	NULL	NULL
missed	663225	A>B	Ozo–Kalvarijų–Jeruzalės g.–Bajorai	688	NULL	NULL	NULL	NULL	NULL	NULL	NULL	26	Autobusai	26	01		711	NULL	NULL	NULL
missed	663225	B>A	Bajorai–Jeruzalės–Kalvarijų–Ozo g.	711	NULL	NULL	NULL	NULL	NULL	NULL	NULL	26	Autobusai	26	01		736	NULL	NULL	NULL
missed	663225	A>B	Ozo–Kalvarijų–Jeruzalės g.–Bajorai	753	NULL	NULL	NULL	NULL	NULL	NULL	NULL	26	Autobusai	26	01		776	NULL	NULL	NULL
missed	663225	B>A	Bajorai–Jeruzalės–Kalvarijų–Ozo g.	776	NULL	NULL	NULL	NULL	NULL	NULL	NULL	26	Autobusai	26	01		801	NULL	NULL	NULL
missed	663225	A>B	Ozo–Kalvarijų–Jeruzalės g.–Bajorai	813	NULL	NULL	NULL	NULL	NULL	NULL	NULL	26	Autobusai	26	01		836	NULL	NULL	NULL
missed	663225	B>A	Bajorai–Jeruzalės–Kalvarijų–Ozo g.	836	NULL	NULL	NULL	NULL	NULL	NULL	NULL	26	Autobusai	26	01		861	NULL	NULL	NULL
missed	663225	A>B	Ozo–Kalvarijų–Jeruzalės g.–Bajorai	873	NULL	NULL	NULL	NULL	NULL	NULL	NULL	26	Autobusai	26	01		896	NULL	NULL	NULL
missed	663225	B>A	Bajorai–Jeruzalės–Kalvarijų–Ozo g.	896	NULL	NULL	NULL	NULL	NULL	NULL	NULL	26	Autobusai	26	01		921	NULL	NULL	NULL
missed	663225	A>B	Ozo–Kalvarijų–Jeruzalės g.–Bajorai	933	NULL	NULL	NULL	NULL	NULL	NULL	NULL	26	Autobusai	26	01		956	NULL	NULL	NULL
missed	663225	B>A	Bajorai–Jeruzalės–Kalvarijų–Ozo g.	956	NULL	NULL	NULL	NULL	NULL	NULL	NULL	26	Autobusai	26	01		981	NULL	NULL	NULL
missed	663225	A>B	Ozo–Kalvarijų–Jeruzalės g.–Bajorai	989	NULL	NULL	NULL	NULL	NULL	NULL	NULL	26	Autobusai	26	01		1014	NULL	NULL	NULL
missed	663225	B>A	Bajorai–Jeruzalės–Kalvarijų–Ozo g.	1014	NULL	NULL	NULL	NULL	NULL	NULL	NULL	26	Autobusai	26	01		1039	NULL	NULL	NULL
missed	663225	A>B	Ozo–Kalvarijų–Jeruzalės g.–Bajorai	1049	NULL	NULL	NULL	NULL	NULL	NULL	NULL	26	Autobusai	26	01		1074	NULL	NULL	NULL
missed	663225	B>A	Bajorai–Jeruzalės–Kalvarijų–Ozo g.	1074	NULL	NULL	NULL	NULL	NULL	NULL	NULL	26	Autobusai	26	01		1099	NULL	NULL	NULL
missed	663225	A>B	Ozo–Kalvarijų–Jeruzalės g.–Bajorai	1135	NULL	NULL	NULL	NULL	NULL	NULL	NULL	26	Autobusai	26	01		1159	NULL	NULL	NULL
missed	663225	B>A	Bajorai–Jeruzalės–Kalvarijų–Ozo g.	1159	NULL	NULL	NULL	NULL	NULL	NULL	NULL	26	Autobusai	26	01		1184	NULL	NULL	NULL
missed	663225	A>B	Ozo–Kalvarijų–Jeruzalės g.–Bajorai	1195	NULL	NULL	NULL	NULL	NULL	NULL	NULL	26	Autobusai	26	01		1219	NULL	NULL	NULL
missed	663225	B>A	Bajorai–Jeruzalės–Kalvarijų–Ozo g.	1219	NULL	NULL	NULL	NULL	NULL	NULL	NULL	26	Autobusai	26	01		1244	NULL	NULL	NULL
missed	663225	A>B	Ozo–Kalvarijų–Jeruzalės g.–Bajorai	1261	NULL	NULL	NULL	NULL	NULL	NULL	NULL	26	Autobusai	26	01		1284	NULL	NULL	NULL
missed	663225	B>A	Bajorai–Jeruzalės–Kalvarijų–Ozo g.	1284	NULL	NULL	NULL	NULL	NULL	NULL	NULL	26	Autobusai	26	01		1309	NULL	NULL	NULL
missed	663225	A>B	Ozo–Kalvarijų–Jeruzalės g.–Bajorai	1326	NULL	NULL	NULL	NULL	NULL	NULL	NULL	26	Autobusai	26	01		1349	NULL	NULL	NULL
missed	663225	B>A	Bajorai–Jeruzalės–Kalvarijų–Ozo g.	1349	NULL	NULL	NULL	NULL	NULL	NULL	NULL	26	Autobusai	26	01		1374	NULL	NULL	NULL
missed	635394	B>A	Arimų–Olandų–Šeimyniškių–Kalvarijų g.	320	NULL	NULL	NULL	NULL	NULL	NULL	NULL	27	Autobusai	27	01		353	NULL	NULL	NULL
missed	635394	A>B	Kalvarijų–Tuskulėnų–Olandų–Arimų g.	353	NULL	NULL	NULL	NULL	NULL	NULL	NULL	27	Autobusai	27	01		386	NULL	NULL	NULL
missed	635394	B>A	Arimų–Olandų–Šeimyniškių–Kalvarijų g.	396	NULL	NULL	NULL	NULL	NULL	NULL	NULL	27	Autobusai	27	01		430	NULL	NULL	NULL
missed	635394	A>B	Kalvarijų–Tuskulėnų–Olandų–Arimų g.	430	NULL	NULL	NULL	NULL	NULL	NULL	NULL	27	Autobusai	27	01		463	NULL	NULL	NULL
missed	635394	B>A	Arimų–Olandų–Šeimyniškių–Kalvarijų g.	473	NULL	NULL	NULL	NULL	NULL	NULL	NULL	27	Autobusai	27	01		507	NULL	NULL	NULL
missed	635394	A>B	Kalvarijų–Tuskulėnų–Olandų–Arimų g.	507	NULL	NULL	NULL	NULL	NULL	NULL	NULL	27	Autobusai	27	01		540	NULL	NULL	NULL
missed	635394	B>A	Arimų–Olandų–Šeimyniškių–Kalvarijų g.	570	NULL	NULL	NULL	NULL	NULL	NULL	NULL	27	Autobusai	27	01		603	NULL	NULL	NULL
missed	635394	A>B	Kalvarijų–Tuskulėnų–Olandų–Arimų g.	603	NULL	NULL	NULL	NULL	NULL	NULL	NULL	27	Autobusai	27	01		636	NULL	NULL	NULL
missed	635394	B>A	Arimų–Olandų–Šeimyniškių–Kalvarijų g.	646	NULL	NULL	NULL	NULL	NULL	NULL	NULL	27	Autobusai	27	01		679	NULL	NULL	NULL
missed	635394	A>B	Kalvarijų–Tuskulėnų–Olandų–Arimų g.	679	NULL	NULL	NULL	NULL	NULL	NULL	NULL	27	Autobusai	27	01		712	NULL	NULL	NULL
missed	635394	B>A	Arimų–Olandų–Šeimyniškių–Kalvarijų g.	722	NULL	NULL	NULL	NULL	NULL	NULL	NULL	27	Autobusai	27	01		755	NULL	NULL	NULL
missed	635394	A>B	Kalvarijų–Tuskulėnų–Olandų–Arimų g.	755	NULL	NULL	NULL	NULL	NULL	NULL	NULL	27	Autobusai	27	01		788	NULL	NULL	NULL
missed	635394	B>A	Arimų–Olandų–Šeimyniškių–Kalvarijų g.	798	NULL	NULL	NULL	NULL	NULL	NULL	NULL	27	Autobusai	27	01		831	NULL	NULL	NULL
missed	635394	A>B	Kalvarijų–Tuskulėnų–Olandų–Arimų g.	831	NULL	NULL	NULL	NULL	NULL	NULL	NULL	27	Autobusai	27	01		864	NULL	NULL	NULL
missed	635394	B>A	Arimų–Olandų–Šeimyniškių–Kalvarijų g.	874	NULL	NULL	NULL	NULL	NULL	NULL	NULL	27	Autobusai	27	01		908	NULL	NULL	NULL
missed	635394	A>B	Kalvarijų–Tuskulėnų–Olandų–Arimų g.	908	NULL	NULL	NULL	NULL	NULL	NULL	NULL	27	Autobusai	27	01		941	NULL	NULL	NULL
missed	635394	B>A	Arimų–Olandų–Šeimyniškių–Kalvarijų g.	970	NULL	NULL	NULL	NULL	NULL	NULL	NULL	27	Autobusai	27	01		1004	NULL	NULL	NULL
missed	635394	A>B	Kalvarijų–Tuskulėnų–Olandų–Arimų g.	1004	NULL	NULL	NULL	NULL	NULL	NULL	NULL	27	Autobusai	27	01		1037	NULL	NULL	NULL
missed	635394	B>A	Arimų–Olandų–Šeimyniškių–Kalvarijų g.	1053	NULL	NULL	NULL	NULL	NULL	NULL	NULL	27	Autobusai	27	01		1087	NULL	NULL	NULL
missed	635394	A>B	Kalvarijų–Tuskulėnų–Olandų–Arimų g.	1087	NULL	NULL	NULL	NULL	NULL	NULL	NULL	27	Autobusai	27	01		1120	NULL	NULL	NULL
missed	635394	B>A	Arimų–Olandų–Šeimyniškių–Kalvarijų g.	1155	NULL	NULL	NULL	NULL	NULL	NULL	NULL	27	Autobusai	27	01		1188	NULL	NULL	NULL
missed	635394	A>B	Kalvarijų–Tuskulėnų–Olandų–Arimų g.	1188	NULL	NULL	NULL	NULL	NULL	NULL	NULL	27	Autobusai	27	01		1220	NULL	NULL	NULL
missed	635394	B>A	Arimų–Olandų–Šeimyniškių–Kalvarijų g.	1230	NULL	NULL	NULL	NULL	NULL	NULL	NULL	27	Autobusai	27	01		1262	NULL	NULL	NULL
missed	635394	A>B	Kalvarijų–Tuskulėnų–Olandų–Arimų g.	1262	NULL	NULL	NULL	NULL	NULL	NULL	NULL	27	Autobusai	27	01		1294	NULL	NULL	NULL
missed	635394	B>A	Arimų–Olandų–Šeimyniškių–Kalvarijų g.	1304	NULL	NULL	NULL	NULL	NULL	NULL	NULL	27	Autobusai	27	01		1336	NULL	NULL	NULL
missed	635394	A>B	Kalvarijų–Tuskulėnų–Olandų–Arimų g.	1336	NULL	NULL	NULL	NULL	NULL	NULL	NULL	27	Autobusai	27	01		1368	NULL	NULL	NULL
missed	635394	B>A1	Arimų–Olandų–Šeimyniškių g.–Žalgirio st.	1378	NULL	NULL	NULL	NULL	NULL	NULL	NULL	27	Autobusai	27	01		1409	NULL	NULL	NULL
missed	635393	A>B	Kalvarijų–Tuskulėnų–Olandų–Arimų g.	313	NULL	NULL	NULL	NULL	NULL	NULL	NULL	27	Autobusai	27	02		346	NULL	NULL	NULL
missed	635393	B>A	Arimų–Olandų–Šeimyniškių–Kalvarijų g.	356	NULL	NULL	NULL	NULL	NULL	NULL	NULL	27	Autobusai	27	02		389	NULL	NULL	NULL
missed	635393	A>B	Kalvarijų–Tuskulėnų–Olandų–Arimų g.	389	NULL	NULL	NULL	NULL	NULL	NULL	NULL	27	Autobusai	27	02		422	NULL	NULL	NULL
missed	635393	B>A	Arimų–Olandų–Šeimyniškių–Kalvarijų g.	435	NULL	NULL	NULL	NULL	NULL	NULL	NULL	27	Autobusai	27	02		469	NULL	NULL	NULL
missed	635393	A>B	Kalvarijų–Tuskulėnų–Olandų–Arimų g.	469	NULL	NULL	NULL	NULL	NULL	NULL	NULL	27	Autobusai	27	02		502	NULL	NULL	NULL
missed	635393	B>A	Arimų–Olandų–Šeimyniškių–Kalvarijų g.	518	NULL	NULL	NULL	NULL	NULL	NULL	NULL	27	Autobusai	27	02		551	NULL	NULL	NULL
missed	635393	A>B	Kalvarijų–Tuskulėnų–Olandų–Arimų g.	551	NULL	NULL	NULL	NULL	NULL	NULL	NULL	27	Autobusai	27	02		584	NULL	NULL	NULL
missed	635393	B>A	Arimų–Olandų–Šeimyniškių–Kalvarijų g.	940	NULL	NULL	NULL	NULL	NULL	NULL	NULL	27	Autobusai	27	02		973	NULL	NULL	NULL
missed	635393	A>B	Kalvarijų–Tuskulėnų–Olandų–Arimų g.	973	NULL	NULL	NULL	NULL	NULL	NULL	NULL	27	Autobusai	27	02		1006	NULL	NULL	NULL
missed	635393	B>A	Arimų–Olandų–Šeimyniškių–Kalvarijų g.	1022	NULL	NULL	NULL	NULL	NULL	NULL	NULL	27	Autobusai	27	02		1056	NULL	NULL	NULL
missed	635393	A>B	Kalvarijų–Tuskulėnų–Olandų–Arimų g.	1056	NULL	NULL	NULL	NULL	NULL	NULL	NULL	27	Autobusai	27	02		1089	NULL	NULL	NULL
missed	635393	B>A1	Arimų–Olandų–Šeimyniškių g.–Žalgirio st.	1112	NULL	NULL	NULL	NULL	NULL	NULL	NULL	27	Autobusai	27	02		1144	NULL	NULL	NULL
missed	635395	A>B	Kalvarijų–Tuskulėnų–Olandų–Arimų g.	372	NULL	NULL	NULL	NULL	NULL	NULL	NULL	27	Autobusai	27	03		405	NULL	NULL	NULL
missed	635395	B>A	Arimų–Olandų–Šeimyniškių–Kalvarijų g.	415	NULL	NULL	NULL	NULL	NULL	NULL	NULL	27	Autobusai	27	03		449	NULL	NULL	NULL
missed	635395	A>B	Kalvarijų–Tuskulėnų–Olandų–Arimų g.	449	NULL	NULL	NULL	NULL	NULL	NULL	NULL	27	Autobusai	27	03		482	NULL	NULL	NULL
missed	635395	B>A	Arimų–Olandų–Šeimyniškių–Kalvarijų g.	492	NULL	NULL	NULL	NULL	NULL	NULL	NULL	27	Autobusai	27	03		525	NULL	NULL	NULL
missed	635395	A>B	Kalvarijų–Tuskulėnų–Olandų–Arimų g.	525	NULL	NULL	NULL	NULL	NULL	NULL	NULL	27	Autobusai	27	03		558	NULL	NULL	NULL
missed	635395	B>A	Arimų–Olandų–Šeimyniškių–Kalvarijų g.	603	NULL	NULL	NULL	NULL	NULL	NULL	NULL	27	Autobusai	27	03		637	NULL	NULL	NULL
missed	635395	A>B	Kalvarijų–Tuskulėnų–Olandų–Arimų g.	637	NULL	NULL	NULL	NULL	NULL	NULL	NULL	27	Autobusai	27	03		670	NULL	NULL	NULL
missed	635395	B>A	Arimų–Olandų–Šeimyniškių–Kalvarijų g.	680	NULL	NULL	NULL	NULL	NULL	NULL	NULL	27	Autobusai	27	03		714	NULL	NULL	NULL
missed	635395	A>B	Kalvarijų–Tuskulėnų–Olandų–Arimų g.	714	NULL	NULL	NULL	NULL	NULL	NULL	NULL	27	Autobusai	27	03		747	NULL	NULL	NULL
missed	635395	B>A	Arimų–Olandų–Šeimyniškių–Kalvarijų g.	757	NULL	NULL	NULL	NULL	NULL	NULL	NULL	27	Autobusai	27	03		791	NULL	NULL	NULL
missed	635395	A>B	Kalvarijų–Tuskulėnų–Olandų–Arimų g.	791	NULL	NULL	NULL	NULL	NULL	NULL	NULL	27	Autobusai	27	03		824	NULL	NULL	NULL
missed	635395	B>A	Arimų–Olandų–Šeimyniškių–Kalvarijų g.	834	NULL	NULL	NULL	NULL	NULL	NULL	NULL	27	Autobusai	27	03		868	NULL	NULL	NULL
missed	635395	A>B	Kalvarijų–Tuskulėnų–Olandų–Arimų g.	868	NULL	NULL	NULL	NULL	NULL	NULL	NULL	27	Autobusai	27	03		901	NULL	NULL	NULL
missed	635395	B>A	Arimų–Olandų–Šeimyniškių–Kalvarijų g.	911	NULL	NULL	NULL	NULL	NULL	NULL	NULL	27	Autobusai	27	03		945	NULL	NULL	NULL
missed	635395	A>B	Kalvarijų–Tuskulėnų–Olandų–Arimų g.	945	NULL	NULL	NULL	NULL	NULL	NULL	NULL	27	Autobusai	27	03		978	NULL	NULL	NULL
missed	635395	B>A	Arimų–Olandų–Šeimyniškių–Kalvarijų g.	995	NULL	NULL	NULL	NULL	NULL	NULL	NULL	27	Autobusai	27	03		1029	NULL	NULL	NULL
missed	635395	A>B	Kalvarijų–Tuskulėnų–Olandų–Arimų g.	1029	NULL	NULL	NULL	NULL	NULL	NULL	NULL	27	Autobusai	27	03		1062	NULL	NULL	NULL
missed	635395	B>A	Arimų–Olandų–Šeimyniškių–Kalvarijų g.	1075	NULL	NULL	NULL	NULL	NULL	NULL	NULL	27	Autobusai	27	03		1109	NULL	NULL	NULL
missed	635395	A>B	Kalvarijų–Tuskulėnų–Olandų–Arimų g.	1109	NULL	NULL	NULL	NULL	NULL	NULL	NULL	27	Autobusai	27	03		1142	NULL	NULL	NULL
missed	635395	B>A	Arimų–Olandų–Šeimyniškių–Kalvarijų g.	1180	NULL	NULL	NULL	NULL	NULL	NULL	NULL	27	Autobusai	27	03		1212	NULL	NULL	NULL
missed	635395	A>B	Kalvarijų–Tuskulėnų–Olandų–Arimų g.	1212	NULL	NULL	NULL	NULL	NULL	NULL	NULL	27	Autobusai	27	03		1244	NULL	NULL	NULL
missed	635395	B>A	Arimų–Olandų–Šeimyniškių–Kalvarijų g.	1260	NULL	NULL	NULL	NULL	NULL	NULL	NULL	27	Autobusai	27	03		1292	NULL	NULL	NULL
missed	635395	A>B	Kalvarijų–Tuskulėnų–Olandų–Arimų g.	1292	NULL	NULL	NULL	NULL	NULL	NULL	NULL	27	Autobusai	27	03		1324	NULL	NULL	NULL
missed	635395	B>A	Arimų–Olandų–Šeimyniškių–Kalvarijų g.	1336	NULL	NULL	NULL	NULL	NULL	NULL	NULL	27	Autobusai	27	03		1368	NULL	NULL	NULL
missed	635395	A>B	Kalvarijų–Tuskulėnų–Olandų–Arimų g.	1368	NULL	NULL	NULL	NULL	NULL	NULL	NULL	27	Autobusai	27	03		1400	NULL	NULL	NULL
missed	635395	B>A1	Arimų–Olandų–Šeimyniškių g.–Žalgirio st.	1408	NULL	NULL	NULL	NULL	NULL	NULL	NULL	27	Autobusai	27	03		1439	NULL	NULL	NULL
missed	663132	A>B	Žemieji Paneriai–Grigiškės	313	NULL	NULL	NULL	NULL	NULL	NULL	NULL	28	Autobusai	28	01-ž		329	NULL	NULL	NULL
missed	663132	B>A	Grigiškės–Žemieji Paneriai	329	NULL	NULL	NULL	NULL	NULL	NULL	NULL	28	Autobusai	28	01-ž		345	NULL	NULL	NULL
missed	663132	A>B	Žemieji Paneriai–Grigiškės	350	NULL	NULL	NULL	NULL	NULL	NULL	NULL	28	Autobusai	28	01-ž		367	NULL	NULL	NULL
missed	663132	B>A	Grigiškės–Žemieji Paneriai	367	NULL	NULL	NULL	NULL	NULL	NULL	NULL	28	Autobusai	28	01-ž		383	NULL	NULL	NULL
missed	663132	A>B	Žemieji Paneriai–Grigiškės	389	NULL	NULL	NULL	NULL	NULL	NULL	NULL	28	Autobusai	28	01-ž		405	NULL	NULL	NULL
missed	663132	B>A	Grigiškės–Žemieji Paneriai	405	NULL	NULL	NULL	NULL	NULL	NULL	NULL	28	Autobusai	28	01-ž		421	NULL	NULL	NULL
missed	663132	A>B	Žemieji Paneriai–Grigiškės	427	NULL	NULL	NULL	NULL	NULL	NULL	NULL	28	Autobusai	28	01-ž		443	NULL	NULL	NULL
missed	663132	B>A	Grigiškės–Žemieji Paneriai	443	NULL	NULL	NULL	NULL	NULL	NULL	NULL	28	Autobusai	28	01-ž		459	NULL	NULL	NULL
missed	663132	A>B	Žemieji Paneriai–Grigiškės	468	NULL	NULL	NULL	NULL	NULL	NULL	NULL	28	Autobusai	28	01-ž		484	NULL	NULL	NULL
missed	663132	B>A	Grigiškės–Žemieji Paneriai	484	NULL	NULL	NULL	NULL	NULL	NULL	NULL	28	Autobusai	28	01-ž		500	NULL	NULL	NULL
missed	663132	A>B	Žemieji Paneriai–Grigiškės	506	NULL	NULL	NULL	NULL	NULL	NULL	NULL	28	Autobusai	28	01-ž		522	NULL	NULL	NULL
missed	663132	B>A	Grigiškės–Žemieji Paneriai	522	NULL	NULL	NULL	NULL	NULL	NULL	NULL	28	Autobusai	28	01-ž		538	NULL	NULL	NULL
missed	663132	A>B	Žemieji Paneriai–Grigiškės	568	NULL	NULL	NULL	NULL	NULL	NULL	NULL	28	Autobusai	28	01-ž		584	NULL	NULL	NULL
missed	663132	B>A	Grigiškės–Žemieji Paneriai	584	NULL	NULL	NULL	NULL	NULL	NULL	NULL	28	Autobusai	28	01-ž		600	NULL	NULL	NULL
missed	663132	A>B	Žemieji Paneriai–Grigiškės	605	NULL	NULL	NULL	NULL	NULL	NULL	NULL	28	Autobusai	28	01-ž		621	NULL	NULL	NULL
missed	663132	B>A	Grigiškės–Žemieji Paneriai	621	NULL	NULL	NULL	NULL	NULL	NULL	NULL	28	Autobusai	28	01-ž		637	NULL	NULL	NULL
missed	663132	A>B	Žemieji Paneriai–Grigiškės	642	NULL	NULL	NULL	NULL	NULL	NULL	NULL	28	Autobusai	28	01-ž		658	NULL	NULL	NULL
missed	663132	B>A	Grigiškės–Žemieji Paneriai	658	NULL	NULL	NULL	NULL	NULL	NULL	NULL	28	Autobusai	28	01-ž		674	NULL	NULL	NULL
missed	663132	A>B	Žemieji Paneriai–Grigiškės	679	NULL	NULL	NULL	NULL	NULL	NULL	NULL	28	Autobusai	28	01-ž		695	NULL	NULL	NULL
missed	663132	B>A	Grigiškės–Žemieji Paneriai	695	NULL	NULL	NULL	NULL	NULL	NULL	NULL	28	Autobusai	28	01-ž		711	NULL	NULL	NULL
missed	663132	A>B	Žemieji Paneriai–Grigiškės	716	NULL	NULL	NULL	NULL	NULL	NULL	NULL	28	Autobusai	28	01-ž		732	NULL	NULL	NULL
missed	663132	B>A	Grigiškės–Žemieji Paneriai	732	NULL	NULL	NULL	NULL	NULL	NULL	NULL	28	Autobusai	28	01-ž		748	NULL	NULL	NULL
missed	663132	A>B	Žemieji Paneriai–Grigiškės	753	NULL	NULL	NULL	NULL	NULL	NULL	NULL	28	Autobusai	28	01-ž		769	NULL	NULL	NULL
missed	663132	B>A	Grigiškės–Žemieji Paneriai	769	NULL	NULL	NULL	NULL	NULL	NULL	NULL	28	Autobusai	28	01-ž		785	NULL	NULL	NULL
missed	663132	A>B	Žemieji Paneriai–Grigiškės	792	NULL	NULL	NULL	NULL	NULL	NULL	NULL	28	Autobusai	28	01-ž		808	NULL	NULL	NULL
missed	663132	B>A	Grigiškės–Žemieji Paneriai	808	NULL	NULL	NULL	NULL	NULL	NULL	NULL	28	Autobusai	28	01-ž		824	NULL	NULL	NULL
missed	663132	A>B	Žemieji Paneriai–Grigiškės	827	NULL	NULL	NULL	NULL	NULL	NULL	NULL	28	Autobusai	28	01-ž		843	NULL	NULL	NULL
missed	663132	B>A	Grigiškės–Žemieji Paneriai	843	NULL	NULL	NULL	NULL	NULL	NULL	NULL	28	Autobusai	28	01-ž		859	NULL	NULL	NULL
missed	663132	A>B	Žemieji Paneriai–Grigiškės	868	NULL	NULL	NULL	NULL	NULL	NULL	NULL	28	Autobusai	28	01-ž		884	NULL	NULL	NULL
missed	663132	B>A	Grigiškės–Žemieji Paneriai	884	NULL	NULL	NULL	NULL	NULL	NULL	NULL	28	Autobusai	28	01-ž		900	NULL	NULL	NULL
missed	663132	A>B	Žemieji Paneriai–Grigiškės	908	NULL	NULL	NULL	NULL	NULL	NULL	NULL	28	Autobusai	28	01-ž		924	NULL	NULL	NULL
missed	663132	B>A	Grigiškės–Žemieji Paneriai	924	NULL	NULL	NULL	NULL	NULL	NULL	NULL	28	Autobusai	28	01-ž		940	NULL	NULL	NULL
missed	663132	A>B	Žemieji Paneriai–Grigiškės	947	NULL	NULL	NULL	NULL	NULL	NULL	NULL	28	Autobusai	28	01-ž		963	NULL	NULL	NULL
missed	663132	B>A	Grigiškės–Žemieji Paneriai	963	NULL	NULL	NULL	NULL	NULL	NULL	NULL	28	Autobusai	28	01-ž		979	NULL	NULL	NULL
missed	663132	A>B	Žemieji Paneriai–Grigiškės	985	NULL	NULL	NULL	NULL	NULL	NULL	NULL	28	Autobusai	28	01-ž		1001	NULL	NULL	NULL
missed	663132	B>A	Grigiškės–Žemieji Paneriai	1001	NULL	NULL	NULL	NULL	NULL	NULL	NULL	28	Autobusai	28	01-ž		1017	NULL	NULL	NULL
missed	663132	A>B	Žemieji Paneriai–Grigiškės	1027	NULL	NULL	NULL	NULL	NULL	NULL	NULL	28	Autobusai	28	01-ž		1043	NULL	NULL	NULL
missed	663132	B>A	Grigiškės–Žemieji Paneriai	1043	NULL	NULL	NULL	NULL	NULL	NULL	NULL	28	Autobusai	28	01-ž		1059	NULL	NULL	NULL
missed	663132	A>B	Žemieji Paneriai–Grigiškės	1068	NULL	NULL	NULL	NULL	NULL	NULL	NULL	28	Autobusai	28	01-ž		1084	NULL	NULL	NULL
missed	663132	B>A	Grigiškės–Žemieji Paneriai	1084	NULL	NULL	NULL	NULL	NULL	NULL	NULL	28	Autobusai	28	01-ž		1100	NULL	NULL	NULL
missed	663132	A>B	Žemieji Paneriai–Grigiškės	1140	NULL	NULL	NULL	NULL	NULL	NULL	NULL	28	Autobusai	28	01-ž		1156	NULL	NULL	NULL
missed	663132	B>A	Grigiškės–Žemieji Paneriai	1156	NULL	NULL	NULL	NULL	NULL	NULL	NULL	28	Autobusai	28	01-ž		1172	NULL	NULL	NULL
missed	663132	A>B	Žemieji Paneriai–Grigiškės	1181	NULL	NULL	NULL	NULL	NULL	NULL	NULL	28	Autobusai	28	01-ž		1197	NULL	NULL	NULL
missed	663132	B>A	Grigiškės–Žemieji Paneriai	1197	NULL	NULL	NULL	NULL	NULL	NULL	NULL	28	Autobusai	28	01-ž		1213	NULL	NULL	NULL
missed	663132	A>B	Žemieji Paneriai–Grigiškės	1219	NULL	NULL	NULL	NULL	NULL	NULL	NULL	28	Autobusai	28	01-ž		1235	NULL	NULL	NULL
missed	663132	B>A	Grigiškės–Žemieji Paneriai	1235	NULL	NULL	NULL	NULL	NULL	NULL	NULL	28	Autobusai	28	01-ž		1251	NULL	NULL	NULL
missed	663132	A>B	Žemieji Paneriai–Grigiškės	1257	NULL	NULL	NULL	NULL	NULL	NULL	NULL	28	Autobusai	28	01-ž		1273	NULL	NULL	NULL
missed	663132	B>A	Grigiškės–Žemieji Paneriai	1273	NULL	NULL	NULL	NULL	NULL	NULL	NULL	28	Autobusai	28	01-ž		1289	NULL	NULL	NULL
missed	663132	A>B	Žemieji Paneriai–Grigiškės	1299	NULL	NULL	NULL	NULL	NULL	NULL	NULL	28	Autobusai	28	01-ž		1315	NULL	NULL	NULL
missed	663132	B>A	Grigiškės–Žemieji Paneriai	1315	NULL	NULL	NULL	NULL	NULL	NULL	NULL	28	Autobusai	28	01-ž		1331	NULL	NULL	NULL
missed	663132	A>B	Žemieji Paneriai–Grigiškės	1339	NULL	NULL	NULL	NULL	NULL	NULL	NULL	28	Autobusai	28	01-ž		1355	NULL	NULL	NULL
missed	663132	B>A	Grigiškės–Žemieji Paneriai	1355	NULL	NULL	NULL	NULL	NULL	NULL	NULL	28	Autobusai	28	01-ž		1371	NULL	NULL	NULL
missed	663132	A>B	Žemieji Paneriai–Grigiškės	1376	NULL	NULL	NULL	NULL	NULL	NULL	NULL	28	Autobusai	28	01-ž		1392	NULL	NULL	NULL
missed	663132	B>A	Grigiškės–Žemieji Paneriai	1392	NULL	NULL	NULL	NULL	NULL	NULL	NULL	28	Autobusai	28	01-ž		1408	NULL	NULL	NULL
missed	663133	B>A	Grigiškės–Žemieji Paneriai	341	NULL	NULL	NULL	NULL	NULL	NULL	NULL	28	Autobusai	28	02		357	NULL	NULL	NULL
missed	663133	A>B	Žemieji Paneriai–Grigiškės	363	NULL	NULL	NULL	NULL	NULL	NULL	NULL	28	Autobusai	28	02		379	NULL	NULL	NULL
missed	663133	B>A	Grigiškės–Žemieji Paneriai	379	NULL	NULL	NULL	NULL	NULL	NULL	NULL	28	Autobusai	28	02		395	NULL	NULL	NULL
missed	663133	A>B	Žemieji Paneriai–Grigiškės	402	NULL	NULL	NULL	NULL	NULL	NULL	NULL	28	Autobusai	28	02		418	NULL	NULL	NULL
missed	663133	B>A	Grigiškės–Žemieji Paneriai	418	NULL	NULL	NULL	NULL	NULL	NULL	NULL	28	Autobusai	28	02		434	NULL	NULL	NULL
missed	663133	A>B	Žemieji Paneriai–Grigiškės	439	NULL	NULL	NULL	NULL	NULL	NULL	NULL	28	Autobusai	28	02		455	NULL	NULL	NULL
missed	663133	B>A	Grigiškės–Žemieji Paneriai	455	NULL	NULL	NULL	NULL	NULL	NULL	NULL	28	Autobusai	28	02		471	NULL	NULL	NULL
missed	663133	A>B	Žemieji Paneriai–Grigiškės	481	NULL	NULL	NULL	NULL	NULL	NULL	NULL	28	Autobusai	28	02		497	NULL	NULL	NULL
missed	663133	B>A	Grigiškės–Žemieji Paneriai	497	NULL	NULL	NULL	NULL	NULL	NULL	NULL	28	Autobusai	28	02		513	NULL	NULL	NULL
missed	663133	A>B	Žemieji Paneriai–Grigiškės	519	NULL	NULL	NULL	NULL	NULL	NULL	NULL	28	Autobusai	28	02		535	NULL	NULL	NULL
missed	663133	B>A	Grigiškės–Žemieji Paneriai	535	NULL	NULL	NULL	NULL	NULL	NULL	NULL	28	Autobusai	28	02		551	NULL	NULL	NULL
missed	663133	A>B	Žemieji Paneriai–Grigiškės	556	NULL	NULL	NULL	NULL	NULL	NULL	NULL	28	Autobusai	28	02		572	NULL	NULL	NULL
missed	663133	B>A	Grigiškės–Žemieji Paneriai	572	NULL	NULL	NULL	NULL	NULL	NULL	NULL	28	Autobusai	28	02		588	NULL	NULL	NULL
missed	663133	A>B	Žemieji Paneriai–Grigiškės	842	NULL	NULL	NULL	NULL	NULL	NULL	NULL	28	Autobusai	28	02		858	NULL	NULL	NULL
missed	663133	B>A	Grigiškės–Žemieji Paneriai	858	NULL	NULL	NULL	NULL	NULL	NULL	NULL	28	Autobusai	28	02		874	NULL	NULL	NULL
missed	663133	A>B	Žemieji Paneriai–Grigiškės	887	NULL	NULL	NULL	NULL	NULL	NULL	NULL	28	Autobusai	28	02		903	NULL	NULL	NULL
missed	663133	B>A	Grigiškės–Žemieji Paneriai	903	NULL	NULL	NULL	NULL	NULL	NULL	NULL	28	Autobusai	28	02		919	NULL	NULL	NULL
missed	663133	A>B	Žemieji Paneriai–Grigiškės	927	NULL	NULL	NULL	NULL	NULL	NULL	NULL	28	Autobusai	28	02		943	NULL	NULL	NULL
missed	663133	B>A	Grigiškės–Žemieji Paneriai	943	NULL	NULL	NULL	NULL	NULL	NULL	NULL	28	Autobusai	28	02		959	NULL	NULL	NULL
missed	663133	A>B	Žemieji Paneriai–Grigiškės	970	NULL	NULL	NULL	NULL	NULL	NULL	NULL	28	Autobusai	28	02		986	NULL	NULL	NULL
missed	663133	B>A	Grigiškės–Žemieji Paneriai	986	NULL	NULL	NULL	NULL	NULL	NULL	NULL	28	Autobusai	28	02		1002	NULL	NULL	NULL
missed	663133	A>B	Žemieji Paneriai–Grigiškės	1007	NULL	NULL	NULL	NULL	NULL	NULL	NULL	28	Autobusai	28	02		1023	NULL	NULL	NULL
missed	663133	B>A	Grigiškės–Žemieji Paneriai	1023	NULL	NULL	NULL	NULL	NULL	NULL	NULL	28	Autobusai	28	02		1039	NULL	NULL	NULL
missed	663133	A>B	Žemieji Paneriai–Grigiškės	1047	NULL	NULL	NULL	NULL	NULL	NULL	NULL	28	Autobusai	28	02		1063	NULL	NULL	NULL
missed	663133	B>A	Grigiškės–Žemieji Paneriai	1063	NULL	NULL	NULL	NULL	NULL	NULL	NULL	28	Autobusai	28	02		1079	NULL	NULL	NULL
missed	663133	A>B	Žemieji Paneriai–Grigiškės	1092	NULL	NULL	NULL	NULL	NULL	NULL	NULL	28	Autobusai	28	02		1108	NULL	NULL	NULL
missed	663133	B>A	Grigiškės–Žemieji Paneriai	1108	NULL	NULL	NULL	NULL	NULL	NULL	NULL	28	Autobusai	28	02		1124	NULL	NULL	NULL
missed	663133	A>B	Žemieji Paneriai–Grigiškės	1129	NULL	NULL	NULL	NULL	NULL	NULL	NULL	28	Autobusai	28	02		1145	NULL	NULL	NULL
missed	663133	B>A	Grigiškės–Žemieji Paneriai	1145	NULL	NULL	NULL	NULL	NULL	NULL	NULL	28	Autobusai	28	02		1161	NULL	NULL	NULL
missed	663134	B>A	Grigiškės–Žemieji Paneriai	353	NULL	NULL	NULL	NULL	NULL	NULL	NULL	28	Autobusai	28	03		369	NULL	NULL	NULL
missed	663134	A>B	Žemieji Paneriai–Grigiškės	376	NULL	NULL	NULL	NULL	NULL	NULL	NULL	28	Autobusai	28	03		392	NULL	NULL	NULL
missed	663134	B>A	Grigiškės–Žemieji Paneriai	392	NULL	NULL	NULL	NULL	NULL	NULL	NULL	28	Autobusai	28	03		408	NULL	NULL	NULL
missed	663134	A>B	Žemieji Paneriai–Grigiškės	415	NULL	NULL	NULL	NULL	NULL	NULL	NULL	28	Autobusai	28	03		431	NULL	NULL	NULL
missed	663134	B>A	Grigiškės–Žemieji Paneriai	431	NULL	NULL	NULL	NULL	NULL	NULL	NULL	28	Autobusai	28	03		447	NULL	NULL	NULL
missed	663134	A>B	Žemieji Paneriai–Grigiškės	455	NULL	NULL	NULL	NULL	NULL	NULL	NULL	28	Autobusai	28	03		471	NULL	NULL	NULL
missed	663134	B>A	Grigiškės–Žemieji Paneriai	471	NULL	NULL	NULL	NULL	NULL	NULL	NULL	28	Autobusai	28	03		487	NULL	NULL	NULL
missed	663134	A>B	Žemieji Paneriai–Grigiškės	493	NULL	NULL	NULL	NULL	NULL	NULL	NULL	28	Autobusai	28	03		509	NULL	NULL	NULL
missed	663134	B>A	Grigiškės–Žemieji Paneriai	509	NULL	NULL	NULL	NULL	NULL	NULL	NULL	28	Autobusai	28	03		525	NULL	NULL	NULL
missed	663134	A>B	Žemieji Paneriai–Grigiškės	531	NULL	NULL	NULL	NULL	NULL	NULL	NULL	28	Autobusai	28	03		547	NULL	NULL	NULL
missed	663134	B>A	Grigiškės–Žemieji Paneriai	547	NULL	NULL	NULL	NULL	NULL	NULL	NULL	28	Autobusai	28	03		563	NULL	NULL	NULL
missed	663134	A>B	Žemieji Paneriai–Grigiškės	579	NULL	NULL	NULL	NULL	NULL	NULL	NULL	28	Autobusai	28	03		595	NULL	NULL	NULL
missed	663134	B>A	Grigiškės–Žemieji Paneriai	595	NULL	NULL	NULL	NULL	NULL	NULL	NULL	28	Autobusai	28	03		611	NULL	NULL	NULL
missed	663134	A>B	Žemieji Paneriai–Grigiškės	960	NULL	NULL	NULL	NULL	NULL	NULL	NULL	28	Autobusai	28	03		976	NULL	NULL	NULL
missed	663134	B>A	Grigiškės–Žemieji Paneriai	976	NULL	NULL	NULL	NULL	NULL	NULL	NULL	28	Autobusai	28	03		992	NULL	NULL	NULL
missed	663134	A>B	Žemieji Paneriai–Grigiškės	999	NULL	NULL	NULL	NULL	NULL	NULL	NULL	28	Autobusai	28	03		1015	NULL	NULL	NULL
missed	663134	B>A	Grigiškės–Žemieji Paneriai	1015	NULL	NULL	NULL	NULL	NULL	NULL	NULL	28	Autobusai	28	03		1031	NULL	NULL	NULL
missed	663134	A>B	Žemieji Paneriai–Grigiškės	1039	NULL	NULL	NULL	NULL	NULL	NULL	NULL	28	Autobusai	28	03		1055	NULL	NULL	NULL
missed	663134	B>A	Grigiškės–Žemieji Paneriai	1055	NULL	NULL	NULL	NULL	NULL	NULL	NULL	28	Autobusai	28	03		1071	NULL	NULL	NULL
missed	663134	A>B	Žemieji Paneriai–Grigiškės	1082	NULL	NULL	NULL	NULL	NULL	NULL	NULL	28	Autobusai	28	03		1098	NULL	NULL	NULL
missed	663134	B>A	Grigiškės–Žemieji Paneriai	1098	NULL	NULL	NULL	NULL	NULL	NULL	NULL	28	Autobusai	28	03		1114	NULL	NULL	NULL
missed	663134	A>B	Žemieji Paneriai–Grigiškės	1119	NULL	NULL	NULL	NULL	NULL	NULL	NULL	28	Autobusai	28	03		1135	NULL	NULL	NULL
missed	663134	B>A	Grigiškės–Žemieji Paneriai	1135	NULL	NULL	NULL	NULL	NULL	NULL	NULL	28	Autobusai	28	03		1151	NULL	NULL	NULL
missed	663134	A>B	Žemieji Paneriai–Grigiškės	1160	NULL	NULL	NULL	NULL	NULL	NULL	NULL	28	Autobusai	28	03		1176	NULL	NULL	NULL
missed	663134	B>A	Grigiškės–Žemieji Paneriai	1176	NULL	NULL	NULL	NULL	NULL	NULL	NULL	28	Autobusai	28	03		1192	NULL	NULL	NULL
missed	663135	B>A	Grigiškės–Žemieji Paneriai	305	NULL	NULL	NULL	NULL	NULL	NULL	NULL	28	Autobusai	28	04		321	NULL	NULL	NULL
missed	663135	A>B	Žemieji Paneriai–Grigiškės	331	NULL	NULL	NULL	NULL	NULL	NULL	NULL	28	Autobusai	28	04		347	NULL	NULL	NULL
missed	663135	B>A	Grigiškės–Žemieji Paneriai	347	NULL	NULL	NULL	NULL	NULL	NULL	NULL	28	Autobusai	28	04		363	NULL	NULL	NULL
missed	663135	A>B	Žemieji Paneriai–Grigiškės	370	NULL	NULL	NULL	NULL	NULL	NULL	NULL	28	Autobusai	28	04		386	NULL	NULL	NULL
missed	663135	B>A	Grigiškės–Žemieji Paneriai	386	NULL	NULL	NULL	NULL	NULL	NULL	NULL	28	Autobusai	28	04		402	NULL	NULL	NULL
missed	663135	A>B	Žemieji Paneriai–Grigiškės	409	NULL	NULL	NULL	NULL	NULL	NULL	NULL	28	Autobusai	28	04		425	NULL	NULL	NULL
missed	663135	B>A	Grigiškės–Žemieji Paneriai	425	NULL	NULL	NULL	NULL	NULL	NULL	NULL	28	Autobusai	28	04		441	NULL	NULL	NULL
missed	663135	A>B	Žemieji Paneriai–Grigiškės	446	NULL	NULL	NULL	NULL	NULL	NULL	NULL	28	Autobusai	28	04		462	NULL	NULL	NULL
missed	663135	B>A	Grigiškės–Žemieji Paneriai	462	NULL	NULL	NULL	NULL	NULL	NULL	NULL	28	Autobusai	28	04		478	NULL	NULL	NULL
missed	663135	A>B	Žemieji Paneriai–Grigiškės	487	NULL	NULL	NULL	NULL	NULL	NULL	NULL	28	Autobusai	28	04		503	NULL	NULL	NULL
missed	663135	B>A	Grigiškės–Žemieji Paneriai	503	NULL	NULL	NULL	NULL	NULL	NULL	NULL	28	Autobusai	28	04		519	NULL	NULL	NULL
missed	663135	A>B	Žemieji Paneriai–Grigiškės	936	NULL	NULL	NULL	NULL	NULL	NULL	NULL	28	Autobusai	28	04		952	NULL	NULL	NULL
missed	663135	B>A	Grigiškės–Žemieji Paneriai	952	NULL	NULL	NULL	NULL	NULL	NULL	NULL	28	Autobusai	28	04		968	NULL	NULL	NULL
missed	663135	A>B	Žemieji Paneriai–Grigiškės	978	NULL	NULL	NULL	NULL	NULL	NULL	NULL	28	Autobusai	28	04		994	NULL	NULL	NULL
missed	663135	B>A	Grigiškės–Žemieji Paneriai	994	NULL	NULL	NULL	NULL	NULL	NULL	NULL	28	Autobusai	28	04		1010	NULL	NULL	NULL
missed	663135	A>B	Žemieji Paneriai–Grigiškės	1018	NULL	NULL	NULL	NULL	NULL	NULL	NULL	28	Autobusai	28	04		1034	NULL	NULL	NULL
missed	663135	B>A	Grigiškės–Žemieji Paneriai	1034	NULL	NULL	NULL	NULL	NULL	NULL	NULL	28	Autobusai	28	04		1050	NULL	NULL	NULL
missed	663135	A>B	Žemieji Paneriai–Grigiškės	1057	NULL	NULL	NULL	NULL	NULL	NULL	NULL	28	Autobusai	28	04		1073	NULL	NULL	NULL
missed	663135	B>A	Grigiškės–Žemieji Paneriai	1073	NULL	NULL	NULL	NULL	NULL	NULL	NULL	28	Autobusai	28	04		1089	NULL	NULL	NULL
missed	663135	A>B	Žemieji Paneriai–Grigiškės	1104	NULL	NULL	NULL	NULL	NULL	NULL	NULL	28	Autobusai	28	04		1120	NULL	NULL	NULL
missed	663135	B>A	Grigiškės–Žemieji Paneriai	1120	NULL	NULL	NULL	NULL	NULL	NULL	NULL	28	Autobusai	28	04		1136	NULL	NULL	NULL
missed	663135	A>B	Žemieji Paneriai–Grigiškės	1149	NULL	NULL	NULL	NULL	NULL	NULL	NULL	28	Autobusai	28	04		1165	NULL	NULL	NULL
missed	663135	B>A	Grigiškės–Žemieji Paneriai	1165	NULL	NULL	NULL	NULL	NULL	NULL	NULL	28	Autobusai	28	04		1181	NULL	NULL	NULL
missed	663141	B>A	Grigiškės–Lazdynai–Žemaitės g.–Vilkpėdė	323	NULL	NULL	NULL	NULL	NULL	NULL	NULL	29	Autobusai	29	01-Ž		353	NULL	NULL	NULL
missed	663141	A>B	Vilkpėdė–Žemaitės g.–Lazdynai–Grigiškės	364	NULL	NULL	NULL	NULL	NULL	NULL	NULL	29	Autobusai	29	01-Ž		393	NULL	NULL	NULL
missed	663141	B>A	Grigiškės–Lazdynai–Žemaitės g.–Vilkpėdė	393	NULL	NULL	NULL	NULL	NULL	NULL	NULL	29	Autobusai	29	01-Ž		423	NULL	NULL	NULL
missed	663141	A>B	Vilkpėdė–Žemaitės g.–Lazdynai–Grigiškės	436	NULL	NULL	NULL	NULL	NULL	NULL	NULL	29	Autobusai	29	01-Ž		466	NULL	NULL	NULL
missed	663141	B>A	Grigiškės–Lazdynai–Žemaitės g.–Vilkpėdė	466	NULL	NULL	NULL	NULL	NULL	NULL	NULL	29	Autobusai	29	01-Ž		497	NULL	NULL	NULL
missed	663141	A>B	Vilkpėdė–Žemaitės g.–Lazdynai–Grigiškės	507	NULL	NULL	NULL	NULL	NULL	NULL	NULL	29	Autobusai	29	01-Ž		537	NULL	NULL	NULL
missed	663141	B>A	Grigiškės–Lazdynai–Žemaitės g.–Vilkpėdė	537	NULL	NULL	NULL	NULL	NULL	NULL	NULL	29	Autobusai	29	01-Ž		567	NULL	NULL	NULL
missed	663141	A>B	Vilkpėdė–Žemaitės g.–Lazdynai–Grigiškės	598	NULL	NULL	NULL	NULL	NULL	NULL	NULL	29	Autobusai	29	01-Ž		627	NULL	NULL	NULL
missed	663141	B>A	Grigiškės–Lazdynai–Žemaitės g.–Vilkpėdė	627	NULL	NULL	NULL	NULL	NULL	NULL	NULL	29	Autobusai	29	01-Ž		657	NULL	NULL	NULL
missed	663141	A>B	Vilkpėdė–Žemaitės g.–Lazdynai–Grigiškės	688	NULL	NULL	NULL	NULL	NULL	NULL	NULL	29	Autobusai	29	01-Ž		717	NULL	NULL	NULL
missed	663141	B>A	Grigiškės–Lazdynai–Žemaitės g.–Vilkpėdė	717	NULL	NULL	NULL	NULL	NULL	NULL	NULL	29	Autobusai	29	01-Ž		747	NULL	NULL	NULL
missed	663141	A>B	Vilkpėdė–Žemaitės g.–Lazdynai–Grigiškės	758	NULL	NULL	NULL	NULL	NULL	NULL	NULL	29	Autobusai	29	01-Ž		787	NULL	NULL	NULL
missed	663141	B>A	Grigiškės–Lazdynai–Žemaitės g.–Vilkpėdė	787	NULL	NULL	NULL	NULL	NULL	NULL	NULL	29	Autobusai	29	01-Ž		817	NULL	NULL	NULL
missed	663141	A>B	Vilkpėdė–Žemaitės g.–Lazdynai–Grigiškės	832	NULL	NULL	NULL	NULL	NULL	NULL	NULL	29	Autobusai	29	01-Ž		861	NULL	NULL	NULL
missed	663141	B>A	Grigiškės–Lazdynai–Žemaitės g.–Vilkpėdė	861	NULL	NULL	NULL	NULL	NULL	NULL	NULL	29	Autobusai	29	01-Ž		891	NULL	NULL	NULL
missed	663141	A>B	Vilkpėdė–Žemaitės g.–Lazdynai–Grigiškės	903	NULL	NULL	NULL	NULL	NULL	NULL	NULL	29	Autobusai	29	01-Ž		932	NULL	NULL	NULL
missed	663141	B>A	Grigiškės–Lazdynai–Žemaitės g.–Vilkpėdė	932	NULL	NULL	NULL	NULL	NULL	NULL	NULL	29	Autobusai	29	01-Ž		962	NULL	NULL	NULL
missed	663141	A>B	Vilkpėdė–Žemaitės g.–Lazdynai–Grigiškės	976	NULL	NULL	NULL	NULL	NULL	NULL	NULL	29	Autobusai	29	01-Ž		1006	NULL	NULL	NULL
missed	663141	B>A	Grigiškės–Lazdynai–Žemaitės g.–Vilkpėdė	1006	NULL	NULL	NULL	NULL	NULL	NULL	NULL	29	Autobusai	29	01-Ž		1037	NULL	NULL	NULL
missed	663141	A>B	Vilkpėdė–Žemaitės g.–Lazdynai–Grigiškės	1048	NULL	NULL	NULL	NULL	NULL	NULL	NULL	29	Autobusai	29	01-Ž		1078	NULL	NULL	NULL
missed	663141	B>A	Grigiškės–Lazdynai–Žemaitės g.–Vilkpėdė	1078	NULL	NULL	NULL	NULL	NULL	NULL	NULL	29	Autobusai	29	01-Ž		1109	NULL	NULL	NULL
missed	663141	A>B	Vilkpėdė–Žemaitės g.–Lazdynai–Grigiškės	1146	NULL	NULL	NULL	NULL	NULL	NULL	NULL	29	Autobusai	29	01-Ž		1175	NULL	NULL	NULL
missed	663141	B>A	Grigiškės–Lazdynai–Žemaitės g.–Vilkpėdė	1175	NULL	NULL	NULL	NULL	NULL	NULL	NULL	29	Autobusai	29	01-Ž		1206	NULL	NULL	NULL
missed	663141	A>B	Vilkpėdė–Žemaitės g.–Lazdynai–Grigiškės	1240	NULL	NULL	NULL	NULL	NULL	NULL	NULL	29	Autobusai	29	01-Ž		1268	NULL	NULL	NULL
missed	663141	B>A	Grigiškės–Lazdynai–Žemaitės g.–Vilkpėdė	1268	NULL	NULL	NULL	NULL	NULL	NULL	NULL	29	Autobusai	29	01-Ž		1298	NULL	NULL	NULL
missed	663141	A>B	Vilkpėdė–Žemaitės g.–Lazdynai–Grigiškės	1309	NULL	NULL	NULL	NULL	NULL	NULL	NULL	29	Autobusai	29	01-Ž		1337	NULL	NULL	NULL
missed	663141	B>A	Grigiškės–Lazdynai–Žemaitės g.–Vilkpėdė	1337	NULL	NULL	NULL	NULL	NULL	NULL	NULL	29	Autobusai	29	01-Ž		1367	NULL	NULL	NULL
missed	663141	A>B	Vilkpėdė–Žemaitės g.–Lazdynai–Grigiškės	1378	NULL	NULL	NULL	NULL	NULL	NULL	NULL	29	Autobusai	29	01-Ž		1406	NULL	NULL	NULL
missed	663140	A>B	Vilkpėdė–Žemaitės g.–Lazdynai–Grigiškės	347	NULL	NULL	NULL	NULL	NULL	NULL	NULL	29	Autobusai	29	02		376	NULL	NULL	NULL
missed	663140	B>A	Grigiškės–Lazdynai–Žemaitės g.–Vilkpėdė	376	NULL	NULL	NULL	NULL	NULL	NULL	NULL	29	Autobusai	29	02		406	NULL	NULL	NULL
missed	663140	A>B	Vilkpėdė–Žemaitės g.–Lazdynai–Grigiškės	417	NULL	NULL	NULL	NULL	NULL	NULL	NULL	29	Autobusai	29	02		447	NULL	NULL	NULL
missed	663140	B>A	Grigiškės–Lazdynai–Žemaitės g.–Vilkpėdė	447	NULL	NULL	NULL	NULL	NULL	NULL	NULL	29	Autobusai	29	02		478	NULL	NULL	NULL
missed	663140	A>B	Vilkpėdė–Žemaitės g.–Lazdynai–Grigiškės	490	NULL	NULL	NULL	NULL	NULL	NULL	NULL	29	Autobusai	29	02		520	NULL	NULL	NULL
missed	663140	B>A	Grigiškės–Lazdynai–Žemaitės g.–Vilkpėdė	520	NULL	NULL	NULL	NULL	NULL	NULL	NULL	29	Autobusai	29	02		550	NULL	NULL	NULL
missed	663140	A>B	Vilkpėdė–Žemaitės g.–Lazdynai–Grigiškės	945	NULL	NULL	NULL	NULL	NULL	NULL	NULL	29	Autobusai	29	02		974	NULL	NULL	NULL
missed	663140	B>A	Grigiškės–Lazdynai–Žemaitės g.–Vilkpėdė	974	NULL	NULL	NULL	NULL	NULL	NULL	NULL	29	Autobusai	29	02		1005	NULL	NULL	NULL
missed	663140	A>B	Vilkpėdė–Žemaitės g.–Lazdynai–Grigiškės	1017	NULL	NULL	NULL	NULL	NULL	NULL	NULL	29	Autobusai	29	02		1047	NULL	NULL	NULL
missed	663140	B>A	Grigiškės–Lazdynai–Žemaitės g.–Vilkpėdė	1047	NULL	NULL	NULL	NULL	NULL	NULL	NULL	29	Autobusai	29	02		1078	NULL	NULL	NULL
missed	663140	A>B	Vilkpėdė–Žemaitės g.–Lazdynai–Grigiškės	1101	NULL	NULL	NULL	NULL	NULL	NULL	NULL	29	Autobusai	29	02		1131	NULL	NULL	NULL
missed	663140	B>A	Grigiškės–Lazdynai–Žemaitės g.–Vilkpėdė	1131	NULL	NULL	NULL	NULL	NULL	NULL	NULL	29	Autobusai	29	02		1162	NULL	NULL	NULL
missed	663142	B>A	Grigiškės–Lazdynai–Žemaitės g.–Vilkpėdė	350	NULL	NULL	NULL	NULL	NULL	NULL	NULL	29	Autobusai	29	03		380	NULL	NULL	NULL
missed	663142	A>B	Vilkpėdė–Žemaitės g.–Lazdynai–Grigiškės	398	NULL	NULL	NULL	NULL	NULL	NULL	NULL	29	Autobusai	29	03		427	NULL	NULL	NULL
missed	663142	B>A	Grigiškės–Lazdynai–Žemaitės g.–Vilkpėdė	427	NULL	NULL	NULL	NULL	NULL	NULL	NULL	29	Autobusai	29	03		458	NULL	NULL	NULL
missed	663142	A>B	Vilkpėdė–Žemaitės g.–Lazdynai–Grigiškės	471	NULL	NULL	NULL	NULL	NULL	NULL	NULL	29	Autobusai	29	03		501	NULL	NULL	NULL
missed	663142	B>A	Grigiškės–Lazdynai–Žemaitės g.–Vilkpėdė	501	NULL	NULL	NULL	NULL	NULL	NULL	NULL	29	Autobusai	29	03		532	NULL	NULL	NULL
missed	663142	A>B	Vilkpėdė–Žemaitės g.–Lazdynai–Grigiškės	567	NULL	NULL	NULL	NULL	NULL	NULL	NULL	29	Autobusai	29	03		596	NULL	NULL	NULL
missed	663142	B>A	Grigiškės–Lazdynai–Žemaitės g.–Vilkpėdė	596	NULL	NULL	NULL	NULL	NULL	NULL	NULL	29	Autobusai	29	03		626	NULL	NULL	NULL
missed	663142	A>B	Vilkpėdė–Žemaitės g.–Lazdynai–Grigiškės	657	NULL	NULL	NULL	NULL	NULL	NULL	NULL	29	Autobusai	29	03		686	NULL	NULL	NULL
missed	663142	B>A	Grigiškės–Lazdynai–Žemaitės g.–Vilkpėdė	686	NULL	NULL	NULL	NULL	NULL	NULL	NULL	29	Autobusai	29	03		716	NULL	NULL	NULL
missed	663142	A>B	Vilkpėdė–Žemaitės g.–Lazdynai–Grigiškės	736	NULL	NULL	NULL	NULL	NULL	NULL	NULL	29	Autobusai	29	03		765	NULL	NULL	NULL
missed	663142	B>A	Grigiškės–Lazdynai–Žemaitės g.–Vilkpėdė	765	NULL	NULL	NULL	NULL	NULL	NULL	NULL	29	Autobusai	29	03		795	NULL	NULL	NULL
missed	663142	A>B	Vilkpėdė–Žemaitės g.–Lazdynai–Grigiškės	810	NULL	NULL	NULL	NULL	NULL	NULL	NULL	29	Autobusai	29	03		839	NULL	NULL	NULL
missed	663142	B>A	Grigiškės–Lazdynai–Žemaitės g.–Vilkpėdė	839	NULL	NULL	NULL	NULL	NULL	NULL	NULL	29	Autobusai	29	03		869	NULL	NULL	NULL
missed	663142	A>B	Vilkpėdė–Žemaitės g.–Lazdynai–Grigiškės	882	NULL	NULL	NULL	NULL	NULL	NULL	NULL	29	Autobusai	29	03		911	NULL	NULL	NULL
missed	663142	B>A	Grigiškės–Lazdynai–Žemaitės g.–Vilkpėdė	911	NULL	NULL	NULL	NULL	NULL	NULL	NULL	29	Autobusai	29	03		941	NULL	NULL	NULL
missed	663142	A>B	Vilkpėdė–Žemaitės g.–Lazdynai–Grigiškės	960	NULL	NULL	NULL	NULL	NULL	NULL	NULL	29	Autobusai	29	03		990	NULL	NULL	NULL
missed	663142	B>A	Grigiškės–Lazdynai–Žemaitės g.–Vilkpėdė	990	NULL	NULL	NULL	NULL	NULL	NULL	NULL	29	Autobusai	29	03		1021	NULL	NULL	NULL
missed	663142	A>B	Vilkpėdė–Žemaitės g.–Lazdynai–Grigiškės	1034	NULL	NULL	NULL	NULL	NULL	NULL	NULL	29	Autobusai	29	03		1064	NULL	NULL	NULL
missed	663142	B>A	Grigiškės–Lazdynai–Žemaitės g.–Vilkpėdė	1064	NULL	NULL	NULL	NULL	NULL	NULL	NULL	29	Autobusai	29	03		1095	NULL	NULL	NULL
missed	663142	A>B	Vilkpėdė–Žemaitės g.–Lazdynai–Grigiškės	1126	NULL	NULL	NULL	NULL	NULL	NULL	NULL	29	Autobusai	29	03		1155	NULL	NULL	NULL
missed	663142	B>A	Grigiškės–Lazdynai–Žemaitės g.–Vilkpėdė	1155	NULL	NULL	NULL	NULL	NULL	NULL	NULL	29	Autobusai	29	03		1186	NULL	NULL	NULL
missed	663142	A>B	Vilkpėdė–Žemaitės g.–Lazdynai–Grigiškės	1217	NULL	NULL	NULL	NULL	NULL	NULL	NULL	29	Autobusai	29	03		1245	NULL	NULL	NULL
missed	663142	B>A	Grigiškės–Lazdynai–Žemaitės g.–Vilkpėdė	1245	NULL	NULL	NULL	NULL	NULL	NULL	NULL	29	Autobusai	29	03		1275	NULL	NULL	NULL
missed	663142	A>B	Vilkpėdė–Žemaitės g.–Lazdynai–Grigiškės	1286	NULL	NULL	NULL	NULL	NULL	NULL	NULL	29	Autobusai	29	03		1314	NULL	NULL	NULL
missed	663142	B>A	Grigiškės–Lazdynai–Žemaitės g.–Vilkpėdė	1314	NULL	NULL	NULL	NULL	NULL	NULL	NULL	29	Autobusai	29	03		1344	NULL	NULL	NULL
missed	663142	A>B	Vilkpėdė–Žemaitės g.–Lazdynai–Grigiškės	1362	NULL	NULL	NULL	NULL	NULL	NULL	NULL	29	Autobusai	29	03		1390	NULL	NULL	NULL
missed	663143	A>B	Vilkpėdė–Žemaitės g.–Lazdynai–Grigiškės	384	NULL	NULL	NULL	NULL	NULL	NULL	NULL	29	Autobusai	29	04		413	NULL	NULL	NULL
missed	663143	B>A	Grigiškės–Lazdynai–Žemaitės g.–Vilkpėdė	413	NULL	NULL	NULL	NULL	NULL	NULL	NULL	29	Autobusai	29	04		444	NULL	NULL	NULL
missed	663143	A>B	Vilkpėdė–Žemaitės g.–Lazdynai–Grigiškės	454	NULL	NULL	NULL	NULL	NULL	NULL	NULL	29	Autobusai	29	04		484	NULL	NULL	NULL
missed	663143	B>A	Grigiškės–Lazdynai–Žemaitės g.–Vilkpėdė	484	NULL	NULL	NULL	NULL	NULL	NULL	NULL	29	Autobusai	29	04		515	NULL	NULL	NULL
missed	663143	A>B	Vilkpėdė–Žemaitės g.–Lazdynai–Grigiškės	530	NULL	NULL	NULL	NULL	NULL	NULL	NULL	29	Autobusai	29	04		559	NULL	NULL	NULL
missed	663143	B>A	Grigiškės–Lazdynai–Žemaitės g.–Vilkpėdė	559	NULL	NULL	NULL	NULL	NULL	NULL	NULL	29	Autobusai	29	04		589	NULL	NULL	NULL
missed	663143	A>B	Vilkpėdė–Žemaitės g.–Lazdynai–Grigiškės	624	NULL	NULL	NULL	NULL	NULL	NULL	NULL	29	Autobusai	29	04		653	NULL	NULL	NULL
missed	663143	B>A	Grigiškės–Lazdynai–Žemaitės g.–Vilkpėdė	653	NULL	NULL	NULL	NULL	NULL	NULL	NULL	29	Autobusai	29	04		683	NULL	NULL	NULL
missed	663143	A>B	Vilkpėdė–Žemaitės g.–Lazdynai–Grigiškės	714	NULL	NULL	NULL	NULL	NULL	NULL	NULL	29	Autobusai	29	04		743	NULL	NULL	NULL
missed	663143	B>A	Grigiškės–Lazdynai–Žemaitės g.–Vilkpėdė	743	NULL	NULL	NULL	NULL	NULL	NULL	NULL	29	Autobusai	29	04		773	NULL	NULL	NULL
missed	663143	A>B	Vilkpėdė–Žemaitės g.–Lazdynai–Grigiškės	786	NULL	NULL	NULL	NULL	NULL	NULL	NULL	29	Autobusai	29	04		815	NULL	NULL	NULL
missed	663143	B>A	Grigiškės–Lazdynai–Žemaitės g.–Vilkpėdė	815	NULL	NULL	NULL	NULL	NULL	NULL	NULL	29	Autobusai	29	04		845	NULL	NULL	NULL
missed	663143	A>B	Vilkpėdė–Žemaitės g.–Lazdynai–Grigiškės	856	NULL	NULL	NULL	NULL	NULL	NULL	NULL	29	Autobusai	29	04		885	NULL	NULL	NULL
missed	663143	B>A	Grigiškės–Lazdynai–Žemaitės g.–Vilkpėdė	885	NULL	NULL	NULL	NULL	NULL	NULL	NULL	29	Autobusai	29	04		915	NULL	NULL	NULL
missed	663143	A>B	Vilkpėdė–Žemaitės g.–Lazdynai–Grigiškės	926	NULL	NULL	NULL	NULL	NULL	NULL	NULL	29	Autobusai	29	04		955	NULL	NULL	NULL
missed	663143	B>A	Grigiškės–Lazdynai–Žemaitės g.–Vilkpėdė	955	NULL	NULL	NULL	NULL	NULL	NULL	NULL	29	Autobusai	29	04		986	NULL	NULL	NULL
missed	663143	A>B	Vilkpėdė–Žemaitės g.–Lazdynai–Grigiškės	997	NULL	NULL	NULL	NULL	NULL	NULL	NULL	29	Autobusai	29	04		1027	NULL	NULL	NULL
missed	663143	B>A	Grigiškės–Lazdynai–Žemaitės g.–Vilkpėdė	1027	NULL	NULL	NULL	NULL	NULL	NULL	NULL	29	Autobusai	29	04		1058	NULL	NULL	NULL
missed	663143	A>B	Vilkpėdė–Žemaitės g.–Lazdynai–Grigiškės	1072	NULL	NULL	NULL	NULL	NULL	NULL	NULL	29	Autobusai	29	04		1102	NULL	NULL	NULL
missed	663143	B>A	Grigiškės–Lazdynai–Žemaitės g.–Vilkpėdė	1102	NULL	NULL	NULL	NULL	NULL	NULL	NULL	29	Autobusai	29	04		1133	NULL	NULL	NULL
missed	663143	A>B	Vilkpėdė–Žemaitės g.–Lazdynai–Grigiškės	1173	NULL	NULL	NULL	NULL	NULL	NULL	NULL	29	Autobusai	29	04		1202	NULL	NULL	NULL
missed	663143	B>A	Grigiškės–Lazdynai–Žemaitės g.–Vilkpėdė	1202	NULL	NULL	NULL	NULL	NULL	NULL	NULL	29	Autobusai	29	04		1232	NULL	NULL	NULL
missed	663143	A>B	Vilkpėdė–Žemaitės g.–Lazdynai–Grigiškės	1263	NULL	NULL	NULL	NULL	NULL	NULL	NULL	29	Autobusai	29	04		1291	NULL	NULL	NULL
missed	663143	B>A	Grigiškės–Lazdynai–Žemaitės g.–Vilkpėdė	1291	NULL	NULL	NULL	NULL	NULL	NULL	NULL	29	Autobusai	29	04		1321	NULL	NULL	NULL
missed	663143	A>B	Vilkpėdė–Žemaitės g.–Lazdynai–Grigiškės	1337	NULL	NULL	NULL	NULL	NULL	NULL	NULL	29	Autobusai	29	04		1365	NULL	NULL	NULL
missed	663143	B>A	Grigiškės–Lazdynai–Žemaitės g.–Vilkpėdė	1365	NULL	NULL	NULL	NULL	NULL	NULL	NULL	29	Autobusai	29	04		1395	NULL	NULL	NULL
missed	663154	A>B	Santariškės–Laisvės pr.–Stotis	325	NULL	NULL	NULL	NULL	NULL	NULL	NULL	2G	Autobusai	2G	01-ž		375	NULL	NULL	NULL
missed	663154	B>A	Stotis–Laisvės pr.–Santariškės	379	NULL	NULL	NULL	NULL	NULL	NULL	NULL	2G	Autobusai	2G	01-ž		429	NULL	NULL	NULL
missed	663154	A>B	Santariškės–Laisvės pr.–Stotis	439	NULL	NULL	NULL	NULL	NULL	NULL	NULL	2G	Autobusai	2G	01-ž		491	NULL	NULL	NULL
missed	663154	B>A1	Stotis–Laisvės pr.–Santariškės (Santariškių žiedas)	496	NULL	NULL	NULL	NULL	NULL	NULL	NULL	2G	Autobusai	2G	01-ž		548	NULL	NULL	NULL
missed	663154	A>B	Santariškės–Laisvės pr.–Stotis	588	NULL	NULL	NULL	NULL	NULL	NULL	NULL	2G	Autobusai	2G	01-ž		638	NULL	NULL	NULL
missed	663154	B>A	Stotis–Laisvės pr.–Santariškės	644	NULL	NULL	NULL	NULL	NULL	NULL	NULL	2G	Autobusai	2G	01-ž		695	NULL	NULL	NULL
missed	663154	A>B	Santariškės–Laisvės pr.–Stotis	702	NULL	NULL	NULL	NULL	NULL	NULL	NULL	2G	Autobusai	2G	01-ž		752	NULL	NULL	NULL
missed	663154	B>A	Stotis–Laisvės pr.–Santariškės	758	NULL	NULL	NULL	NULL	NULL	NULL	NULL	2G	Autobusai	2G	01-ž		809	NULL	NULL	NULL
missed	663154	A>B	Santariškės–Laisvės pr.–Stotis	819	NULL	NULL	NULL	NULL	NULL	NULL	NULL	2G	Autobusai	2G	01-ž		869	NULL	NULL	NULL
missed	663154	B>A	Stotis–Laisvės pr.–Santariškės	879	NULL	NULL	NULL	NULL	NULL	NULL	NULL	2G	Autobusai	2G	01-ž		930	NULL	NULL	NULL
missed	663154	A>B	Santariškės–Laisvės pr.–Stotis	943	NULL	NULL	NULL	NULL	NULL	NULL	NULL	2G	Autobusai	2G	01-ž		993	NULL	NULL	NULL
missed	663154	B>A	Stotis–Laisvės pr.–Santariškės	999	NULL	NULL	NULL	NULL	NULL	NULL	NULL	2G	Autobusai	2G	01-ž		1054	NULL	NULL	NULL
missed	663154	A>B	Santariškės–Laisvės pr.–Stotis	1064	NULL	NULL	NULL	NULL	NULL	NULL	NULL	2G	Autobusai	2G	01-ž		1114	NULL	NULL	NULL
missed	663154	B>A1	Stotis–Laisvės pr.–Santariškės (Santariškių žiedas)	1122	NULL	NULL	NULL	NULL	NULL	NULL	NULL	2G	Autobusai	2G	01-ž		1172	NULL	NULL	NULL
missed	663154	A>B	Santariškės–Laisvės pr.–Stotis	1205	NULL	NULL	NULL	NULL	NULL	NULL	NULL	2G	Autobusai	2G	01-ž		1253	NULL	NULL	NULL
missed	663154	B>A	Stotis–Laisvės pr.–Santariškės	1262	NULL	NULL	NULL	NULL	NULL	NULL	NULL	2G	Autobusai	2G	01-ž		1309	NULL	NULL	NULL
missed	663154	A>B	Santariškės–Laisvės pr.–Stotis	1319	NULL	NULL	NULL	NULL	NULL	NULL	NULL	2G	Autobusai	2G	01-ž		1366	NULL	NULL	NULL
missed	663154	B>A	Stotis–Laisvės pr.–Santariškės	1374	NULL	NULL	NULL	NULL	NULL	NULL	NULL	2G	Autobusai	2G	01-ž		1421	NULL	NULL	NULL
missed	663149	A>B	Santariškės–Laisvės pr.–Stotis	386	NULL	NULL	NULL	NULL	NULL	NULL	NULL	2G	Autobusai	2G	02		436	NULL	NULL	NULL
missed	663149	B>A	Stotis–Laisvės pr.–Santariškės	441	NULL	NULL	NULL	NULL	NULL	NULL	NULL	2G	Autobusai	2G	02		492	NULL	NULL	NULL
missed	663149	A>B	Santariškės–Laisvės pr.–Stotis	501	NULL	NULL	NULL	NULL	NULL	NULL	NULL	2G	Autobusai	2G	02		553	NULL	NULL	NULL
missed	663149	B>A	Stotis–Laisvės pr.–Santariškės	561	NULL	NULL	NULL	NULL	NULL	NULL	NULL	2G	Autobusai	2G	02		612	NULL	NULL	NULL
missed	663149	A>B	Santariškės–Laisvės pr.–Stotis	884	NULL	NULL	NULL	NULL	NULL	NULL	NULL	2G	Autobusai	2G	02		934	NULL	NULL	NULL
missed	663149	B>A	Stotis–Laisvės pr.–Santariškės	939	NULL	NULL	NULL	NULL	NULL	NULL	NULL	2G	Autobusai	2G	02		990	NULL	NULL	NULL
missed	663149	A>B	Santariškės–Laisvės pr.–Stotis	1001	NULL	NULL	NULL	NULL	NULL	NULL	NULL	2G	Autobusai	2G	02		1051	NULL	NULL	NULL
missed	663149	B>A	Stotis–Laisvės pr.–Santariškės	1055	NULL	NULL	NULL	NULL	NULL	NULL	NULL	2G	Autobusai	2G	02		1109	NULL	NULL	NULL
missed	663151	B>A	Stotis–Laisvės pr.–Santariškės	335	NULL	NULL	NULL	NULL	NULL	NULL	NULL	2G	Autobusai	2G	03		385	NULL	NULL	NULL
missed	663151	A>B	Santariškės–Laisvės pr.–Stotis	392	NULL	NULL	NULL	NULL	NULL	NULL	NULL	2G	Autobusai	2G	03		442	NULL	NULL	NULL
missed	663151	B>A	Stotis–Laisvės pr.–Santariškės	447	NULL	NULL	NULL	NULL	NULL	NULL	NULL	2G	Autobusai	2G	03		498	NULL	NULL	NULL
missed	663151	A>B	Santariškės–Laisvės pr.–Stotis	508	NULL	NULL	NULL	NULL	NULL	NULL	NULL	2G	Autobusai	2G	03		561	NULL	NULL	NULL
missed	663151	B>A1	Stotis–Laisvės pr.–Santariškės (Santariškių žiedas)	567	NULL	NULL	NULL	NULL	NULL	NULL	NULL	2G	Autobusai	2G	03		619	NULL	NULL	NULL
missed	663151	A>B	Santariškės–Laisvės pr.–Stotis	666	NULL	NULL	NULL	NULL	NULL	NULL	NULL	2G	Autobusai	2G	03		716	NULL	NULL	NULL
missed	663151	B>A	Stotis–Laisvės pr.–Santariškės	722	NULL	NULL	NULL	NULL	NULL	NULL	NULL	2G	Autobusai	2G	03		773	NULL	NULL	NULL
missed	663151	A>B	Santariškės–Laisvės pr.–Stotis	784	NULL	NULL	NULL	NULL	NULL	NULL	NULL	2G	Autobusai	2G	03		834	NULL	NULL	NULL
missed	663151	B>A	Stotis–Laisvės pr.–Santariškės	844	NULL	NULL	NULL	NULL	NULL	NULL	NULL	2G	Autobusai	2G	03		895	NULL	NULL	NULL
missed	663151	A>B	Santariškės–Laisvės pr.–Stotis	903	NULL	NULL	NULL	NULL	NULL	NULL	NULL	2G	Autobusai	2G	03		953	NULL	NULL	NULL
missed	663151	B>A	Stotis–Laisvės pr.–Santariškės	958	NULL	NULL	NULL	NULL	NULL	NULL	NULL	2G	Autobusai	2G	03		1011	NULL	NULL	NULL
missed	663151	A>B	Santariškės–Laisvės pr.–Stotis	1021	NULL	NULL	NULL	NULL	NULL	NULL	NULL	2G	Autobusai	2G	03		1071	NULL	NULL	NULL
missed	663151	B>A1	Stotis–Laisvės pr.–Santariškės (Santariškių žiedas)	1075	NULL	NULL	NULL	NULL	NULL	NULL	NULL	2G	Autobusai	2G	03		1130	NULL	NULL	NULL
missed	663151	A>B	Santariškės–Laisvės pr.–Stotis	1171	NULL	NULL	NULL	NULL	NULL	NULL	NULL	2G	Autobusai	2G	03		1220	NULL	NULL	NULL
missed	663151	B>A	Stotis–Laisvės pr.–Santariškės	1225	NULL	NULL	NULL	NULL	NULL	NULL	NULL	2G	Autobusai	2G	03		1272	NULL	NULL	NULL
missed	663151	A>B	Santariškės–Laisvės pr.–Stotis	1286	NULL	NULL	NULL	NULL	NULL	NULL	NULL	2G	Autobusai	2G	03		1334	NULL	NULL	NULL
missed	663151	B>A	Stotis–Laisvės pr.–Santariškės	1338	NULL	NULL	NULL	NULL	NULL	NULL	NULL	2G	Autobusai	2G	03		1385	NULL	NULL	NULL
missed	663148	A>B	Santariškės–Laisvės pr.–Stotis	398	NULL	NULL	NULL	NULL	NULL	NULL	NULL	2G	Autobusai	2G	04		448	NULL	NULL	NULL
missed	663148	B>A	Stotis–Laisvės pr.–Santariškės	453	NULL	NULL	NULL	NULL	NULL	NULL	NULL	2G	Autobusai	2G	04		504	NULL	NULL	NULL
missed	663148	A>B	Santariškės–Laisvės pr.–Stotis	515	NULL	NULL	NULL	NULL	NULL	NULL	NULL	2G	Autobusai	2G	04		568	NULL	NULL	NULL
missed	663148	B>A	Stotis–Laisvės pr.–Santariškės	573	NULL	NULL	NULL	NULL	NULL	NULL	NULL	2G	Autobusai	2G	04		624	NULL	NULL	NULL
missed	663148	A>B	Santariškės–Laisvės pr.–Stotis	897	NULL	NULL	NULL	NULL	NULL	NULL	NULL	2G	Autobusai	2G	04		947	NULL	NULL	NULL
missed	663148	B>A	Stotis–Laisvės pr.–Santariškės	952	NULL	NULL	NULL	NULL	NULL	NULL	NULL	2G	Autobusai	2G	04		1005	NULL	NULL	NULL
missed	663148	A>B	Santariškės–Laisvės pr.–Stotis	1015	NULL	NULL	NULL	NULL	NULL	NULL	NULL	2G	Autobusai	2G	04		1065	NULL	NULL	NULL
missed	663148	B>A	Stotis–Laisvės pr.–Santariškės	1070	NULL	NULL	NULL	NULL	NULL	NULL	NULL	2G	Autobusai	2G	04		1124	NULL	NULL	NULL
missed	663153	B>A	Stotis–Laisvės pr.–Santariškės	322	NULL	NULL	NULL	NULL	NULL	NULL	NULL	2G	Autobusai	2G	05-ž		372	NULL	NULL	NULL
missed	663153	A>B	Santariškės–Laisvės pr.–Stotis	378	NULL	NULL	NULL	NULL	NULL	NULL	NULL	2G	Autobusai	2G	05-ž		428	NULL	NULL	NULL
missed	663153	B>A	Stotis–Laisvės pr.–Santariškės	434	NULL	NULL	NULL	NULL	NULL	NULL	NULL	2G	Autobusai	2G	05-ž		485	NULL	NULL	NULL
missed	663153	A>B	Santariškės–Laisvės pr.–Stotis	493	NULL	NULL	NULL	NULL	NULL	NULL	NULL	2G	Autobusai	2G	05-ž		545	NULL	NULL	NULL
missed	663153	B>A1	Stotis–Laisvės pr.–Santariškės (Santariškių žiedas)	553	NULL	NULL	NULL	NULL	NULL	NULL	NULL	2G	Autobusai	2G	05-ž		605	NULL	NULL	NULL
missed	663153	A>B	Santariškės–Laisvės pr.–Stotis	653	NULL	NULL	NULL	NULL	NULL	NULL	NULL	2G	Autobusai	2G	05-ž		703	NULL	NULL	NULL
missed	663153	B>A	Stotis–Laisvės pr.–Santariškės	710	NULL	NULL	NULL	NULL	NULL	NULL	NULL	2G	Autobusai	2G	05-ž		761	NULL	NULL	NULL
missed	663153	A>B	Santariškės–Laisvės pr.–Stotis	772	NULL	NULL	NULL	NULL	NULL	NULL	NULL	2G	Autobusai	2G	05-ž		822	NULL	NULL	NULL
missed	663153	B>A	Stotis–Laisvės pr.–Santariškės	829	NULL	NULL	NULL	NULL	NULL	NULL	NULL	2G	Autobusai	2G	05-ž		880	NULL	NULL	NULL
missed	663153	A>B	Santariškės–Laisvės pr.–Stotis	891	NULL	NULL	NULL	NULL	NULL	NULL	NULL	2G	Autobusai	2G	05-ž		941	NULL	NULL	NULL
missed	663153	B>A	Stotis–Laisvės pr.–Santariškės	947	NULL	NULL	NULL	NULL	NULL	NULL	NULL	2G	Autobusai	2G	05-ž		998	NULL	NULL	NULL
missed	663153	A>B	Santariškės–Laisvės pr.–Stotis	1008	NULL	NULL	NULL	NULL	NULL	NULL	NULL	2G	Autobusai	2G	05-ž		1058	NULL	NULL	NULL
missed	663153	B>A1	Stotis–Laisvės pr.–Santariškės (Santariškių žiedas)	1062	NULL	NULL	NULL	NULL	NULL	NULL	NULL	2G	Autobusai	2G	05-ž		1117	NULL	NULL	NULL
missed	663153	A>B	Santariškės–Laisvės pr.–Stotis	1159	NULL	NULL	NULL	NULL	NULL	NULL	NULL	2G	Autobusai	2G	05-ž		1208	NULL	NULL	NULL
missed	663153	B>A	Stotis–Laisvės pr.–Santariškės	1213	NULL	NULL	NULL	NULL	NULL	NULL	NULL	2G	Autobusai	2G	05-ž		1260	NULL	NULL	NULL
missed	663153	A>B	Santariškės–Laisvės pr.–Stotis	1265	NULL	NULL	NULL	NULL	NULL	NULL	NULL	2G	Autobusai	2G	05-ž		1313	NULL	NULL	NULL
missed	663153	B>A	Stotis–Laisvės pr.–Santariškės	1321	NULL	NULL	NULL	NULL	NULL	NULL	NULL	2G	Autobusai	2G	05-ž		1368	NULL	NULL	NULL
missed	663153	A>B	Santariškės–Laisvės pr.–Stotis	1376	NULL	NULL	NULL	NULL	NULL	NULL	NULL	2G	Autobusai	2G	05-ž		1424	NULL	NULL	NULL
missed	663152	A>B	Santariškės–Laisvės pr.–Stotis	405	NULL	NULL	NULL	NULL	NULL	NULL	NULL	2G	Autobusai	2G	06		455	NULL	NULL	NULL
missed	663152	B>A	Stotis–Laisvės pr.–Santariškės	460	NULL	NULL	NULL	NULL	NULL	NULL	NULL	2G	Autobusai	2G	06		511	NULL	NULL	NULL
missed	663152	A>B	Santariškės–Laisvės pr.–Stotis	522	NULL	NULL	NULL	NULL	NULL	NULL	NULL	2G	Autobusai	2G	06		573	NULL	NULL	NULL
missed	663152	B>A	Stotis–Laisvės pr.–Santariškės	578	NULL	NULL	NULL	NULL	NULL	NULL	NULL	2G	Autobusai	2G	06		629	NULL	NULL	NULL
missed	663152	A>B	Santariškės–Laisvės pr.–Stotis	908	NULL	NULL	NULL	NULL	NULL	NULL	NULL	2G	Autobusai	2G	06		958	NULL	NULL	NULL
missed	663152	B>A	Stotis–Laisvės pr.–Santariškės	964	NULL	NULL	NULL	NULL	NULL	NULL	NULL	2G	Autobusai	2G	06		1018	NULL	NULL	NULL
missed	663152	A>B	Santariškės–Laisvės pr.–Stotis	1028	NULL	NULL	NULL	NULL	NULL	NULL	NULL	2G	Autobusai	2G	06		1078	NULL	NULL	NULL
missed	663152	B>A	Stotis–Laisvės pr.–Santariškės	1083	NULL	NULL	NULL	NULL	NULL	NULL	NULL	2G	Autobusai	2G	06		1137	NULL	NULL	NULL
missed	663155	A>B	Santariškės–Laisvės pr.–Stotis	336	NULL	NULL	NULL	NULL	NULL	NULL	NULL	2G	Autobusai	2G	07		386	NULL	NULL	NULL
missed	663155	B>A	Stotis–Laisvės pr.–Santariškės	391	NULL	NULL	NULL	NULL	NULL	NULL	NULL	2G	Autobusai	2G	07		441	NULL	NULL	NULL
missed	663155	A>B	Santariškės–Laisvės pr.–Stotis	456	NULL	NULL	NULL	NULL	NULL	NULL	NULL	2G	Autobusai	2G	07		508	NULL	NULL	NULL
missed	663155	B>A1	Stotis–Laisvės pr.–Santariškės (Santariškių žiedas)	514	NULL	NULL	NULL	NULL	NULL	NULL	NULL	2G	Autobusai	2G	07		566	NULL	NULL	NULL
missed	663155	A>B	Santariškės–Laisvės pr.–Stotis	599	NULL	NULL	NULL	NULL	NULL	NULL	NULL	2G	Autobusai	2G	07		649	NULL	NULL	NULL
missed	663155	B>A	Stotis–Laisvės pr.–Santariškės	654	NULL	NULL	NULL	NULL	NULL	NULL	NULL	2G	Autobusai	2G	07		705	NULL	NULL	NULL
missed	663155	A>B	Santariškės–Laisvės pr.–Stotis	713	NULL	NULL	NULL	NULL	NULL	NULL	NULL	2G	Autobusai	2G	07		763	NULL	NULL	NULL
missed	663155	B>A	Stotis–Laisvės pr.–Santariškės	770	NULL	NULL	NULL	NULL	NULL	NULL	NULL	2G	Autobusai	2G	07		821	NULL	NULL	NULL
missed	663155	A>B	Santariškės–Laisvės pr.–Stotis	830	NULL	NULL	NULL	NULL	NULL	NULL	NULL	2G	Autobusai	2G	07		880	NULL	NULL	NULL
missed	663155	B>A	Stotis–Laisvės pr.–Santariškės	890	NULL	NULL	NULL	NULL	NULL	NULL	NULL	2G	Autobusai	2G	07		941	NULL	NULL	NULL
missed	663155	A>B	Santariškės–Laisvės pr.–Stotis	955	NULL	NULL	NULL	NULL	NULL	NULL	NULL	2G	Autobusai	2G	07		1005	NULL	NULL	NULL
missed	663155	B>A1	Stotis–Laisvės pr.–Santariškės (Santariškių žiedas)	1010	NULL	NULL	NULL	NULL	NULL	NULL	NULL	2G	Autobusai	2G	07		1066	NULL	NULL	NULL
missed	663155	A>B	Santariškės–Laisvės pr.–Stotis	1107	NULL	NULL	NULL	NULL	NULL	NULL	NULL	2G	Autobusai	2G	07		1157	NULL	NULL	NULL
missed	663155	B>A	Stotis–Laisvės pr.–Santariškės	1163	NULL	NULL	NULL	NULL	NULL	NULL	NULL	2G	Autobusai	2G	07		1210	NULL	NULL	NULL
missed	663155	A>B	Santariškės–Laisvės pr.–Stotis	1217	NULL	NULL	NULL	NULL	NULL	NULL	NULL	2G	Autobusai	2G	07		1266	NULL	NULL	NULL
missed	663155	B>A	Stotis–Laisvės pr.–Santariškės	1274	NULL	NULL	NULL	NULL	NULL	NULL	NULL	2G	Autobusai	2G	07		1321	NULL	NULL	NULL
missed	663155	A>B	Santariškės–Laisvės pr.–Stotis	1331	NULL	NULL	NULL	NULL	NULL	NULL	NULL	2G	Autobusai	2G	07		1379	NULL	NULL	NULL
missed	663155	B>A	Stotis–Laisvės pr.–Santariškės	1386	NULL	NULL	NULL	NULL	NULL	NULL	NULL	2G	Autobusai	2G	07		1433	NULL	NULL	NULL
missed	663150	A>B	Santariškės–Laisvės pr.–Stotis	417	NULL	NULL	NULL	NULL	NULL	NULL	NULL	2G	Autobusai	2G	08		468	NULL	NULL	NULL
missed	663150	B>A	Stotis–Laisvės pr.–Santariškės	473	NULL	NULL	NULL	NULL	NULL	NULL	NULL	2G	Autobusai	2G	08		524	NULL	NULL	NULL
missed	663150	A>B	Santariškės–Laisvės pr.–Stotis	535	NULL	NULL	NULL	NULL	NULL	NULL	NULL	2G	Autobusai	2G	08		585	NULL	NULL	NULL
missed	663150	B>A	Stotis–Laisvės pr.–Santariškės	592	NULL	NULL	NULL	NULL	NULL	NULL	NULL	2G	Autobusai	2G	08		643	NULL	NULL	NULL
missed	663150	A>B	Santariškės–Laisvės pr.–Stotis	920	NULL	NULL	NULL	NULL	NULL	NULL	NULL	2G	Autobusai	2G	08		970	NULL	NULL	NULL
missed	663150	B>A	Stotis–Laisvės pr.–Santariškės	976	NULL	NULL	NULL	NULL	NULL	NULL	NULL	2G	Autobusai	2G	08		1029	NULL	NULL	NULL
missed	663150	A>B	Santariškės–Laisvės pr.–Stotis	1039	NULL	NULL	NULL	NULL	NULL	NULL	NULL	2G	Autobusai	2G	08		1089	NULL	NULL	NULL
missed	663150	B>A	Stotis–Laisvės pr.–Santariškės	1096	NULL	NULL	NULL	NULL	NULL	NULL	NULL	2G	Autobusai	2G	08		1149	NULL	NULL	NULL
missed	663156	A>B	Santariškės–Laisvės pr.–Stotis	348	NULL	NULL	NULL	NULL	NULL	NULL	NULL	2G	Autobusai	2G	09-ž		398	NULL	NULL	NULL
missed	663156	B>A	Stotis–Laisvės pr.–Santariškės	403	NULL	NULL	NULL	NULL	NULL	NULL	NULL	2G	Autobusai	2G	09-ž		453	NULL	NULL	NULL
missed	663156	A>B	Santariškės–Laisvės pr.–Stotis	463	NULL	NULL	NULL	NULL	NULL	NULL	NULL	2G	Autobusai	2G	09-ž		515	NULL	NULL	NULL
missed	663156	B>A1	Stotis–Laisvės pr.–Santariškės (Santariškių žiedas)	522	NULL	NULL	NULL	NULL	NULL	NULL	NULL	2G	Autobusai	2G	09-ž		574	NULL	NULL	NULL
missed	663156	A>B	Santariškės–Laisvės pr.–Stotis	610	NULL	NULL	NULL	NULL	NULL	NULL	NULL	2G	Autobusai	2G	09-ž		660	NULL	NULL	NULL
missed	663156	B>A	Stotis–Laisvės pr.–Santariškės	665	NULL	NULL	NULL	NULL	NULL	NULL	NULL	2G	Autobusai	2G	09-ž		716	NULL	NULL	NULL
missed	663156	A>B	Santariškės–Laisvės pr.–Stotis	724	NULL	NULL	NULL	NULL	NULL	NULL	NULL	2G	Autobusai	2G	09-ž		774	NULL	NULL	NULL
missed	663156	B>A	Stotis–Laisvės pr.–Santariškės	781	NULL	NULL	NULL	NULL	NULL	NULL	NULL	2G	Autobusai	2G	09-ž		832	NULL	NULL	NULL
missed	663156	A>B	Santariškės–Laisvės pr.–Stotis	842	NULL	NULL	NULL	NULL	NULL	NULL	NULL	2G	Autobusai	2G	09-ž		892	NULL	NULL	NULL
missed	663156	B>A	Stotis–Laisvės pr.–Santariškės	902	NULL	NULL	NULL	NULL	NULL	NULL	NULL	2G	Autobusai	2G	09-ž		953	NULL	NULL	NULL
missed	663156	A>B	Santariškės–Laisvės pr.–Stotis	963	NULL	NULL	NULL	NULL	NULL	NULL	NULL	2G	Autobusai	2G	09-ž		1013	NULL	NULL	NULL
missed	663156	B>A	Stotis–Laisvės pr.–Santariškės	1018	NULL	NULL	NULL	NULL	NULL	NULL	NULL	2G	Autobusai	2G	09-ž		1073	NULL	NULL	NULL
missed	663156	A>B	Santariškės–Laisvės pr.–Stotis	1081	NULL	NULL	NULL	NULL	NULL	NULL	NULL	2G	Autobusai	2G	09-ž		1131	NULL	NULL	NULL
missed	663156	B>A1	Stotis–Laisvės pr.–Santariškės (Santariškių žiedas)	1139	NULL	NULL	NULL	NULL	NULL	NULL	NULL	2G	Autobusai	2G	09-ž		1185	NULL	NULL	NULL
missed	663156	A>B	Santariškės–Laisvės pr.–Stotis	1228	NULL	NULL	NULL	NULL	NULL	NULL	NULL	2G	Autobusai	2G	09-ž		1277	NULL	NULL	NULL
missed	663156	B>A	Stotis–Laisvės pr.–Santariškės	1282	NULL	NULL	NULL	NULL	NULL	NULL	NULL	2G	Autobusai	2G	09-ž		1329	NULL	NULL	NULL
missed	663156	A>B	Santariškės–Laisvės pr.–Stotis	1342	NULL	NULL	NULL	NULL	NULL	NULL	NULL	2G	Autobusai	2G	09-ž		1390	NULL	NULL	NULL
missed	663156	B>A	Stotis–Laisvės pr.–Santariškės	1395	NULL	NULL	NULL	NULL	NULL	NULL	NULL	2G	Autobusai	2G	09-ž		1442	NULL	NULL	NULL
missed	663158	A>B	Santariškės–Laisvės pr.–Stotis	427	NULL	NULL	NULL	NULL	NULL	NULL	NULL	2G	Autobusai	2G	10		480	NULL	NULL	NULL
missed	663158	B>A	Stotis–Laisvės pr.–Santariškės	485	NULL	NULL	NULL	NULL	NULL	NULL	NULL	2G	Autobusai	2G	10		536	NULL	NULL	NULL
missed	663158	A>B	Santariškės–Laisvės pr.–Stotis	551	NULL	NULL	NULL	NULL	NULL	NULL	NULL	2G	Autobusai	2G	10		601	NULL	NULL	NULL
missed	663158	B>A	Stotis–Laisvės pr.–Santariškės	608	NULL	NULL	NULL	NULL	NULL	NULL	NULL	2G	Autobusai	2G	10		659	NULL	NULL	NULL
missed	663158	A>B	Santariškės–Laisvės pr.–Stotis	926	NULL	NULL	NULL	NULL	NULL	NULL	NULL	2G	Autobusai	2G	10		976	NULL	NULL	NULL
missed	663158	B>A	Stotis–Laisvės pr.–Santariškės	982	NULL	NULL	NULL	NULL	NULL	NULL	NULL	2G	Autobusai	2G	10		1034	NULL	NULL	NULL
missed	663158	A>B	Santariškės–Laisvės pr.–Stotis	1045	NULL	NULL	NULL	NULL	NULL	NULL	NULL	2G	Autobusai	2G	10		1095	NULL	NULL	NULL
missed	663158	B>A	Stotis–Laisvės pr.–Santariškės	1102	NULL	NULL	NULL	NULL	NULL	NULL	NULL	2G	Autobusai	2G	10		1153	NULL	NULL	NULL
missed	663157	B>A	Stotis–Laisvės pr.–Santariškės	362	NULL	NULL	NULL	NULL	NULL	NULL	NULL	2G	Autobusai	2G	11		412	NULL	NULL	NULL
missed	663157	A>B	Santariškės–Laisvės pr.–Stotis	422	NULL	NULL	NULL	NULL	NULL	NULL	NULL	2G	Autobusai	2G	11		475	NULL	NULL	NULL
missed	663157	B>A	Stotis–Laisvės pr.–Santariškės	480	NULL	NULL	NULL	NULL	NULL	NULL	NULL	2G	Autobusai	2G	11		531	NULL	NULL	NULL
missed	663157	A>B	Santariškės–Laisvės pr.–Stotis	543	NULL	NULL	NULL	NULL	NULL	NULL	NULL	2G	Autobusai	2G	11		592	NULL	NULL	NULL
missed	663157	B>A1	Stotis–Laisvės pr.–Santariškės (Santariškių žiedas)	601	NULL	NULL	NULL	NULL	NULL	NULL	NULL	2G	Autobusai	2G	11		653	NULL	NULL	NULL
missed	663157	A>B	Santariškės–Laisvės pr.–Stotis	690	NULL	NULL	NULL	NULL	NULL	NULL	NULL	2G	Autobusai	2G	11		740	NULL	NULL	NULL
missed	663157	B>A	Stotis–Laisvės pr.–Santariškės	746	NULL	NULL	NULL	NULL	NULL	NULL	NULL	2G	Autobusai	2G	11		797	NULL	NULL	NULL
missed	663157	A>B	Santariškės–Laisvės pr.–Stotis	807	NULL	NULL	NULL	NULL	NULL	NULL	NULL	2G	Autobusai	2G	11		857	NULL	NULL	NULL
missed	663157	B>A	Stotis–Laisvės pr.–Santariškės	867	NULL	NULL	NULL	NULL	NULL	NULL	NULL	2G	Autobusai	2G	11		918	NULL	NULL	NULL
missed	663157	A>B	Santariškės–Laisvės pr.–Stotis	931	NULL	NULL	NULL	NULL	NULL	NULL	NULL	2G	Autobusai	2G	11		981	NULL	NULL	NULL
missed	663157	B>A	Stotis–Laisvės pr.–Santariškės	988	NULL	NULL	NULL	NULL	NULL	NULL	NULL	2G	Autobusai	2G	11		1041	NULL	NULL	NULL
missed	663157	A>B	Santariškės–Laisvės pr.–Stotis	1051	NULL	NULL	NULL	NULL	NULL	NULL	NULL	2G	Autobusai	2G	11		1101	NULL	NULL	NULL
missed	663157	B>A1	Stotis–Laisvės pr.–Santariškės (Santariškių žiedas)	1108	NULL	NULL	NULL	NULL	NULL	NULL	NULL	2G	Autobusai	2G	11		1159	NULL	NULL	NULL
missed	663157	A>B	Santariškės–Laisvės pr.–Stotis	1195	NULL	NULL	NULL	NULL	NULL	NULL	NULL	2G	Autobusai	2G	11		1244	NULL	NULL	NULL
missed	663157	B>A	Stotis–Laisvės pr.–Santariškės	1250	NULL	NULL	NULL	NULL	NULL	NULL	NULL	2G	Autobusai	2G	11		1297	NULL	NULL	NULL
missed	663157	A>B	Santariškės–Laisvės pr.–Stotis	1308	NULL	NULL	NULL	NULL	NULL	NULL	NULL	2G	Autobusai	2G	11		1356	NULL	NULL	NULL
missed	663157	B>A	Stotis–Laisvės pr.–Santariškės	1363	NULL	NULL	NULL	NULL	NULL	NULL	NULL	2G	Autobusai	2G	11		1410	NULL	NULL	NULL
missed	663161	A>B	Santariškės–Laisvės pr.–Stotis	433	NULL	NULL	NULL	NULL	NULL	NULL	NULL	2G	Autobusai	2G	12		485	NULL	NULL	NULL
missed	663161	B>A	Stotis–Laisvės pr.–Santariškės	490	NULL	NULL	NULL	NULL	NULL	NULL	NULL	2G	Autobusai	2G	12		541	NULL	NULL	NULL
missed	663161	A>B	Santariškės–Laisvės pr.–Stotis	557	NULL	NULL	NULL	NULL	NULL	NULL	NULL	2G	Autobusai	2G	12		607	NULL	NULL	NULL
missed	663161	B>A	Stotis–Laisvės pr.–Santariškės	614	NULL	NULL	NULL	NULL	NULL	NULL	NULL	2G	Autobusai	2G	12		665	NULL	NULL	NULL
missed	663161	A>B	Santariškės–Laisvės pr.–Stotis	937	NULL	NULL	NULL	NULL	NULL	NULL	NULL	2G	Autobusai	2G	12		987	NULL	NULL	NULL
missed	663161	B>A	Stotis–Laisvės pr.–Santariškės	993	NULL	NULL	NULL	NULL	NULL	NULL	NULL	2G	Autobusai	2G	12		1046	NULL	NULL	NULL
missed	663161	A>B	Santariškės–Laisvės pr.–Stotis	1057	NULL	NULL	NULL	NULL	NULL	NULL	NULL	2G	Autobusai	2G	12		1107	NULL	NULL	NULL
missed	663161	B>A	Stotis–Laisvės pr.–Santariškės	1116	NULL	NULL	NULL	NULL	NULL	NULL	NULL	2G	Autobusai	2G	12		1165	NULL	NULL	NULL
missed	663159	B>A	Stotis–Laisvės pr.–Santariškės	349	NULL	NULL	NULL	NULL	NULL	NULL	NULL	2G	Autobusai	2G	13-ž		399	NULL	NULL	NULL
missed	663159	A>B	Santariškės–Laisvės pr.–Stotis	412	NULL	NULL	NULL	NULL	NULL	NULL	NULL	2G	Autobusai	2G	13-ž		461	NULL	NULL	NULL
missed	663159	B>A	Stotis–Laisvės pr.–Santariškės	467	NULL	NULL	NULL	NULL	NULL	NULL	NULL	2G	Autobusai	2G	13-ž		518	NULL	NULL	NULL
missed	663159	A>B	Santariškės–Laisvės pr.–Stotis	528	NULL	NULL	NULL	NULL	NULL	NULL	NULL	2G	Autobusai	2G	13-ž		578	NULL	NULL	NULL
missed	663159	B>A1	Stotis–Laisvės pr.–Santariškės (Santariškių žiedas)	586	NULL	NULL	NULL	NULL	NULL	NULL	NULL	2G	Autobusai	2G	13-ž		638	NULL	NULL	NULL
missed	663159	A>B	Santariškės–Laisvės pr.–Stotis	677	NULL	NULL	NULL	NULL	NULL	NULL	NULL	2G	Autobusai	2G	13-ž		727	NULL	NULL	NULL
missed	663159	B>A	Stotis–Laisvės pr.–Santariškės	733	NULL	NULL	NULL	NULL	NULL	NULL	NULL	2G	Autobusai	2G	13-ž		784	NULL	NULL	NULL
missed	663159	A>B	Santariškės–Laisvės pr.–Stotis	794	NULL	NULL	NULL	NULL	NULL	NULL	NULL	2G	Autobusai	2G	13-ž		844	NULL	NULL	NULL
missed	663159	B>A	Stotis–Laisvės pr.–Santariškės	854	NULL	NULL	NULL	NULL	NULL	NULL	NULL	2G	Autobusai	2G	13-ž		905	NULL	NULL	NULL
missed	663159	A>B	Santariškės–Laisvės pr.–Stotis	914	NULL	NULL	NULL	NULL	NULL	NULL	NULL	2G	Autobusai	2G	13-ž		964	NULL	NULL	NULL
missed	663159	B>A	Stotis–Laisvės pr.–Santariškės	970	NULL	NULL	NULL	NULL	NULL	NULL	NULL	2G	Autobusai	2G	13-ž		1023	NULL	NULL	NULL
missed	663159	A>B	Santariškės–Laisvės pr.–Stotis	1033	NULL	NULL	NULL	NULL	NULL	NULL	NULL	2G	Autobusai	2G	13-ž		1083	NULL	NULL	NULL
missed	663159	B>A1	Stotis–Laisvės pr.–Santariškės (Santariškių žiedas)	1088	NULL	NULL	NULL	NULL	NULL	NULL	NULL	2G	Autobusai	2G	13-ž		1144	NULL	NULL	NULL
missed	663159	A>B	Santariškės–Laisvės pr.–Stotis	1183	NULL	NULL	NULL	NULL	NULL	NULL	NULL	2G	Autobusai	2G	13-ž		1232	NULL	NULL	NULL
missed	663159	B>A	Stotis–Laisvės pr.–Santariškės	1239	NULL	NULL	NULL	NULL	NULL	NULL	NULL	2G	Autobusai	2G	13-ž		1286	NULL	NULL	NULL
missed	663159	A>B	Santariškės–Laisvės pr.–Stotis	1296	NULL	NULL	NULL	NULL	NULL	NULL	NULL	2G	Autobusai	2G	13-ž		1344	NULL	NULL	NULL
missed	663159	B>A	Stotis–Laisvės pr.–Santariškės	1348	NULL	NULL	NULL	NULL	NULL	NULL	NULL	2G	Autobusai	2G	13-ž		1395	NULL	NULL	NULL
missed	663160	B>A	Stotis–Laisvės pr.–Santariškės	307	NULL	NULL	NULL	NULL	NULL	NULL	NULL	2G	Autobusai	2G	14		357	NULL	NULL	NULL
missed	663160	A>B	Santariškės–Laisvės pr.–Stotis	364	NULL	NULL	NULL	NULL	NULL	NULL	NULL	2G	Autobusai	2G	14		414	NULL	NULL	NULL
missed	663160	B>A	Stotis–Laisvės pr.–Santariškės	419	NULL	NULL	NULL	NULL	NULL	NULL	NULL	2G	Autobusai	2G	14		469	NULL	NULL	NULL
missed	663160	A>B	Santariškės–Laisvės pr.–Stotis	479	NULL	NULL	NULL	NULL	NULL	NULL	NULL	2G	Autobusai	2G	14		532	NULL	NULL	NULL
missed	663160	B>A1	Stotis–Laisvės pr.–Santariškės (Santariškių žiedas)	538	NULL	NULL	NULL	NULL	NULL	NULL	NULL	2G	Autobusai	2G	14		590	NULL	NULL	NULL
missed	663160	A>B	Santariškės–Laisvės pr.–Stotis	629	NULL	NULL	NULL	NULL	NULL	NULL	NULL	2G	Autobusai	2G	14		679	NULL	NULL	NULL
missed	663160	B>A	Stotis–Laisvės pr.–Santariškės	685	NULL	NULL	NULL	NULL	NULL	NULL	NULL	2G	Autobusai	2G	14		736	NULL	NULL	NULL
missed	663160	A>B	Santariškės–Laisvės pr.–Stotis	746	NULL	NULL	NULL	NULL	NULL	NULL	NULL	2G	Autobusai	2G	14		796	NULL	NULL	NULL
missed	663160	B>A	Stotis–Laisvės pr.–Santariškės	803	NULL	NULL	NULL	NULL	NULL	NULL	NULL	2G	Autobusai	2G	14		854	NULL	NULL	NULL
missed	663160	A>B	Santariškės–Laisvės pr.–Stotis	864	NULL	NULL	NULL	NULL	NULL	NULL	NULL	2G	Autobusai	2G	14		914	NULL	NULL	NULL
missed	663160	B>A	Stotis–Laisvės pr.–Santariškės	924	NULL	NULL	NULL	NULL	NULL	NULL	NULL	2G	Autobusai	2G	14		975	NULL	NULL	NULL
missed	663160	A>B	Santariškės–Laisvės pr.–Stotis	986	NULL	NULL	NULL	NULL	NULL	NULL	NULL	2G	Autobusai	2G	14		1036	NULL	NULL	NULL
missed	663160	B>A1	Stotis–Laisvės pr.–Santariškės (Santariškių žiedas)	1041	NULL	NULL	NULL	NULL	NULL	NULL	NULL	2G	Autobusai	2G	14		1097	NULL	NULL	NULL
missed	663160	A>B	Santariškės–Laisvės pr.–Stotis	1134	NULL	NULL	NULL	NULL	NULL	NULL	NULL	2G	Autobusai	2G	14		1184	NULL	NULL	NULL
missed	663160	B>A1	Stotis–Laisvės pr.–Santariškės (Santariškių žiedas)	1189	NULL	NULL	NULL	NULL	NULL	NULL	NULL	2G	Autobusai	2G	14		1236	NULL	NULL	NULL
missed	663160	A>B	Santariškės–Laisvės pr.–Stotis	1276	NULL	NULL	NULL	NULL	NULL	NULL	NULL	2G	Autobusai	2G	14		1324	NULL	NULL	NULL
missed	663160	B>A	Stotis–Laisvės pr.–Santariškės	1331	NULL	NULL	NULL	NULL	NULL	NULL	NULL	2G	Autobusai	2G	14		1378	NULL	NULL	NULL
missed	663160	A>B	Santariškės–Laisvės pr.–Stotis	1386	NULL	NULL	NULL	NULL	NULL	NULL	NULL	2G	Autobusai	2G	14		1434	NULL	NULL	NULL
missed	663162	A>B	Santariškės–Laisvės pr.–Stotis	356	NULL	NULL	NULL	NULL	NULL	NULL	NULL	2G	Autobusai	2G	15		406	NULL	NULL	NULL
missed	663162	B>A	Stotis–Laisvės pr.–Santariškės	411	NULL	NULL	NULL	NULL	NULL	NULL	NULL	2G	Autobusai	2G	15		461	NULL	NULL	NULL
missed	663162	A>B	Santariškės–Laisvės pr.–Stotis	471	NULL	NULL	NULL	NULL	NULL	NULL	NULL	2G	Autobusai	2G	15		523	NULL	NULL	NULL
missed	663162	B>A1	Stotis–Laisvės pr.–Santariškės (Santariškių žiedas)	530	NULL	NULL	NULL	NULL	NULL	NULL	NULL	2G	Autobusai	2G	15		582	NULL	NULL	NULL
missed	663162	A>B	Santariškės–Laisvės pr.–Stotis	620	NULL	NULL	NULL	NULL	NULL	NULL	NULL	2G	Autobusai	2G	15		670	NULL	NULL	NULL
missed	663162	B>A	Stotis–Laisvės pr.–Santariškės	675	NULL	NULL	NULL	NULL	NULL	NULL	NULL	2G	Autobusai	2G	15		726	NULL	NULL	NULL
missed	663162	A>B	Santariškės–Laisvės pr.–Stotis	735	NULL	NULL	NULL	NULL	NULL	NULL	NULL	2G	Autobusai	2G	15		785	NULL	NULL	NULL
missed	663162	B>A	Stotis–Laisvės pr.–Santariškės	793	NULL	NULL	NULL	NULL	NULL	NULL	NULL	2G	Autobusai	2G	15		844	NULL	NULL	NULL
missed	663162	A>B	Santariškės–Laisvės pr.–Stotis	854	NULL	NULL	NULL	NULL	NULL	NULL	NULL	2G	Autobusai	2G	15		904	NULL	NULL	NULL
missed	663162	B>A	Stotis–Laisvės pr.–Santariškės	914	NULL	NULL	NULL	NULL	NULL	NULL	NULL	2G	Autobusai	2G	15		965	NULL	NULL	NULL
missed	663162	A>B	Santariškės–Laisvės pr.–Stotis	978	NULL	NULL	NULL	NULL	NULL	NULL	NULL	2G	Autobusai	2G	15		1028	NULL	NULL	NULL
missed	663162	B>A1	Stotis–Laisvės pr.–Santariškės (Santariškių žiedas)	1033	NULL	NULL	NULL	NULL	NULL	NULL	NULL	2G	Autobusai	2G	15		1088	NULL	NULL	NULL
missed	663162	A>B	Santariškės–Laisvės pr.–Stotis	1121	NULL	NULL	NULL	NULL	NULL	NULL	NULL	2G	Autobusai	2G	15		1171	NULL	NULL	NULL
missed	663162	B>A	Stotis–Laisvės pr.–Santariškės	1176	NULL	NULL	NULL	NULL	NULL	NULL	NULL	2G	Autobusai	2G	15		1223	NULL	NULL	NULL
missed	663162	A>B	Santariškės–Laisvės pr.–Stotis	1240	NULL	NULL	NULL	NULL	NULL	NULL	NULL	2G	Autobusai	2G	15		1289	NULL	NULL	NULL
missed	663162	B>A	Stotis–Laisvės pr.–Santariškės	1297	NULL	NULL	NULL	NULL	NULL	NULL	NULL	2G	Autobusai	2G	15		1344	NULL	NULL	NULL
missed	663162	A>B	Santariškės–Laisvės pr.–Stotis	1354	NULL	NULL	NULL	NULL	NULL	NULL	NULL	2G	Autobusai	2G	15		1402	NULL	NULL	NULL
missed	663163	A>B	Santariškės–Laisvės pr.–Stotis	444	NULL	NULL	NULL	NULL	NULL	NULL	NULL	2G	Autobusai	2G	16		496	NULL	NULL	NULL
missed	663163	B>A	Stotis–Laisvės pr.–Santariškės	502	NULL	NULL	NULL	NULL	NULL	NULL	NULL	2G	Autobusai	2G	16		553	NULL	NULL	NULL
missed	663163	A>B	Santariškės–Laisvės pr.–Stotis	567	NULL	NULL	NULL	NULL	NULL	NULL	NULL	2G	Autobusai	2G	16		617	NULL	NULL	NULL
missed	663163	B>A	Stotis–Laisvės pr.–Santariškės	624	NULL	NULL	NULL	NULL	NULL	NULL	NULL	2G	Autobusai	2G	16		675	NULL	NULL	NULL
missed	663163	A>B	Santariškės–Laisvės pr.–Stotis	949	NULL	NULL	NULL	NULL	NULL	NULL	NULL	2G	Autobusai	2G	16		999	NULL	NULL	NULL
missed	663163	B>A	Stotis–Laisvės pr.–Santariškės	1004	NULL	NULL	NULL	NULL	NULL	NULL	NULL	2G	Autobusai	2G	16		1059	NULL	NULL	NULL
missed	663163	A>B	Santariškės–Laisvės pr.–Stotis	1071	NULL	NULL	NULL	NULL	NULL	NULL	NULL	2G	Autobusai	2G	16		1121	NULL	NULL	NULL
missed	663163	B>A	Stotis–Laisvės pr.–Santariškės	1130	NULL	NULL	NULL	NULL	NULL	NULL	NULL	2G	Autobusai	2G	16		1178	NULL	NULL	NULL
missed	663164	A>B	Santariškės–Laisvės pr.–Stotis	371	NULL	NULL	NULL	NULL	NULL	NULL	NULL	2G	Autobusai	2G	17		421	NULL	NULL	NULL
missed	663164	B>A	Stotis–Laisvės pr.–Santariškės	426	NULL	NULL	NULL	NULL	NULL	NULL	NULL	2G	Autobusai	2G	17		476	NULL	NULL	NULL
missed	663164	A>B	Santariškės–Laisvės pr.–Stotis	486	NULL	NULL	NULL	NULL	NULL	NULL	NULL	2G	Autobusai	2G	17		538	NULL	NULL	NULL
missed	663164	B>A1	Stotis–Laisvės pr.–Santariškės (Santariškių žiedas)	546	NULL	NULL	NULL	NULL	NULL	NULL	NULL	2G	Autobusai	2G	17		598	NULL	NULL	NULL
missed	663164	A>B	Santariškės–Laisvės pr.–Stotis	641	NULL	NULL	NULL	NULL	NULL	NULL	NULL	2G	Autobusai	2G	17		691	NULL	NULL	NULL
missed	663164	B>A	Stotis–Laisvės pr.–Santariškės	697	NULL	NULL	NULL	NULL	NULL	NULL	NULL	2G	Autobusai	2G	17		748	NULL	NULL	NULL
missed	663164	A>B	Santariškės–Laisvės pr.–Stotis	759	NULL	NULL	NULL	NULL	NULL	NULL	NULL	2G	Autobusai	2G	17		809	NULL	NULL	NULL
missed	663164	B>A	Stotis–Laisvės pr.–Santariškės	816	NULL	NULL	NULL	NULL	NULL	NULL	NULL	2G	Autobusai	2G	17		867	NULL	NULL	NULL
missed	663164	A>B	Santariškės–Laisvės pr.–Stotis	877	NULL	NULL	NULL	NULL	NULL	NULL	NULL	2G	Autobusai	2G	17		927	NULL	NULL	NULL
missed	663164	B>A	Stotis–Laisvės pr.–Santariškės	933	NULL	NULL	NULL	NULL	NULL	NULL	NULL	2G	Autobusai	2G	17		984	NULL	NULL	NULL
missed	663164	A>B	Santariškės–Laisvės pr.–Stotis	994	NULL	NULL	NULL	NULL	NULL	NULL	NULL	2G	Autobusai	2G	17		1044	NULL	NULL	NULL
missed	663164	B>A1	Stotis–Laisvės pr.–Santariškės (Santariškių žiedas)	1049	NULL	NULL	NULL	NULL	NULL	NULL	NULL	2G	Autobusai	2G	17		1104	NULL	NULL	NULL
missed	663164	A>B	Santariškės–Laisvės pr.–Stotis	1147	NULL	NULL	NULL	NULL	NULL	NULL	NULL	2G	Autobusai	2G	17		1197	NULL	NULL	NULL
missed	663164	B>A	Stotis–Laisvės pr.–Santariškės	1202	NULL	NULL	NULL	NULL	NULL	NULL	NULL	2G	Autobusai	2G	17		1249	NULL	NULL	NULL
missed	663164	A>B	Santariškės–Laisvės pr.–Stotis	1254	NULL	NULL	NULL	NULL	NULL	NULL	NULL	2G	Autobusai	2G	17		1303	NULL	NULL	NULL
missed	663164	B>A	Stotis–Laisvės pr.–Santariškės	1310	NULL	NULL	NULL	NULL	NULL	NULL	NULL	2G	Autobusai	2G	17		1357	NULL	NULL	NULL
missed	663164	A>B	Santariškės–Laisvės pr.–Stotis	1365	NULL	NULL	NULL	NULL	NULL	NULL	NULL	2G	Autobusai	2G	17		1413	NULL	NULL	NULL
missed	663165	A>B	Santariškės–Laisvės pr.–Stotis	450	NULL	NULL	NULL	NULL	NULL	NULL	NULL	2G	Autobusai	2G	18		502	NULL	NULL	NULL
missed	663165	B>A	Stotis–Laisvės pr.–Santariškės	508	NULL	NULL	NULL	NULL	NULL	NULL	NULL	2G	Autobusai	2G	18		559	NULL	NULL	NULL
missed	663165	A>B	Santariškės–Laisvės pr.–Stotis	577	NULL	NULL	NULL	NULL	NULL	NULL	NULL	2G	Autobusai	2G	18		627	NULL	NULL	NULL
missed	663165	B>A	Stotis–Laisvės pr.–Santariškės	634	NULL	NULL	NULL	NULL	NULL	NULL	NULL	2G	Autobusai	2G	18		685	NULL	NULL	NULL
missed	663165	A>B	Santariškės–Laisvės pr.–Stotis	971	NULL	NULL	NULL	NULL	NULL	NULL	NULL	2G	Autobusai	2G	18		1021	NULL	NULL	NULL
missed	663165	B>A	Stotis–Laisvės pr.–Santariškės	1026	NULL	NULL	NULL	NULL	NULL	NULL	NULL	2G	Autobusai	2G	18		1080	NULL	NULL	NULL
missed	663165	A>B	Santariškės–Laisvės pr.–Stotis	1093	NULL	NULL	NULL	NULL	NULL	NULL	NULL	2G	Autobusai	2G	18		1143	NULL	NULL	NULL
missed	663165	B>A	Stotis–Laisvės pr.–Santariškės	1149	NULL	NULL	NULL	NULL	NULL	NULL	NULL	2G	Autobusai	2G	18		1196	NULL	NULL	NULL
missed	150798	A>B	Stotis–Eišiškių pl.–Dilgynė–Salininkai–Vaidotai	307	NULL	NULL	NULL	NULL	NULL	NULL	NULL	3	Autobusai	3	01		350	NULL	NULL	NULL
missed	150798	B>A	Vaidotai–Salininkai–Dilgynė–Eišiškių pl.–Stotis	366	NULL	NULL	NULL	NULL	NULL	NULL	NULL	3	Autobusai	3	01		409	NULL	NULL	NULL
missed	150798	A>B	Stotis–Eišiškių pl.–Dilgynė–Salininkai–Vaidotai	417	NULL	NULL	NULL	NULL	NULL	NULL	NULL	3	Autobusai	3	01		463	NULL	NULL	NULL
missed	150798	B>A	Vaidotai–Salininkai–Dilgynė–Eišiškių pl.–Stotis	468	NULL	NULL	NULL	NULL	NULL	NULL	NULL	3	Autobusai	3	01		509	NULL	NULL	NULL
missed	150798	A>B	Stotis–Eišiškių pl.–Dilgynė–Salininkai–Vaidotai	514	NULL	NULL	NULL	NULL	NULL	NULL	NULL	3	Autobusai	3	01		558	NULL	NULL	NULL
missed	150798	B>A	Vaidotai–Salininkai–Dilgynė–Eišiškių pl.–Stotis	564	NULL	NULL	NULL	NULL	NULL	NULL	NULL	3	Autobusai	3	01		605	NULL	NULL	NULL
missed	150798	A>B	Stotis–Eišiškių pl.–Dilgynė–Salininkai–Vaidotai	638	NULL	NULL	NULL	NULL	NULL	NULL	NULL	3	Autobusai	3	01		681	NULL	NULL	NULL
missed	150798	B>A	Vaidotai–Salininkai–Dilgynė–Eišiškių pl.–Stotis	691	NULL	NULL	NULL	NULL	NULL	NULL	NULL	3	Autobusai	3	01		732	NULL	NULL	NULL
missed	150798	A>B	Stotis–Eišiškių pl.–Dilgynė–Salininkai–Vaidotai	737	NULL	NULL	NULL	NULL	NULL	NULL	NULL	3	Autobusai	3	01		780	NULL	NULL	NULL
missed	150798	B>A	Vaidotai–Salininkai–Dilgynė–Eišiškių pl.–Stotis	786	NULL	NULL	NULL	NULL	NULL	NULL	NULL	3	Autobusai	3	01		827	NULL	NULL	NULL
missed	150798	A>B	Stotis–Eišiškių pl.–Dilgynė–Salininkai–Vaidotai	837	NULL	NULL	NULL	NULL	NULL	NULL	NULL	3	Autobusai	3	01		880	NULL	NULL	NULL
missed	150798	B>A	Vaidotai–Salininkai–Dilgynė–Eišiškių pl.–Stotis	899	NULL	NULL	NULL	NULL	NULL	NULL	NULL	3	Autobusai	3	01		942	NULL	NULL	NULL
missed	150798	A>B	Stotis–Eišiškių pl.–Dilgynė–Salininkai–Vaidotai	953	NULL	NULL	NULL	NULL	NULL	NULL	NULL	3	Autobusai	3	01		999	NULL	NULL	NULL
missed	150798	B>A	Vaidotai–Salininkai–Dilgynė–Eišiškių pl.–Stotis	1012	NULL	NULL	NULL	NULL	NULL	NULL	NULL	3	Autobusai	3	01		1055	NULL	NULL	NULL
missed	150798	A>B	Stotis–Eišiškių pl.–Dilgynė–Salininkai–Vaidotai	1065	NULL	NULL	NULL	NULL	NULL	NULL	NULL	3	Autobusai	3	01		1111	NULL	NULL	NULL
missed	150798	B>A	Vaidotai–Salininkai–Dilgynė–Eišiškių pl.–Stotis	1116	NULL	NULL	NULL	NULL	NULL	NULL	NULL	3	Autobusai	3	01		1159	NULL	NULL	NULL
missed	150798	A1>B1	Stotis–Eišiškių pl.–Salininkai–Vaidotai	1203	NULL	NULL	NULL	NULL	NULL	NULL	NULL	3	Autobusai	3	01		1240	NULL	NULL	NULL
missed	150798	B1>A1	Vaidotai–Salininkai–Eišiškių pl.–Stotis	1245	NULL	NULL	NULL	NULL	NULL	NULL	NULL	3	Autobusai	3	01		1281	NULL	NULL	NULL
missed	150798	A1>B1	Stotis–Eišiškių pl.–Salininkai–Vaidotai	1306	NULL	NULL	NULL	NULL	NULL	NULL	NULL	3	Autobusai	3	01		1343	NULL	NULL	NULL
missed	150798	B1>A1	Vaidotai–Salininkai–Eišiškių pl.–Stotis	1348	NULL	NULL	NULL	NULL	NULL	NULL	NULL	3	Autobusai	3	01		1384	NULL	NULL	NULL
missed	150799	A>B	Stotis–Eišiškių pl.–Dilgynė–Salininkai–Vaidotai	382	NULL	NULL	NULL	NULL	NULL	NULL	NULL	3	Autobusai	3	02		428	NULL	NULL	NULL
missed	150799	B>A	Vaidotai–Salininkai–Dilgynė–Eišiškių pl.–Stotis	436	NULL	NULL	NULL	NULL	NULL	NULL	NULL	3	Autobusai	3	02		479	NULL	NULL	NULL
missed	150799	A>B	Stotis–Eišiškių pl.–Dilgynė–Salininkai–Vaidotai	486	NULL	NULL	NULL	NULL	NULL	NULL	NULL	3	Autobusai	3	02		530	NULL	NULL	NULL
missed	150799	B>A	Vaidotai–Salininkai–Dilgynė–Eišiškių pl.–Stotis	538	NULL	NULL	NULL	NULL	NULL	NULL	NULL	3	Autobusai	3	02		579	NULL	NULL	NULL
missed	150799	A>B	Stotis–Eišiškių pl.–Dilgynė–Salininkai–Vaidotai	923	NULL	NULL	NULL	NULL	NULL	NULL	NULL	3	Autobusai	3	02		968	NULL	NULL	NULL
missed	150799	B>A	Vaidotai–Salininkai–Dilgynė–Eišiškių pl.–Stotis	976	NULL	NULL	NULL	NULL	NULL	NULL	NULL	3	Autobusai	3	02		1019	NULL	NULL	NULL
missed	150799	A>B	Stotis–Eišiškių pl.–Dilgynė–Salininkai–Vaidotai	1036	NULL	NULL	NULL	NULL	NULL	NULL	NULL	3	Autobusai	3	02		1082	NULL	NULL	NULL
missed	150799	B>A	Vaidotai–Salininkai–Dilgynė–Eišiškių pl.–Stotis	1090	NULL	NULL	NULL	NULL	NULL	NULL	NULL	3	Autobusai	3	02		1133	NULL	NULL	NULL
missed	150800	A>B	Stotis–Eišiškių pl.–Dilgynė–Salininkai–Vaidotai	337	NULL	NULL	NULL	NULL	NULL	NULL	NULL	3	Autobusai	3	03		380	NULL	NULL	NULL
missed	150800	B>A	Vaidotai–Salininkai–Dilgynė–Eišiškių pl.–Stotis	391	NULL	NULL	NULL	NULL	NULL	NULL	NULL	3	Autobusai	3	03		434	NULL	NULL	NULL
missed	150800	A>B	Stotis–Eišiškių pl.–Dilgynė–Salininkai–Vaidotai	447	NULL	NULL	NULL	NULL	NULL	NULL	NULL	3	Autobusai	3	03		493	NULL	NULL	NULL
missed	150800	B>A	Vaidotai–Salininkai–Dilgynė–Eišiškių pl.–Stotis	508	NULL	NULL	NULL	NULL	NULL	NULL	NULL	3	Autobusai	3	03		549	NULL	NULL	NULL
missed	150800	A>B	Stotis–Eišiškių pl.–Dilgynė–Salininkai–Vaidotai	555	NULL	NULL	NULL	NULL	NULL	NULL	NULL	3	Autobusai	3	03		599	NULL	NULL	NULL
missed	150800	B>A	Vaidotai–Salininkai–Dilgynė–Eišiškių pl.–Stotis	610	NULL	NULL	NULL	NULL	NULL	NULL	NULL	3	Autobusai	3	03		651	NULL	NULL	NULL
missed	150800	A>B	Stotis–Eišiškių pl.–Dilgynė–Salininkai–Vaidotai	694	NULL	NULL	NULL	NULL	NULL	NULL	NULL	3	Autobusai	3	03		737	NULL	NULL	NULL
missed	150800	B>A	Vaidotai–Salininkai–Dilgynė–Eišiškių pl.–Stotis	750	NULL	NULL	NULL	NULL	NULL	NULL	NULL	3	Autobusai	3	03		790	NULL	NULL	NULL
missed	150800	A>B	Stotis–Eišiškių pl.–Dilgynė–Salininkai–Vaidotai	800	NULL	NULL	NULL	NULL	NULL	NULL	NULL	3	Autobusai	3	03		843	NULL	NULL	NULL
missed	150800	B>A	Vaidotai–Salininkai–Dilgynė–Eišiškių pl.–Stotis	848	NULL	NULL	NULL	NULL	NULL	NULL	NULL	3	Autobusai	3	03		891	NULL	NULL	NULL
missed	150800	A>B	Stotis–Eišiškių pl.–Dilgynė–Salininkai–Vaidotai	901	NULL	NULL	NULL	NULL	NULL	NULL	NULL	3	Autobusai	3	03		946	NULL	NULL	NULL
missed	150800	B>A	Vaidotai–Salininkai–Dilgynė–Eišiškių pl.–Stotis	952	NULL	NULL	NULL	NULL	NULL	NULL	NULL	3	Autobusai	3	03		995	NULL	NULL	NULL
missed	150800	A>B	Stotis–Eišiškių pl.–Dilgynė–Salininkai–Vaidotai	1007	NULL	NULL	NULL	NULL	NULL	NULL	NULL	3	Autobusai	3	03		1053	NULL	NULL	NULL
missed	150800	B>A	Vaidotai–Salininkai–Dilgynė–Eišiškių pl.–Stotis	1060	NULL	NULL	NULL	NULL	NULL	NULL	NULL	3	Autobusai	3	03		1103	NULL	NULL	NULL
missed	150800	A>B	Stotis–Eišiškių pl.–Dilgynė–Salininkai–Vaidotai	1136	NULL	NULL	NULL	NULL	NULL	NULL	NULL	3	Autobusai	3	03		1182	NULL	NULL	NULL
missed	150800	B>A	Vaidotai–Salininkai–Dilgynė–Eišiškių pl.–Stotis	1190	NULL	NULL	NULL	NULL	NULL	NULL	NULL	3	Autobusai	3	03		1231	NULL	NULL	NULL
missed	150800	A1>B1	Stotis–Eišiškių pl.–Salininkai–Vaidotai	1244	NULL	NULL	NULL	NULL	NULL	NULL	NULL	3	Autobusai	3	03		1281	NULL	NULL	NULL
missed	150800	B1>A1	Vaidotai–Salininkai–Eišiškių pl.–Stotis	1296	NULL	NULL	NULL	NULL	NULL	NULL	NULL	3	Autobusai	3	03		1332	NULL	NULL	NULL
missed	663105	B>A	Šiaurės miestelis–Apkasų–Konstitucijos pr.–Pilaitė	300	NULL	NULL	NULL	NULL	NULL	NULL	NULL	30	Autobusai	30	01		332	NULL	NULL	NULL
missed	663105	A>B	Pilaitė–Konstitucijos pr.–Apkasų g.–Šiaurės miestelis	337	NULL	NULL	NULL	NULL	NULL	NULL	NULL	30	Autobusai	30	01		373	NULL	NULL	NULL
missed	663105	B>A	Šiaurės miestelis–Apkasų–Konstitucijos pr.–Pilaitė	379	NULL	NULL	NULL	NULL	NULL	NULL	NULL	30	Autobusai	30	01		413	NULL	NULL	NULL
missed	663105	A>B	Pilaitė–Konstitucijos pr.–Apkasų g.–Šiaurės miestelis	419	NULL	NULL	NULL	NULL	NULL	NULL	NULL	30	Autobusai	30	01		460	NULL	NULL	NULL
missed	663105	B>A	Šiaurės miestelis–Apkasų–Konstitucijos pr.–Pilaitė	470	NULL	NULL	NULL	NULL	NULL	NULL	NULL	30	Autobusai	30	01		504	NULL	NULL	NULL
missed	663105	A>B	Pilaitė–Konstitucijos pr.–Apkasų g.–Šiaurės miestelis	514	NULL	NULL	NULL	NULL	NULL	NULL	NULL	30	Autobusai	30	01		551	NULL	NULL	NULL
missed	663105	B>A	Šiaurės miestelis–Apkasų–Konstitucijos pr.–Pilaitė	586	NULL	NULL	NULL	NULL	NULL	NULL	NULL	30	Autobusai	30	01		620	NULL	NULL	NULL
missed	663105	A>B	Pilaitė–Konstitucijos pr.–Apkasų g.–Šiaurės miestelis	625	NULL	NULL	NULL	NULL	NULL	NULL	NULL	30	Autobusai	30	01		662	NULL	NULL	NULL
missed	663105	B>A	Šiaurės miestelis–Apkasų–Konstitucijos pr.–Pilaitė	670	NULL	NULL	NULL	NULL	NULL	NULL	NULL	30	Autobusai	30	01		704	NULL	NULL	NULL
missed	663105	A>B	Pilaitė–Konstitucijos pr.–Apkasų g.–Šiaurės miestelis	714	NULL	NULL	NULL	NULL	NULL	NULL	NULL	30	Autobusai	30	01		751	NULL	NULL	NULL
missed	663105	B>A	Šiaurės miestelis–Apkasų–Konstitucijos pr.–Pilaitė	758	NULL	NULL	NULL	NULL	NULL	NULL	NULL	30	Autobusai	30	01		792	NULL	NULL	NULL
missed	663105	A>B	Pilaitė–Konstitucijos pr.–Apkasų g.–Šiaurės miestelis	798	NULL	NULL	NULL	NULL	NULL	NULL	NULL	30	Autobusai	30	01		835	NULL	NULL	NULL
missed	663105	B>A	Šiaurės miestelis–Apkasų–Konstitucijos pr.–Pilaitė	845	NULL	NULL	NULL	NULL	NULL	NULL	NULL	30	Autobusai	30	01		879	NULL	NULL	NULL
missed	663105	A>B	Pilaitė–Konstitucijos pr.–Apkasų g.–Šiaurės miestelis	886	NULL	NULL	NULL	NULL	NULL	NULL	NULL	30	Autobusai	30	01		923	NULL	NULL	NULL
missed	663105	B>A	Šiaurės miestelis–Apkasų–Konstitucijos pr.–Pilaitė	932	NULL	NULL	NULL	NULL	NULL	NULL	NULL	30	Autobusai	30	01		968	NULL	NULL	NULL
missed	663105	A>B	Pilaitė–Konstitucijos pr.–Apkasų g.–Šiaurės miestelis	978	NULL	NULL	NULL	NULL	NULL	NULL	NULL	30	Autobusai	30	01		1015	NULL	NULL	NULL
missed	663105	B>A	Šiaurės miestelis–Apkasų–Konstitucijos pr.–Pilaitė	1026	NULL	NULL	NULL	NULL	NULL	NULL	NULL	30	Autobusai	30	01		1064	NULL	NULL	NULL
missed	663105	A>B	Pilaitė–Konstitucijos pr.–Apkasų g.–Šiaurės miestelis	1075	NULL	NULL	NULL	NULL	NULL	NULL	NULL	30	Autobusai	30	01		1112	NULL	NULL	NULL
missed	663105	B>A	Šiaurės miestelis–Apkasų–Konstitucijos pr.–Pilaitė	1147	NULL	NULL	NULL	NULL	NULL	NULL	NULL	30	Autobusai	30	01		1182	NULL	NULL	NULL
missed	663105	A>B	Pilaitė–Konstitucijos pr.–Apkasų g.–Šiaurės miestelis	1189	NULL	NULL	NULL	NULL	NULL	NULL	NULL	30	Autobusai	30	01		1225	NULL	NULL	NULL
missed	663105	B>A	Šiaurės miestelis–Apkasų–Konstitucijos pr.–Pilaitė	1236	NULL	NULL	NULL	NULL	NULL	NULL	NULL	30	Autobusai	30	01		1269	NULL	NULL	NULL
missed	663105	A>B	Pilaitė–Konstitucijos pr.–Apkasų g.–Šiaurės miestelis	1275	NULL	NULL	NULL	NULL	NULL	NULL	NULL	30	Autobusai	30	01		1311	NULL	NULL	NULL
missed	663105	B>A	Šiaurės miestelis–Apkasų–Konstitucijos pr.–Pilaitė	1318	NULL	NULL	NULL	NULL	NULL	NULL	NULL	30	Autobusai	30	01		1351	NULL	NULL	NULL
missed	663105	A>B	Pilaitė–Konstitucijos pr.–Apkasų g.–Šiaurės miestelis	1359	NULL	NULL	NULL	NULL	NULL	NULL	NULL	30	Autobusai	30	01		1395	NULL	NULL	NULL
missed	663106	B>A	Šiaurės miestelis–Apkasų–Konstitucijos pr.–Pilaitė	360	NULL	NULL	NULL	NULL	NULL	NULL	NULL	30	Autobusai	30	02		394	NULL	NULL	NULL
missed	663106	A>B	Pilaitė–Konstitucijos pr.–Apkasų g.–Šiaurės miestelis	399	NULL	NULL	NULL	NULL	NULL	NULL	NULL	30	Autobusai	30	02		436	NULL	NULL	NULL
missed	663106	B>A	Šiaurės miestelis–Apkasų–Konstitucijos pr.–Pilaitė	448	NULL	NULL	NULL	NULL	NULL	NULL	NULL	30	Autobusai	30	02		482	NULL	NULL	NULL
missed	663106	A>B	Pilaitė–Konstitucijos pr.–Apkasų g.–Šiaurės miestelis	498	NULL	NULL	NULL	NULL	NULL	NULL	NULL	30	Autobusai	30	02		535	NULL	NULL	NULL
missed	663106	B>A	Šiaurės miestelis–Apkasų–Konstitucijos pr.–Pilaitė	549	NULL	NULL	NULL	NULL	NULL	NULL	NULL	30	Autobusai	30	02		582	NULL	NULL	NULL
missed	663106	A>B	Pilaitė–Konstitucijos pr.–Apkasų g.–Šiaurės miestelis	593	NULL	NULL	NULL	NULL	NULL	NULL	NULL	30	Autobusai	30	02		630	NULL	NULL	NULL
missed	663106	B>A	Šiaurės miestelis–Apkasų–Konstitucijos pr.–Pilaitė	947	NULL	NULL	NULL	NULL	NULL	NULL	NULL	30	Autobusai	30	02		983	NULL	NULL	NULL
missed	663106	A>B	Pilaitė–Konstitucijos pr.–Apkasų g.–Šiaurės miestelis	994	NULL	NULL	NULL	NULL	NULL	NULL	NULL	30	Autobusai	30	02		1031	NULL	NULL	NULL
missed	663106	B>A	Šiaurės miestelis–Apkasų–Konstitucijos pr.–Pilaitė	1043	NULL	NULL	NULL	NULL	NULL	NULL	NULL	30	Autobusai	30	02		1080	NULL	NULL	NULL
missed	663106	A>B	Pilaitė–Konstitucijos pr.–Apkasų g.–Šiaurės miestelis	1092	NULL	NULL	NULL	NULL	NULL	NULL	NULL	30	Autobusai	30	02		1129	NULL	NULL	NULL
missed	663107	B>A	Šiaurės miestelis–Apkasų–Konstitucijos pr.–Pilaitė	322	NULL	NULL	NULL	NULL	NULL	NULL	NULL	30	Autobusai	30	03Ž		354	NULL	NULL	NULL
missed	663107	A>B	Pilaitė–Konstitucijos pr.–Apkasų g.–Šiaurės miestelis	361	NULL	NULL	NULL	NULL	NULL	NULL	NULL	30	Autobusai	30	03Ž		397	NULL	NULL	NULL
missed	663107	B>A	Šiaurės miestelis–Apkasų–Konstitucijos pr.–Pilaitė	409	NULL	NULL	NULL	NULL	NULL	NULL	NULL	30	Autobusai	30	03Ž		443	NULL	NULL	NULL
missed	663107	A>B	Pilaitė–Konstitucijos pr.–Apkasų g.–Šiaurės miestelis	453	NULL	NULL	NULL	NULL	NULL	NULL	NULL	30	Autobusai	30	03Ž		494	NULL	NULL	NULL
missed	663107	B>A	Šiaurės miestelis–Apkasų–Konstitucijos pr.–Pilaitė	507	NULL	NULL	NULL	NULL	NULL	NULL	NULL	30	Autobusai	30	03Ž		541	NULL	NULL	NULL
missed	663107	A>B	Pilaitė–Konstitucijos pr.–Apkasų g.–Šiaurės miestelis	549	NULL	NULL	NULL	NULL	NULL	NULL	NULL	30	Autobusai	30	03Ž		586	NULL	NULL	NULL
missed	663107	B>A	Šiaurės miestelis–Apkasų–Konstitucijos pr.–Pilaitė	621	NULL	NULL	NULL	NULL	NULL	NULL	NULL	30	Autobusai	30	03Ž		655	NULL	NULL	NULL
missed	663107	A>B	Pilaitė–Konstitucijos pr.–Apkasų g.–Šiaurės miestelis	660	NULL	NULL	NULL	NULL	NULL	NULL	NULL	30	Autobusai	30	03Ž		697	NULL	NULL	NULL
missed	663107	B>A	Šiaurės miestelis–Apkasų–Konstitucijos pr.–Pilaitė	702	NULL	NULL	NULL	NULL	NULL	NULL	NULL	30	Autobusai	30	03Ž		736	NULL	NULL	NULL
missed	663107	A>B	Pilaitė–Konstitucijos pr.–Apkasų g.–Šiaurės miestelis	743	NULL	NULL	NULL	NULL	NULL	NULL	NULL	30	Autobusai	30	03Ž		780	NULL	NULL	NULL
missed	663107	B>A	Šiaurės miestelis–Apkasų–Konstitucijos pr.–Pilaitė	786	NULL	NULL	NULL	NULL	NULL	NULL	NULL	30	Autobusai	30	03Ž		820	NULL	NULL	NULL
missed	663107	A>B	Pilaitė–Konstitucijos pr.–Apkasų g.–Šiaurės miestelis	826	NULL	NULL	NULL	NULL	NULL	NULL	NULL	30	Autobusai	30	03Ž		863	NULL	NULL	NULL
missed	663107	B>A	Šiaurės miestelis–Apkasų–Konstitucijos pr.–Pilaitė	875	NULL	NULL	NULL	NULL	NULL	NULL	NULL	30	Autobusai	30	03Ž		909	NULL	NULL	NULL
missed	663107	A>B	Pilaitė–Konstitucijos pr.–Apkasų g.–Šiaurės miestelis	914	NULL	NULL	NULL	NULL	NULL	NULL	NULL	30	Autobusai	30	03Ž		951	NULL	NULL	NULL
missed	663107	B>A	Šiaurės miestelis–Apkasų–Konstitucijos pr.–Pilaitė	965	NULL	NULL	NULL	NULL	NULL	NULL	NULL	30	Autobusai	30	03Ž		1002	NULL	NULL	NULL
missed	663107	A>B	Pilaitė–Konstitucijos pr.–Apkasų g.–Šiaurės miestelis	1013	NULL	NULL	NULL	NULL	NULL	NULL	NULL	30	Autobusai	30	03Ž		1050	NULL	NULL	NULL
missed	663107	B>A	Šiaurės miestelis–Apkasų–Konstitucijos pr.–Pilaitė	1062	NULL	NULL	NULL	NULL	NULL	NULL	NULL	30	Autobusai	30	03Ž		1099	NULL	NULL	NULL
missed	663107	A>B	Pilaitė–Konstitucijos pr.–Apkasų g.–Šiaurės miestelis	1109	NULL	NULL	NULL	NULL	NULL	NULL	NULL	30	Autobusai	30	03Ž		1146	NULL	NULL	NULL
missed	663107	B>A	Šiaurės miestelis–Apkasų–Konstitucijos pr.–Pilaitė	1181	NULL	NULL	NULL	NULL	NULL	NULL	NULL	30	Autobusai	30	03Ž		1215	NULL	NULL	NULL
missed	663107	A>B	Pilaitė–Konstitucijos pr.–Apkasų g.–Šiaurės miestelis	1221	NULL	NULL	NULL	NULL	NULL	NULL	NULL	30	Autobusai	30	03Ž		1257	NULL	NULL	NULL
missed	663107	B>A	Šiaurės miestelis–Apkasų–Konstitucijos pr.–Pilaitė	1265	NULL	NULL	NULL	NULL	NULL	NULL	NULL	30	Autobusai	30	03Ž		1298	NULL	NULL	NULL
missed	663107	A>B	Pilaitė–Konstitucijos pr.–Apkasų g.–Šiaurės miestelis	1305	NULL	NULL	NULL	NULL	NULL	NULL	NULL	30	Autobusai	30	03Ž		1341	NULL	NULL	NULL
missed	663107	B>A	Šiaurės miestelis–Apkasų–Konstitucijos pr.–Pilaitė	1346	NULL	NULL	NULL	NULL	NULL	NULL	NULL	30	Autobusai	30	03Ž		1379	NULL	NULL	NULL
missed	663107	A>B	Pilaitė–Konstitucijos pr.–Apkasų g.–Šiaurės miestelis	1385	NULL	NULL	NULL	NULL	NULL	NULL	NULL	30	Autobusai	30	03Ž		1421	NULL	NULL	NULL
missed	663108	B>A	Šiaurės miestelis–Apkasų–Konstitucijos pr.–Pilaitė	392	NULL	NULL	NULL	NULL	NULL	NULL	NULL	30	Autobusai	30	04		426	NULL	NULL	NULL
missed	663108	A>B	Pilaitė–Konstitucijos pr.–Apkasų g.–Šiaurės miestelis	438	NULL	NULL	NULL	NULL	NULL	NULL	NULL	30	Autobusai	30	04		479	NULL	NULL	NULL
missed	663108	B>A	Šiaurės miestelis–Apkasų–Konstitucijos pr.–Pilaitė	489	NULL	NULL	NULL	NULL	NULL	NULL	NULL	30	Autobusai	30	04		523	NULL	NULL	NULL
missed	663108	A>B	Pilaitė–Konstitucijos pr.–Apkasų g.–Šiaurės miestelis	533	NULL	NULL	NULL	NULL	NULL	NULL	NULL	30	Autobusai	30	04		570	NULL	NULL	NULL
missed	663108	B>A	Šiaurės miestelis–Apkasų–Konstitucijos pr.–Pilaitė	918	NULL	NULL	NULL	NULL	NULL	NULL	NULL	30	Autobusai	30	04		954	NULL	NULL	NULL
missed	663108	A>B	Pilaitė–Konstitucijos pr.–Apkasų g.–Šiaurės miestelis	963	NULL	NULL	NULL	NULL	NULL	NULL	NULL	30	Autobusai	30	04		1000	NULL	NULL	NULL
missed	663108	B>A	Šiaurės miestelis–Apkasų–Konstitucijos pr.–Pilaitė	1009	NULL	NULL	NULL	NULL	NULL	NULL	NULL	30	Autobusai	30	04		1047	NULL	NULL	NULL
missed	663108	A>B	Pilaitė–Konstitucijos pr.–Apkasų g.–Šiaurės miestelis	1057	NULL	NULL	NULL	NULL	NULL	NULL	NULL	30	Autobusai	30	04		1094	NULL	NULL	NULL
missed	663108	B>A	Šiaurės miestelis–Apkasų–Konstitucijos pr.–Pilaitė	1105	NULL	NULL	NULL	NULL	NULL	NULL	NULL	30	Autobusai	30	04		1142	NULL	NULL	NULL
missed	663108	A>B	Pilaitė–Konstitucijos pr.–Apkasų g.–Šiaurės miestelis	1152	NULL	NULL	NULL	NULL	NULL	NULL	NULL	30	Autobusai	30	04		1189	NULL	NULL	NULL
missed	663104	B>A	Šiaurės miestelis–Apkasų–Konstitucijos pr.–Pilaitė	342	NULL	NULL	NULL	NULL	NULL	NULL	NULL	30	Autobusai	30	05		374	NULL	NULL	NULL
missed	663104	A>B	Pilaitė–Konstitucijos pr.–Apkasų g.–Šiaurės miestelis	381	NULL	NULL	NULL	NULL	NULL	NULL	NULL	30	Autobusai	30	05		418	NULL	NULL	NULL
missed	663104	B>A	Šiaurės miestelis–Apkasų–Konstitucijos pr.–Pilaitė	429	NULL	NULL	NULL	NULL	NULL	NULL	NULL	30	Autobusai	30	05		463	NULL	NULL	NULL
missed	663104	A>B	Pilaitė–Konstitucijos pr.–Apkasų g.–Šiaurės miestelis	473	NULL	NULL	NULL	NULL	NULL	NULL	NULL	30	Autobusai	30	05		514	NULL	NULL	NULL
missed	663104	B>A	Šiaurės miestelis–Apkasų–Konstitucijos pr.–Pilaitė	525	NULL	NULL	NULL	NULL	NULL	NULL	NULL	30	Autobusai	30	05		559	NULL	NULL	NULL
missed	663104	A>B	Pilaitė–Konstitucijos pr.–Apkasų g.–Šiaurės miestelis	570	NULL	NULL	NULL	NULL	NULL	NULL	NULL	30	Autobusai	30	05		607	NULL	NULL	NULL
missed	663104	B>A	Šiaurės miestelis–Apkasų–Konstitucijos pr.–Pilaitė	646	NULL	NULL	NULL	NULL	NULL	NULL	NULL	30	Autobusai	30	05		680	NULL	NULL	NULL
missed	663104	A>B	Pilaitė–Konstitucijos pr.–Apkasų g.–Šiaurės miestelis	688	NULL	NULL	NULL	NULL	NULL	NULL	NULL	30	Autobusai	30	05		725	NULL	NULL	NULL
missed	663104	B>A	Šiaurės miestelis–Apkasų–Konstitucijos pr.–Pilaitė	731	NULL	NULL	NULL	NULL	NULL	NULL	NULL	30	Autobusai	30	05		765	NULL	NULL	NULL
missed	663104	A>B	Pilaitė–Konstitucijos pr.–Apkasų g.–Šiaurės miestelis	771	NULL	NULL	NULL	NULL	NULL	NULL	NULL	30	Autobusai	30	05		808	NULL	NULL	NULL
missed	663104	B>A	Šiaurės miestelis–Apkasų–Konstitucijos pr.–Pilaitė	813	NULL	NULL	NULL	NULL	NULL	NULL	NULL	30	Autobusai	30	05		847	NULL	NULL	NULL
missed	663104	A>B	Pilaitė–Konstitucijos pr.–Apkasų g.–Šiaurės miestelis	853	NULL	NULL	NULL	NULL	NULL	NULL	NULL	30	Autobusai	30	05		890	NULL	NULL	NULL
missed	663104	B>A	Šiaurės miestelis–Apkasų–Konstitucijos pr.–Pilaitė	900	NULL	NULL	NULL	NULL	NULL	NULL	NULL	30	Autobusai	30	05		936	NULL	NULL	NULL
missed	663104	A>B	Pilaitė–Konstitucijos pr.–Apkasų g.–Šiaurės miestelis	941	NULL	NULL	NULL	NULL	NULL	NULL	NULL	30	Autobusai	30	05		978	NULL	NULL	NULL
missed	663104	B>A	Šiaurės miestelis–Apkasų–Konstitucijos pr.–Pilaitė	987	NULL	NULL	NULL	NULL	NULL	NULL	NULL	30	Autobusai	30	05		1024	NULL	NULL	NULL
missed	663104	A>B	Pilaitė–Konstitucijos pr.–Apkasų g.–Šiaurės miestelis	1035	NULL	NULL	NULL	NULL	NULL	NULL	NULL	30	Autobusai	30	05		1072	NULL	NULL	NULL
missed	663104	B>A	Šiaurės miestelis–Apkasų–Konstitucijos pr.–Pilaitė	1082	NULL	NULL	NULL	NULL	NULL	NULL	NULL	30	Autobusai	30	05		1119	NULL	NULL	NULL
missed	663104	A>B	Pilaitė–Konstitucijos pr.–Apkasų g.–Šiaurės miestelis	1130	NULL	NULL	NULL	NULL	NULL	NULL	NULL	30	Autobusai	30	05		1167	NULL	NULL	NULL
missed	663104	B>A	Šiaurės miestelis–Apkasų–Konstitucijos pr.–Pilaitė	1205	NULL	NULL	NULL	NULL	NULL	NULL	NULL	30	Autobusai	30	05		1238	NULL	NULL	NULL
missed	663104	A>B	Pilaitė–Konstitucijos pr.–Apkasų g.–Šiaurės miestelis	1246	NULL	NULL	NULL	NULL	NULL	NULL	NULL	30	Autobusai	30	05		1282	NULL	NULL	NULL
missed	663104	B>A	Šiaurės miestelis–Apkasų–Konstitucijos pr.–Pilaitė	1292	NULL	NULL	NULL	NULL	NULL	NULL	NULL	30	Autobusai	30	05		1325	NULL	NULL	NULL
missed	663104	A>B	Pilaitė–Konstitucijos pr.–Apkasų g.–Šiaurės miestelis	1333	NULL	NULL	NULL	NULL	NULL	NULL	NULL	30	Autobusai	30	05		1369	NULL	NULL	NULL
missed	635402	A>B	Stotis–Pavilnys–Naujoji Vilnia	330	NULL	NULL	NULL	NULL	NULL	NULL	NULL	31	Autobusai	31	01-Ž		369	NULL	NULL	NULL
missed	635402	B>A	Naujoji Vilnia–Pavilnys–Stotis	374	NULL	NULL	NULL	NULL	NULL	NULL	NULL	31	Autobusai	31	01-Ž		415	NULL	NULL	NULL
missed	635402	A>B	Stotis–Pavilnys–Naujoji Vilnia	428	NULL	NULL	NULL	NULL	NULL	NULL	NULL	31	Autobusai	31	01-Ž		468	NULL	NULL	NULL
missed	635402	B>A	Naujoji Vilnia–Pavilnys–Stotis	482	NULL	NULL	NULL	NULL	NULL	NULL	NULL	31	Autobusai	31	01-Ž		523	NULL	NULL	NULL
missed	635402	A>B	Stotis–Pavilnys–Naujoji Vilnia	534	NULL	NULL	NULL	NULL	NULL	NULL	NULL	31	Autobusai	31	01-Ž		574	NULL	NULL	NULL
missed	635402	B>A	Naujoji Vilnia–Pavilnys–Stotis	614	NULL	NULL	NULL	NULL	NULL	NULL	NULL	31	Autobusai	31	01-Ž		654	NULL	NULL	NULL
missed	635402	A>B	Stotis–Pavilnys–Naujoji Vilnia	660	NULL	NULL	NULL	NULL	NULL	NULL	NULL	31	Autobusai	31	01-Ž		699	NULL	NULL	NULL
missed	635402	B>A	Naujoji Vilnia–Pavilnys–Stotis	729	NULL	NULL	NULL	NULL	NULL	NULL	NULL	31	Autobusai	31	01-Ž		769	NULL	NULL	NULL
missed	635402	A>B	Stotis–Pavilnys–Naujoji Vilnia	774	NULL	NULL	NULL	NULL	NULL	NULL	NULL	31	Autobusai	31	01-Ž		813	NULL	NULL	NULL
missed	635402	B>A	Naujoji Vilnia–Pavilnys–Stotis	823	NULL	NULL	NULL	NULL	NULL	NULL	NULL	31	Autobusai	31	01-Ž		863	NULL	NULL	NULL
missed	635402	A>B	Stotis–Pavilnys–Naujoji Vilnia	868	NULL	NULL	NULL	NULL	NULL	NULL	NULL	31	Autobusai	31	01-Ž		907	NULL	NULL	NULL
missed	635402	B>A	Naujoji Vilnia–Pavilnys–Stotis	912	NULL	NULL	NULL	NULL	NULL	NULL	NULL	31	Autobusai	31	01-Ž		952	NULL	NULL	NULL
missed	635402	A>B	Stotis–Pavilnys–Naujoji Vilnia	958	NULL	NULL	NULL	NULL	NULL	NULL	NULL	31	Autobusai	31	01-Ž		998	NULL	NULL	NULL
missed	635402	B>A	Naujoji Vilnia–Pavilnys–Stotis	1008	NULL	NULL	NULL	NULL	NULL	NULL	NULL	31	Autobusai	31	01-Ž		1049	NULL	NULL	NULL
missed	635402	A>B	Stotis–Pavilnys–Naujoji Vilnia	1056	NULL	NULL	NULL	NULL	NULL	NULL	NULL	31	Autobusai	31	01-Ž		1098	NULL	NULL	NULL
missed	635402	B>A	Naujoji Vilnia–Pavilnys–Stotis	1130	NULL	NULL	NULL	NULL	NULL	NULL	NULL	31	Autobusai	31	01-Ž		1171	NULL	NULL	NULL
missed	635402	A>B	Stotis–Pavilnys–Naujoji Vilnia	1177	NULL	NULL	NULL	NULL	NULL	NULL	NULL	31	Autobusai	31	01-Ž		1217	NULL	NULL	NULL
missed	635402	B>A	Naujoji Vilnia–Pavilnys–Stotis	1247	NULL	NULL	NULL	NULL	NULL	NULL	NULL	31	Autobusai	31	01-Ž		1287	NULL	NULL	NULL
missed	635402	A>B	Stotis–Pavilnys–Naujoji Vilnia	1291	NULL	NULL	NULL	NULL	NULL	NULL	NULL	31	Autobusai	31	01-Ž		1330	NULL	NULL	NULL
missed	635406	B>A	Naujoji Vilnia–Pavilnys–Stotis	353	NULL	NULL	NULL	NULL	NULL	NULL	NULL	31	Autobusai	31	02		393	NULL	NULL	NULL
missed	635406	A>B	Stotis–Pavilnys–Naujoji Vilnia	398	NULL	NULL	NULL	NULL	NULL	NULL	NULL	31	Autobusai	31	02		437	NULL	NULL	NULL
missed	635406	B>A	Naujoji Vilnia–Pavilnys–Stotis	442	NULL	NULL	NULL	NULL	NULL	NULL	NULL	31	Autobusai	31	02		483	NULL	NULL	NULL
missed	635406	A>B	Stotis–Pavilnys–Naujoji Vilnia	488	NULL	NULL	NULL	NULL	NULL	NULL	NULL	31	Autobusai	31	02		528	NULL	NULL	NULL
missed	635406	B>A	Naujoji Vilnia–Pavilnys–Stotis	533	NULL	NULL	NULL	NULL	NULL	NULL	NULL	31	Autobusai	31	02		574	NULL	NULL	NULL
missed	635406	A>B	Stotis–Pavilnys–Naujoji Vilnia	579	NULL	NULL	NULL	NULL	NULL	NULL	NULL	31	Autobusai	31	02		618	NULL	NULL	NULL
missed	635406	B>A	Naujoji Vilnia–Pavilnys–Stotis	928	NULL	NULL	NULL	NULL	NULL	NULL	NULL	31	Autobusai	31	02		969	NULL	NULL	NULL
missed	635406	A>B	Stotis–Pavilnys–Naujoji Vilnia	975	NULL	NULL	NULL	NULL	NULL	NULL	NULL	31	Autobusai	31	02		1015	NULL	NULL	NULL
missed	635406	B>A	Naujoji Vilnia–Pavilnys–Stotis	1023	NULL	NULL	NULL	NULL	NULL	NULL	NULL	31	Autobusai	31	02		1064	NULL	NULL	NULL
missed	635406	A>B	Stotis–Pavilnys–Naujoji Vilnia	1071	NULL	NULL	NULL	NULL	NULL	NULL	NULL	31	Autobusai	31	02		1113	NULL	NULL	NULL
missed	635403	A>B	Stotis–Pavilnys–Naujoji Vilnia	413	NULL	NULL	NULL	NULL	NULL	NULL	NULL	31	Autobusai	31	03		452	NULL	NULL	NULL
missed	635403	B>A	Naujoji Vilnia–Pavilnys–Stotis	460	NULL	NULL	NULL	NULL	NULL	NULL	NULL	31	Autobusai	31	03		501	NULL	NULL	NULL
missed	635403	A>B	Stotis–Pavilnys–Naujoji Vilnia	506	NULL	NULL	NULL	NULL	NULL	NULL	NULL	31	Autobusai	31	03		546	NULL	NULL	NULL
missed	635403	B>A	Naujoji Vilnia–Pavilnys–Stotis	576	NULL	NULL	NULL	NULL	NULL	NULL	NULL	31	Autobusai	31	03		616	NULL	NULL	NULL
missed	635403	A>B	Stotis–Pavilnys–Naujoji Vilnia	621	NULL	NULL	NULL	NULL	NULL	NULL	NULL	31	Autobusai	31	03		660	NULL	NULL	NULL
missed	635403	B>A	Naujoji Vilnia–Pavilnys–Stotis	702	NULL	NULL	NULL	NULL	NULL	NULL	NULL	31	Autobusai	31	03		742	NULL	NULL	NULL
missed	635403	A>B	Stotis–Pavilnys–Naujoji Vilnia	748	NULL	NULL	NULL	NULL	NULL	NULL	NULL	31	Autobusai	31	03		787	NULL	NULL	NULL
missed	635403	B>A	Naujoji Vilnia–Pavilnys–Stotis	792	NULL	NULL	NULL	NULL	NULL	NULL	NULL	31	Autobusai	31	03		832	NULL	NULL	NULL
missed	635403	A>B	Stotis–Pavilnys–Naujoji Vilnia	840	NULL	NULL	NULL	NULL	NULL	NULL	NULL	31	Autobusai	31	03		879	NULL	NULL	NULL
missed	635403	B>A	Naujoji Vilnia–Pavilnys–Stotis	890	NULL	NULL	NULL	NULL	NULL	NULL	NULL	31	Autobusai	31	03		930	NULL	NULL	NULL
missed	635403	A>B	Stotis–Pavilnys–Naujoji Vilnia	936	NULL	NULL	NULL	NULL	NULL	NULL	NULL	31	Autobusai	31	03		975	NULL	NULL	NULL
missed	635403	B>A	Naujoji Vilnia–Pavilnys–Stotis	991	NULL	NULL	NULL	NULL	NULL	NULL	NULL	31	Autobusai	31	03		1032	NULL	NULL	NULL
missed	635403	A>B	Stotis–Pavilnys–Naujoji Vilnia	1040	NULL	NULL	NULL	NULL	NULL	NULL	NULL	31	Autobusai	31	03		1082	NULL	NULL	NULL
missed	635403	B>A	Naujoji Vilnia–Pavilnys–Stotis	1089	NULL	NULL	NULL	NULL	NULL	NULL	NULL	31	Autobusai	31	03		1130	NULL	NULL	NULL
missed	635403	A>B	Stotis–Pavilnys–Naujoji Vilnia	1138	NULL	NULL	NULL	NULL	NULL	NULL	NULL	31	Autobusai	31	03		1178	NULL	NULL	NULL
missed	635403	B>A	Naujoji Vilnia–Pavilnys–Stotis	1208	NULL	NULL	NULL	NULL	NULL	NULL	NULL	31	Autobusai	31	03		1248	NULL	NULL	NULL
missed	635403	A>B	Stotis–Pavilnys–Naujoji Vilnia	1258	NULL	NULL	NULL	NULL	NULL	NULL	NULL	31	Autobusai	31	03		1297	NULL	NULL	NULL
missed	635403	B>A	Naujoji Vilnia–Pavilnys–Stotis	1331	NULL	NULL	NULL	NULL	NULL	NULL	NULL	31	Autobusai	31	03		1371	NULL	NULL	NULL
missed	635403	A>B	Stotis–Pavilnys–Naujoji Vilnia	1377	NULL	NULL	NULL	NULL	NULL	NULL	NULL	31	Autobusai	31	03		1412	NULL	NULL	NULL
missed	635404	A>B	Stotis–Pavilnys–Naujoji Vilnia	352	NULL	NULL	NULL	NULL	NULL	NULL	NULL	31	Autobusai	31	04		391	NULL	NULL	NULL
missed	635404	B>A	Naujoji Vilnia–Pavilnys–Stotis	398	NULL	NULL	NULL	NULL	NULL	NULL	NULL	31	Autobusai	31	04		439	NULL	NULL	NULL
missed	635404	A>B	Stotis–Pavilnys–Naujoji Vilnia	446	NULL	NULL	NULL	NULL	NULL	NULL	NULL	31	Autobusai	31	04		486	NULL	NULL	NULL
missed	635404	B>A	Naujoji Vilnia–Pavilnys–Stotis	507	NULL	NULL	NULL	NULL	NULL	NULL	NULL	31	Autobusai	31	04		548	NULL	NULL	NULL
missed	635404	A>B	Stotis–Pavilnys–Naujoji Vilnia	557	NULL	NULL	NULL	NULL	NULL	NULL	NULL	31	Autobusai	31	04		596	NULL	NULL	NULL
missed	635404	B>A	Naujoji Vilnia–Pavilnys–Stotis	971	NULL	NULL	NULL	NULL	NULL	NULL	NULL	31	Autobusai	31	04		1012	NULL	NULL	NULL
missed	635404	A>B	Stotis–Pavilnys–Naujoji Vilnia	1018	NULL	NULL	NULL	NULL	NULL	NULL	NULL	31	Autobusai	31	04		1060	NULL	NULL	NULL
missed	635404	B>A	Naujoji Vilnia–Pavilnys–Stotis	1065	NULL	NULL	NULL	NULL	NULL	NULL	NULL	31	Autobusai	31	04		1106	NULL	NULL	NULL
missed	635404	A>B	Stotis–Pavilnys–Naujoji Vilnia	1111	NULL	NULL	NULL	NULL	NULL	NULL	NULL	31	Autobusai	31	04		1151	NULL	NULL	NULL
missed	635405	B>A	Naujoji Vilnia–Pavilnys–Stotis	315	NULL	NULL	NULL	NULL	NULL	NULL	NULL	31	Autobusai	31	05		355	NULL	NULL	NULL
missed	635405	A>B	Stotis–Pavilnys–Naujoji Vilnia	371	NULL	NULL	NULL	NULL	NULL	NULL	NULL	31	Autobusai	31	05		410	NULL	NULL	NULL
missed	635405	B>A	Naujoji Vilnia–Pavilnys–Stotis	420	NULL	NULL	NULL	NULL	NULL	NULL	NULL	31	Autobusai	31	05		461	NULL	NULL	NULL
missed	635405	A>B	Stotis–Pavilnys–Naujoji Vilnia	469	NULL	NULL	NULL	NULL	NULL	NULL	NULL	31	Autobusai	31	05		509	NULL	NULL	NULL
missed	635405	B>A	Naujoji Vilnia–Pavilnys–Stotis	551	NULL	NULL	NULL	NULL	NULL	NULL	NULL	31	Autobusai	31	05		591	NULL	NULL	NULL
missed	635405	A>B	Stotis–Pavilnys–Naujoji Vilnia	597	NULL	NULL	NULL	NULL	NULL	NULL	NULL	31	Autobusai	31	05		636	NULL	NULL	NULL
missed	635405	B>A	Naujoji Vilnia–Pavilnys–Stotis	657	NULL	NULL	NULL	NULL	NULL	NULL	NULL	31	Autobusai	31	05		697	NULL	NULL	NULL
missed	635405	A>B	Stotis–Pavilnys–Naujoji Vilnia	701	NULL	NULL	NULL	NULL	NULL	NULL	NULL	31	Autobusai	31	05		740	NULL	NULL	NULL
missed	635405	B>A	Naujoji Vilnia–Pavilnys–Stotis	745	NULL	NULL	NULL	NULL	NULL	NULL	NULL	31	Autobusai	31	05		785	NULL	NULL	NULL
missed	635405	A>B	Stotis–Pavilnys–Naujoji Vilnia	790	NULL	NULL	NULL	NULL	NULL	NULL	NULL	31	Autobusai	31	05		829	NULL	NULL	NULL
missed	635405	B>A	Naujoji Vilnia–Pavilnys–Stotis	850	NULL	NULL	NULL	NULL	NULL	NULL	NULL	31	Autobusai	31	05		890	NULL	NULL	NULL
missed	635405	A>B	Stotis–Pavilnys–Naujoji Vilnia	897	NULL	NULL	NULL	NULL	NULL	NULL	NULL	31	Autobusai	31	05		936	NULL	NULL	NULL
missed	635405	B>A	Naujoji Vilnia–Pavilnys–Stotis	949	NULL	NULL	NULL	NULL	NULL	NULL	NULL	31	Autobusai	31	05		990	NULL	NULL	NULL
missed	635405	A>B	Stotis–Pavilnys–Naujoji Vilnia	996	NULL	NULL	NULL	NULL	NULL	NULL	NULL	31	Autobusai	31	05		1036	NULL	NULL	NULL
missed	635405	B>A	Naujoji Vilnia–Pavilnys–Stotis	1041	NULL	NULL	NULL	NULL	NULL	NULL	NULL	31	Autobusai	31	05		1082	NULL	NULL	NULL
missed	635405	A>B	Stotis–Pavilnys–Naujoji Vilnia	1088	NULL	NULL	NULL	NULL	NULL	NULL	NULL	31	Autobusai	31	05		1128	NULL	NULL	NULL
missed	635405	B>A	Naujoji Vilnia–Pavilnys–Stotis	1159	NULL	NULL	NULL	NULL	NULL	NULL	NULL	31	Autobusai	31	05		1200	NULL	NULL	NULL
missed	635405	A>B	Stotis–Pavilnys–Naujoji Vilnia	1211	NULL	NULL	NULL	NULL	NULL	NULL	NULL	31	Autobusai	31	05		1250	NULL	NULL	NULL
missed	635405	B>A	Naujoji Vilnia–Pavilnys–Stotis	1282	NULL	NULL	NULL	NULL	NULL	NULL	NULL	31	Autobusai	31	05		1322	NULL	NULL	NULL
missed	635405	A>B	Stotis–Pavilnys–Naujoji Vilnia	1328	NULL	NULL	NULL	NULL	NULL	NULL	NULL	31	Autobusai	31	05		1367	NULL	NULL	NULL
missed	663110	A>B	Žvėrynas–Zujūnai–Gineitiškės–Pašilaičiai	308	NULL	NULL	NULL	NULL	NULL	NULL	NULL	32	Autobusai	32	01		336	NULL	NULL	NULL
missed	663110	B>A	Pašilaičiai–Gineitiškės–Zujūnai–Žvėrynas	341	NULL	NULL	NULL	NULL	NULL	NULL	NULL	32	Autobusai	32	01		370	NULL	NULL	NULL
missed	663110	A>B	Žvėrynas–Zujūnai–Gineitiškės–Pašilaičiai	378	NULL	NULL	NULL	NULL	NULL	NULL	NULL	32	Autobusai	32	01		406	NULL	NULL	NULL
missed	663110	B>A	Pašilaičiai–Gineitiškės–Zujūnai–Žvėrynas	412	NULL	NULL	NULL	NULL	NULL	NULL	NULL	32	Autobusai	32	01		447	NULL	NULL	NULL
missed	663110	A>B	Žvėrynas–Zujūnai–Gineitiškės–Pašilaičiai	457	NULL	NULL	NULL	NULL	NULL	NULL	NULL	32	Autobusai	32	01		485	NULL	NULL	NULL
missed	663110	B>A	Pašilaičiai–Gineitiškės–Zujūnai–Žvėrynas	494	NULL	NULL	NULL	NULL	NULL	NULL	NULL	32	Autobusai	32	01		526	NULL	NULL	NULL
missed	663110	A>B	Žvėrynas–Zujūnai–Gineitiškės–Pašilaičiai	533	NULL	NULL	NULL	NULL	NULL	NULL	NULL	32	Autobusai	32	01		561	NULL	NULL	NULL
missed	663110	B>A	Pašilaičiai–Gineitiškės–Zujūnai–Žvėrynas	597	NULL	NULL	NULL	NULL	NULL	NULL	NULL	32	Autobusai	32	01		627	NULL	NULL	NULL
missed	663110	A>B	Žvėrynas–Zujūnai–Gineitiškės–Pašilaičiai	633	NULL	NULL	NULL	NULL	NULL	NULL	NULL	32	Autobusai	32	01		661	NULL	NULL	NULL
missed	663110	B>A	Pašilaičiai–Gineitiškės–Zujūnai–Žvėrynas	668	NULL	NULL	NULL	NULL	NULL	NULL	NULL	32	Autobusai	32	01		698	NULL	NULL	NULL
missed	663110	A>B	Žvėrynas–Zujūnai–Gineitiškės–Pašilaičiai	704	NULL	NULL	NULL	NULL	NULL	NULL	NULL	32	Autobusai	32	01		732	NULL	NULL	NULL
missed	663110	B>A	Pašilaičiai–Gineitiškės–Zujūnai–Žvėrynas	738	NULL	NULL	NULL	NULL	NULL	NULL	NULL	32	Autobusai	32	01		768	NULL	NULL	NULL
missed	663110	A>B	Žvėrynas–Zujūnai–Gineitiškės–Pašilaičiai	776	NULL	NULL	NULL	NULL	NULL	NULL	NULL	32	Autobusai	32	01		804	NULL	NULL	NULL
missed	663110	B>A	Pašilaičiai–Gineitiškės–Zujūnai–Žvėrynas	810	NULL	NULL	NULL	NULL	NULL	NULL	NULL	32	Autobusai	32	01		840	NULL	NULL	NULL
missed	663110	A>B	Žvėrynas–Zujūnai–Gineitiškės–Pašilaičiai	850	NULL	NULL	NULL	NULL	NULL	NULL	NULL	32	Autobusai	32	01		878	NULL	NULL	NULL
missed	663110	B>A	Pašilaičiai–Gineitiškės–Zujūnai–Žvėrynas	885	NULL	NULL	NULL	NULL	NULL	NULL	NULL	32	Autobusai	32	01		915	NULL	NULL	NULL
missed	663110	A>B	Žvėrynas–Zujūnai–Gineitiškės–Pašilaičiai	920	NULL	NULL	NULL	NULL	NULL	NULL	NULL	32	Autobusai	32	01		948	NULL	NULL	NULL
missed	663110	B>A	Pašilaičiai–Gineitiškės–Zujūnai–Žvėrynas	953	NULL	NULL	NULL	NULL	NULL	NULL	NULL	32	Autobusai	32	01		984	NULL	NULL	NULL
missed	663110	A>B	Žvėrynas–Zujūnai–Gineitiškės–Pašilaičiai	990	NULL	NULL	NULL	NULL	NULL	NULL	NULL	32	Autobusai	32	01		1018	NULL	NULL	NULL
missed	663110	B>A	Pašilaičiai–Gineitiškės–Zujūnai–Žvėrynas	1024	NULL	NULL	NULL	NULL	NULL	NULL	NULL	32	Autobusai	32	01		1055	NULL	NULL	NULL
missed	663110	A>B	Žvėrynas–Zujūnai–Gineitiškės–Pašilaičiai	1061	NULL	NULL	NULL	NULL	NULL	NULL	NULL	32	Autobusai	32	01		1089	NULL	NULL	NULL
missed	663110	B>A	Pašilaičiai–Gineitiškės–Zujūnai–Žvėrynas	1127	NULL	NULL	NULL	NULL	NULL	NULL	NULL	32	Autobusai	32	01		1156	NULL	NULL	NULL
missed	663110	A>B	Žvėrynas–Zujūnai–Gineitiškės–Pašilaičiai	1162	NULL	NULL	NULL	NULL	NULL	NULL	NULL	32	Autobusai	32	01		1188	NULL	NULL	NULL
missed	663110	B>A	Pašilaičiai–Gineitiškės–Zujūnai–Žvėrynas	1203	NULL	NULL	NULL	NULL	NULL	NULL	NULL	32	Autobusai	32	01		1232	NULL	NULL	NULL
missed	663110	A>B	Žvėrynas–Zujūnai–Gineitiškės–Pašilaičiai	1243	NULL	NULL	NULL	NULL	NULL	NULL	NULL	32	Autobusai	32	01		1269	NULL	NULL	NULL
missed	663110	B>A	Pašilaičiai–Gineitiškės–Zujūnai–Žvėrynas	1274	NULL	NULL	NULL	NULL	NULL	NULL	NULL	32	Autobusai	32	01		1303	NULL	NULL	NULL
missed	663110	A>B	Žvėrynas–Zujūnai–Gineitiškės–Pašilaičiai	1311	NULL	NULL	NULL	NULL	NULL	NULL	NULL	32	Autobusai	32	01		1337	NULL	NULL	NULL
missed	663110	B>A	Pašilaičiai–Gineitiškės–Zujūnai–Žvėrynas	1345	NULL	NULL	NULL	NULL	NULL	NULL	NULL	32	Autobusai	32	01		1374	NULL	NULL	NULL
missed	663110	A>B	Žvėrynas–Zujūnai–Gineitiškės–Pašilaičiai	1380	NULL	NULL	NULL	NULL	NULL	NULL	NULL	32	Autobusai	32	01		1406	NULL	NULL	NULL
missed	663109	A>B	Žvėrynas–Zujūnai–Gineitiškės–Pašilaičiai	340	NULL	NULL	NULL	NULL	NULL	NULL	NULL	32	Autobusai	32	02		368	NULL	NULL	NULL
missed	663109	B>A	Pašilaičiai–Gineitiškės–Zujūnai–Žvėrynas	380	NULL	NULL	NULL	NULL	NULL	NULL	NULL	32	Autobusai	32	02		409	NULL	NULL	NULL
missed	663109	A>B	Žvėrynas–Zujūnai–Gineitiškės–Pašilaičiai	418	NULL	NULL	NULL	NULL	NULL	NULL	NULL	32	Autobusai	32	02		446	NULL	NULL	NULL
missed	663109	B>A	Pašilaičiai–Gineitiškės–Zujūnai–Žvėrynas	455	NULL	NULL	NULL	NULL	NULL	NULL	NULL	32	Autobusai	32	02		490	NULL	NULL	NULL
missed	663109	A>B	Žvėrynas–Zujūnai–Gineitiškės–Pašilaičiai	501	NULL	NULL	NULL	NULL	NULL	NULL	NULL	32	Autobusai	32	02		529	NULL	NULL	NULL
missed	663109	B>A	Pašilaičiai–Gineitiškės–Zujūnai–Žvėrynas	541	NULL	NULL	NULL	NULL	NULL	NULL	NULL	32	Autobusai	32	02		571	NULL	NULL	NULL
missed	663109	A>B	Žvėrynas–Zujūnai–Gineitiškės–Pašilaičiai	576	NULL	NULL	NULL	NULL	NULL	NULL	NULL	32	Autobusai	32	02		604	NULL	NULL	NULL
missed	663109	B>A	Pašilaičiai–Gineitiškės–Zujūnai–Žvėrynas	636	NULL	NULL	NULL	NULL	NULL	NULL	NULL	32	Autobusai	32	02		666	NULL	NULL	NULL
missed	663109	A>B	Žvėrynas–Zujūnai–Gineitiškės–Pašilaičiai	671	NULL	NULL	NULL	NULL	NULL	NULL	NULL	32	Autobusai	32	02		699	NULL	NULL	NULL
missed	663109	B>A	Pašilaičiai–Gineitiškės–Zujūnai–Žvėrynas	704	NULL	NULL	NULL	NULL	NULL	NULL	NULL	32	Autobusai	32	02		734	NULL	NULL	NULL
missed	663109	A>B	Žvėrynas–Zujūnai–Gineitiškės–Pašilaičiai	740	NULL	NULL	NULL	NULL	NULL	NULL	NULL	32	Autobusai	32	02		768	NULL	NULL	NULL
missed	663109	B>A	Pašilaičiai–Gineitiškės–Zujūnai–Žvėrynas	773	NULL	NULL	NULL	NULL	NULL	NULL	NULL	32	Autobusai	32	02		803	NULL	NULL	NULL
missed	663109	A>B	Žvėrynas–Zujūnai–Gineitiškės–Pašilaičiai	811	NULL	NULL	NULL	NULL	NULL	NULL	NULL	32	Autobusai	32	02		839	NULL	NULL	NULL
missed	663109	B>A	Pašilaičiai–Gineitiškės–Zujūnai–Žvėrynas	849	NULL	NULL	NULL	NULL	NULL	NULL	NULL	32	Autobusai	32	02		879	NULL	NULL	NULL
missed	663109	A>B	Žvėrynas–Zujūnai–Gineitiškės–Pašilaičiai	894	NULL	NULL	NULL	NULL	NULL	NULL	NULL	32	Autobusai	32	02		922	NULL	NULL	NULL
missed	663109	B>A	Pašilaičiai–Gineitiškės–Zujūnai–Žvėrynas	932	NULL	NULL	NULL	NULL	NULL	NULL	NULL	32	Autobusai	32	02		963	NULL	NULL	NULL
missed	663109	A>B	Žvėrynas–Zujūnai–Gineitiškės–Pašilaičiai	970	NULL	NULL	NULL	NULL	NULL	NULL	NULL	32	Autobusai	32	02		998	NULL	NULL	NULL
missed	663109	B>A	Pašilaičiai–Gineitiškės–Zujūnai–Žvėrynas	1005	NULL	NULL	NULL	NULL	NULL	NULL	NULL	32	Autobusai	32	02		1036	NULL	NULL	NULL
missed	663109	A>B	Žvėrynas–Zujūnai–Gineitiškės–Pašilaičiai	1043	NULL	NULL	NULL	NULL	NULL	NULL	NULL	32	Autobusai	32	02		1071	NULL	NULL	NULL
missed	663109	B>A	Pašilaičiai–Gineitiškės–Zujūnai–Žvėrynas	1079	NULL	NULL	NULL	NULL	NULL	NULL	NULL	32	Autobusai	32	02		1110	NULL	NULL	NULL
missed	663109	A>B	Žvėrynas–Zujūnai–Gineitiškės–Pašilaičiai	1141	NULL	NULL	NULL	NULL	NULL	NULL	NULL	32	Autobusai	32	02		1167	NULL	NULL	NULL
missed	663109	B>A	Pašilaičiai–Gineitiškės–Zujūnai–Žvėrynas	1173	NULL	NULL	NULL	NULL	NULL	NULL	NULL	32	Autobusai	32	02		1202	NULL	NULL	NULL
missed	663109	A>B	Žvėrynas–Zujūnai–Gineitiškės–Pašilaičiai	1210	NULL	NULL	NULL	NULL	NULL	NULL	NULL	32	Autobusai	32	02		1236	NULL	NULL	NULL
missed	663109	B>A	Pašilaičiai–Gineitiškės–Zujūnai–Žvėrynas	1241	NULL	NULL	NULL	NULL	NULL	NULL	NULL	32	Autobusai	32	02		1270	NULL	NULL	NULL
missed	663109	A>B	Žvėrynas–Zujūnai–Gineitiškės–Pašilaičiai	1276	NULL	NULL	NULL	NULL	NULL	NULL	NULL	32	Autobusai	32	02		1302	NULL	NULL	NULL
missed	663109	B>A	Pašilaičiai–Gineitiškės–Zujūnai–Žvėrynas	1308	NULL	NULL	NULL	NULL	NULL	NULL	NULL	32	Autobusai	32	02		1337	NULL	NULL	NULL
missed	663109	A>B	Žvėrynas–Zujūnai–Gineitiškės–Pašilaičiai	1345	NULL	NULL	NULL	NULL	NULL	NULL	NULL	32	Autobusai	32	02		1371	NULL	NULL	NULL
missed	663111	B>A	Pašilaičiai–Gineitiškės–Zujūnai–Žvėrynas	359	NULL	NULL	NULL	NULL	NULL	NULL	NULL	32	Autobusai	32	03		388	NULL	NULL	NULL
missed	663111	A>B	Žvėrynas–Zujūnai–Gineitiškės–Pašilaičiai	393	NULL	NULL	NULL	NULL	NULL	NULL	NULL	32	Autobusai	32	03		421	NULL	NULL	NULL
missed	663111	B>A	Pašilaičiai–Gineitiškės–Zujūnai–Žvėrynas	430	NULL	NULL	NULL	NULL	NULL	NULL	NULL	32	Autobusai	32	03		465	NULL	NULL	NULL
missed	663111	A>B	Žvėrynas–Zujūnai–Gineitiškės–Pašilaičiai	479	NULL	NULL	NULL	NULL	NULL	NULL	NULL	32	Autobusai	32	03		507	NULL	NULL	NULL
missed	663111	B>A	Pašilaičiai–Gineitiškės–Zujūnai–Žvėrynas	517	NULL	NULL	NULL	NULL	NULL	NULL	NULL	32	Autobusai	32	03		547	NULL	NULL	NULL
missed	663111	A>B	Žvėrynas–Zujūnai–Gineitiškės–Pašilaičiai	552	NULL	NULL	NULL	NULL	NULL	NULL	NULL	32	Autobusai	32	03		580	NULL	NULL	NULL
missed	663111	B>A	Pašilaičiai–Gineitiškės–Zujūnai–Žvėrynas	585	NULL	NULL	NULL	NULL	NULL	NULL	NULL	32	Autobusai	32	03		615	NULL	NULL	NULL
missed	663111	A>B	Žvėrynas–Zujūnai–Gineitiškės–Pašilaičiai	875	NULL	NULL	NULL	NULL	NULL	NULL	NULL	32	Autobusai	32	03		903	NULL	NULL	NULL
missed	663111	B>A	Pašilaičiai–Gineitiškės–Zujūnai–Žvėrynas	909	NULL	NULL	NULL	NULL	NULL	NULL	NULL	32	Autobusai	32	03		940	NULL	NULL	NULL
missed	663111	A>B	Žvėrynas–Zujūnai–Gineitiškės–Pašilaičiai	946	NULL	NULL	NULL	NULL	NULL	NULL	NULL	32	Autobusai	32	03		974	NULL	NULL	NULL
missed	663111	B>A	Pašilaičiai–Gineitiškės–Zujūnai–Žvėrynas	982	NULL	NULL	NULL	NULL	NULL	NULL	NULL	32	Autobusai	32	03		1013	NULL	NULL	NULL
missed	663111	A>B	Žvėrynas–Zujūnai–Gineitiškės–Pašilaičiai	1022	NULL	NULL	NULL	NULL	NULL	NULL	NULL	32	Autobusai	32	03		1050	NULL	NULL	NULL
missed	663111	B>A	Pašilaičiai–Gineitiškės–Zujūnai–Žvėrynas	1057	NULL	NULL	NULL	NULL	NULL	NULL	NULL	32	Autobusai	32	03		1088	NULL	NULL	NULL
missed	663111	A>B	Žvėrynas–Zujūnai–Gineitiškės–Pašilaičiai	1101	NULL	NULL	NULL	NULL	NULL	NULL	NULL	32	Autobusai	32	03		1129	NULL	NULL	NULL
missed	663228	A>B	Šiaurės miestelis–Rinktinės–Sukilėlių g.–Guriai	299	NULL	NULL	NULL	NULL	NULL	NULL	NULL	33	Autobusai	33	01-Ž		336	NULL	NULL	NULL
missed	663228	B>A	Guriai–Sukilėlių–Rinktinės g.–Šiaurės miestelis	344	NULL	NULL	NULL	NULL	NULL	NULL	NULL	33	Autobusai	33	01-Ž		379	NULL	NULL	NULL
missed	663228	A>B	Šiaurės miestelis–Rinktinės–Sukilėlių g.–Guriai	384	NULL	NULL	NULL	NULL	NULL	NULL	NULL	33	Autobusai	33	01-Ž		421	NULL	NULL	NULL
missed	663228	B>A	Guriai–Sukilėlių–Rinktinės g.–Šiaurės miestelis	431	NULL	NULL	NULL	NULL	NULL	NULL	NULL	33	Autobusai	33	01-Ž		466	NULL	NULL	NULL
missed	663228	A>B	Šiaurės miestelis–Rinktinės–Sukilėlių g.–Guriai	480	NULL	NULL	NULL	NULL	NULL	NULL	NULL	33	Autobusai	33	01-Ž		517	NULL	NULL	NULL
missed	663228	B>A	Guriai–Sukilėlių–Rinktinės g.–Šiaurės miestelis	528	NULL	NULL	NULL	NULL	NULL	NULL	NULL	33	Autobusai	33	01-Ž		563	NULL	NULL	NULL
missed	663228	A>B	Šiaurės miestelis–Rinktinės–Sukilėlių g.–Guriai	598	NULL	NULL	NULL	NULL	NULL	NULL	NULL	33	Autobusai	33	01-Ž		635	NULL	NULL	NULL
missed	663228	B>A	Guriai–Sukilėlių–Rinktinės g.–Šiaurės miestelis	641	NULL	NULL	NULL	NULL	NULL	NULL	NULL	33	Autobusai	33	01-Ž		676	NULL	NULL	NULL
missed	663228	A>B	Šiaurės miestelis–Rinktinės–Sukilėlių g.–Guriai	682	NULL	NULL	NULL	NULL	NULL	NULL	NULL	33	Autobusai	33	01-Ž		719	NULL	NULL	NULL
missed	663228	B>A	Guriai–Sukilėlių–Rinktinės g.–Šiaurės miestelis	726	NULL	NULL	NULL	NULL	NULL	NULL	NULL	33	Autobusai	33	01-Ž		761	NULL	NULL	NULL
missed	663228	A>B	Šiaurės miestelis–Rinktinės–Sukilėlių g.–Guriai	766	NULL	NULL	NULL	NULL	NULL	NULL	NULL	33	Autobusai	33	01-Ž		803	NULL	NULL	NULL
missed	663228	B>A	Guriai–Sukilėlių–Rinktinės g.–Šiaurės miestelis	808	NULL	NULL	NULL	NULL	NULL	NULL	NULL	33	Autobusai	33	01-Ž		843	NULL	NULL	NULL
missed	663228	A>B	Šiaurės miestelis–Rinktinės–Sukilėlių g.–Guriai	853	NULL	NULL	NULL	NULL	NULL	NULL	NULL	33	Autobusai	33	01-Ž		890	NULL	NULL	NULL
missed	663228	B>A	Guriai–Sukilėlių–Rinktinės g.–Šiaurės miestelis	895	NULL	NULL	NULL	NULL	NULL	NULL	NULL	33	Autobusai	33	01-Ž		930	NULL	NULL	NULL
missed	663228	A>B	Šiaurės miestelis–Rinktinės–Sukilėlių g.–Guriai	938	NULL	NULL	NULL	NULL	NULL	NULL	NULL	33	Autobusai	33	01-Ž		975	NULL	NULL	NULL
missed	663228	B>A	Guriai–Sukilėlių–Rinktinės g.–Šiaurės miestelis	985	NULL	NULL	NULL	NULL	NULL	NULL	NULL	33	Autobusai	33	01-Ž		1022	NULL	NULL	NULL
missed	663228	A>B	Šiaurės miestelis–Rinktinės–Sukilėlių g.–Guriai	1032	NULL	NULL	NULL	NULL	NULL	NULL	NULL	33	Autobusai	33	01-Ž		1069	NULL	NULL	NULL
missed	663228	B>A	Guriai–Sukilėlių–Rinktinės g.–Šiaurės miestelis	1076	NULL	NULL	NULL	NULL	NULL	NULL	NULL	33	Autobusai	33	01-Ž		1113	NULL	NULL	NULL
missed	663228	A>B	Šiaurės miestelis–Rinktinės–Sukilėlių g.–Guriai	1143	NULL	NULL	NULL	NULL	NULL	NULL	NULL	33	Autobusai	33	01-Ž		1180	NULL	NULL	NULL
missed	663228	B>A	Guriai–Sukilėlių–Rinktinės g.–Šiaurės miestelis	1188	NULL	NULL	NULL	NULL	NULL	NULL	NULL	33	Autobusai	33	01-Ž		1223	NULL	NULL	NULL
missed	663228	A>B	Šiaurės miestelis–Rinktinės–Sukilėlių g.–Guriai	1233	NULL	NULL	NULL	NULL	NULL	NULL	NULL	33	Autobusai	33	01-Ž		1270	NULL	NULL	NULL
missed	663228	B>A	Guriai–Sukilėlių–Rinktinės g.–Šiaurės miestelis	1275	NULL	NULL	NULL	NULL	NULL	NULL	NULL	33	Autobusai	33	01-Ž		1310	NULL	NULL	NULL
missed	663228	A>B	Šiaurės miestelis–Rinktinės–Sukilėlių g.–Guriai	1322	NULL	NULL	NULL	NULL	NULL	NULL	NULL	33	Autobusai	33	01-Ž		1359	NULL	NULL	NULL
missed	663228	B>A	Guriai–Sukilėlių–Rinktinės g.–Šiaurės miestelis	1366	NULL	NULL	NULL	NULL	NULL	NULL	NULL	33	Autobusai	33	01-Ž		1401	NULL	NULL	NULL
missed	663230	A>B	Šiaurės miestelis–Rinktinės–Sukilėlių g.–Guriai	329	NULL	NULL	NULL	NULL	NULL	NULL	NULL	33	Autobusai	33	02		366	NULL	NULL	NULL
missed	663230	B>A	Guriai–Sukilėlių–Rinktinės g.–Šiaurės miestelis	373	NULL	NULL	NULL	NULL	NULL	NULL	NULL	33	Autobusai	33	02		408	NULL	NULL	NULL
missed	663230	A>B	Šiaurės miestelis–Rinktinės–Sukilėlių g.–Guriai	418	NULL	NULL	NULL	NULL	NULL	NULL	NULL	33	Autobusai	33	02		455	NULL	NULL	NULL
missed	663230	B>A	Guriai–Sukilėlių–Rinktinės g.–Šiaurės miestelis	465	NULL	NULL	NULL	NULL	NULL	NULL	NULL	33	Autobusai	33	02		500	NULL	NULL	NULL
missed	663230	A>B	Šiaurės miestelis–Rinktinės–Sukilėlių g.–Guriai	511	NULL	NULL	NULL	NULL	NULL	NULL	NULL	33	Autobusai	33	02		548	NULL	NULL	NULL
missed	663230	B>A	Guriai–Sukilėlių–Rinktinės g.–Šiaurės miestelis	561	NULL	NULL	NULL	NULL	NULL	NULL	NULL	33	Autobusai	33	02		596	NULL	NULL	NULL
missed	663230	A>B	Šiaurės miestelis–Rinktinės–Sukilėlių g.–Guriai	1004	NULL	NULL	NULL	NULL	NULL	NULL	NULL	33	Autobusai	33	02		1041	NULL	NULL	NULL
missed	663230	B>A	Guriai–Sukilėlių–Rinktinės g.–Šiaurės miestelis	1051	NULL	NULL	NULL	NULL	NULL	NULL	NULL	33	Autobusai	33	02		1088	NULL	NULL	NULL
missed	663230	A>B	Šiaurės miestelis–Rinktinės–Sukilėlių g.–Guriai	1098	NULL	NULL	NULL	NULL	NULL	NULL	NULL	33	Autobusai	33	02		1135	NULL	NULL	NULL
missed	663230	B>A	Guriai–Sukilėlių–Rinktinės g.–Šiaurės miestelis	1145	NULL	NULL	NULL	NULL	NULL	NULL	NULL	33	Autobusai	33	02		1180	NULL	NULL	NULL
missed	663229	B>A	Guriai–Sukilėlių–Rinktinės g.–Šiaurės miestelis	314	NULL	NULL	NULL	NULL	NULL	NULL	NULL	33	Autobusai	33	03		349	NULL	NULL	NULL
missed	663229	A>B	Šiaurės miestelis–Rinktinės–Sukilėlių g.–Guriai	354	NULL	NULL	NULL	NULL	NULL	NULL	NULL	33	Autobusai	33	03		391	NULL	NULL	NULL
missed	663229	B>A	Guriai–Sukilėlių–Rinktinės g.–Šiaurės miestelis	398	NULL	NULL	NULL	NULL	NULL	NULL	NULL	33	Autobusai	33	03		433	NULL	NULL	NULL
missed	663229	A>B	Šiaurės miestelis–Rinktinės–Sukilėlių g.–Guriai	441	NULL	NULL	NULL	NULL	NULL	NULL	NULL	33	Autobusai	33	03		478	NULL	NULL	NULL
missed	663229	B>A	Guriai–Sukilėlių–Rinktinės g.–Šiaurės miestelis	490	NULL	NULL	NULL	NULL	NULL	NULL	NULL	33	Autobusai	33	03		525	NULL	NULL	NULL
missed	663229	A>B	Šiaurės miestelis–Rinktinės–Sukilėlių g.–Guriai	555	NULL	NULL	NULL	NULL	NULL	NULL	NULL	33	Autobusai	33	03		592	NULL	NULL	NULL
missed	663229	B>A	Guriai–Sukilėlių–Rinktinės g.–Šiaurės miestelis	599	NULL	NULL	NULL	NULL	NULL	NULL	NULL	33	Autobusai	33	03		634	NULL	NULL	NULL
missed	663229	A>B	Šiaurės miestelis–Rinktinės–Sukilėlių g.–Guriai	639	NULL	NULL	NULL	NULL	NULL	NULL	NULL	33	Autobusai	33	03		676	NULL	NULL	NULL
missed	663229	B>A	Guriai–Sukilėlių–Rinktinės g.–Šiaurės miestelis	682	NULL	NULL	NULL	NULL	NULL	NULL	NULL	33	Autobusai	33	03		717	NULL	NULL	NULL
missed	663229	A>B	Šiaurės miestelis–Rinktinės–Sukilėlių g.–Guriai	722	NULL	NULL	NULL	NULL	NULL	NULL	NULL	33	Autobusai	33	03		759	NULL	NULL	NULL
missed	663229	B>A	Guriai–Sukilėlių–Rinktinės g.–Šiaurės miestelis	764	NULL	NULL	NULL	NULL	NULL	NULL	NULL	33	Autobusai	33	03		799	NULL	NULL	NULL
missed	663229	A>B	Šiaurės miestelis–Rinktinės–Sukilėlių g.–Guriai	806	NULL	NULL	NULL	NULL	NULL	NULL	NULL	33	Autobusai	33	03		843	NULL	NULL	NULL
missed	663229	B>A	Guriai–Sukilėlių–Rinktinės g.–Šiaurės miestelis	853	NULL	NULL	NULL	NULL	NULL	NULL	NULL	33	Autobusai	33	03		888	NULL	NULL	NULL
missed	663229	A>B	Šiaurės miestelis–Rinktinės–Sukilėlių g.–Guriai	893	NULL	NULL	NULL	NULL	NULL	NULL	NULL	33	Autobusai	33	03		930	NULL	NULL	NULL
missed	663229	B>A	Guriai–Sukilėlių–Rinktinės g.–Šiaurės miestelis	935	NULL	NULL	NULL	NULL	NULL	NULL	NULL	33	Autobusai	33	03		970	NULL	NULL	NULL
missed	663229	A>B	Šiaurės miestelis–Rinktinės–Sukilėlių g.–Guriai	976	NULL	NULL	NULL	NULL	NULL	NULL	NULL	33	Autobusai	33	03		1013	NULL	NULL	NULL
missed	663229	B>A	Guriai–Sukilėlių–Rinktinės g.–Šiaurės miestelis	1020	NULL	NULL	NULL	NULL	NULL	NULL	NULL	33	Autobusai	33	03		1057	NULL	NULL	NULL
missed	663229	A>B	Šiaurės miestelis–Rinktinės–Sukilėlių g.–Guriai	1065	NULL	NULL	NULL	NULL	NULL	NULL	NULL	33	Autobusai	33	03		1102	NULL	NULL	NULL
missed	663229	B>A	Guriai–Sukilėlių–Rinktinės g.–Šiaurės miestelis	1112	NULL	NULL	NULL	NULL	NULL	NULL	NULL	33	Autobusai	33	03		1147	NULL	NULL	NULL
missed	663229	A>B	Šiaurės miestelis–Rinktinės–Sukilėlių g.–Guriai	1181	NULL	NULL	NULL	NULL	NULL	NULL	NULL	33	Autobusai	33	03		1218	NULL	NULL	NULL
missed	663229	B>A	Guriai–Sukilėlių–Rinktinės g.–Šiaurės miestelis	1223	NULL	NULL	NULL	NULL	NULL	NULL	NULL	33	Autobusai	33	03		1258	NULL	NULL	NULL
missed	663229	A>B	Šiaurės miestelis–Rinktinės–Sukilėlių g.–Guriai	1288	NULL	NULL	NULL	NULL	NULL	NULL	NULL	33	Autobusai	33	03		1325	NULL	NULL	NULL
missed	663229	B>A	Guriai–Sukilėlių–Rinktinės g.–Šiaurės miestelis	1330	NULL	NULL	NULL	NULL	NULL	NULL	NULL	33	Autobusai	33	03		1365	NULL	NULL	NULL
missed	663229	A>B	Šiaurės miestelis–Rinktinės–Sukilėlių g.–Guriai	1370	NULL	NULL	NULL	NULL	NULL	NULL	NULL	33	Autobusai	33	03		1407	NULL	NULL	NULL
missed	663236	A>B	Stotis–Olandų g.–Baltupiai–Jeruzalės g.–Visoriai	306	NULL	NULL	NULL	NULL	NULL	NULL	NULL	34	Autobusai	34	01-Ž		357	NULL	NULL	NULL
missed	663236	B>A	Visoriai–Jeruzalės g –Baltupiai–Olandų g.–Stotis	363	NULL	NULL	NULL	NULL	NULL	NULL	NULL	34	Autobusai	34	01-Ž		411	NULL	NULL	NULL
missed	663236	A>B	Stotis–Olandų g.–Baltupiai–Jeruzalės g.–Visoriai	420	NULL	NULL	NULL	NULL	NULL	NULL	NULL	34	Autobusai	34	01-Ž		473	NULL	NULL	NULL
missed	663236	B>A	Visoriai–Jeruzalės g –Baltupiai–Olandų g.–Stotis	480	NULL	NULL	NULL	NULL	NULL	NULL	NULL	34	Autobusai	34	01-Ž		531	NULL	NULL	NULL
missed	663236	A>B	Stotis–Olandų g.–Baltupiai–Jeruzalės g.–Visoriai	538	NULL	NULL	NULL	NULL	NULL	NULL	NULL	34	Autobusai	34	01-Ž		589	NULL	NULL	NULL
missed	663236	B>A	Visoriai–Jeruzalės g –Baltupiai–Olandų g.–Stotis	594	NULL	NULL	NULL	NULL	NULL	NULL	NULL	34	Autobusai	34	01-Ž		642	NULL	NULL	NULL
missed	663236	B>A	Visoriai–Jeruzalės g –Baltupiai–Olandų g.–Stotis	740	NULL	NULL	NULL	NULL	NULL	NULL	NULL	34	Autobusai	34	01-Ž		788	NULL	NULL	NULL
missed	663236	A>B	Stotis–Olandų g.–Baltupiai–Jeruzalės g.–Visoriai	794	NULL	NULL	NULL	NULL	NULL	NULL	NULL	34	Autobusai	34	01-Ž		845	NULL	NULL	NULL
missed	663236	B>A	Visoriai–Jeruzalės g –Baltupiai–Olandų g.–Stotis	854	NULL	NULL	NULL	NULL	NULL	NULL	NULL	34	Autobusai	34	01-Ž		902	NULL	NULL	NULL
missed	663236	A>B	Stotis–Olandų g.–Baltupiai–Jeruzalės g.–Visoriai	912	NULL	NULL	NULL	NULL	NULL	NULL	NULL	34	Autobusai	34	01-Ž		963	NULL	NULL	NULL
missed	663236	B>A	Visoriai–Jeruzalės g –Baltupiai–Olandų g.–Stotis	971	NULL	NULL	NULL	NULL	NULL	NULL	NULL	34	Autobusai	34	01-Ž		1022	NULL	NULL	NULL
missed	663236	A>B	Stotis–Olandų g.–Baltupiai–Jeruzalės g.–Visoriai	1030	NULL	NULL	NULL	NULL	NULL	NULL	NULL	34	Autobusai	34	01-Ž		1086	NULL	NULL	NULL
missed	663236	B>A	Visoriai–Jeruzalės g –Baltupiai–Olandų g.–Stotis	1092	NULL	NULL	NULL	NULL	NULL	NULL	NULL	34	Autobusai	34	01-Ž		1142	NULL	NULL	NULL
missed	663236	B>A	Visoriai–Jeruzalės g –Baltupiai–Olandų g.–Stotis	1232	NULL	NULL	NULL	NULL	NULL	NULL	NULL	34	Autobusai	34	01-Ž		1279	NULL	NULL	NULL
missed	663236	A>B	Stotis–Olandų g.–Baltupiai–Jeruzalės g.–Visoriai	1284	NULL	NULL	NULL	NULL	NULL	NULL	NULL	34	Autobusai	34	01-Ž		1334	NULL	NULL	NULL
missed	663236	B>A	Visoriai–Jeruzalės g –Baltupiai–Olandų g.–Stotis	1339	NULL	NULL	NULL	NULL	NULL	NULL	NULL	34	Autobusai	34	01-Ž		1385	NULL	NULL	NULL
missed	663239	A>B	Stotis–Olandų g.–Baltupiai–Jeruzalės g.–Visoriai	398	NULL	NULL	NULL	NULL	NULL	NULL	NULL	34	Autobusai	34	02		450	NULL	NULL	NULL
missed	663239	B>A	Visoriai–Jeruzalės g –Baltupiai–Olandų g.–Stotis	458	NULL	NULL	NULL	NULL	NULL	NULL	NULL	34	Autobusai	34	02		510	NULL	NULL	NULL
missed	663239	A>B	Stotis–Olandų g.–Baltupiai–Jeruzalės g.–Visoriai	519	NULL	NULL	NULL	NULL	NULL	NULL	NULL	34	Autobusai	34	02		570	NULL	NULL	NULL
missed	663239	B>A	Visoriai–Jeruzalės g –Baltupiai–Olandų g.–Stotis	575	NULL	NULL	NULL	NULL	NULL	NULL	NULL	34	Autobusai	34	02		623	NULL	NULL	NULL
missed	663239	B>A	Visoriai–Jeruzalės g –Baltupiai–Olandų g.–Stotis	948	NULL	NULL	NULL	NULL	NULL	NULL	NULL	34	Autobusai	34	02		998	NULL	NULL	NULL
missed	663239	A>B	Stotis–Olandų g.–Baltupiai–Jeruzalės g.–Visoriai	1007	NULL	NULL	NULL	NULL	NULL	NULL	NULL	34	Autobusai	34	02		1061	NULL	NULL	NULL
missed	663239	B>A	Visoriai–Jeruzalės g –Baltupiai–Olandų g.–Stotis	1066	NULL	NULL	NULL	NULL	NULL	NULL	NULL	34	Autobusai	34	02		1117	NULL	NULL	NULL
missed	663237	B>A	Visoriai–Jeruzalės g –Baltupiai–Olandų g.–Stotis	301	NULL	NULL	NULL	NULL	NULL	NULL	NULL	34	Autobusai	34	03		345	NULL	NULL	NULL
missed	663237	A>B	Stotis–Olandų g.–Baltupiai–Jeruzalės g.–Visoriai	355	NULL	NULL	NULL	NULL	NULL	NULL	NULL	34	Autobusai	34	03		407	NULL	NULL	NULL
missed	663237	B>A	Visoriai–Jeruzalės g –Baltupiai–Olandų g.–Stotis	412	NULL	NULL	NULL	NULL	NULL	NULL	NULL	34	Autobusai	34	03		464	NULL	NULL	NULL
missed	663237	A>B	Stotis–Olandų g.–Baltupiai–Jeruzalės g.–Visoriai	470	NULL	NULL	NULL	NULL	NULL	NULL	NULL	34	Autobusai	34	03		524	NULL	NULL	NULL
missed	663237	B>A	Visoriai–Jeruzalės g –Baltupiai–Olandų g.–Stotis	529	NULL	NULL	NULL	NULL	NULL	NULL	NULL	34	Autobusai	34	03		578	NULL	NULL	NULL
missed	663237	B>A	Visoriai–Jeruzalės g –Baltupiai–Olandų g.–Stotis	666	NULL	NULL	NULL	NULL	NULL	NULL	NULL	34	Autobusai	34	03		714	NULL	NULL	NULL
missed	663237	A>B	Stotis–Olandų g.–Baltupiai–Jeruzalės g.–Visoriai	719	NULL	NULL	NULL	NULL	NULL	NULL	NULL	34	Autobusai	34	03		770	NULL	NULL	NULL
missed	663237	B>A	Visoriai–Jeruzalės g –Baltupiai–Olandų g.–Stotis	776	NULL	NULL	NULL	NULL	NULL	NULL	NULL	34	Autobusai	34	03		824	NULL	NULL	NULL
missed	663237	A>B	Stotis–Olandų g.–Baltupiai–Jeruzalės g.–Visoriai	834	NULL	NULL	NULL	NULL	NULL	NULL	NULL	34	Autobusai	34	03		885	NULL	NULL	NULL
missed	663237	B>A	Visoriai–Jeruzalės g –Baltupiai–Olandų g.–Stotis	892	NULL	NULL	NULL	NULL	NULL	NULL	NULL	34	Autobusai	34	03		941	NULL	NULL	NULL
missed	663237	A>B	Stotis–Olandų g.–Baltupiai–Jeruzalės g.–Visoriai	959	NULL	NULL	NULL	NULL	NULL	NULL	NULL	34	Autobusai	34	03		1012	NULL	NULL	NULL
missed	663237	B>A	Visoriai–Jeruzalės g –Baltupiai–Olandų g.–Stotis	1017	NULL	NULL	NULL	NULL	NULL	NULL	NULL	34	Autobusai	34	03		1068	NULL	NULL	NULL
missed	663237	B>A	Visoriai–Jeruzalės g –Baltupiai–Olandų g.–Stotis	1159	NULL	NULL	NULL	NULL	NULL	NULL	NULL	34	Autobusai	34	03		1208	NULL	NULL	NULL
missed	663237	A>B	Stotis–Olandų g.–Baltupiai–Jeruzalės g.–Visoriai	1214	NULL	NULL	NULL	NULL	NULL	NULL	NULL	34	Autobusai	34	03		1264	NULL	NULL	NULL
missed	663237	B>A	Visoriai–Jeruzalės g –Baltupiai–Olandų g.–Stotis	1269	NULL	NULL	NULL	NULL	NULL	NULL	NULL	34	Autobusai	34	03		1316	NULL	NULL	NULL
missed	663237	A>B	Stotis–Olandų g.–Baltupiai–Jeruzalės g.–Visoriai	1321	NULL	NULL	NULL	NULL	NULL	NULL	NULL	34	Autobusai	34	03		1371	NULL	NULL	NULL
missed	663238	B>A	Visoriai–Jeruzalės g –Baltupiai–Olandų g.–Stotis	329	NULL	NULL	NULL	NULL	NULL	NULL	NULL	34	Autobusai	34	04		373	NULL	NULL	NULL
missed	663238	A>B	Stotis–Olandų g.–Baltupiai–Jeruzalės g.–Visoriai	378	NULL	NULL	NULL	NULL	NULL	NULL	NULL	34	Autobusai	34	04		430	NULL	NULL	NULL
missed	663238	B>A	Visoriai–Jeruzalės g –Baltupiai–Olandų g.–Stotis	437	NULL	NULL	NULL	NULL	NULL	NULL	NULL	34	Autobusai	34	04		490	NULL	NULL	NULL
missed	663238	A>B	Stotis–Olandų g.–Baltupiai–Jeruzalės g.–Visoriai	496	NULL	NULL	NULL	NULL	NULL	NULL	NULL	34	Autobusai	34	04		549	NULL	NULL	NULL
missed	663238	B>A	Visoriai–Jeruzalės g –Baltupiai–Olandų g.–Stotis	554	NULL	NULL	NULL	NULL	NULL	NULL	NULL	34	Autobusai	34	04		603	NULL	NULL	NULL
missed	663238	B>A	Visoriai–Jeruzalės g –Baltupiai–Olandų g.–Stotis	702	NULL	NULL	NULL	NULL	NULL	NULL	NULL	34	Autobusai	34	04		750	NULL	NULL	NULL
missed	663238	A>B	Stotis–Olandų g.–Baltupiai–Jeruzalės g.–Visoriai	755	NULL	NULL	NULL	NULL	NULL	NULL	NULL	34	Autobusai	34	04		806	NULL	NULL	NULL
missed	663238	B>A	Visoriai–Jeruzalės g –Baltupiai–Olandų g.–Stotis	810	NULL	NULL	NULL	NULL	NULL	NULL	NULL	34	Autobusai	34	04		858	NULL	NULL	NULL
missed	663238	A>B	Stotis–Olandų g.–Baltupiai–Jeruzalės g.–Visoriai	868	NULL	NULL	NULL	NULL	NULL	NULL	NULL	34	Autobusai	34	04		919	NULL	NULL	NULL
missed	663238	B>A	Visoriai–Jeruzalės g –Baltupiai–Olandų g.–Stotis	928	NULL	NULL	NULL	NULL	NULL	NULL	NULL	34	Autobusai	34	04		977	NULL	NULL	NULL
missed	663238	A>B	Stotis–Olandų g.–Baltupiai–Jeruzalės g.–Visoriai	984	NULL	NULL	NULL	NULL	NULL	NULL	NULL	34	Autobusai	34	04		1037	NULL	NULL	NULL
missed	663238	B>A	Visoriai–Jeruzalės g –Baltupiai–Olandų g.–Stotis	1042	NULL	NULL	NULL	NULL	NULL	NULL	NULL	34	Autobusai	34	04		1093	NULL	NULL	NULL
missed	663238	B>A	Visoriai–Jeruzalės g –Baltupiai–Olandų g.–Stotis	1188	NULL	NULL	NULL	NULL	NULL	NULL	NULL	34	Autobusai	34	04		1235	NULL	NULL	NULL
missed	663238	A>B	Stotis–Olandų g.–Baltupiai–Jeruzalės g.–Visoriai	1244	NULL	NULL	NULL	NULL	NULL	NULL	NULL	34	Autobusai	34	04		1294	NULL	NULL	NULL
missed	663238	B>A	Visoriai–Jeruzalės g –Baltupiai–Olandų g.–Stotis	1301	NULL	NULL	NULL	NULL	NULL	NULL	NULL	34	Autobusai	34	04		1347	NULL	NULL	NULL
missed	663238	A>B	Stotis–Olandų g.–Baltupiai–Jeruzalės g.–Visoriai	1363	NULL	NULL	NULL	NULL	NULL	NULL	NULL	34	Autobusai	34	04		1413	NULL	NULL	NULL
missed	663240	B>A	Visoriai–Jeruzalės g –Baltupiai–Olandų g.–Stotis	386	NULL	NULL	NULL	NULL	NULL	NULL	NULL	34	Autobusai	34	05		436	NULL	NULL	NULL
missed	663240	A>B	Stotis–Olandų g.–Baltupiai–Jeruzalės g.–Visoriai	442	NULL	NULL	NULL	NULL	NULL	NULL	NULL	34	Autobusai	34	05		496	NULL	NULL	NULL
missed	663240	B>A	Visoriai–Jeruzalės g –Baltupiai–Olandų g.–Stotis	502	NULL	NULL	NULL	NULL	NULL	NULL	NULL	34	Autobusai	34	05		551	NULL	NULL	NULL
missed	663240	A>B	Stotis–Olandų g.–Baltupiai–Jeruzalės g.–Visoriai	560	NULL	NULL	NULL	NULL	NULL	NULL	NULL	34	Autobusai	34	05		611	NULL	NULL	NULL
missed	663240	B>A	Visoriai–Jeruzalės g –Baltupiai–Olandų g.–Stotis	616	NULL	NULL	NULL	NULL	NULL	NULL	NULL	34	Autobusai	34	05		664	NULL	NULL	NULL
missed	663240	B>A	Visoriai–Jeruzalės g –Baltupiai–Olandų g.–Stotis	994	NULL	NULL	NULL	NULL	NULL	NULL	NULL	34	Autobusai	34	05		1045	NULL	NULL	NULL
missed	663240	A>B	Stotis–Olandų g.–Baltupiai–Jeruzalės g.–Visoriai	1054	NULL	NULL	NULL	NULL	NULL	NULL	NULL	34	Autobusai	34	05		1110	NULL	NULL	NULL
missed	663240	B>A	Visoriai–Jeruzalės g –Baltupiai–Olandų g.–Stotis	1115	NULL	NULL	NULL	NULL	NULL	NULL	NULL	34	Autobusai	34	05		1165	NULL	NULL	NULL
missed	635408	B>A	Ožkiniai–Naujieji Verkiai–Kalvarijų–Žalgirio g.	319	NULL	NULL	NULL	NULL	NULL	NULL	NULL	35	Autobusai	35	01		359	NULL	NULL	NULL
missed	635408	A>B1	Žalgirio g.–Ožkiniai	364	NULL	NULL	NULL	NULL	NULL	NULL	NULL	35	Autobusai	35	01		396	NULL	NULL	NULL
missed	635408	B>A	Ožkiniai–Naujieji Verkiai–Kalvarijų–Žalgirio g.	405	NULL	NULL	NULL	NULL	NULL	NULL	NULL	35	Autobusai	35	01		451	NULL	NULL	NULL
missed	635408	A>B1	Žalgirio g.–Ožkiniai	462	NULL	NULL	NULL	NULL	NULL	NULL	NULL	35	Autobusai	35	01		496	NULL	NULL	NULL
missed	635408	B>A	Ožkiniai–Naujieji Verkiai–Kalvarijų–Žalgirio g.	503	NULL	NULL	NULL	NULL	NULL	NULL	NULL	35	Autobusai	35	01		545	NULL	NULL	NULL
missed	635408	A>B1	Žalgirio g.–Ožkiniai	590	NULL	NULL	NULL	NULL	NULL	NULL	NULL	35	Autobusai	35	01		622	NULL	NULL	NULL
missed	635408	B>A	Ožkiniai–Naujieji Verkiai–Kalvarijų–Žalgirio g.	632	NULL	NULL	NULL	NULL	NULL	NULL	NULL	35	Autobusai	35	01		674	NULL	NULL	NULL
missed	635408	A>B1	Žalgirio g.–Ožkiniai	679	NULL	NULL	NULL	NULL	NULL	NULL	NULL	35	Autobusai	35	01		711	NULL	NULL	NULL
missed	635408	B>A	Ožkiniai–Naujieji Verkiai–Kalvarijų–Žalgirio g.	716	NULL	NULL	NULL	NULL	NULL	NULL	NULL	35	Autobusai	35	01		758	NULL	NULL	NULL
missed	635408	A>B	Žalgirio–Kalvarijų g.–Naujieji Verkiai–Ožkiniai	765	NULL	NULL	NULL	NULL	NULL	NULL	NULL	35	Autobusai	35	01		803	NULL	NULL	NULL
missed	635408	B2>A1	Ožkiniai–Žalgirio g.	808	NULL	NULL	NULL	NULL	NULL	NULL	NULL	35	Autobusai	35	01		844	NULL	NULL	NULL
missed	635408	A>B	Žalgirio–Kalvarijų g.–Naujieji Verkiai–Ožkiniai	853	NULL	NULL	NULL	NULL	NULL	NULL	NULL	35	Autobusai	35	01		891	NULL	NULL	NULL
missed	635408	B2>A1	Ožkiniai–Žalgirio g.	899	NULL	NULL	NULL	NULL	NULL	NULL	NULL	35	Autobusai	35	01		935	NULL	NULL	NULL
missed	635408	A>B	Žalgirio–Kalvarijų g.–Naujieji Verkiai–Ožkiniai	943	NULL	NULL	NULL	NULL	NULL	NULL	NULL	35	Autobusai	35	01		981	NULL	NULL	NULL
missed	635408	B2>A1	Ožkiniai–Žalgirio g.	995	NULL	NULL	NULL	NULL	NULL	NULL	NULL	35	Autobusai	35	01		1031	NULL	NULL	NULL
missed	635408	A>B	Žalgirio–Kalvarijų g.–Naujieji Verkiai–Ožkiniai	1036	NULL	NULL	NULL	NULL	NULL	NULL	NULL	35	Autobusai	35	01		1078	NULL	NULL	NULL
missed	635408	B2>A1	Ožkiniai–Žalgirio g.	1084	NULL	NULL	NULL	NULL	NULL	NULL	NULL	35	Autobusai	35	01		1120	NULL	NULL	NULL
missed	635408	A>B	Žalgirio–Kalvarijų g.–Naujieji Verkiai–Ožkiniai	1161	NULL	NULL	NULL	NULL	NULL	NULL	NULL	35	Autobusai	35	01		1199	NULL	NULL	NULL
missed	635408	B2>A1	Ožkiniai–Žalgirio g.	1204	NULL	NULL	NULL	NULL	NULL	NULL	NULL	35	Autobusai	35	01		1240	NULL	NULL	NULL
missed	635408	A>B	Žalgirio–Kalvarijų g.–Naujieji Verkiai–Ožkiniai	1247	NULL	NULL	NULL	NULL	NULL	NULL	NULL	35	Autobusai	35	01		1284	NULL	NULL	NULL
missed	635408	B2>A1	Ožkiniai–Žalgirio g.	1290	NULL	NULL	NULL	NULL	NULL	NULL	NULL	35	Autobusai	35	01		1320	NULL	NULL	NULL
missed	635408	A>B	Žalgirio–Kalvarijų g.–Naujieji Verkiai–Ožkiniai	1335	NULL	NULL	NULL	NULL	NULL	NULL	NULL	35	Autobusai	35	01		1369	NULL	NULL	NULL
missed	635408	B2>A1	Ožkiniai–Žalgirio g.	1379	NULL	NULL	NULL	NULL	NULL	NULL	NULL	35	Autobusai	35	01		1409	NULL	NULL	NULL
missed	635407	A>B1	Žalgirio g.–Ožkiniai	325	NULL	NULL	NULL	NULL	NULL	NULL	NULL	35	Autobusai	35	02-ž		357	NULL	NULL	NULL
missed	635407	B>A	Ožkiniai–Naujieji Verkiai–Kalvarijų–Žalgirio g.	364	NULL	NULL	NULL	NULL	NULL	NULL	NULL	35	Autobusai	35	02-ž		406	NULL	NULL	NULL
missed	635407	A>B1	Žalgirio g.–Ožkiniai	420	NULL	NULL	NULL	NULL	NULL	NULL	NULL	35	Autobusai	35	02-ž		454	NULL	NULL	NULL
missed	635407	B>A	Ožkiniai–Naujieji Verkiai–Kalvarijų–Žalgirio g.	458	NULL	NULL	NULL	NULL	NULL	NULL	NULL	35	Autobusai	35	02-ž		504	NULL	NULL	NULL
missed	635407	A>B1	Žalgirio g.–Ožkiniai	538	NULL	NULL	NULL	NULL	NULL	NULL	NULL	35	Autobusai	35	02-ž		570	NULL	NULL	NULL
missed	635407	B>A	Ožkiniai–Naujieji Verkiai–Kalvarijų–Žalgirio g.	584	NULL	NULL	NULL	NULL	NULL	NULL	NULL	35	Autobusai	35	02-ž		626	NULL	NULL	NULL
missed	635407	A>B1	Žalgirio g.–Ožkiniai	638	NULL	NULL	NULL	NULL	NULL	NULL	NULL	35	Autobusai	35	02-ž		670	NULL	NULL	NULL
missed	635407	B>A	Ožkiniai–Naujieji Verkiai–Kalvarijų–Žalgirio g.	677	NULL	NULL	NULL	NULL	NULL	NULL	NULL	35	Autobusai	35	02-ž		719	NULL	NULL	NULL
missed	635407	A>B	Žalgirio–Kalvarijų g.–Naujieji Verkiai–Ožkiniai	730	NULL	NULL	NULL	NULL	NULL	NULL	NULL	35	Autobusai	35	02-ž		768	NULL	NULL	NULL
missed	635407	B2>A1	Ožkiniai–Žalgirio g.	773	NULL	NULL	NULL	NULL	NULL	NULL	NULL	35	Autobusai	35	02-ž		809	NULL	NULL	NULL
missed	635407	A>B	Žalgirio–Kalvarijų g.–Naujieji Verkiai–Ožkiniai	821	NULL	NULL	NULL	NULL	NULL	NULL	NULL	35	Autobusai	35	02-ž		859	NULL	NULL	NULL
missed	635407	B2>A1	Ožkiniai–Žalgirio g.	869	NULL	NULL	NULL	NULL	NULL	NULL	NULL	35	Autobusai	35	02-ž		905	NULL	NULL	NULL
missed	635407	A>B	Žalgirio–Kalvarijų g.–Naujieji Verkiai–Ožkiniai	913	NULL	NULL	NULL	NULL	NULL	NULL	NULL	35	Autobusai	35	02-ž		951	NULL	NULL	NULL
missed	635407	B2>A1	Ožkiniai–Žalgirio g.	956	NULL	NULL	NULL	NULL	NULL	NULL	NULL	35	Autobusai	35	02-ž		992	NULL	NULL	NULL
missed	635407	A>B	Žalgirio–Kalvarijų g.–Naujieji Verkiai–Ožkiniai	1002	NULL	NULL	NULL	NULL	NULL	NULL	NULL	35	Autobusai	35	02-ž		1044	NULL	NULL	NULL
missed	635407	B2>A1	Ožkiniai–Žalgirio g.	1051	NULL	NULL	NULL	NULL	NULL	NULL	NULL	35	Autobusai	35	02-ž		1087	NULL	NULL	NULL
missed	635407	A>B	Žalgirio–Kalvarijų g.–Naujieji Verkiai–Ožkiniai	1096	NULL	NULL	NULL	NULL	NULL	NULL	NULL	35	Autobusai	35	02-ž		1138	NULL	NULL	NULL
missed	635407	B2>A1	Ožkiniai–Žalgirio g.	1146	NULL	NULL	NULL	NULL	NULL	NULL	NULL	35	Autobusai	35	02-ž		1182	NULL	NULL	NULL
missed	635407	A>B	Žalgirio–Kalvarijų g.–Naujieji Verkiai–Ožkiniai	1217	NULL	NULL	NULL	NULL	NULL	NULL	NULL	35	Autobusai	35	02-ž		1254	NULL	NULL	NULL
missed	635407	B2>A1	Ožkiniai–Žalgirio g.	1259	NULL	NULL	NULL	NULL	NULL	NULL	NULL	35	Autobusai	35	02-ž		1289	NULL	NULL	NULL
missed	635407	A>B	Žalgirio–Kalvarijų g.–Naujieji Verkiai–Ožkiniai	1295	NULL	NULL	NULL	NULL	NULL	NULL	NULL	35	Autobusai	35	02-ž		1329	NULL	NULL	NULL
missed	635407	B2>A1	Ožkiniai–Žalgirio g.	1334	NULL	NULL	NULL	NULL	NULL	NULL	NULL	35	Autobusai	35	02-ž		1364	NULL	NULL	NULL
missed	635409	B>A	Pagubė–Naujaneriai–Balsiai–Kalvarijų–Žalgirio g.	328	NULL	NULL	NULL	NULL	NULL	NULL	NULL	36	Autobusai	35	03		373	NULL	NULL	NULL
missed	635409	A>B1	Žalgirio g.–Ožkiniai	386	NULL	NULL	NULL	NULL	NULL	NULL	NULL	35	Autobusai	35	03		418	NULL	NULL	NULL
missed	635409	B>A	Ožkiniai–Naujieji Verkiai–Kalvarijų–Žalgirio g.	432	NULL	NULL	NULL	NULL	NULL	NULL	NULL	35	Autobusai	35	03		478	NULL	NULL	NULL
missed	635409	A>B1	Žalgirio g.–Ožkiniai	499	NULL	NULL	NULL	NULL	NULL	NULL	NULL	35	Autobusai	35	03		533	NULL	NULL	NULL
missed	635409	B>A	Ožkiniai–Naujieji Verkiai–Kalvarijų–Žalgirio g.	542	NULL	NULL	NULL	NULL	NULL	NULL	NULL	35	Autobusai	35	03		584	NULL	NULL	NULL
missed	635409	A>B	Žalgirio–Kalvarijų g.–Naujieji Verkiai–Ožkiniai	876	NULL	NULL	NULL	NULL	NULL	NULL	NULL	35	Autobusai	35	03		914	NULL	NULL	NULL
missed	635409	B2>A1	Ožkiniai–Žalgirio g.	925	NULL	NULL	NULL	NULL	NULL	NULL	NULL	35	Autobusai	35	03		961	NULL	NULL	NULL
missed	635409	A>B	Žalgirio–Kalvarijų g.–Naujieji Verkiai–Ožkiniai	972	NULL	NULL	NULL	NULL	NULL	NULL	NULL	35	Autobusai	35	03		1010	NULL	NULL	NULL
missed	635409	B2>A1	Ožkiniai–Žalgirio g.	1015	NULL	NULL	NULL	NULL	NULL	NULL	NULL	35	Autobusai	35	03		1051	NULL	NULL	NULL
missed	635409	A>B	Žalgirio–Kalvarijų g.–Naujieji Verkiai–Ožkiniai	1061	NULL	NULL	NULL	NULL	NULL	NULL	NULL	35	Autobusai	35	03		1103	NULL	NULL	NULL
missed	635409	B2>A1	Ožkiniai–Žalgirio g.	1108	NULL	NULL	NULL	NULL	NULL	NULL	NULL	35	Autobusai	35	03		1144	NULL	NULL	NULL
missed	635414	B>A	Pagubė–Naujaneriai–Balsiai–Kalvarijų–Žalgirio g.	345	NULL	NULL	NULL	NULL	NULL	NULL	NULL	36	Autobusai	36	01		390	NULL	NULL	NULL
missed	635414	A>B	Žalgirio–Kalvarijų g.–Balsiai–Naujaneriai–Pagubė	398	NULL	NULL	NULL	NULL	NULL	NULL	NULL	36	Autobusai	36	01		438	NULL	NULL	NULL
missed	635414	B>A	Pagubė–Naujaneriai–Balsiai–Kalvarijų–Žalgirio g.	443	NULL	NULL	NULL	NULL	NULL	NULL	NULL	36	Autobusai	36	01		492	NULL	NULL	NULL
missed	635414	A>B	Žalgirio–Kalvarijų g.–Balsiai–Naujaneriai–Pagubė	525	NULL	NULL	NULL	NULL	NULL	NULL	NULL	36	Autobusai	36	01		567	NULL	NULL	NULL
missed	635414	B>A	Pagubė–Naujaneriai–Balsiai–Kalvarijų–Žalgirio g.	572	NULL	NULL	NULL	NULL	NULL	NULL	NULL	36	Autobusai	36	01		617	NULL	NULL	NULL
missed	635414	A>B	Žalgirio–Kalvarijų g.–Balsiai–Naujaneriai–Pagubė	622	NULL	NULL	NULL	NULL	NULL	NULL	NULL	36	Autobusai	36	01		662	NULL	NULL	NULL
missed	635414	B>A	Pagubė–Naujaneriai–Balsiai–Kalvarijų–Žalgirio g.	668	NULL	NULL	NULL	NULL	NULL	NULL	NULL	36	Autobusai	36	01		713	NULL	NULL	NULL
missed	635414	A>B	Žalgirio–Kalvarijų g.–Balsiai–Naujaneriai–Pagubė	724	NULL	NULL	NULL	NULL	NULL	NULL	NULL	36	Autobusai	36	01		764	NULL	NULL	NULL
missed	635414	B>A	Pagubė–Naujaneriai–Balsiai–Kalvarijų–Žalgirio g.	772	NULL	NULL	NULL	NULL	NULL	NULL	NULL	36	Autobusai	36	01		817	NULL	NULL	NULL
missed	635414	A>B	Žalgirio–Kalvarijų g.–Balsiai–Naujaneriai–Pagubė	826	NULL	NULL	NULL	NULL	NULL	NULL	NULL	36	Autobusai	36	01		866	NULL	NULL	NULL
missed	635414	B>A	Pagubė–Naujaneriai–Balsiai–Kalvarijų–Žalgirio g.	876	NULL	NULL	NULL	NULL	NULL	NULL	NULL	36	Autobusai	36	01		921	NULL	NULL	NULL
missed	635414	A>B	Žalgirio–Kalvarijų g.–Balsiai–Naujaneriai–Pagubė	931	NULL	NULL	NULL	NULL	NULL	NULL	NULL	36	Autobusai	36	01		971	NULL	NULL	NULL
missed	635414	B>A	Pagubė–Naujaneriai–Balsiai–Kalvarijų–Žalgirio g.	980	NULL	NULL	NULL	NULL	NULL	NULL	NULL	36	Autobusai	36	01		1025	NULL	NULL	NULL
missed	635414	A>B	Žalgirio–Kalvarijų g.–Balsiai–Naujaneriai–Pagubė	1030	NULL	NULL	NULL	NULL	NULL	NULL	NULL	36	Autobusai	36	01		1074	NULL	NULL	NULL
missed	635414	B>A	Pagubė–Naujaneriai–Balsiai–Kalvarijų–Žalgirio g.	1079	NULL	NULL	NULL	NULL	NULL	NULL	NULL	36	Autobusai	36	01		1124	NULL	NULL	NULL
missed	635414	A>B	Žalgirio–Kalvarijų g.–Balsiai–Naujaneriai–Pagubė	1154	NULL	NULL	NULL	NULL	NULL	NULL	NULL	36	Autobusai	36	01		1192	NULL	NULL	NULL
missed	635414	B>A	Pagubė–Naujaneriai–Balsiai–Kalvarijų–Žalgirio g.	1201	NULL	NULL	NULL	NULL	NULL	NULL	NULL	36	Autobusai	36	01		1246	NULL	NULL	NULL
missed	635414	A>B	Žalgirio–Kalvarijų g.–Balsiai–Naujaneriai–Pagubė	1254	NULL	NULL	NULL	NULL	NULL	NULL	NULL	36	Autobusai	36	01		1291	NULL	NULL	NULL
missed	635414	B>A	Pagubė–Naujaneriai–Balsiai–Kalvarijų–Žalgirio g.	1298	NULL	NULL	NULL	NULL	NULL	NULL	NULL	36	Autobusai	36	01		1340	NULL	NULL	NULL
missed	635414	A>B	Žalgirio–Kalvarijų g.–Balsiai–Naujaneriai–Pagubė	1350	NULL	NULL	NULL	NULL	NULL	NULL	NULL	36	Autobusai	36	01		1388	NULL	NULL	NULL
missed	635414	B>A	Pagubė–Naujaneriai–Balsiai–Kalvarijų–Žalgirio g.	1391	NULL	NULL	NULL	NULL	NULL	NULL	NULL	36	Autobusai	36	01		1433	NULL	NULL	NULL
missed	635413	A>B	Žalgirio–Kalvarijų g.–Balsiai–Naujaneriai–Pagubė	336	NULL	NULL	NULL	NULL	NULL	NULL	NULL	36	Autobusai	36	02		376	NULL	NULL	NULL
missed	635413	B>A	Pagubė–Naujaneriai–Balsiai–Kalvarijų–Žalgirio g.	384	NULL	NULL	NULL	NULL	NULL	NULL	NULL	36	Autobusai	36	02		433	NULL	NULL	NULL
missed	635413	A>B	Žalgirio–Kalvarijų g.–Balsiai–Naujaneriai–Pagubė	439	NULL	NULL	NULL	NULL	NULL	NULL	NULL	36	Autobusai	36	02		481	NULL	NULL	NULL
missed	635413	B>A	Pagubė–Naujaneriai–Balsiai–Kalvarijų–Žalgirio g.	486	NULL	NULL	NULL	NULL	NULL	NULL	NULL	36	Autobusai	36	02		531	NULL	NULL	NULL
missed	635413	A>B	Žalgirio–Kalvarijų g.–Balsiai–Naujaneriai–Pagubė	569	NULL	NULL	NULL	NULL	NULL	NULL	NULL	36	Autobusai	36	02		609	NULL	NULL	NULL
missed	635413	B>A	Pagubė–Naujaneriai–Balsiai–Kalvarijų–Žalgirio g.	624	NULL	NULL	NULL	NULL	NULL	NULL	NULL	36	Autobusai	36	02		669	NULL	NULL	NULL
missed	635413	A>B	Žalgirio–Kalvarijų g.–Balsiai–Naujaneriai–Pagubė	674	NULL	NULL	NULL	NULL	NULL	NULL	NULL	36	Autobusai	36	02		714	NULL	NULL	NULL
missed	635413	B>A	Pagubė–Naujaneriai–Balsiai–Kalvarijų–Žalgirio g.	722	NULL	NULL	NULL	NULL	NULL	NULL	NULL	36	Autobusai	36	02		767	NULL	NULL	NULL
missed	635413	A>B	Žalgirio–Kalvarijų g.–Balsiai–Naujaneriai–Pagubė	778	NULL	NULL	NULL	NULL	NULL	NULL	NULL	36	Autobusai	36	02		818	NULL	NULL	NULL
missed	635413	B>A	Pagubė–Naujaneriai–Balsiai–Kalvarijų–Žalgirio g.	827	NULL	NULL	NULL	NULL	NULL	NULL	NULL	36	Autobusai	36	02		872	NULL	NULL	NULL
missed	635413	A>B	Žalgirio–Kalvarijų g.–Balsiai–Naujaneriai–Pagubė	882	NULL	NULL	NULL	NULL	NULL	NULL	NULL	36	Autobusai	36	02		922	NULL	NULL	NULL
missed	635413	B>A	Pagubė–Naujaneriai–Balsiai–Kalvarijų–Žalgirio g.	927	NULL	NULL	NULL	NULL	NULL	NULL	NULL	36	Autobusai	36	02		972	NULL	NULL	NULL
missed	635413	A>B	Žalgirio–Kalvarijų g.–Balsiai–Naujaneriai–Pagubė	980	NULL	NULL	NULL	NULL	NULL	NULL	NULL	36	Autobusai	36	02		1022	NULL	NULL	NULL
missed	635413	B>A	Pagubė–Naujaneriai–Balsiai–Kalvarijų–Žalgirio g.	1030	NULL	NULL	NULL	NULL	NULL	NULL	NULL	36	Autobusai	36	02		1075	NULL	NULL	NULL
missed	635413	A>B	Žalgirio–Kalvarijų g.–Balsiai–Naujaneriai–Pagubė	1084	NULL	NULL	NULL	NULL	NULL	NULL	NULL	36	Autobusai	36	02		1128	NULL	NULL	NULL
missed	635413	B>A	Pagubė–Naujaneriai–Balsiai–Kalvarijų–Žalgirio g.	1133	NULL	NULL	NULL	NULL	NULL	NULL	NULL	36	Autobusai	36	02		1178	NULL	NULL	NULL
missed	635413	A>B	Žalgirio–Kalvarijų g.–Balsiai–Naujaneriai–Pagubė	1208	NULL	NULL	NULL	NULL	NULL	NULL	NULL	36	Autobusai	36	02		1247	NULL	NULL	NULL
missed	635413	B>A	Pagubė–Naujaneriai–Balsiai–Kalvarijų–Žalgirio g.	1252	NULL	NULL	NULL	NULL	NULL	NULL	NULL	36	Autobusai	36	02		1295	NULL	NULL	NULL
missed	635413	A>B	Žalgirio–Kalvarijų g.–Balsiai–Naujaneriai–Pagubė	1304	NULL	NULL	NULL	NULL	NULL	NULL	NULL	36	Autobusai	36	02		1343	NULL	NULL	NULL
missed	635413	B>A	Pagubė–Naujaneriai–Balsiai–Kalvarijų–Žalgirio g.	1351	NULL	NULL	NULL	NULL	NULL	NULL	NULL	36	Autobusai	36	02		1394	NULL	NULL	NULL
missed	635412	A>B	Žalgirio–Kalvarijų g.–Balsiai–Naujaneriai–Pagubė	372	NULL	NULL	NULL	NULL	NULL	NULL	NULL	36	Autobusai	36	03		412	NULL	NULL	NULL
missed	635412	B>A	Pagubė–Naujaneriai–Balsiai–Kalvarijų–Žalgirio g.	420	NULL	NULL	NULL	NULL	NULL	NULL	NULL	36	Autobusai	36	03		469	NULL	NULL	NULL
missed	635412	A>B	Žalgirio–Kalvarijų g.–Balsiai–Naujaneriai–Pagubė	479	NULL	NULL	NULL	NULL	NULL	NULL	NULL	36	Autobusai	36	03		521	NULL	NULL	NULL
missed	635412	B>A	Pagubė–Naujaneriai–Balsiai–Kalvarijų–Žalgirio g.	528	NULL	NULL	NULL	NULL	NULL	NULL	NULL	36	Autobusai	36	03		573	NULL	NULL	NULL
missed	635412	A>B	Žalgirio–Kalvarijų g.–Balsiai–Naujaneriai–Pagubė	906	NULL	NULL	NULL	NULL	NULL	NULL	NULL	36	Autobusai	36	03		946	NULL	NULL	NULL
missed	635412	B>A	Pagubė–Naujaneriai–Balsiai–Kalvarijų–Žalgirio g.	953	NULL	NULL	NULL	NULL	NULL	NULL	NULL	36	Autobusai	36	03		998	NULL	NULL	NULL
missed	635412	A>B	Žalgirio–Kalvarijų g.–Balsiai–Naujaneriai–Pagubė	1010	NULL	NULL	NULL	NULL	NULL	NULL	NULL	36	Autobusai	36	03		1054	NULL	NULL	NULL
missed	635412	B>A	Pagubė–Naujaneriai–Balsiai–Kalvarijų–Žalgirio g.	1059	NULL	NULL	NULL	NULL	NULL	NULL	NULL	36	Autobusai	36	03		1104	NULL	NULL	NULL
missed	635412	A>B	Žalgirio–Kalvarijų g.–Balsiai–Naujaneriai–Pagubė	1109	NULL	NULL	NULL	NULL	NULL	NULL	NULL	36	Autobusai	36	03		1153	NULL	NULL	NULL
missed	635412	B>A	Pagubė–Naujaneriai–Balsiai–Kalvarijų–Žalgirio g.	1158	NULL	NULL	NULL	NULL	NULL	NULL	NULL	36	Autobusai	36	03		1201	NULL	NULL	NULL
missed	83113	A>B	Kalvarijų–Tuskulėnų–Olandų g.–Rokantiškės	296	NULL	NULL	NULL	NULL	NULL	NULL	NULL	37	Autobusai	37	01		319	NULL	NULL	NULL
missed	83113	B>A	Rokantiškės–Olandų–Šeimyniškių–Kalvarijų g.	329	NULL	NULL	NULL	NULL	NULL	NULL	NULL	37	Autobusai	37	01		353	NULL	NULL	NULL
missed	83113	A>B	Kalvarijų–Tuskulėnų–Olandų g.–Rokantiškės	354	NULL	NULL	NULL	NULL	NULL	NULL	NULL	37	Autobusai	37	01		377	NULL	NULL	NULL
missed	83113	B>A	Rokantiškės–Olandų–Šeimyniškių–Kalvarijų g.	387	NULL	NULL	NULL	NULL	NULL	NULL	NULL	37	Autobusai	37	01		411	NULL	NULL	NULL
missed	83113	A>B	Kalvarijų–Tuskulėnų–Olandų g.–Rokantiškės	411	NULL	NULL	NULL	NULL	NULL	NULL	NULL	37	Autobusai	37	01		434	NULL	NULL	NULL
missed	83113	B>A	Rokantiškės–Olandų–Šeimyniškių–Kalvarijų g.	450	NULL	NULL	NULL	NULL	NULL	NULL	NULL	37	Autobusai	37	01		476	NULL	NULL	NULL
missed	83113	A>B	Kalvarijų–Tuskulėnų–Olandų g.–Rokantiškės	476	NULL	NULL	NULL	NULL	NULL	NULL	NULL	37	Autobusai	37	01		499	NULL	NULL	NULL
missed	83113	B>A	Rokantiškės–Olandų–Šeimyniškių–Kalvarijų g.	509	NULL	NULL	NULL	NULL	NULL	NULL	NULL	37	Autobusai	37	01		535	NULL	NULL	NULL
missed	83113	A>B	Kalvarijų–Tuskulėnų–Olandų g.–Rokantiškės	535	NULL	NULL	NULL	NULL	NULL	NULL	NULL	37	Autobusai	37	01		558	NULL	NULL	NULL
missed	83113	B>A	Rokantiškės–Olandų–Šeimyniškių–Kalvarijų g.	601	NULL	NULL	NULL	NULL	NULL	NULL	NULL	37	Autobusai	37	01		625	NULL	NULL	NULL
missed	83113	A>B	Kalvarijų–Tuskulėnų–Olandų g.–Rokantiškės	626	NULL	NULL	NULL	NULL	NULL	NULL	NULL	37	Autobusai	37	01		649	NULL	NULL	NULL
missed	83113	B>A	Rokantiškės–Olandų–Šeimyniškių–Kalvarijų g.	659	NULL	NULL	NULL	NULL	NULL	NULL	NULL	37	Autobusai	37	01		683	NULL	NULL	NULL
missed	83113	A>B	Kalvarijų–Tuskulėnų–Olandų g.–Rokantiškės	683	NULL	NULL	NULL	NULL	NULL	NULL	NULL	37	Autobusai	37	01		706	NULL	NULL	NULL
missed	83113	B>A	Rokantiškės–Olandų–Šeimyniškių–Kalvarijų g.	716	NULL	NULL	NULL	NULL	NULL	NULL	NULL	37	Autobusai	37	01		740	NULL	NULL	NULL
missed	83113	A>B	Kalvarijų–Tuskulėnų–Olandų g.–Rokantiškės	740	NULL	NULL	NULL	NULL	NULL	NULL	NULL	37	Autobusai	37	01		762	NULL	NULL	NULL
missed	83113	B>A	Rokantiškės–Olandų–Šeimyniškių–Kalvarijų g.	772	NULL	NULL	NULL	NULL	NULL	NULL	NULL	37	Autobusai	37	01		796	NULL	NULL	NULL
missed	83113	A>B	Kalvarijų–Tuskulėnų–Olandų g.–Rokantiškės	797	NULL	NULL	NULL	NULL	NULL	NULL	NULL	37	Autobusai	37	01		820	NULL	NULL	NULL
missed	83113	B>A	Rokantiškės–Olandų–Šeimyniškių–Kalvarijų g.	830	NULL	NULL	NULL	NULL	NULL	NULL	NULL	37	Autobusai	37	01		854	NULL	NULL	NULL
missed	83113	A>B	Kalvarijų–Tuskulėnų–Olandų g.–Rokantiškės	855	NULL	NULL	NULL	NULL	NULL	NULL	NULL	37	Autobusai	37	01		878	NULL	NULL	NULL
missed	83113	B>A	Rokantiškės–Olandų–Šeimyniškių–Kalvarijų g.	888	NULL	NULL	NULL	NULL	NULL	NULL	NULL	37	Autobusai	37	01		912	NULL	NULL	NULL
missed	83113	A>B	Kalvarijų–Tuskulėnų–Olandų g.–Rokantiškės	912	NULL	NULL	NULL	NULL	NULL	NULL	NULL	37	Autobusai	37	01		935	NULL	NULL	NULL
missed	83113	B>A	Rokantiškės–Olandų–Šeimyniškių–Kalvarijų g.	945	NULL	NULL	NULL	NULL	NULL	NULL	NULL	37	Autobusai	37	01		969	NULL	NULL	NULL
missed	83113	A>B	Kalvarijų–Tuskulėnų–Olandų g.–Rokantiškės	969	NULL	NULL	NULL	NULL	NULL	NULL	NULL	37	Autobusai	37	01		992	NULL	NULL	NULL
missed	83113	B>A	Rokantiškės–Olandų–Šeimyniškių–Kalvarijų g.	1002	NULL	NULL	NULL	NULL	NULL	NULL	NULL	37	Autobusai	37	01		1028	NULL	NULL	NULL
missed	83113	A>B	Kalvarijų–Tuskulėnų–Olandų g.–Rokantiškės	1028	NULL	NULL	NULL	NULL	NULL	NULL	NULL	37	Autobusai	37	01		1052	NULL	NULL	NULL
missed	83113	B>A	Rokantiškės–Olandų–Šeimyniškių–Kalvarijų g.	1062	NULL	NULL	NULL	NULL	NULL	NULL	NULL	37	Autobusai	37	01		1088	NULL	NULL	NULL
missed	83113	A>B	Kalvarijų–Tuskulėnų–Olandų g.–Rokantiškės	1088	NULL	NULL	NULL	NULL	NULL	NULL	NULL	37	Autobusai	37	01		1112	NULL	NULL	NULL
missed	83113	B>A	Rokantiškės–Olandų–Šeimyniškių–Kalvarijų g.	1122	NULL	NULL	NULL	NULL	NULL	NULL	NULL	37	Autobusai	37	01		1148	NULL	NULL	NULL
missed	83113	A>B	Kalvarijų–Tuskulėnų–Olandų g.–Rokantiškės	1148	NULL	NULL	NULL	NULL	NULL	NULL	NULL	37	Autobusai	37	01		1171	NULL	NULL	NULL
missed	83113	B>A	Rokantiškės–Olandų–Šeimyniškių–Kalvarijų g.	1221	NULL	NULL	NULL	NULL	NULL	NULL	NULL	37	Autobusai	37	01		1243	NULL	NULL	NULL
missed	83113	A>B	Kalvarijų–Tuskulėnų–Olandų g.–Rokantiškės	1243	NULL	NULL	NULL	NULL	NULL	NULL	NULL	37	Autobusai	37	01		1266	NULL	NULL	NULL
missed	83113	B>A	Rokantiškės–Olandų–Šeimyniškių–Kalvarijų g.	1279	NULL	NULL	NULL	NULL	NULL	NULL	NULL	37	Autobusai	37	01		1302	NULL	NULL	NULL
missed	83113	A>B	Kalvarijų–Tuskulėnų–Olandų g.–Rokantiškės	1302	NULL	NULL	NULL	NULL	NULL	NULL	NULL	37	Autobusai	37	01		1324	NULL	NULL	NULL
missed	83113	B>A1	Rokantiškės-Olandų-Šeimyniškių-Žalgirio st.	1339	NULL	NULL	NULL	NULL	NULL	NULL	NULL	37	Autobusai	37	01		1361	NULL	NULL	NULL
missed	614861	B>A	Šilėnų g.–Dvarčionys–Antakalnis	317	NULL	NULL	NULL	NULL	NULL	NULL	NULL	38	Autobusai	38	01		343	NULL	NULL	NULL
missed	614861	A>B	Antakalnis–Dvarčionys–Šilėnų g.	348	NULL	NULL	NULL	NULL	NULL	NULL	NULL	38	Autobusai	38	01		374	NULL	NULL	NULL
missed	614861	B>A	Šilėnų g.–Dvarčionys–Antakalnis	379	NULL	NULL	NULL	NULL	NULL	NULL	NULL	38	Autobusai	38	01		405	NULL	NULL	NULL
missed	614861	A>B	Antakalnis–Dvarčionys–Šilėnų g.	416	NULL	NULL	NULL	NULL	NULL	NULL	NULL	38	Autobusai	38	01		442	NULL	NULL	NULL
missed	614861	B>A	Šilėnų g.–Dvarčionys–Antakalnis	447	NULL	NULL	NULL	NULL	NULL	NULL	NULL	38	Autobusai	38	01		473	NULL	NULL	NULL
missed	614861	A>B	Antakalnis–Dvarčionys–Šilėnų g.	478	NULL	NULL	NULL	NULL	NULL	NULL	NULL	38	Autobusai	38	01		504	NULL	NULL	NULL
missed	614861	B>A	Šilėnų g.–Dvarčionys–Antakalnis	512	NULL	NULL	NULL	NULL	NULL	NULL	NULL	38	Autobusai	38	01		538	NULL	NULL	NULL
missed	614861	A>B	Antakalnis–Dvarčionys–Šilėnų g.	572	NULL	NULL	NULL	NULL	NULL	NULL	NULL	38	Autobusai	38	01		598	NULL	NULL	NULL
missed	614861	B>A	Šilėnų g.–Dvarčionys–Antakalnis	603	NULL	NULL	NULL	NULL	NULL	NULL	NULL	38	Autobusai	38	01		629	NULL	NULL	NULL
missed	614861	A>B	Antakalnis–Dvarčionys–Šilėnų g.	634	NULL	NULL	NULL	NULL	NULL	NULL	NULL	38	Autobusai	38	01		660	NULL	NULL	NULL
missed	614861	B>A	Šilėnų g.–Dvarčionys–Antakalnis	665	NULL	NULL	NULL	NULL	NULL	NULL	NULL	38	Autobusai	38	01		691	NULL	NULL	NULL
missed	614861	A>B	Antakalnis–Dvarčionys–Šilėnų g.	696	NULL	NULL	NULL	NULL	NULL	NULL	NULL	38	Autobusai	38	01		722	NULL	NULL	NULL
missed	614861	B>A	Šilėnų g.–Dvarčionys–Antakalnis	729	NULL	NULL	NULL	NULL	NULL	NULL	NULL	38	Autobusai	38	01		755	NULL	NULL	NULL
missed	614861	A>B	Antakalnis–Dvarčionys–Šilėnų g.	760	NULL	NULL	NULL	NULL	NULL	NULL	NULL	38	Autobusai	38	01		786	NULL	NULL	NULL
missed	614861	B>A	Šilėnų g.–Dvarčionys–Antakalnis	791	NULL	NULL	NULL	NULL	NULL	NULL	NULL	38	Autobusai	38	01		817	NULL	NULL	NULL
missed	614861	A>B	Antakalnis–Dvarčionys–Šilėnų g.	827	NULL	NULL	NULL	NULL	NULL	NULL	NULL	38	Autobusai	38	01		853	NULL	NULL	NULL
missed	614861	B>A	Šilėnų g.–Dvarčionys–Antakalnis	858	NULL	NULL	NULL	NULL	NULL	NULL	NULL	38	Autobusai	38	01		884	NULL	NULL	NULL
missed	614861	A>B	Antakalnis–Dvarčionys–Šilėnų g.	889	NULL	NULL	NULL	NULL	NULL	NULL	NULL	38	Autobusai	38	01		915	NULL	NULL	NULL
missed	614861	B>A	Šilėnų g.–Dvarčionys–Antakalnis	920	NULL	NULL	NULL	NULL	NULL	NULL	NULL	38	Autobusai	38	01		946	NULL	NULL	NULL
missed	614861	A>B	Antakalnis–Dvarčionys–Šilėnų g.	951	NULL	NULL	NULL	NULL	NULL	NULL	NULL	38	Autobusai	38	01		977	NULL	NULL	NULL
missed	614861	B>A	Šilėnų g.–Dvarčionys–Antakalnis	982	NULL	NULL	NULL	NULL	NULL	NULL	NULL	38	Autobusai	38	01		1008	NULL	NULL	NULL
missed	614861	A>B	Antakalnis–Dvarčionys–Šilėnų g.	1019	NULL	NULL	NULL	NULL	NULL	NULL	NULL	38	Autobusai	38	01		1045	NULL	NULL	NULL
missed	614861	B>A	Šilėnų g.–Dvarčionys–Antakalnis	1050	NULL	NULL	NULL	NULL	NULL	NULL	NULL	38	Autobusai	38	01		1076	NULL	NULL	NULL
missed	614861	A>B	Antakalnis–Dvarčionys–Šilėnų g.	1108	NULL	NULL	NULL	NULL	NULL	NULL	NULL	38	Autobusai	38	01		1134	NULL	NULL	NULL
missed	614861	B>A	Šilėnų g.–Dvarčionys–Antakalnis	1139	NULL	NULL	NULL	NULL	NULL	NULL	NULL	38	Autobusai	38	01		1165	NULL	NULL	NULL
missed	614861	A>B	Antakalnis–Dvarčionys–Šilėnų g.	1173	NULL	NULL	NULL	NULL	NULL	NULL	NULL	38	Autobusai	38	01		1199	NULL	NULL	NULL
missed	614861	B>A	Šilėnų g.–Dvarčionys–Antakalnis	1204	NULL	NULL	NULL	NULL	NULL	NULL	NULL	38	Autobusai	38	01		1230	NULL	NULL	NULL
missed	614861	A>B	Antakalnis–Dvarčionys–Šilėnų g.	1235	NULL	NULL	NULL	NULL	NULL	NULL	NULL	38	Autobusai	38	01		1261	NULL	NULL	NULL
missed	614861	B>A	Šilėnų g.–Dvarčionys–Antakalnis	1266	NULL	NULL	NULL	NULL	NULL	NULL	NULL	38	Autobusai	38	01		1292	NULL	NULL	NULL
missed	614861	A>B	Antakalnis–Dvarčionys–Šilėnų g.	1297	NULL	NULL	NULL	NULL	NULL	NULL	NULL	38	Autobusai	38	01		1323	NULL	NULL	NULL
missed	614861	B>A	Šilėnų g.–Dvarčionys–Antakalnis	1328	NULL	NULL	NULL	NULL	NULL	NULL	NULL	38	Autobusai	38	01		1354	NULL	NULL	NULL
missed	614860	A>B	Antakalnis–Dvarčionys–Šilėnų g.	318	NULL	NULL	NULL	NULL	NULL	NULL	NULL	38	Autobusai	38	02		344	NULL	NULL	NULL
missed	614860	B>A	Šilėnų g.–Dvarčionys–Antakalnis	349	NULL	NULL	NULL	NULL	NULL	NULL	NULL	38	Autobusai	38	02		375	NULL	NULL	NULL
missed	614860	A>B	Antakalnis–Dvarčionys–Šilėnų g.	380	NULL	NULL	NULL	NULL	NULL	NULL	NULL	38	Autobusai	38	02		406	NULL	NULL	NULL
missed	614860	B>A	Šilėnų g.–Dvarčionys–Antakalnis	411	NULL	NULL	NULL	NULL	NULL	NULL	NULL	38	Autobusai	38	02		437	NULL	NULL	NULL
missed	614860	A>B	Antakalnis–Dvarčionys–Šilėnų g.	442	NULL	NULL	NULL	NULL	NULL	NULL	NULL	38	Autobusai	38	02		468	NULL	NULL	NULL
missed	614860	B>A	Šilėnų g.–Dvarčionys–Antakalnis	476	NULL	NULL	NULL	NULL	NULL	NULL	NULL	38	Autobusai	38	02		502	NULL	NULL	NULL
missed	614860	A>B	Antakalnis–Dvarčionys–Šilėnų g.	507	NULL	NULL	NULL	NULL	NULL	NULL	NULL	38	Autobusai	38	02		533	NULL	NULL	NULL
missed	614860	B>A	Šilėnų g.–Dvarčionys–Antakalnis	538	NULL	NULL	NULL	NULL	NULL	NULL	NULL	38	Autobusai	38	02		564	NULL	NULL	NULL
missed	614860	A>B	Antakalnis–Dvarčionys–Šilėnų g.	596	NULL	NULL	NULL	NULL	NULL	NULL	NULL	38	Autobusai	38	02		622	NULL	NULL	NULL
missed	614860	B>A	Šilėnų g.–Dvarčionys–Antakalnis	633	NULL	NULL	NULL	NULL	NULL	NULL	NULL	38	Autobusai	38	02		659	NULL	NULL	NULL
missed	614860	A>B	Antakalnis–Dvarčionys–Šilėnų g.	664	NULL	NULL	NULL	NULL	NULL	NULL	NULL	38	Autobusai	38	02		690	NULL	NULL	NULL
missed	614860	B>A	Šilėnų g.–Dvarčionys–Antakalnis	695	NULL	NULL	NULL	NULL	NULL	NULL	NULL	38	Autobusai	38	02		721	NULL	NULL	NULL
missed	614860	A>B	Antakalnis–Dvarčionys–Šilėnų g.	726	NULL	NULL	NULL	NULL	NULL	NULL	NULL	38	Autobusai	38	02		752	NULL	NULL	NULL
missed	614860	B>A	Šilėnų g.–Dvarčionys–Antakalnis	757	NULL	NULL	NULL	NULL	NULL	NULL	NULL	38	Autobusai	38	02		783	NULL	NULL	NULL
missed	614860	A>B	Antakalnis–Dvarčionys–Šilėnų g.	792	NULL	NULL	NULL	NULL	NULL	NULL	NULL	38	Autobusai	38	02		818	NULL	NULL	NULL
missed	614860	B>A	Šilėnų g.–Dvarčionys–Antakalnis	823	NULL	NULL	NULL	NULL	NULL	NULL	NULL	38	Autobusai	38	02		849	NULL	NULL	NULL
missed	614860	A>B	Antakalnis–Dvarčionys–Šilėnų g.	859	NULL	NULL	NULL	NULL	NULL	NULL	NULL	38	Autobusai	38	02		885	NULL	NULL	NULL
missed	614860	B>A	Šilėnų g.–Dvarčionys–Antakalnis	890	NULL	NULL	NULL	NULL	NULL	NULL	NULL	38	Autobusai	38	02		916	NULL	NULL	NULL
missed	614860	A>B	Antakalnis–Dvarčionys–Šilėnų g.	921	NULL	NULL	NULL	NULL	NULL	NULL	NULL	38	Autobusai	38	02		947	NULL	NULL	NULL
missed	614860	B>A	Šilėnų g.–Dvarčionys–Antakalnis	952	NULL	NULL	NULL	NULL	NULL	NULL	NULL	38	Autobusai	38	02		978	NULL	NULL	NULL
missed	614860	A>B	Antakalnis–Dvarčionys–Šilėnų g.	983	NULL	NULL	NULL	NULL	NULL	NULL	NULL	38	Autobusai	38	02		1009	NULL	NULL	NULL
missed	614860	B>A	Šilėnų g.–Dvarčionys–Antakalnis	1014	NULL	NULL	NULL	NULL	NULL	NULL	NULL	38	Autobusai	38	02		1040	NULL	NULL	NULL
missed	614860	A>B	Antakalnis–Dvarčionys–Šilėnų g.	1051	NULL	NULL	NULL	NULL	NULL	NULL	NULL	38	Autobusai	38	02		1077	NULL	NULL	NULL
missed	614860	B>A	Šilėnų g.–Dvarčionys–Antakalnis	1082	NULL	NULL	NULL	NULL	NULL	NULL	NULL	38	Autobusai	38	02		1108	NULL	NULL	NULL
missed	614860	A>B	Antakalnis–Dvarčionys–Šilėnų g.	1140	NULL	NULL	NULL	NULL	NULL	NULL	NULL	38	Autobusai	38	02		1166	NULL	NULL	NULL
missed	614860	B>A	Šilėnų g.–Dvarčionys–Antakalnis	1171	NULL	NULL	NULL	NULL	NULL	NULL	NULL	38	Autobusai	38	02		1197	NULL	NULL	NULL
missed	614860	A>B	Antakalnis–Dvarčionys–Šilėnų g.	1202	NULL	NULL	NULL	NULL	NULL	NULL	NULL	38	Autobusai	38	02		1228	NULL	NULL	NULL
missed	614860	B>A	Šilėnų g.–Dvarčionys–Antakalnis	1233	NULL	NULL	NULL	NULL	NULL	NULL	NULL	38	Autobusai	38	02		1259	NULL	NULL	NULL
missed	614860	A>B	Antakalnis–Dvarčionys–Šilėnų g.	1264	NULL	NULL	NULL	NULL	NULL	NULL	NULL	38	Autobusai	38	02		1290	NULL	NULL	NULL
missed	614860	B>A	Šilėnų g.–Dvarčionys–Antakalnis	1296	NULL	NULL	NULL	NULL	NULL	NULL	NULL	38	Autobusai	38	02		1322	NULL	NULL	NULL
missed	614860	A>B	Antakalnis–Dvarčionys–Šilėnų g.	1327	NULL	NULL	NULL	NULL	NULL	NULL	NULL	38	Autobusai	38	02		1353	NULL	NULL	NULL
missed	614860	B>A	Šilėnų g.–Dvarčionys–Antakalnis	1358	NULL	NULL	NULL	NULL	NULL	NULL	NULL	38	Autobusai	38	02		1384	NULL	NULL	NULL
missed	83120	A>B	Antakalnis–Nemenčinės pl.–Balžio g.	306	NULL	NULL	NULL	NULL	NULL	NULL	NULL	39	Autobusai	39	01		333	NULL	NULL	NULL
missed	83120	B>A	Balžio g.–Nemenčinės pl.–Antakalnis	338	NULL	NULL	NULL	NULL	NULL	NULL	NULL	39	Autobusai	39	01		365	NULL	NULL	NULL
missed	83120	A>B	Antakalnis–Nemenčinės pl.–Balžio g.	370	NULL	NULL	NULL	NULL	NULL	NULL	NULL	39	Autobusai	39	01		397	NULL	NULL	NULL
missed	83120	B>A	Balžio g.–Nemenčinės pl.–Antakalnis	402	NULL	NULL	NULL	NULL	NULL	NULL	NULL	39	Autobusai	39	01		429	NULL	NULL	NULL
missed	83120	A>B	Antakalnis–Nemenčinės pl.–Balžio g.	434	NULL	NULL	NULL	NULL	NULL	NULL	NULL	39	Autobusai	39	01		461	NULL	NULL	NULL
missed	83120	B>A	Balžio g.–Nemenčinės pl.–Antakalnis	466	NULL	NULL	NULL	NULL	NULL	NULL	NULL	39	Autobusai	39	01		493	NULL	NULL	NULL
missed	83120	A>B	Antakalnis–Nemenčinės pl.–Balžio g.	498	NULL	NULL	NULL	NULL	NULL	NULL	NULL	39	Autobusai	39	01		525	NULL	NULL	NULL
missed	83120	B>A	Balžio g.–Nemenčinės pl.–Antakalnis	530	NULL	NULL	NULL	NULL	NULL	NULL	NULL	39	Autobusai	39	01		557	NULL	NULL	NULL
missed	83120	A>B	Antakalnis–Nemenčinės pl.–Balžio g.	604	NULL	NULL	NULL	NULL	NULL	NULL	NULL	39	Autobusai	39	01		631	NULL	NULL	NULL
missed	83120	B>A	Balžio g.–Nemenčinės pl.–Antakalnis	636	NULL	NULL	NULL	NULL	NULL	NULL	NULL	39	Autobusai	39	01		663	NULL	NULL	NULL
missed	83120	A>B	Antakalnis–Nemenčinės pl.–Balžio g.	668	NULL	NULL	NULL	NULL	NULL	NULL	NULL	39	Autobusai	39	01		695	NULL	NULL	NULL
missed	83120	B>A	Balžio g.–Nemenčinės pl.–Antakalnis	700	NULL	NULL	NULL	NULL	NULL	NULL	NULL	39	Autobusai	39	01		727	NULL	NULL	NULL
missed	83120	A>B	Antakalnis–Nemenčinės pl.–Balžio g.	732	NULL	NULL	NULL	NULL	NULL	NULL	NULL	39	Autobusai	39	01		759	NULL	NULL	NULL
missed	83120	B>A	Balžio g.–Nemenčinės pl.–Antakalnis	764	NULL	NULL	NULL	NULL	NULL	NULL	NULL	39	Autobusai	39	01		791	NULL	NULL	NULL
missed	83120	A>B	Antakalnis–Nemenčinės pl.–Balžio g.	801	NULL	NULL	NULL	NULL	NULL	NULL	NULL	39	Autobusai	39	01		828	NULL	NULL	NULL
missed	83120	B>A	Balžio g.–Nemenčinės pl.–Antakalnis	833	NULL	NULL	NULL	NULL	NULL	NULL	NULL	39	Autobusai	39	01		860	NULL	NULL	NULL
missed	83120	A>B	Antakalnis–Nemenčinės pl.–Balžio g.	865	NULL	NULL	NULL	NULL	NULL	NULL	NULL	39	Autobusai	39	01		892	NULL	NULL	NULL
missed	83120	B>A	Balžio g.–Nemenčinės pl.–Antakalnis	897	NULL	NULL	NULL	NULL	NULL	NULL	NULL	39	Autobusai	39	01		924	NULL	NULL	NULL
missed	83120	A>B	Antakalnis–Nemenčinės pl.–Balžio g.	929	NULL	NULL	NULL	NULL	NULL	NULL	NULL	39	Autobusai	39	01		956	NULL	NULL	NULL
missed	83120	B>A	Balžio g.–Nemenčinės pl.–Antakalnis	961	NULL	NULL	NULL	NULL	NULL	NULL	NULL	39	Autobusai	39	01		988	NULL	NULL	NULL
missed	83120	A>B	Antakalnis–Nemenčinės pl.–Balžio g.	999	NULL	NULL	NULL	NULL	NULL	NULL	NULL	39	Autobusai	39	01		1026	NULL	NULL	NULL
missed	83120	B>A	Balžio g.–Nemenčinės pl.–Antakalnis	1031	NULL	NULL	NULL	NULL	NULL	NULL	NULL	39	Autobusai	39	01		1058	NULL	NULL	NULL
missed	83120	A>B	Antakalnis–Nemenčinės pl.–Balžio g.	1090	NULL	NULL	NULL	NULL	NULL	NULL	NULL	39	Autobusai	39	01		1117	NULL	NULL	NULL
missed	83120	B>A	Balžio g.–Nemenčinės pl.–Antakalnis	1122	NULL	NULL	NULL	NULL	NULL	NULL	NULL	39	Autobusai	39	01		1149	NULL	NULL	NULL
missed	83120	A>B	Antakalnis–Nemenčinės pl.–Balžio g.	1154	NULL	NULL	NULL	NULL	NULL	NULL	NULL	39	Autobusai	39	01		1181	NULL	NULL	NULL
missed	83120	B>A	Balžio g.–Nemenčinės pl.–Antakalnis	1186	NULL	NULL	NULL	NULL	NULL	NULL	NULL	39	Autobusai	39	01		1208	NULL	NULL	NULL
missed	83120	A>B	Antakalnis–Nemenčinės pl.–Balžio g.	1218	NULL	NULL	NULL	NULL	NULL	NULL	NULL	39	Autobusai	39	01		1240	NULL	NULL	NULL
missed	83120	B>A	Balžio g.–Nemenčinės pl.–Antakalnis	1245	NULL	NULL	NULL	NULL	NULL	NULL	NULL	39	Autobusai	39	01		1266	NULL	NULL	NULL
missed	83120	A>B	Antakalnis–Nemenčinės pl.–Balžio g.	1278	NULL	NULL	NULL	NULL	NULL	NULL	NULL	39	Autobusai	39	01		1300	NULL	NULL	NULL
missed	83120	B>A	Balžio g.–Nemenčinės pl.–Antakalnis	1305	NULL	NULL	NULL	NULL	NULL	NULL	NULL	39	Autobusai	39	01		1327	NULL	NULL	NULL
missed	614639	A>B	Fabijoniškės–Centras–Oro uostas	305	NULL	NULL	NULL	NULL	NULL	NULL	NULL	3G	Autobusai	3G	01-Ž		346	NULL	NULL	NULL
missed	614639	B>A	Oro uostas–Centras–Fabijoniškės	351	NULL	NULL	NULL	NULL	NULL	NULL	NULL	3G	Autobusai	3G	01-Ž		391	NULL	NULL	NULL
missed	614639	A>B	Fabijoniškės–Centras–Oro uostas	403	NULL	NULL	NULL	NULL	NULL	NULL	NULL	3G	Autobusai	3G	01-Ž		446	NULL	NULL	NULL
missed	614639	B>A	Oro uostas–Centras–Fabijoniškės	451	NULL	NULL	NULL	NULL	NULL	NULL	NULL	3G	Autobusai	3G	01-Ž		494	NULL	NULL	NULL
missed	614639	A>B	Fabijoniškės–Centras–Oro uostas	506	NULL	NULL	NULL	NULL	NULL	NULL	NULL	3G	Autobusai	3G	01-Ž		555	NULL	NULL	NULL
missed	614639	B>A	Oro uostas–Centras–Fabijoniškės	560	NULL	NULL	NULL	NULL	NULL	NULL	NULL	3G	Autobusai	3G	01-Ž		603	NULL	NULL	NULL
missed	614639	A>B	Fabijoniškės–Centras–Oro uostas	634	NULL	NULL	NULL	NULL	NULL	NULL	NULL	3G	Autobusai	3G	01-Ž		678	NULL	NULL	NULL
missed	614639	B>A	Oro uostas–Centras–Fabijoniškės	683	NULL	NULL	NULL	NULL	NULL	NULL	NULL	3G	Autobusai	3G	01-Ž		726	NULL	NULL	NULL
missed	614639	A>B	Fabijoniškės–Centras–Oro uostas	739	NULL	NULL	NULL	NULL	NULL	NULL	NULL	3G	Autobusai	3G	01-Ž		783	NULL	NULL	NULL
missed	614639	B>A	Oro uostas–Centras–Fabijoniškės	788	NULL	NULL	NULL	NULL	NULL	NULL	NULL	3G	Autobusai	3G	01-Ž		831	NULL	NULL	NULL
missed	614639	A>B	Fabijoniškės–Centras–Oro uostas	841	NULL	NULL	NULL	NULL	NULL	NULL	NULL	3G	Autobusai	3G	01-Ž		885	NULL	NULL	NULL
missed	614639	B>A	Oro uostas–Centras–Fabijoniškės	890	NULL	NULL	NULL	NULL	NULL	NULL	NULL	3G	Autobusai	3G	01-Ž		933	NULL	NULL	NULL
missed	614639	A>B	Fabijoniškės–Centras–Oro uostas	944	NULL	NULL	NULL	NULL	NULL	NULL	NULL	3G	Autobusai	3G	01-Ž		988	NULL	NULL	NULL
missed	614639	B>A	Oro uostas–Centras–Fabijoniškės	993	NULL	NULL	NULL	NULL	NULL	NULL	NULL	3G	Autobusai	3G	01-Ž		1040	NULL	NULL	NULL
missed	614639	A>B	Fabijoniškės–Centras–Oro uostas	1053	NULL	NULL	NULL	NULL	NULL	NULL	NULL	3G	Autobusai	3G	01-Ž		1097	NULL	NULL	NULL
missed	614639	B>A	Oro uostas–Centras–Fabijoniškės	1102	NULL	NULL	NULL	NULL	NULL	NULL	NULL	3G	Autobusai	3G	01-Ž		1147	NULL	NULL	NULL
missed	614639	A>B	Fabijoniškės–Centras–Oro uostas	1184	NULL	NULL	NULL	NULL	NULL	NULL	NULL	3G	Autobusai	3G	01-Ž		1226	NULL	NULL	NULL
missed	614639	B>A	Oro uostas–Centras–Fabijoniškės	1231	NULL	NULL	NULL	NULL	NULL	NULL	NULL	3G	Autobusai	3G	01-Ž		1272	NULL	NULL	NULL
missed	614639	A>B	Fabijoniškės–Centras–Oro uostas	1283	NULL	NULL	NULL	NULL	NULL	NULL	NULL	3G	Autobusai	3G	01-Ž		1324	NULL	NULL	NULL
missed	614639	B>A	Oro uostas–Centras–Fabijoniškės	1329	NULL	NULL	NULL	NULL	NULL	NULL	NULL	3G	Autobusai	3G	01-Ž		1370	NULL	NULL	NULL
missed	614642	A>B	Fabijoniškės–Centras–Oro uostas	378	NULL	NULL	NULL	NULL	NULL	NULL	NULL	3G	Autobusai	3G	02		419	NULL	NULL	NULL
missed	614642	B>A	Oro uostas–Centras–Fabijoniškės	424	NULL	NULL	NULL	NULL	NULL	NULL	NULL	3G	Autobusai	3G	02		467	NULL	NULL	NULL
missed	614642	A>B	Fabijoniškės–Centras–Oro uostas	480	NULL	NULL	NULL	NULL	NULL	NULL	NULL	3G	Autobusai	3G	02		529	NULL	NULL	NULL
missed	614642	B>A	Oro uostas–Centras–Fabijoniškės	534	NULL	NULL	NULL	NULL	NULL	NULL	NULL	3G	Autobusai	3G	02		577	NULL	NULL	NULL
missed	614642	A>B	Fabijoniškės–Centras–Oro uostas	905	NULL	NULL	NULL	NULL	NULL	NULL	NULL	3G	Autobusai	3G	02		949	NULL	NULL	NULL
missed	614642	B>A	Oro uostas–Centras–Fabijoniškės	954	NULL	NULL	NULL	NULL	NULL	NULL	NULL	3G	Autobusai	3G	02		1001	NULL	NULL	NULL
missed	614642	A>B	Fabijoniškės–Centras–Oro uostas	1013	NULL	NULL	NULL	NULL	NULL	NULL	NULL	3G	Autobusai	3G	02		1057	NULL	NULL	NULL
missed	614642	B>A	Oro uostas–Centras–Fabijoniškės	1062	NULL	NULL	NULL	NULL	NULL	NULL	NULL	3G	Autobusai	3G	02		1107	NULL	NULL	NULL
missed	614640	B>A	Oro uostas–Centras–Fabijoniškės	359	NULL	NULL	NULL	NULL	NULL	NULL	NULL	3G	Autobusai	3G	03-ž		399	NULL	NULL	NULL
missed	614640	A>B	Fabijoniškės–Centras–Oro uostas	413	NULL	NULL	NULL	NULL	NULL	NULL	NULL	3G	Autobusai	3G	03-ž		459	NULL	NULL	NULL
missed	614640	B>A	Oro uostas–Centras–Fabijoniškės	464	NULL	NULL	NULL	NULL	NULL	NULL	NULL	3G	Autobusai	3G	03-ž		507	NULL	NULL	NULL
missed	614640	A>B	Fabijoniškės–Centras–Oro uostas	517	NULL	NULL	NULL	NULL	NULL	NULL	NULL	3G	Autobusai	3G	03-ž		566	NULL	NULL	NULL
missed	614640	B>A	Oro uostas–Centras–Fabijoniškės	571	NULL	NULL	NULL	NULL	NULL	NULL	NULL	3G	Autobusai	3G	03-ž		614	NULL	NULL	NULL
missed	614640	A>B	Fabijoniškės–Centras–Oro uostas	644	NULL	NULL	NULL	NULL	NULL	NULL	NULL	3G	Autobusai	3G	03-ž		688	NULL	NULL	NULL
missed	614640	B>A	Oro uostas–Centras–Fabijoniškės	693	NULL	NULL	NULL	NULL	NULL	NULL	NULL	3G	Autobusai	3G	03-ž		736	NULL	NULL	NULL
missed	614640	A>B	Fabijoniškės–Centras–Oro uostas	746	NULL	NULL	NULL	NULL	NULL	NULL	NULL	3G	Autobusai	3G	03-ž		790	NULL	NULL	NULL
missed	614640	B>A	Oro uostas–Centras–Fabijoniškės	795	NULL	NULL	NULL	NULL	NULL	NULL	NULL	3G	Autobusai	3G	03-ž		838	NULL	NULL	NULL
missed	614640	A>B	Fabijoniškės–Centras–Oro uostas	849	NULL	NULL	NULL	NULL	NULL	NULL	NULL	3G	Autobusai	3G	03-ž		893	NULL	NULL	NULL
missed	614640	B>A	Oro uostas–Centras–Fabijoniškės	898	NULL	NULL	NULL	NULL	NULL	NULL	NULL	3G	Autobusai	3G	03-ž		941	NULL	NULL	NULL
missed	614640	A>B	Fabijoniškės–Centras–Oro uostas	959	NULL	NULL	NULL	NULL	NULL	NULL	NULL	3G	Autobusai	3G	03-ž		1003	NULL	NULL	NULL
missed	614640	B>A	Oro uostas–Centras–Fabijoniškės	1008	NULL	NULL	NULL	NULL	NULL	NULL	NULL	3G	Autobusai	3G	03-ž		1055	NULL	NULL	NULL
missed	614640	A>B	Fabijoniškės–Centras–Oro uostas	1068	NULL	NULL	NULL	NULL	NULL	NULL	NULL	3G	Autobusai	3G	03-ž		1112	NULL	NULL	NULL
missed	614640	B>A	Oro uostas–Centras–Fabijoniškės	1117	NULL	NULL	NULL	NULL	NULL	NULL	NULL	3G	Autobusai	3G	03-ž		1162	NULL	NULL	NULL
missed	614640	A>B	Fabijoniškės–Centras–Oro uostas	1192	NULL	NULL	NULL	NULL	NULL	NULL	NULL	3G	Autobusai	3G	03-ž		1233	NULL	NULL	NULL
missed	614640	B>A	Oro uostas–Centras–Fabijoniškės	1238	NULL	NULL	NULL	NULL	NULL	NULL	NULL	3G	Autobusai	3G	03-ž		1279	NULL	NULL	NULL
missed	614640	A>B	Fabijoniškės–Centras–Oro uostas	1291	NULL	NULL	NULL	NULL	NULL	NULL	NULL	3G	Autobusai	3G	03-ž		1332	NULL	NULL	NULL
missed	614640	B>A	Oro uostas–Centras–Fabijoniškės	1337	NULL	NULL	NULL	NULL	NULL	NULL	NULL	3G	Autobusai	3G	03-ž		1378	NULL	NULL	NULL
missed	614641	A>B	Fabijoniškės–Centras–Oro uostas	388	NULL	NULL	NULL	NULL	NULL	NULL	NULL	3G	Autobusai	3G	04		430	NULL	NULL	NULL
missed	614641	B>A	Oro uostas–Centras–Fabijoniškės	435	NULL	NULL	NULL	NULL	NULL	NULL	NULL	3G	Autobusai	3G	04		478	NULL	NULL	NULL
missed	614641	A>B	Fabijoniškės–Centras–Oro uostas	490	NULL	NULL	NULL	NULL	NULL	NULL	NULL	3G	Autobusai	3G	04		539	NULL	NULL	NULL
missed	614641	B>A	Oro uostas–Centras–Fabijoniškės	544	NULL	NULL	NULL	NULL	NULL	NULL	NULL	3G	Autobusai	3G	04		587	NULL	NULL	NULL
missed	614641	A>B	Fabijoniškės–Centras–Oro uostas	911	NULL	NULL	NULL	NULL	NULL	NULL	NULL	3G	Autobusai	3G	04		955	NULL	NULL	NULL
missed	614641	B>A	Oro uostas–Centras–Fabijoniškės	960	NULL	NULL	NULL	NULL	NULL	NULL	NULL	3G	Autobusai	3G	04		1007	NULL	NULL	NULL
missed	614641	A>B	Fabijoniškės–Centras–Oro uostas	1019	NULL	NULL	NULL	NULL	NULL	NULL	NULL	3G	Autobusai	3G	04		1063	NULL	NULL	NULL
missed	614641	B>A	Oro uostas–Centras–Fabijoniškės	1068	NULL	NULL	NULL	NULL	NULL	NULL	NULL	3G	Autobusai	3G	04		1113	NULL	NULL	NULL
missed	614643	A>B	Fabijoniškės–Centras–Oro uostas	319	NULL	NULL	NULL	NULL	NULL	NULL	NULL	3G	Autobusai	3G	05		360	NULL	NULL	NULL
missed	614643	B>A	Oro uostas–Centras–Fabijoniškės	367	NULL	NULL	NULL	NULL	NULL	NULL	NULL	3G	Autobusai	3G	05		407	NULL	NULL	NULL
missed	614643	A>B	Fabijoniškės–Centras–Oro uostas	418	NULL	NULL	NULL	NULL	NULL	NULL	NULL	3G	Autobusai	3G	05		464	NULL	NULL	NULL
missed	614643	B>A	Oro uostas–Centras–Fabijoniškės	469	NULL	NULL	NULL	NULL	NULL	NULL	NULL	3G	Autobusai	3G	05		512	NULL	NULL	NULL
missed	614643	A>B	Fabijoniškės–Centras–Oro uostas	524	NULL	NULL	NULL	NULL	NULL	NULL	NULL	3G	Autobusai	3G	05		570	NULL	NULL	NULL
missed	614643	B>A	Oro uostas–Centras–Fabijoniškės	576	NULL	NULL	NULL	NULL	NULL	NULL	NULL	3G	Autobusai	3G	05		619	NULL	NULL	NULL
missed	614643	A>B	Fabijoniškės–Centras–Oro uostas	654	NULL	NULL	NULL	NULL	NULL	NULL	NULL	3G	Autobusai	3G	05		698	NULL	NULL	NULL
missed	614643	B>A	Oro uostas–Centras–Fabijoniškės	703	NULL	NULL	NULL	NULL	NULL	NULL	NULL	3G	Autobusai	3G	05		746	NULL	NULL	NULL
missed	614643	A>B	Fabijoniškės–Centras–Oro uostas	756	NULL	NULL	NULL	NULL	NULL	NULL	NULL	3G	Autobusai	3G	05		800	NULL	NULL	NULL
missed	614643	B>A	Oro uostas–Centras–Fabijoniškės	805	NULL	NULL	NULL	NULL	NULL	NULL	NULL	3G	Autobusai	3G	05		848	NULL	NULL	NULL
missed	614643	A>B	Fabijoniškės–Centras–Oro uostas	859	NULL	NULL	NULL	NULL	NULL	NULL	NULL	3G	Autobusai	3G	05		903	NULL	NULL	NULL
missed	614643	B>A	Oro uostas–Centras–Fabijoniškės	908	NULL	NULL	NULL	NULL	NULL	NULL	NULL	3G	Autobusai	3G	05		951	NULL	NULL	NULL
missed	614643	A>B	Fabijoniškės–Centras–Oro uostas	969	NULL	NULL	NULL	NULL	NULL	NULL	NULL	3G	Autobusai	3G	05		1013	NULL	NULL	NULL
missed	614643	B>A	Oro uostas–Centras–Fabijoniškės	1018	NULL	NULL	NULL	NULL	NULL	NULL	NULL	3G	Autobusai	3G	05		1065	NULL	NULL	NULL
missed	614643	A>B	Fabijoniškės–Centras–Oro uostas	1079	NULL	NULL	NULL	NULL	NULL	NULL	NULL	3G	Autobusai	3G	05		1123	NULL	NULL	NULL
missed	614643	B>A	Oro uostas–Centras–Fabijoniškės	1128	NULL	NULL	NULL	NULL	NULL	NULL	NULL	3G	Autobusai	3G	05		1170	NULL	NULL	NULL
missed	614643	A>B	Fabijoniškės–Centras–Oro uostas	1200	NULL	NULL	NULL	NULL	NULL	NULL	NULL	3G	Autobusai	3G	05		1241	NULL	NULL	NULL
missed	614643	B>A	Oro uostas–Centras–Fabijoniškės	1246	NULL	NULL	NULL	NULL	NULL	NULL	NULL	3G	Autobusai	3G	05		1287	NULL	NULL	NULL
missed	614643	A>B	Fabijoniškės–Centras–Oro uostas	1301	NULL	NULL	NULL	NULL	NULL	NULL	NULL	3G	Autobusai	3G	05		1342	NULL	NULL	NULL
missed	614643	B>A	Oro uostas–Centras–Fabijoniškės	1347	NULL	NULL	NULL	NULL	NULL	NULL	NULL	3G	Autobusai	3G	05		1388	NULL	NULL	NULL
missed	614644	A>B	Fabijoniškės–Centras–Oro uostas	398	NULL	NULL	NULL	NULL	NULL	NULL	NULL	3G	Autobusai	3G	06		440	NULL	NULL	NULL
missed	614644	B>A	Oro uostas–Centras–Fabijoniškės	445	NULL	NULL	NULL	NULL	NULL	NULL	NULL	3G	Autobusai	3G	06		488	NULL	NULL	NULL
missed	614644	A>B	Fabijoniškės–Centras–Oro uostas	500	NULL	NULL	NULL	NULL	NULL	NULL	NULL	3G	Autobusai	3G	06		549	NULL	NULL	NULL
missed	614644	B>A	Oro uostas–Centras–Fabijoniškės	554	NULL	NULL	NULL	NULL	NULL	NULL	NULL	3G	Autobusai	3G	06		597	NULL	NULL	NULL
missed	614644	A>B	Fabijoniškės–Centras–Oro uostas	928	NULL	NULL	NULL	NULL	NULL	NULL	NULL	3G	Autobusai	3G	06		972	NULL	NULL	NULL
missed	614644	B>A	Oro uostas–Centras–Fabijoniškės	977	NULL	NULL	NULL	NULL	NULL	NULL	NULL	3G	Autobusai	3G	06		1024	NULL	NULL	NULL
missed	614644	A>B	Fabijoniškės–Centras–Oro uostas	1036	NULL	NULL	NULL	NULL	NULL	NULL	NULL	3G	Autobusai	3G	06		1082	NULL	NULL	NULL
missed	614644	B>A	Oro uostas–Centras–Fabijoniškės	1087	NULL	NULL	NULL	NULL	NULL	NULL	NULL	3G	Autobusai	3G	06		1132	NULL	NULL	NULL
missed	614645	A>B	Fabijoniškės–Centras–Oro uostas	331	NULL	NULL	NULL	NULL	NULL	NULL	NULL	3G	Autobusai	3G	07-ž		372	NULL	NULL	NULL
missed	614645	B>A	Oro uostas–Centras–Fabijoniškės	377	NULL	NULL	NULL	NULL	NULL	NULL	NULL	3G	Autobusai	3G	07-ž		417	NULL	NULL	NULL
missed	614645	A>B	Fabijoniškės–Centras–Oro uostas	428	NULL	NULL	NULL	NULL	NULL	NULL	NULL	3G	Autobusai	3G	07-ž		475	NULL	NULL	NULL
missed	614645	B>A	Oro uostas–Centras–Fabijoniškės	480	NULL	NULL	NULL	NULL	NULL	NULL	NULL	3G	Autobusai	3G	07-ž		523	NULL	NULL	NULL
missed	614645	A>B	Fabijoniškės–Centras–Oro uostas	536	NULL	NULL	NULL	NULL	NULL	NULL	NULL	3G	Autobusai	3G	07-ž		581	NULL	NULL	NULL
missed	614645	B>A	Oro uostas–Centras–Fabijoniškės	586	NULL	NULL	NULL	NULL	NULL	NULL	NULL	3G	Autobusai	3G	07-ž		629	NULL	NULL	NULL
missed	614645	A>B	Fabijoniškės–Centras–Oro uostas	663	NULL	NULL	NULL	NULL	NULL	NULL	NULL	3G	Autobusai	3G	07-ž		707	NULL	NULL	NULL
missed	614645	B>A	Oro uostas–Centras–Fabijoniškės	712	NULL	NULL	NULL	NULL	NULL	NULL	NULL	3G	Autobusai	3G	07-ž		755	NULL	NULL	NULL
missed	614645	A>B	Fabijoniškės–Centras–Oro uostas	765	NULL	NULL	NULL	NULL	NULL	NULL	NULL	3G	Autobusai	3G	07-ž		809	NULL	NULL	NULL
missed	614645	B>A	Oro uostas–Centras–Fabijoniškės	814	NULL	NULL	NULL	NULL	NULL	NULL	NULL	3G	Autobusai	3G	07-ž		857	NULL	NULL	NULL
missed	614645	A>B	Fabijoniškės–Centras–Oro uostas	868	NULL	NULL	NULL	NULL	NULL	NULL	NULL	3G	Autobusai	3G	07-ž		912	NULL	NULL	NULL
missed	614645	B>A	Oro uostas–Centras–Fabijoniškės	917	NULL	NULL	NULL	NULL	NULL	NULL	NULL	3G	Autobusai	3G	07-ž		960	NULL	NULL	NULL
missed	614645	A>B	Fabijoniškės–Centras–Oro uostas	980	NULL	NULL	NULL	NULL	NULL	NULL	NULL	3G	Autobusai	3G	07-ž		1024	NULL	NULL	NULL
missed	614645	B>A	Oro uostas–Centras–Fabijoniškės	1029	NULL	NULL	NULL	NULL	NULL	NULL	NULL	3G	Autobusai	3G	07-ž		1076	NULL	NULL	NULL
missed	614645	A>B	Fabijoniškės–Centras–Oro uostas	1107	NULL	NULL	NULL	NULL	NULL	NULL	NULL	3G	Autobusai	3G	07-ž		1151	NULL	NULL	NULL
missed	614645	B>A	Oro uostas–Centras–Fabijoniškės	1156	NULL	NULL	NULL	NULL	NULL	NULL	NULL	3G	Autobusai	3G	07-ž		1197	NULL	NULL	NULL
missed	614645	A>B	Fabijoniškės–Centras–Oro uostas	1208	NULL	NULL	NULL	NULL	NULL	NULL	NULL	3G	Autobusai	3G	07-ž		1249	NULL	NULL	NULL
missed	614645	B>A	Oro uostas–Centras–Fabijoniškės	1254	NULL	NULL	NULL	NULL	NULL	NULL	NULL	3G	Autobusai	3G	07-ž		1295	NULL	NULL	NULL
missed	614645	A>B	Fabijoniškės–Centras–Oro uostas	1312	NULL	NULL	NULL	NULL	NULL	NULL	NULL	3G	Autobusai	3G	07-ž		1353	NULL	NULL	NULL
missed	614645	B>A	Oro uostas–Centras–Fabijoniškės	1358	NULL	NULL	NULL	NULL	NULL	NULL	NULL	3G	Autobusai	3G	07-ž		1399	NULL	NULL	NULL
missed	614648	A>B	Fabijoniškės–Centras–Oro uostas	408	NULL	NULL	NULL	NULL	NULL	NULL	NULL	3G	Autobusai	3G	08		454	NULL	NULL	NULL
missed	614648	B>A	Oro uostas–Centras–Fabijoniškės	459	NULL	NULL	NULL	NULL	NULL	NULL	NULL	3G	Autobusai	3G	08		502	NULL	NULL	NULL
missed	614648	A>B	Fabijoniškės–Centras–Oro uostas	512	NULL	NULL	NULL	NULL	NULL	NULL	NULL	3G	Autobusai	3G	08		561	NULL	NULL	NULL
missed	614648	B>A	Oro uostas–Centras–Fabijoniškės	566	NULL	NULL	NULL	NULL	NULL	NULL	NULL	3G	Autobusai	3G	08		609	NULL	NULL	NULL
missed	614648	A>B	Fabijoniškės–Centras–Oro uostas	949	NULL	NULL	NULL	NULL	NULL	NULL	NULL	3G	Autobusai	3G	08		993	NULL	NULL	NULL
missed	614648	B>A	Oro uostas–Centras–Fabijoniškės	998	NULL	NULL	NULL	NULL	NULL	NULL	NULL	3G	Autobusai	3G	08		1045	NULL	NULL	NULL
missed	614648	A>B	Fabijoniškės–Centras–Oro uostas	1058	NULL	NULL	NULL	NULL	NULL	NULL	NULL	3G	Autobusai	3G	08		1102	NULL	NULL	NULL
missed	614648	B>A	Oro uostas–Centras–Fabijoniškės	1107	NULL	NULL	NULL	NULL	NULL	NULL	NULL	3G	Autobusai	3G	08		1152	NULL	NULL	NULL
missed	614647	B>A	Oro uostas–Centras–Fabijoniškės	333	NULL	NULL	NULL	NULL	NULL	NULL	NULL	3G	Autobusai	3G	09-ž		373	NULL	NULL	NULL
missed	614647	A>B	Fabijoniškės–Centras–Oro uostas	383	NULL	NULL	NULL	NULL	NULL	NULL	NULL	3G	Autobusai	3G	09-ž		425	NULL	NULL	NULL
missed	614647	B>A	Oro uostas–Centras–Fabijoniškės	430	NULL	NULL	NULL	NULL	NULL	NULL	NULL	3G	Autobusai	3G	09-ž		473	NULL	NULL	NULL
missed	614647	A>B	Fabijoniškės–Centras–Oro uostas	485	NULL	NULL	NULL	NULL	NULL	NULL	NULL	3G	Autobusai	3G	09-ž		534	NULL	NULL	NULL
missed	614647	B>A	Oro uostas–Centras–Fabijoniškės	539	NULL	NULL	NULL	NULL	NULL	NULL	NULL	3G	Autobusai	3G	09-ž		582	NULL	NULL	NULL
missed	614647	A>B	Fabijoniškės–Centras–Oro uostas	612	NULL	NULL	NULL	NULL	NULL	NULL	NULL	3G	Autobusai	3G	09-ž		656	NULL	NULL	NULL
missed	614647	B>A	Oro uostas–Centras–Fabijoniškės	661	NULL	NULL	NULL	NULL	NULL	NULL	NULL	3G	Autobusai	3G	09-ž		704	NULL	NULL	NULL
missed	614647	A>B	Fabijoniškės–Centras–Oro uostas	720	NULL	NULL	NULL	NULL	NULL	NULL	NULL	3G	Autobusai	3G	09-ž		764	NULL	NULL	NULL
missed	614647	B>A	Oro uostas–Centras–Fabijoniškės	769	NULL	NULL	NULL	NULL	NULL	NULL	NULL	3G	Autobusai	3G	09-ž		812	NULL	NULL	NULL
missed	614647	A>B	Fabijoniškės–Centras–Oro uostas	823	NULL	NULL	NULL	NULL	NULL	NULL	NULL	3G	Autobusai	3G	09-ž		867	NULL	NULL	NULL
missed	614647	B>A	Oro uostas–Centras–Fabijoniškės	874	NULL	NULL	NULL	NULL	NULL	NULL	NULL	3G	Autobusai	3G	09-ž		917	NULL	NULL	NULL
missed	614647	A>B	Fabijoniškės–Centras–Oro uostas	934	NULL	NULL	NULL	NULL	NULL	NULL	NULL	3G	Autobusai	3G	09-ž		978	NULL	NULL	NULL
missed	614647	B>A	Oro uostas–Centras–Fabijoniškės	983	NULL	NULL	NULL	NULL	NULL	NULL	NULL	3G	Autobusai	3G	09-ž		1030	NULL	NULL	NULL
missed	614647	A>B	Fabijoniškės–Centras–Oro uostas	1042	NULL	NULL	NULL	NULL	NULL	NULL	NULL	3G	Autobusai	3G	09-ž		1088	NULL	NULL	NULL
missed	614647	B>A	Oro uostas–Centras–Fabijoniškės	1092	NULL	NULL	NULL	NULL	NULL	NULL	NULL	3G	Autobusai	3G	09-ž		1137	NULL	NULL	NULL
missed	614647	A>B	Fabijoniškės–Centras–Oro uostas	1168	NULL	NULL	NULL	NULL	NULL	NULL	NULL	3G	Autobusai	3G	09-ž		1210	NULL	NULL	NULL
missed	614647	B>A	Oro uostas–Centras–Fabijoniškės	1215	NULL	NULL	NULL	NULL	NULL	NULL	NULL	3G	Autobusai	3G	09-ž		1256	NULL	NULL	NULL
missed	614647	A>B	Fabijoniškės–Centras–Oro uostas	1266	NULL	NULL	NULL	NULL	NULL	NULL	NULL	3G	Autobusai	3G	09-ž		1307	NULL	NULL	NULL
missed	614647	B>A	Oro uostas–Centras–Fabijoniškės	1313	NULL	NULL	NULL	NULL	NULL	NULL	NULL	3G	Autobusai	3G	09-ž		1354	NULL	NULL	NULL
missed	614649	A>B	Fabijoniškės–Centras–Oro uostas	423	NULL	NULL	NULL	NULL	NULL	NULL	NULL	3G	Autobusai	3G	10		469	NULL	NULL	NULL
missed	614649	B>A	Oro uostas–Centras–Fabijoniškės	474	NULL	NULL	NULL	NULL	NULL	NULL	NULL	3G	Autobusai	3G	10		517	NULL	NULL	NULL
missed	614649	A>B	Fabijoniškės–Centras–Oro uostas	530	NULL	NULL	NULL	NULL	NULL	NULL	NULL	3G	Autobusai	3G	10		576	NULL	NULL	NULL
missed	614649	B>A	Oro uostas–Centras–Fabijoniškės	581	NULL	NULL	NULL	NULL	NULL	NULL	NULL	3G	Autobusai	3G	10		624	NULL	NULL	NULL
missed	614649	A>B	Fabijoniškės–Centras–Oro uostas	954	NULL	NULL	NULL	NULL	NULL	NULL	NULL	3G	Autobusai	3G	10		998	NULL	NULL	NULL
missed	614649	B>A	Oro uostas–Centras–Fabijoniškės	1003	NULL	NULL	NULL	NULL	NULL	NULL	NULL	3G	Autobusai	3G	10		1050	NULL	NULL	NULL
missed	614649	A>B	Fabijoniškės–Centras–Oro uostas	1063	NULL	NULL	NULL	NULL	NULL	NULL	NULL	3G	Autobusai	3G	10		1107	NULL	NULL	NULL
missed	614649	B>A	Oro uostas–Centras–Fabijoniškės	1112	NULL	NULL	NULL	NULL	NULL	NULL	NULL	3G	Autobusai	3G	10		1157	NULL	NULL	NULL
missed	614646	A>B	Fabijoniškės–Centras–Oro uostas	341	NULL	NULL	NULL	NULL	NULL	NULL	NULL	3G	Autobusai	3G	11		382	NULL	NULL	NULL
missed	614646	B>A	Oro uostas–Centras–Fabijoniškės	387	NULL	NULL	NULL	NULL	NULL	NULL	NULL	3G	Autobusai	3G	11		427	NULL	NULL	NULL
missed	614646	A>B	Fabijoniškės–Centras–Oro uostas	438	NULL	NULL	NULL	NULL	NULL	NULL	NULL	3G	Autobusai	3G	11		486	NULL	NULL	NULL
missed	614646	B>A	Oro uostas–Centras–Fabijoniškės	491	NULL	NULL	NULL	NULL	NULL	NULL	NULL	3G	Autobusai	3G	11		534	NULL	NULL	NULL
missed	614646	A>B	Fabijoniškės–Centras–Oro uostas	548	NULL	NULL	NULL	NULL	NULL	NULL	NULL	3G	Autobusai	3G	11		591	NULL	NULL	NULL
missed	614646	B>A	Oro uostas–Centras–Fabijoniškės	596	NULL	NULL	NULL	NULL	NULL	NULL	NULL	3G	Autobusai	3G	11		639	NULL	NULL	NULL
missed	614646	A>B	Fabijoniškės–Centras–Oro uostas	673	NULL	NULL	NULL	NULL	NULL	NULL	NULL	3G	Autobusai	3G	11		717	NULL	NULL	NULL
missed	614646	B>A	Oro uostas–Centras–Fabijoniškės	722	NULL	NULL	NULL	NULL	NULL	NULL	NULL	3G	Autobusai	3G	11		765	NULL	NULL	NULL
missed	614646	A>B	Fabijoniškės–Centras–Oro uostas	775	NULL	NULL	NULL	NULL	NULL	NULL	NULL	3G	Autobusai	3G	11		819	NULL	NULL	NULL
missed	614646	B>A	Oro uostas–Centras–Fabijoniškės	824	NULL	NULL	NULL	NULL	NULL	NULL	NULL	3G	Autobusai	3G	11		867	NULL	NULL	NULL
missed	614646	A>B	Fabijoniškės–Centras–Oro uostas	877	NULL	NULL	NULL	NULL	NULL	NULL	NULL	3G	Autobusai	3G	11		921	NULL	NULL	NULL
missed	614646	B>A	Oro uostas–Centras–Fabijoniškės	926	NULL	NULL	NULL	NULL	NULL	NULL	NULL	3G	Autobusai	3G	11		969	NULL	NULL	NULL
missed	614646	A>B	Fabijoniškės–Centras–Oro uostas	991	NULL	NULL	NULL	NULL	NULL	NULL	NULL	3G	Autobusai	3G	11		1035	NULL	NULL	NULL
missed	614646	B>A	Oro uostas–Centras–Fabijoniškės	1040	NULL	NULL	NULL	NULL	NULL	NULL	NULL	3G	Autobusai	3G	11		1087	NULL	NULL	NULL
missed	614646	A>B	Fabijoniškės–Centras–Oro uostas	1117	NULL	NULL	NULL	NULL	NULL	NULL	NULL	3G	Autobusai	3G	11		1160	NULL	NULL	NULL
missed	614646	B>A	Oro uostas–Centras–Fabijoniškės	1165	NULL	NULL	NULL	NULL	NULL	NULL	NULL	3G	Autobusai	3G	11		1206	NULL	NULL	NULL
missed	614646	A>B	Fabijoniškės–Centras–Oro uostas	1216	NULL	NULL	NULL	NULL	NULL	NULL	NULL	3G	Autobusai	3G	11		1257	NULL	NULL	NULL
missed	614646	B>A	Oro uostas–Centras–Fabijoniškės	1262	NULL	NULL	NULL	NULL	NULL	NULL	NULL	3G	Autobusai	3G	11		1303	NULL	NULL	NULL
missed	614646	A>B	Fabijoniškės–Centras–Oro uostas	1324	NULL	NULL	NULL	NULL	NULL	NULL	NULL	3G	Autobusai	3G	11		1365	NULL	NULL	NULL
missed	614646	B>A	Oro uostas–Centras–Fabijoniškės	1370	NULL	NULL	NULL	NULL	NULL	NULL	NULL	3G	Autobusai	3G	11		1411	NULL	NULL	NULL
missed	614651	A>B	Fabijoniškės–Centras–Oro uostas	433	NULL	NULL	NULL	NULL	NULL	NULL	NULL	3G	Autobusai	3G	12		481	NULL	NULL	NULL
missed	614651	B>A	Oro uostas–Centras–Fabijoniškės	486	NULL	NULL	NULL	NULL	NULL	NULL	NULL	3G	Autobusai	3G	12		529	NULL	NULL	NULL
missed	614651	A>B	Fabijoniškės–Centras–Oro uostas	542	NULL	NULL	NULL	NULL	NULL	NULL	NULL	3G	Autobusai	3G	12		586	NULL	NULL	NULL
missed	614651	B>A	Oro uostas–Centras–Fabijoniškės	591	NULL	NULL	NULL	NULL	NULL	NULL	NULL	3G	Autobusai	3G	12		634	NULL	NULL	NULL
missed	614651	A>B	Fabijoniškės–Centras–Oro uostas	964	NULL	NULL	NULL	NULL	NULL	NULL	NULL	3G	Autobusai	3G	12		1008	NULL	NULL	NULL
missed	614651	B>A	Oro uostas–Centras–Fabijoniškės	1013	NULL	NULL	NULL	NULL	NULL	NULL	NULL	3G	Autobusai	3G	12		1060	NULL	NULL	NULL
missed	614651	A>B	Fabijoniškės–Centras–Oro uostas	1074	NULL	NULL	NULL	NULL	NULL	NULL	NULL	3G	Autobusai	3G	12		1118	NULL	NULL	NULL
missed	614651	B>A	Oro uostas–Centras–Fabijoniškės	1123	NULL	NULL	NULL	NULL	NULL	NULL	NULL	3G	Autobusai	3G	12		1166	NULL	NULL	NULL
missed	614650	B>A	Oro uostas–Centras–Fabijoniškės	311	NULL	NULL	NULL	NULL	NULL	NULL	NULL	3G	Autobusai	3G	13-ž		351	NULL	NULL	NULL
missed	614650	A>B	Fabijoniškės–Centras–Oro uostas	360	NULL	NULL	NULL	NULL	NULL	NULL	NULL	3G	Autobusai	3G	13-ž		401	NULL	NULL	NULL
missed	614650	B>A	Oro uostas–Centras–Fabijoniškės	407	NULL	NULL	NULL	NULL	NULL	NULL	NULL	3G	Autobusai	3G	13-ž		450	NULL	NULL	NULL
missed	614650	A>B	Fabijoniškės–Centras–Oro uostas	459	NULL	NULL	NULL	NULL	NULL	NULL	NULL	3G	Autobusai	3G	13-ž		507	NULL	NULL	NULL
missed	614650	B>A	Oro uostas–Centras–Fabijoniškės	512	NULL	NULL	NULL	NULL	NULL	NULL	NULL	3G	Autobusai	3G	13-ž		555	NULL	NULL	NULL
missed	614650	A>B	Fabijoniškės–Centras–Oro uostas	591	NULL	NULL	NULL	NULL	NULL	NULL	NULL	3G	Autobusai	3G	13-ž		635	NULL	NULL	NULL
missed	614650	B>A	Oro uostas–Centras–Fabijoniškės	640	NULL	NULL	NULL	NULL	NULL	NULL	NULL	3G	Autobusai	3G	13-ž		683	NULL	NULL	NULL
missed	614650	A>B	Fabijoniškės–Centras–Oro uostas	696	NULL	NULL	NULL	NULL	NULL	NULL	NULL	3G	Autobusai	3G	13-ž		740	NULL	NULL	NULL
missed	614650	B>A	Oro uostas–Centras–Fabijoniškės	745	NULL	NULL	NULL	NULL	NULL	NULL	NULL	3G	Autobusai	3G	13-ž		788	NULL	NULL	NULL
missed	614650	A>B	Fabijoniškės–Centras–Oro uostas	798	NULL	NULL	NULL	NULL	NULL	NULL	NULL	3G	Autobusai	3G	13-ž		842	NULL	NULL	NULL
missed	614650	B>A	Oro uostas–Centras–Fabijoniškės	847	NULL	NULL	NULL	NULL	NULL	NULL	NULL	3G	Autobusai	3G	13-ž		890	NULL	NULL	NULL
missed	614650	A>B	Fabijoniškės–Centras–Oro uostas	900	NULL	NULL	NULL	NULL	NULL	NULL	NULL	3G	Autobusai	3G	13-ž		944	NULL	NULL	NULL
missed	614650	B>A	Oro uostas–Centras–Fabijoniškės	949	NULL	NULL	NULL	NULL	NULL	NULL	NULL	3G	Autobusai	3G	13-ž		996	NULL	NULL	NULL
missed	614650	A>B	Fabijoniškės–Centras–Oro uostas	1008	NULL	NULL	NULL	NULL	NULL	NULL	NULL	3G	Autobusai	3G	13-ž		1052	NULL	NULL	NULL
missed	614650	B>A	Oro uostas–Centras–Fabijoniškės	1057	NULL	NULL	NULL	NULL	NULL	NULL	NULL	3G	Autobusai	3G	13-ž		1102	NULL	NULL	NULL
missed	614650	A>B	Fabijoniškės–Centras–Oro uostas	1142	NULL	NULL	NULL	NULL	NULL	NULL	NULL	3G	Autobusai	3G	13-ž		1184	NULL	NULL	NULL
missed	614650	B>A	Oro uostas–Centras–Fabijoniškės	1189	NULL	NULL	NULL	NULL	NULL	NULL	NULL	3G	Autobusai	3G	13-ž		1230	NULL	NULL	NULL
missed	614650	A>B	Fabijoniškės–Centras–Oro uostas	1240	NULL	NULL	NULL	NULL	NULL	NULL	NULL	3G	Autobusai	3G	13-ž		1281	NULL	NULL	NULL
missed	614650	B>A	Oro uostas–Centras–Fabijoniškės	1286	NULL	NULL	NULL	NULL	NULL	NULL	NULL	3G	Autobusai	3G	13-ž		1327	NULL	NULL	NULL
missed	614652	A>B	Fabijoniškės–Centras–Oro uostas	349	NULL	NULL	NULL	NULL	NULL	NULL	NULL	3G	Autobusai	3G	14		390	NULL	NULL	NULL
missed	614652	B>A	Oro uostas–Centras–Fabijoniškės	395	NULL	NULL	NULL	NULL	NULL	NULL	NULL	3G	Autobusai	3G	14		435	NULL	NULL	NULL
missed	614652	A>B	Fabijoniškės–Centras–Oro uostas	448	NULL	NULL	NULL	NULL	NULL	NULL	NULL	3G	Autobusai	3G	14		496	NULL	NULL	NULL
missed	614652	B>A	Oro uostas–Centras–Fabijoniškės	501	NULL	NULL	NULL	NULL	NULL	NULL	NULL	3G	Autobusai	3G	14		544	NULL	NULL	NULL
missed	614652	A>B	Fabijoniškės–Centras–Oro uostas	560	NULL	NULL	NULL	NULL	NULL	NULL	NULL	3G	Autobusai	3G	14		604	NULL	NULL	NULL
missed	614652	B>A	Oro uostas–Centras–Fabijoniškės	609	NULL	NULL	NULL	NULL	NULL	NULL	NULL	3G	Autobusai	3G	14		652	NULL	NULL	NULL
missed	614652	A>B	Fabijoniškės–Centras–Oro uostas	682	NULL	NULL	NULL	NULL	NULL	NULL	NULL	3G	Autobusai	3G	14		726	NULL	NULL	NULL
missed	614652	B>A	Oro uostas–Centras–Fabijoniškės	731	NULL	NULL	NULL	NULL	NULL	NULL	NULL	3G	Autobusai	3G	14		774	NULL	NULL	NULL
missed	614652	A>B	Fabijoniškės–Centras–Oro uostas	784	NULL	NULL	NULL	NULL	NULL	NULL	NULL	3G	Autobusai	3G	14		828	NULL	NULL	NULL
missed	614652	B>A	Oro uostas–Centras–Fabijoniškės	833	NULL	NULL	NULL	NULL	NULL	NULL	NULL	3G	Autobusai	3G	14		876	NULL	NULL	NULL
missed	614652	A>B	Fabijoniškės–Centras–Oro uostas	886	NULL	NULL	NULL	NULL	NULL	NULL	NULL	3G	Autobusai	3G	14		930	NULL	NULL	NULL
missed	614652	B>A	Oro uostas–Centras–Fabijoniškės	935	NULL	NULL	NULL	NULL	NULL	NULL	NULL	3G	Autobusai	3G	14		978	NULL	NULL	NULL
missed	614652	A>B	Fabijoniškės–Centras–Oro uostas	997	NULL	NULL	NULL	NULL	NULL	NULL	NULL	3G	Autobusai	3G	14		1041	NULL	NULL	NULL
missed	614652	B>A	Oro uostas–Centras–Fabijoniškės	1046	NULL	NULL	NULL	NULL	NULL	NULL	NULL	3G	Autobusai	3G	14		1093	NULL	NULL	NULL
missed	614652	A>B	Fabijoniškės–Centras–Oro uostas	1125	NULL	NULL	NULL	NULL	NULL	NULL	NULL	3G	Autobusai	3G	14		1168	NULL	NULL	NULL
missed	614652	B>A	Oro uostas–Centras–Fabijoniškės	1173	NULL	NULL	NULL	NULL	NULL	NULL	NULL	3G	Autobusai	3G	14		1214	NULL	NULL	NULL
missed	614652	A>B	Fabijoniškės–Centras–Oro uostas	1224	NULL	NULL	NULL	NULL	NULL	NULL	NULL	3G	Autobusai	3G	14		1265	NULL	NULL	NULL
missed	614652	B>A	Oro uostas–Centras–Fabijoniškės	1270	NULL	NULL	NULL	NULL	NULL	NULL	NULL	3G	Autobusai	3G	14		1311	NULL	NULL	NULL
missed	614652	A>B	Fabijoniškės–Centras–Oro uostas	1337	NULL	NULL	NULL	NULL	NULL	NULL	NULL	3G	Autobusai	3G	14		1378	NULL	NULL	NULL
missed	614652	B>A	Oro uostas–Centras–Fabijoniškės	1383	NULL	NULL	NULL	NULL	NULL	NULL	NULL	3G	Autobusai	3G	14		1424	NULL	NULL	NULL
missed	614653	B>A	Oro uostas–Centras–Fabijoniškės	323	NULL	NULL	NULL	NULL	NULL	NULL	NULL	3G	Autobusai	3G	15		363	NULL	NULL	NULL
missed	614653	A>B	Fabijoniškės–Centras–Oro uostas	373	NULL	NULL	NULL	NULL	NULL	NULL	NULL	3G	Autobusai	3G	15		415	NULL	NULL	NULL
missed	614653	B>A	Oro uostas–Centras–Fabijoniškės	420	NULL	NULL	NULL	NULL	NULL	NULL	NULL	3G	Autobusai	3G	15		463	NULL	NULL	NULL
missed	614653	A>B	Fabijoniškės–Centras–Oro uostas	475	NULL	NULL	NULL	NULL	NULL	NULL	NULL	3G	Autobusai	3G	15		523	NULL	NULL	NULL
missed	614653	B>A	Oro uostas–Centras–Fabijoniškės	528	NULL	NULL	NULL	NULL	NULL	NULL	NULL	3G	Autobusai	3G	15		571	NULL	NULL	NULL
missed	614653	A>B	Fabijoniškės–Centras–Oro uostas	601	NULL	NULL	NULL	NULL	NULL	NULL	NULL	3G	Autobusai	3G	15		645	NULL	NULL	NULL
missed	614653	B>A	Oro uostas–Centras–Fabijoniškės	650	NULL	NULL	NULL	NULL	NULL	NULL	NULL	3G	Autobusai	3G	15		693	NULL	NULL	NULL
missed	614653	A>B	Fabijoniškės–Centras–Oro uostas	704	NULL	NULL	NULL	NULL	NULL	NULL	NULL	3G	Autobusai	3G	15		748	NULL	NULL	NULL
missed	614653	B>A	Oro uostas–Centras–Fabijoniškės	753	NULL	NULL	NULL	NULL	NULL	NULL	NULL	3G	Autobusai	3G	15		796	NULL	NULL	NULL
missed	614653	A>B	Fabijoniškės–Centras–Oro uostas	806	NULL	NULL	NULL	NULL	NULL	NULL	NULL	3G	Autobusai	3G	15		850	NULL	NULL	NULL
missed	614653	B>A	Oro uostas–Centras–Fabijoniškės	856	NULL	NULL	NULL	NULL	NULL	NULL	NULL	3G	Autobusai	3G	15		899	NULL	NULL	NULL
missed	614653	A>B	Fabijoniškės–Centras–Oro uostas	917	NULL	NULL	NULL	NULL	NULL	NULL	NULL	3G	Autobusai	3G	15		961	NULL	NULL	NULL
missed	614653	B>A	Oro uostas–Centras–Fabijoniškės	966	NULL	NULL	NULL	NULL	NULL	NULL	NULL	3G	Autobusai	3G	15		1013	NULL	NULL	NULL
missed	614653	A>B	Fabijoniškės–Centras–Oro uostas	1025	NULL	NULL	NULL	NULL	NULL	NULL	NULL	3G	Autobusai	3G	15		1070	NULL	NULL	NULL
missed	614653	B>A	Oro uostas–Centras–Fabijoniškės	1075	NULL	NULL	NULL	NULL	NULL	NULL	NULL	3G	Autobusai	3G	15		1120	NULL	NULL	NULL
missed	614653	A>B	Fabijoniškės–Centras–Oro uostas	1151	NULL	NULL	NULL	NULL	NULL	NULL	NULL	3G	Autobusai	3G	15		1193	NULL	NULL	NULL
missed	614653	B>A	Oro uostas–Centras–Fabijoniškės	1198	NULL	NULL	NULL	NULL	NULL	NULL	NULL	3G	Autobusai	3G	15		1239	NULL	NULL	NULL
missed	614653	A>B	Fabijoniškės–Centras–Oro uostas	1249	NULL	NULL	NULL	NULL	NULL	NULL	NULL	3G	Autobusai	3G	15		1290	NULL	NULL	NULL
missed	614653	B>A	Oro uostas–Centras–Fabijoniškės	1295	NULL	NULL	NULL	NULL	NULL	NULL	NULL	3G	Autobusai	3G	15		1336	NULL	NULL	NULL
missed	614654	A>B	Fabijoniškės–Centras–Oro uostas	443	NULL	NULL	NULL	NULL	NULL	NULL	NULL	3G	Autobusai	3G	16		491	NULL	NULL	NULL
missed	614654	B>A	Oro uostas–Centras–Fabijoniškės	496	NULL	NULL	NULL	NULL	NULL	NULL	NULL	3G	Autobusai	3G	16		539	NULL	NULL	NULL
missed	614654	A>B	Fabijoniškės–Centras–Oro uostas	554	NULL	NULL	NULL	NULL	NULL	NULL	NULL	3G	Autobusai	3G	16		598	NULL	NULL	NULL
missed	614654	B>A	Oro uostas–Centras–Fabijoniškės	603	NULL	NULL	NULL	NULL	NULL	NULL	NULL	3G	Autobusai	3G	16		646	NULL	NULL	NULL
missed	614654	A>B	Fabijoniškės–Centras–Oro uostas	974	NULL	NULL	NULL	NULL	NULL	NULL	NULL	3G	Autobusai	3G	16		1018	NULL	NULL	NULL
missed	614654	B>A	Oro uostas–Centras–Fabijoniškės	1023	NULL	NULL	NULL	NULL	NULL	NULL	NULL	3G	Autobusai	3G	16		1070	NULL	NULL	NULL
missed	614654	A>B	Fabijoniškės–Centras–Oro uostas	1087	NULL	NULL	NULL	NULL	NULL	NULL	NULL	3G	Autobusai	3G	16		1131	NULL	NULL	NULL
missed	614654	B>A	Oro uostas–Centras–Fabijoniškės	1136	NULL	NULL	NULL	NULL	NULL	NULL	NULL	3G	Autobusai	3G	16		1178	NULL	NULL	NULL
missed	614655	A>B	Fabijoniškės–Centras–Oro uostas	354	NULL	NULL	NULL	NULL	NULL	NULL	NULL	3G	Autobusai	3G	17		396	NULL	NULL	NULL
missed	614655	B>A	Oro uostas–Centras–Fabijoniškės	401	NULL	NULL	NULL	NULL	NULL	NULL	NULL	3G	Autobusai	3G	17		444	NULL	NULL	NULL
missed	614655	A>B	Fabijoniškės–Centras–Oro uostas	454	NULL	NULL	NULL	NULL	NULL	NULL	NULL	3G	Autobusai	3G	17		502	NULL	NULL	NULL
missed	614655	B>A	Oro uostas–Centras–Fabijoniškės	507	NULL	NULL	NULL	NULL	NULL	NULL	NULL	3G	Autobusai	3G	17		550	NULL	NULL	NULL
missed	614655	A>B	Fabijoniškės–Centras–Oro uostas	567	NULL	NULL	NULL	NULL	NULL	NULL	NULL	3G	Autobusai	3G	17		611	NULL	NULL	NULL
missed	614655	B>A	Oro uostas–Centras–Fabijoniškės	616	NULL	NULL	NULL	NULL	NULL	NULL	NULL	3G	Autobusai	3G	17		659	NULL	NULL	NULL
missed	614655	A>B	Fabijoniškės–Centras–Oro uostas	689	NULL	NULL	NULL	NULL	NULL	NULL	NULL	3G	Autobusai	3G	17		733	NULL	NULL	NULL
missed	614655	B>A	Oro uostas–Centras–Fabijoniškės	738	NULL	NULL	NULL	NULL	NULL	NULL	NULL	3G	Autobusai	3G	17		781	NULL	NULL	NULL
missed	614655	A>B	Fabijoniškės–Centras–Oro uostas	791	NULL	NULL	NULL	NULL	NULL	NULL	NULL	3G	Autobusai	3G	17		835	NULL	NULL	NULL
missed	614655	B>A	Oro uostas–Centras–Fabijoniškės	840	NULL	NULL	NULL	NULL	NULL	NULL	NULL	3G	Autobusai	3G	17		883	NULL	NULL	NULL
missed	614655	A>B	Fabijoniškės–Centras–Oro uostas	893	NULL	NULL	NULL	NULL	NULL	NULL	NULL	3G	Autobusai	3G	17		937	NULL	NULL	NULL
missed	614655	B>A	Oro uostas–Centras–Fabijoniškės	942	NULL	NULL	NULL	NULL	NULL	NULL	NULL	3G	Autobusai	3G	17		986	NULL	NULL	NULL
missed	614655	A>B	Fabijoniškės–Centras–Oro uostas	1003	NULL	NULL	NULL	NULL	NULL	NULL	NULL	3G	Autobusai	3G	17		1047	NULL	NULL	NULL
missed	614655	B>A	Oro uostas–Centras–Fabijoniškės	1052	NULL	NULL	NULL	NULL	NULL	NULL	NULL	3G	Autobusai	3G	17		1098	NULL	NULL	NULL
missed	614655	A>B	Fabijoniškės–Centras–Oro uostas	1134	NULL	NULL	NULL	NULL	NULL	NULL	NULL	3G	Autobusai	3G	17		1177	NULL	NULL	NULL
missed	614655	B>A	Oro uostas–Centras–Fabijoniškės	1182	NULL	NULL	NULL	NULL	NULL	NULL	NULL	3G	Autobusai	3G	17		1223	NULL	NULL	NULL
missed	614655	A>B	Fabijoniškės–Centras–Oro uostas	1232	NULL	NULL	NULL	NULL	NULL	NULL	NULL	3G	Autobusai	3G	17		1273	NULL	NULL	NULL
missed	614655	B>A	Oro uostas–Centras–Fabijoniškės	1278	NULL	NULL	NULL	NULL	NULL	NULL	NULL	3G	Autobusai	3G	17		1319	NULL	NULL	NULL
missed	614656	A>B	Fabijoniškės–Centras–Oro uostas	464	NULL	NULL	NULL	NULL	NULL	NULL	NULL	3G	Autobusai	3G	18		512	NULL	NULL	NULL
missed	614656	B>A	Oro uostas–Centras–Fabijoniškės	517	NULL	NULL	NULL	NULL	NULL	NULL	NULL	3G	Autobusai	3G	18		560	NULL	NULL	NULL
missed	614656	A>B	Fabijoniškės–Centras–Oro uostas	575	NULL	NULL	NULL	NULL	NULL	NULL	NULL	3G	Autobusai	3G	18		619	NULL	NULL	NULL
missed	614656	B>A	Oro uostas–Centras–Fabijoniškės	624	NULL	NULL	NULL	NULL	NULL	NULL	NULL	3G	Autobusai	3G	18		667	NULL	NULL	NULL
missed	614656	A>B	Fabijoniškės–Centras–Oro uostas	985	NULL	NULL	NULL	NULL	NULL	NULL	NULL	3G	Autobusai	3G	18		1029	NULL	NULL	NULL
missed	614656	B>A	Oro uostas–Centras–Fabijoniškės	1034	NULL	NULL	NULL	NULL	NULL	NULL	NULL	3G	Autobusai	3G	18		1081	NULL	NULL	NULL
missed	614656	A>B	Fabijoniškės–Centras–Oro uostas	1097	NULL	NULL	NULL	NULL	NULL	NULL	NULL	3G	Autobusai	3G	18		1141	NULL	NULL	NULL
missed	614656	B>A	Oro uostas–Centras–Fabijoniškės	1146	NULL	NULL	NULL	NULL	NULL	NULL	NULL	3G	Autobusai	3G	18		1187	NULL	NULL	NULL
missed	614657	A>B	Fabijoniškės–Centras–Oro uostas	366	NULL	NULL	NULL	NULL	NULL	NULL	NULL	3G	Autobusai	3G	19		408	NULL	NULL	NULL
missed	614657	B>A	Oro uostas–Centras–Fabijoniškės	413	NULL	NULL	NULL	NULL	NULL	NULL	NULL	3G	Autobusai	3G	19		456	NULL	NULL	NULL
missed	614657	A>B	Fabijoniškės–Centras–Oro uostas	469	NULL	NULL	NULL	NULL	NULL	NULL	NULL	3G	Autobusai	3G	19		517	NULL	NULL	NULL
missed	614657	B>A	Oro uostas–Centras–Fabijoniškės	522	NULL	NULL	NULL	NULL	NULL	NULL	NULL	3G	Autobusai	3G	19		565	NULL	NULL	NULL
missed	614657	A>B	Fabijoniškės–Centras–Oro uostas	583	NULL	NULL	NULL	NULL	NULL	NULL	NULL	3G	Autobusai	3G	19		627	NULL	NULL	NULL
missed	614657	B>A	Oro uostas–Centras–Fabijoniškės	632	NULL	NULL	NULL	NULL	NULL	NULL	NULL	3G	Autobusai	3G	19		675	NULL	NULL	NULL
missed	614657	A>B	Fabijoniškės–Centras–Oro uostas	712	NULL	NULL	NULL	NULL	NULL	NULL	NULL	3G	Autobusai	3G	19		756	NULL	NULL	NULL
missed	614657	B>A	Oro uostas–Centras–Fabijoniškės	761	NULL	NULL	NULL	NULL	NULL	NULL	NULL	3G	Autobusai	3G	19		804	NULL	NULL	NULL
missed	614657	A>B	Fabijoniškės–Centras–Oro uostas	814	NULL	NULL	NULL	NULL	NULL	NULL	NULL	3G	Autobusai	3G	19		858	NULL	NULL	NULL
missed	614657	B>A	Oro uostas–Centras–Fabijoniškės	866	NULL	NULL	NULL	NULL	NULL	NULL	NULL	3G	Autobusai	3G	19		909	NULL	NULL	NULL
missed	614657	A>B	Fabijoniškės–Centras–Oro uostas	923	NULL	NULL	NULL	NULL	NULL	NULL	NULL	3G	Autobusai	3G	19		967	NULL	NULL	NULL
missed	614657	B>A	Oro uostas–Centras–Fabijoniškės	972	NULL	NULL	NULL	NULL	NULL	NULL	NULL	3G	Autobusai	3G	19		1019	NULL	NULL	NULL
missed	614657	A>B	Fabijoniškės–Centras–Oro uostas	1031	NULL	NULL	NULL	NULL	NULL	NULL	NULL	3G	Autobusai	3G	19		1075	NULL	NULL	NULL
missed	614657	B>A	Oro uostas–Centras–Fabijoniškės	1081	NULL	NULL	NULL	NULL	NULL	NULL	NULL	3G	Autobusai	3G	19		1126	NULL	NULL	NULL
missed	614657	A>B	Fabijoniškės–Centras–Oro uostas	1160	NULL	NULL	NULL	NULL	NULL	NULL	NULL	3G	Autobusai	3G	19		1202	NULL	NULL	NULL
missed	614657	B>A	Oro uostas–Centras–Fabijoniškės	1207	NULL	NULL	NULL	NULL	NULL	NULL	NULL	3G	Autobusai	3G	19		1248	NULL	NULL	NULL
missed	614657	A>B	Fabijoniškės–Centras–Oro uostas	1259	NULL	NULL	NULL	NULL	NULL	NULL	NULL	3G	Autobusai	3G	19		1300	NULL	NULL	NULL
missed	614657	B>A	Oro uostas–Centras–Fabijoniškės	1305	NULL	NULL	NULL	NULL	NULL	NULL	NULL	3G	Autobusai	3G	19		1346	NULL	NULL	NULL
missed	614657	A>B	Fabijoniškės–Centras–Oro uostas	1355	NULL	NULL	NULL	NULL	NULL	NULL	NULL	3G	Autobusai	3G	19		1396	NULL	NULL	NULL
missed	614657	B>A	Oro uostas–Centras–Fabijoniškės	1399	NULL	NULL	NULL	NULL	NULL	NULL	NULL	3G	Autobusai	3G	19		1440	NULL	NULL	NULL
missed	614658	B>A	Oro uostas–Centras–Fabijoniškės	343	NULL	NULL	NULL	NULL	NULL	NULL	NULL	3G	Autobusai	3G	20		383	NULL	NULL	NULL
missed	614658	A>B	Fabijoniškės–Centras–Oro uostas	393	NULL	NULL	NULL	NULL	NULL	NULL	NULL	3G	Autobusai	3G	20		435	NULL	NULL	NULL
missed	614658	B>A	Oro uostas–Centras–Fabijoniškės	440	NULL	NULL	NULL	NULL	NULL	NULL	NULL	3G	Autobusai	3G	20		483	NULL	NULL	NULL
missed	614658	A>B	Fabijoniškės–Centras–Oro uostas	495	NULL	NULL	NULL	NULL	NULL	NULL	NULL	3G	Autobusai	3G	20		544	NULL	NULL	NULL
missed	614658	B>A	Oro uostas–Centras–Fabijoniškės	549	NULL	NULL	NULL	NULL	NULL	NULL	NULL	3G	Autobusai	3G	20		592	NULL	NULL	NULL
missed	614658	A>B	Fabijoniškės–Centras–Oro uostas	623	NULL	NULL	NULL	NULL	NULL	NULL	NULL	3G	Autobusai	3G	20		667	NULL	NULL	NULL
missed	614658	B>A	Oro uostas–Centras–Fabijoniškės	672	NULL	NULL	NULL	NULL	NULL	NULL	NULL	3G	Autobusai	3G	20		715	NULL	NULL	NULL
missed	614658	A>B	Fabijoniškės–Centras–Oro uostas	730	NULL	NULL	NULL	NULL	NULL	NULL	NULL	3G	Autobusai	3G	20		774	NULL	NULL	NULL
missed	614658	B>A	Oro uostas–Centras–Fabijoniškės	779	NULL	NULL	NULL	NULL	NULL	NULL	NULL	3G	Autobusai	3G	20		822	NULL	NULL	NULL
missed	614658	A>B	Fabijoniškės–Centras–Oro uostas	832	NULL	NULL	NULL	NULL	NULL	NULL	NULL	3G	Autobusai	3G	20		876	NULL	NULL	NULL
missed	614658	B>A	Oro uostas–Centras–Fabijoniškės	881	NULL	NULL	NULL	NULL	NULL	NULL	NULL	3G	Autobusai	3G	20		924	NULL	NULL	NULL
missed	614658	A>B	Fabijoniškės–Centras–Oro uostas	939	NULL	NULL	NULL	NULL	NULL	NULL	NULL	3G	Autobusai	3G	20		983	NULL	NULL	NULL
missed	614658	B>A	Oro uostas–Centras–Fabijoniškės	988	NULL	NULL	NULL	NULL	NULL	NULL	NULL	3G	Autobusai	3G	20		1035	NULL	NULL	NULL
missed	614658	A>B	Fabijoniškės–Centras–Oro uostas	1048	NULL	NULL	NULL	NULL	NULL	NULL	NULL	3G	Autobusai	3G	20		1092	NULL	NULL	NULL
missed	614658	B>A	Oro uostas–Centras–Fabijoniškės	1097	NULL	NULL	NULL	NULL	NULL	NULL	NULL	3G	Autobusai	3G	20		1142	NULL	NULL	NULL
missed	614658	A>B	Fabijoniškės–Centras–Oro uostas	1177	NULL	NULL	NULL	NULL	NULL	NULL	NULL	3G	Autobusai	3G	20		1219	NULL	NULL	NULL
missed	614658	B>A	Oro uostas–Centras–Fabijoniškės	1224	NULL	NULL	NULL	NULL	NULL	NULL	NULL	3G	Autobusai	3G	20		1265	NULL	NULL	NULL
missed	614658	A>B	Fabijoniškės–Centras–Oro uostas	1275	NULL	NULL	NULL	NULL	NULL	NULL	NULL	3G	Autobusai	3G	20		1316	NULL	NULL	NULL
missed	614658	B>A	Oro uostas–Centras–Fabijoniškės	1321	NULL	NULL	NULL	NULL	NULL	NULL	NULL	3G	Autobusai	3G	20		1362	NULL	NULL	NULL
missed	103576	A>B	Stotis–Rodūnios kelias–Kirtimai	318	NULL	NULL	NULL	NULL	NULL	NULL	NULL	4	Autobusai	4	01		344	NULL	NULL	NULL
missed	103576	B>A	Kirtimai–Rodūnios kelias–Stotis	348	NULL	NULL	NULL	NULL	NULL	NULL	NULL	4	Autobusai	4	01		376	NULL	NULL	NULL
missed	103576	A>B	Stotis–Rodūnios kelias–Kirtimai	381	NULL	NULL	NULL	NULL	NULL	NULL	NULL	4	Autobusai	4	01		410	NULL	NULL	NULL
missed	103576	B>A	Kirtimai–Rodūnios kelias–Stotis	416	NULL	NULL	NULL	NULL	NULL	NULL	NULL	4	Autobusai	4	01		443	NULL	NULL	NULL
missed	103576	A>B	Stotis–Rodūnios kelias–Kirtimai	447	NULL	NULL	NULL	NULL	NULL	NULL	NULL	4	Autobusai	4	01		476	NULL	NULL	NULL
missed	103576	B>A	Kirtimai–Rodūnios kelias–Stotis	487	NULL	NULL	NULL	NULL	NULL	NULL	NULL	4	Autobusai	4	01		512	NULL	NULL	NULL
missed	103576	A>B	Stotis–Rodūnios kelias–Kirtimai	552	NULL	NULL	NULL	NULL	NULL	NULL	NULL	4	Autobusai	4	01		579	NULL	NULL	NULL
missed	103576	B>A	Kirtimai–Rodūnios kelias–Stotis	584	NULL	NULL	NULL	NULL	NULL	NULL	NULL	4	Autobusai	4	01		609	NULL	NULL	NULL
missed	103576	A>B	Stotis–Rodūnios kelias–Kirtimai	612	NULL	NULL	NULL	NULL	NULL	NULL	NULL	4	Autobusai	4	01		638	NULL	NULL	NULL
missed	103576	B>A	Kirtimai–Rodūnios kelias–Stotis	649	NULL	NULL	NULL	NULL	NULL	NULL	NULL	4	Autobusai	4	01		674	NULL	NULL	NULL
missed	103576	A>B	Stotis–Rodūnios kelias–Kirtimai	679	NULL	NULL	NULL	NULL	NULL	NULL	NULL	4	Autobusai	4	01		705	NULL	NULL	NULL
missed	103576	B>A	Kirtimai–Rodūnios kelias–Stotis	710	NULL	NULL	NULL	NULL	NULL	NULL	NULL	4	Autobusai	4	01		735	NULL	NULL	NULL
missed	103576	A>B	Stotis–Rodūnios kelias–Kirtimai	739	NULL	NULL	NULL	NULL	NULL	NULL	NULL	4	Autobusai	4	01		765	NULL	NULL	NULL
missed	103576	B>A	Kirtimai–Rodūnios kelias–Stotis	770	NULL	NULL	NULL	NULL	NULL	NULL	NULL	4	Autobusai	4	01		795	NULL	NULL	NULL
missed	103576	A>B	Stotis–Rodūnios kelias–Kirtimai	802	NULL	NULL	NULL	NULL	NULL	NULL	NULL	4	Autobusai	4	01		828	NULL	NULL	NULL
missed	103576	B>A	Kirtimai–Rodūnios kelias–Stotis	831	NULL	NULL	NULL	NULL	NULL	NULL	NULL	4	Autobusai	4	01		856	NULL	NULL	NULL
missed	103576	A>B	Stotis–Rodūnios kelias–Kirtimai	866	NULL	NULL	NULL	NULL	NULL	NULL	NULL	4	Autobusai	4	01		892	NULL	NULL	NULL
missed	103576	B>A	Kirtimai–Rodūnios kelias–Stotis	910	NULL	NULL	NULL	NULL	NULL	NULL	NULL	4	Autobusai	4	01		936	NULL	NULL	NULL
missed	103576	A>B	Stotis–Rodūnios kelias–Kirtimai	945	NULL	NULL	NULL	NULL	NULL	NULL	NULL	4	Autobusai	4	01		972	NULL	NULL	NULL
missed	103576	B>A	Kirtimai–Rodūnios kelias–Stotis	979	NULL	NULL	NULL	NULL	NULL	NULL	NULL	4	Autobusai	4	01		1006	NULL	NULL	NULL
missed	103576	A>B	Stotis–Rodūnios kelias–Kirtimai	1014	NULL	NULL	NULL	NULL	NULL	NULL	NULL	4	Autobusai	4	01		1043	NULL	NULL	NULL
missed	103576	B>A	Kirtimai–Rodūnios kelias–Stotis	1056	NULL	NULL	NULL	NULL	NULL	NULL	NULL	4	Autobusai	4	01		1083	NULL	NULL	NULL
missed	103576	A>B	Stotis–Rodūnios kelias–Kirtimai	1117	NULL	NULL	NULL	NULL	NULL	NULL	NULL	4	Autobusai	4	01		1145	NULL	NULL	NULL
missed	103576	B>A	Kirtimai–Rodūnios kelias–Stotis	1148	NULL	NULL	NULL	NULL	NULL	NULL	NULL	4	Autobusai	4	01		1175	NULL	NULL	NULL
missed	103576	A>B	Stotis–Rodūnios kelias–Kirtimai	1189	NULL	NULL	NULL	NULL	NULL	NULL	NULL	4	Autobusai	4	01		1217	NULL	NULL	NULL
missed	103576	B>A	Kirtimai–Rodūnios kelias–Stotis	1222	NULL	NULL	NULL	NULL	NULL	NULL	NULL	4	Autobusai	4	01		1247	NULL	NULL	NULL
missed	103576	A>B	Stotis–Rodūnios kelias–Kirtimai	1250	NULL	NULL	NULL	NULL	NULL	NULL	NULL	4	Autobusai	4	01		1276	NULL	NULL	NULL
missed	103576	B>A	Kirtimai–Rodūnios kelias–Stotis	1281	NULL	NULL	NULL	NULL	NULL	NULL	NULL	4	Autobusai	4	01		1306	NULL	NULL	NULL
missed	103576	A>B	Stotis–Rodūnios kelias–Kirtimai	1311	NULL	NULL	NULL	NULL	NULL	NULL	NULL	4	Autobusai	4	01		1337	NULL	NULL	NULL
missed	103576	B>A	Kirtimai–Rodūnios kelias–Stotis	1341	NULL	NULL	NULL	NULL	NULL	NULL	NULL	4	Autobusai	4	01		1365	NULL	NULL	NULL
missed	614868	A>B	Fabijoniškės–S.Stanevičiaus g.–Centras	315	NULL	NULL	NULL	NULL	NULL	NULL	NULL	40	Autobusai	40	01-Ž		347	NULL	NULL	NULL
missed	614868	B>A	Centras–S.Stanevičiaus g.–Fabijoniškės	347	NULL	NULL	NULL	NULL	NULL	NULL	NULL	40	Autobusai	40	01-Ž		370	NULL	NULL	NULL
missed	614868	A>B	Fabijoniškės–S.Stanevičiaus g.–Centras	382	NULL	NULL	NULL	NULL	NULL	NULL	NULL	40	Autobusai	40	01-Ž		417	NULL	NULL	NULL
missed	614868	B>A	Centras–S.Stanevičiaus g.–Fabijoniškės	417	NULL	NULL	NULL	NULL	NULL	NULL	NULL	40	Autobusai	40	01-Ž		441	NULL	NULL	NULL
missed	614868	A>B	Fabijoniškės–S.Stanevičiaus g.–Centras	451	NULL	NULL	NULL	NULL	NULL	NULL	NULL	40	Autobusai	40	01-Ž		488	NULL	NULL	NULL
missed	614868	B>A	Centras–S.Stanevičiaus g.–Fabijoniškės	488	NULL	NULL	NULL	NULL	NULL	NULL	NULL	40	Autobusai	40	01-Ž		512	NULL	NULL	NULL
missed	614868	A>B	Fabijoniškės–S.Stanevičiaus g.–Centras	522	NULL	NULL	NULL	NULL	NULL	NULL	NULL	40	Autobusai	40	01-Ž		559	NULL	NULL	NULL
missed	614868	B>A	Centras–S.Stanevičiaus g.–Fabijoniškės	559	NULL	NULL	NULL	NULL	NULL	NULL	NULL	40	Autobusai	40	01-Ž		583	NULL	NULL	NULL
missed	614868	A>B	Fabijoniškės–S.Stanevičiaus g.–Centras	617	NULL	NULL	NULL	NULL	NULL	NULL	NULL	40	Autobusai	40	01-Ž		652	NULL	NULL	NULL
missed	614868	B>A	Centras–S.Stanevičiaus g.–Fabijoniškės	652	NULL	NULL	NULL	NULL	NULL	NULL	NULL	40	Autobusai	40	01-Ž		676	NULL	NULL	NULL
missed	614868	A>B	Fabijoniškės–S.Stanevičiaus g.–Centras	693	NULL	NULL	NULL	NULL	NULL	NULL	NULL	40	Autobusai	40	01-Ž		728	NULL	NULL	NULL
missed	614868	B>A	Centras–S.Stanevičiaus g.–Fabijoniškės	728	NULL	NULL	NULL	NULL	NULL	NULL	NULL	40	Autobusai	40	01-Ž		752	NULL	NULL	NULL
missed	614868	A>B	Fabijoniškės–S.Stanevičiaus g.–Centras	761	NULL	NULL	NULL	NULL	NULL	NULL	NULL	40	Autobusai	40	01-Ž		796	NULL	NULL	NULL
missed	614868	B>A	Centras–S.Stanevičiaus g.–Fabijoniškės	796	NULL	NULL	NULL	NULL	NULL	NULL	NULL	40	Autobusai	40	01-Ž		820	NULL	NULL	NULL
missed	614868	A>B	Fabijoniškės–S.Stanevičiaus g.–Centras	830	NULL	NULL	NULL	NULL	NULL	NULL	NULL	40	Autobusai	40	01-Ž		865	NULL	NULL	NULL
missed	614868	B>A	Centras–S.Stanevičiaus g.–Fabijoniškės	865	NULL	NULL	NULL	NULL	NULL	NULL	NULL	40	Autobusai	40	01-Ž		889	NULL	NULL	NULL
missed	614868	A>B	Fabijoniškės–S.Stanevičiaus g.–Centras	899	NULL	NULL	NULL	NULL	NULL	NULL	NULL	40	Autobusai	40	01-Ž		934	NULL	NULL	NULL
missed	614868	B>A	Centras–S.Stanevičiaus g.–Fabijoniškės	934	NULL	NULL	NULL	NULL	NULL	NULL	NULL	40	Autobusai	40	01-Ž		958	NULL	NULL	NULL
missed	614868	A>B	Fabijoniškės–S.Stanevičiaus g.–Centras	966	NULL	NULL	NULL	NULL	NULL	NULL	NULL	40	Autobusai	40	01-Ž		1001	NULL	NULL	NULL
missed	614868	B>A	Centras–S.Stanevičiaus g.–Fabijoniškės	1001	NULL	NULL	NULL	NULL	NULL	NULL	NULL	40	Autobusai	40	01-Ž		1027	NULL	NULL	NULL
missed	614868	A>B	Fabijoniškės–S.Stanevičiaus g.–Centras	1036	NULL	NULL	NULL	NULL	NULL	NULL	NULL	40	Autobusai	40	01-Ž		1071	NULL	NULL	NULL
missed	614868	B>A	Centras–S.Stanevičiaus g.–Fabijoniškės	1071	NULL	NULL	NULL	NULL	NULL	NULL	NULL	40	Autobusai	40	01-Ž		1097	NULL	NULL	NULL
missed	614868	A>B	Fabijoniškės–S.Stanevičiaus g.–Centras	1127	NULL	NULL	NULL	NULL	NULL	NULL	NULL	40	Autobusai	40	01-Ž		1162	NULL	NULL	NULL
missed	614868	B>A	Centras–S.Stanevičiaus g.–Fabijoniškės	1162	NULL	NULL	NULL	NULL	NULL	NULL	NULL	40	Autobusai	40	01-Ž		1186	NULL	NULL	NULL
missed	614868	A>B	Fabijoniškės–S.Stanevičiaus g.–Centras	1196	NULL	NULL	NULL	NULL	NULL	NULL	NULL	40	Autobusai	40	01-Ž		1228	NULL	NULL	NULL
missed	614868	B>A	Centras–S.Stanevičiaus g.–Fabijoniškės	1228	NULL	NULL	NULL	NULL	NULL	NULL	NULL	40	Autobusai	40	01-Ž		1251	NULL	NULL	NULL
missed	614868	A>B	Fabijoniškės–S.Stanevičiaus g.–Centras	1261	NULL	NULL	NULL	NULL	NULL	NULL	NULL	40	Autobusai	40	01-Ž		1293	NULL	NULL	NULL
missed	614868	B>A	Centras–S.Stanevičiaus g.–Fabijoniškės	1293	NULL	NULL	NULL	NULL	NULL	NULL	NULL	40	Autobusai	40	01-Ž		1316	NULL	NULL	NULL
missed	614868	A>B	Fabijoniškės–S.Stanevičiaus g.–Centras	1326	NULL	NULL	NULL	NULL	NULL	NULL	NULL	40	Autobusai	40	01-Ž		1358	NULL	NULL	NULL
missed	614868	B>A	Centras–S.Stanevičiaus g.–Fabijoniškės	1358	NULL	NULL	NULL	NULL	NULL	NULL	NULL	40	Autobusai	40	01-Ž		1381	NULL	NULL	NULL
missed	614865	A>B	Fabijoniškės–S.Stanevičiaus g.–Centras	394	NULL	NULL	NULL	NULL	NULL	NULL	NULL	40	Autobusai	40	02		429	NULL	NULL	NULL
missed	614865	B>A	Centras–S.Stanevičiaus g.–Fabijoniškės	429	NULL	NULL	NULL	NULL	NULL	NULL	NULL	40	Autobusai	40	02		453	NULL	NULL	NULL
missed	614865	A>B	Fabijoniškės–S.Stanevičiaus g.–Centras	465	NULL	NULL	NULL	NULL	NULL	NULL	NULL	40	Autobusai	40	02		502	NULL	NULL	NULL
missed	614865	B>A	Centras–S.Stanevičiaus g.–Fabijoniškės	502	NULL	NULL	NULL	NULL	NULL	NULL	NULL	40	Autobusai	40	02		526	NULL	NULL	NULL
missed	614865	A>B	Fabijoniškės–S.Stanevičiaus g.–Centras	537	NULL	NULL	NULL	NULL	NULL	NULL	NULL	40	Autobusai	40	02		572	NULL	NULL	NULL
missed	614865	B>A	Centras–S.Stanevičiaus g.–Fabijoniškės	572	NULL	NULL	NULL	NULL	NULL	NULL	NULL	40	Autobusai	40	02		596	NULL	NULL	NULL
missed	614865	A>B	Fabijoniškės–S.Stanevičiaus g.–Centras	935	NULL	NULL	NULL	NULL	NULL	NULL	NULL	40	Autobusai	40	02		970	NULL	NULL	NULL
missed	614865	B>A	Centras–S.Stanevičiaus g.–Fabijoniškės	970	NULL	NULL	NULL	NULL	NULL	NULL	NULL	40	Autobusai	40	02		996	NULL	NULL	NULL
missed	614865	A>B	Fabijoniškės–S.Stanevičiaus g.–Centras	1006	NULL	NULL	NULL	NULL	NULL	NULL	NULL	40	Autobusai	40	02		1041	NULL	NULL	NULL
missed	614865	B>A	Centras–S.Stanevičiaus g.–Fabijoniškės	1041	NULL	NULL	NULL	NULL	NULL	NULL	NULL	40	Autobusai	40	02		1067	NULL	NULL	NULL
missed	614865	A>B	Fabijoniškės–S.Stanevičiaus g.–Centras	1077	NULL	NULL	NULL	NULL	NULL	NULL	NULL	40	Autobusai	40	02		1112	NULL	NULL	NULL
missed	614865	B>A	Centras–S.Stanevičiaus g.–Fabijoniškės	1112	NULL	NULL	NULL	NULL	NULL	NULL	NULL	40	Autobusai	40	02		1138	NULL	NULL	NULL
missed	614864	A>B	Fabijoniškės–S.Stanevičiaus g.–Centras	333	NULL	NULL	NULL	NULL	NULL	NULL	NULL	40	Autobusai	40	03		365	NULL	NULL	NULL
missed	614864	B>A	Centras–S.Stanevičiaus g.–Fabijoniškės	365	NULL	NULL	NULL	NULL	NULL	NULL	NULL	40	Autobusai	40	03		389	NULL	NULL	NULL
missed	614864	A>B	Fabijoniškės–S.Stanevičiaus g.–Centras	401	NULL	NULL	NULL	NULL	NULL	NULL	NULL	40	Autobusai	40	03		436	NULL	NULL	NULL
missed	614864	B>A	Centras–S.Stanevičiaus g.–Fabijoniškės	436	NULL	NULL	NULL	NULL	NULL	NULL	NULL	40	Autobusai	40	03		460	NULL	NULL	NULL
missed	614864	A>B	Fabijoniškės–S.Stanevičiaus g.–Centras	472	NULL	NULL	NULL	NULL	NULL	NULL	NULL	40	Autobusai	40	03		509	NULL	NULL	NULL
missed	614864	B>A	Centras–S.Stanevičiaus g.–Fabijoniškės	509	NULL	NULL	NULL	NULL	NULL	NULL	NULL	40	Autobusai	40	03		533	NULL	NULL	NULL
missed	614864	A>B	Fabijoniškės–S.Stanevičiaus g.–Centras	544	NULL	NULL	NULL	NULL	NULL	NULL	NULL	40	Autobusai	40	03		579	NULL	NULL	NULL
missed	614864	B>A	Centras–S.Stanevičiaus g.–Fabijoniškės	579	NULL	NULL	NULL	NULL	NULL	NULL	NULL	40	Autobusai	40	03		603	NULL	NULL	NULL
missed	614864	A>B	Fabijoniškės–S.Stanevičiaus g.–Centras	633	NULL	NULL	NULL	NULL	NULL	NULL	NULL	40	Autobusai	40	03		668	NULL	NULL	NULL
missed	614864	B>A	Centras–S.Stanevičiaus g.–Fabijoniškės	668	NULL	NULL	NULL	NULL	NULL	NULL	NULL	40	Autobusai	40	03		692	NULL	NULL	NULL
missed	614864	A>B	Fabijoniškės–S.Stanevičiaus g.–Centras	706	NULL	NULL	NULL	NULL	NULL	NULL	NULL	40	Autobusai	40	03		741	NULL	NULL	NULL
missed	614864	B>A	Centras–S.Stanevičiaus g.–Fabijoniškės	741	NULL	NULL	NULL	NULL	NULL	NULL	NULL	40	Autobusai	40	03		765	NULL	NULL	NULL
missed	614864	A>B	Fabijoniškės–S.Stanevičiaus g.–Centras	775	NULL	NULL	NULL	NULL	NULL	NULL	NULL	40	Autobusai	40	03		810	NULL	NULL	NULL
missed	614864	B>A	Centras–S.Stanevičiaus g.–Fabijoniškės	810	NULL	NULL	NULL	NULL	NULL	NULL	NULL	40	Autobusai	40	03		834	NULL	NULL	NULL
missed	614864	A>B	Fabijoniškės–S.Stanevičiaus g.–Centras	844	NULL	NULL	NULL	NULL	NULL	NULL	NULL	40	Autobusai	40	03		879	NULL	NULL	NULL
missed	614864	B>A	Centras–S.Stanevičiaus g.–Fabijoniškės	879	NULL	NULL	NULL	NULL	NULL	NULL	NULL	40	Autobusai	40	03		903	NULL	NULL	NULL
missed	614864	A>B	Fabijoniškės–S.Stanevičiaus g.–Centras	913	NULL	NULL	NULL	NULL	NULL	NULL	NULL	40	Autobusai	40	03		948	NULL	NULL	NULL
missed	614864	B>A	Centras–S.Stanevičiaus g.–Fabijoniškės	948	NULL	NULL	NULL	NULL	NULL	NULL	NULL	40	Autobusai	40	03		972	NULL	NULL	NULL
missed	614864	A>B	Fabijoniškės–S.Stanevičiaus g.–Centras	981	NULL	NULL	NULL	NULL	NULL	NULL	NULL	40	Autobusai	40	03		1016	NULL	NULL	NULL
missed	614864	B>A	Centras–S.Stanevičiaus g.–Fabijoniškės	1016	NULL	NULL	NULL	NULL	NULL	NULL	NULL	40	Autobusai	40	03		1042	NULL	NULL	NULL
missed	614864	A>B	Fabijoniškės–S.Stanevičiaus g.–Centras	1051	NULL	NULL	NULL	NULL	NULL	NULL	NULL	40	Autobusai	40	03		1086	NULL	NULL	NULL
missed	614864	B>A	Centras–S.Stanevičiaus g.–Fabijoniškės	1086	NULL	NULL	NULL	NULL	NULL	NULL	NULL	40	Autobusai	40	03		1112	NULL	NULL	NULL
missed	614864	A>B	Fabijoniškės–S.Stanevičiaus g.–Centras	1151	NULL	NULL	NULL	NULL	NULL	NULL	NULL	40	Autobusai	40	03		1186	NULL	NULL	NULL
missed	614864	B>A	Centras–S.Stanevičiaus g.–Fabijoniškės	1186	NULL	NULL	NULL	NULL	NULL	NULL	NULL	40	Autobusai	40	03		1209	NULL	NULL	NULL
missed	614864	A>B	Fabijoniškės–S.Stanevičiaus g.–Centras	1222	NULL	NULL	NULL	NULL	NULL	NULL	NULL	40	Autobusai	40	03		1254	NULL	NULL	NULL
missed	614864	B>A	Centras–S.Stanevičiaus g.–Fabijoniškės	1254	NULL	NULL	NULL	NULL	NULL	NULL	NULL	40	Autobusai	40	03		1277	NULL	NULL	NULL
missed	614864	A>B	Fabijoniškės–S.Stanevičiaus g.–Centras	1287	NULL	NULL	NULL	NULL	NULL	NULL	NULL	40	Autobusai	40	03		1319	NULL	NULL	NULL
missed	614864	B>A	Centras–S.Stanevičiaus g.–Fabijoniškės	1319	NULL	NULL	NULL	NULL	NULL	NULL	NULL	40	Autobusai	40	03		1342	NULL	NULL	NULL
missed	614864	A>B	Fabijoniškės–S.Stanevičiaus g.–Centras	1353	NULL	NULL	NULL	NULL	NULL	NULL	NULL	40	Autobusai	40	03		1385	NULL	NULL	NULL
missed	614864	B>A	Centras–S.Stanevičiaus g.–Fabijoniškės	1385	NULL	NULL	NULL	NULL	NULL	NULL	NULL	40	Autobusai	40	03		1408	NULL	NULL	NULL
missed	614867	A>B	Fabijoniškės–S.Stanevičiaus g.–Centras	408	NULL	NULL	NULL	NULL	NULL	NULL	NULL	40	Autobusai	40	04		445	NULL	NULL	NULL
missed	614867	B>A	Centras–S.Stanevičiaus g.–Fabijoniškės	445	NULL	NULL	NULL	NULL	NULL	NULL	NULL	40	Autobusai	40	04		469	NULL	NULL	NULL
missed	614867	A>B	Fabijoniškės–S.Stanevičiaus g.–Centras	479	NULL	NULL	NULL	NULL	NULL	NULL	NULL	40	Autobusai	40	04		516	NULL	NULL	NULL
missed	614867	B>A	Centras–S.Stanevičiaus g.–Fabijoniškės	516	NULL	NULL	NULL	NULL	NULL	NULL	NULL	40	Autobusai	40	04		540	NULL	NULL	NULL
missed	614867	A>B	Fabijoniškės–S.Stanevičiaus g.–Centras	551	NULL	NULL	NULL	NULL	NULL	NULL	NULL	40	Autobusai	40	04		586	NULL	NULL	NULL
missed	614867	B>A	Centras–S.Stanevičiaus g.–Fabijoniškės	586	NULL	NULL	NULL	NULL	NULL	NULL	NULL	40	Autobusai	40	04		610	NULL	NULL	NULL
missed	614867	A>B	Fabijoniškės–S.Stanevičiaus g.–Centras	973	NULL	NULL	NULL	NULL	NULL	NULL	NULL	40	Autobusai	40	04		1008	NULL	NULL	NULL
missed	614867	B>A	Centras–S.Stanevičiaus g.–Fabijoniškės	1008	NULL	NULL	NULL	NULL	NULL	NULL	NULL	40	Autobusai	40	04		1034	NULL	NULL	NULL
missed	614867	A>B	Fabijoniškės–S.Stanevičiaus g.–Centras	1044	NULL	NULL	NULL	NULL	NULL	NULL	NULL	40	Autobusai	40	04		1079	NULL	NULL	NULL
missed	614867	B>A	Centras–S.Stanevičiaus g.–Fabijoniškės	1079	NULL	NULL	NULL	NULL	NULL	NULL	NULL	40	Autobusai	40	04		1105	NULL	NULL	NULL
missed	614867	A>B	Fabijoniškės–S.Stanevičiaus g.–Centras	1117	NULL	NULL	NULL	NULL	NULL	NULL	NULL	40	Autobusai	40	04		1151	NULL	NULL	NULL
missed	614867	B>A	Centras–S.Stanevičiaus g.–Fabijoniškės	1151	NULL	NULL	NULL	NULL	NULL	NULL	NULL	40	Autobusai	40	04		1175	NULL	NULL	NULL
missed	614866	A>B	Fabijoniškės–S.Stanevičiaus g.–Centras	347	NULL	NULL	NULL	NULL	NULL	NULL	NULL	40	Autobusai	40	05		381	NULL	NULL	NULL
missed	614866	B>A	Centras–S.Stanevičiaus g.–Fabijoniškės	381	NULL	NULL	NULL	NULL	NULL	NULL	NULL	40	Autobusai	40	05		405	NULL	NULL	NULL
missed	614866	A>B	Fabijoniškės–S.Stanevičiaus g.–Centras	415	NULL	NULL	NULL	NULL	NULL	NULL	NULL	40	Autobusai	40	05		452	NULL	NULL	NULL
missed	614866	B>A	Centras–S.Stanevičiaus g.–Fabijoniškės	452	NULL	NULL	NULL	NULL	NULL	NULL	NULL	40	Autobusai	40	05		476	NULL	NULL	NULL
missed	614866	A>B	Fabijoniškės–S.Stanevičiaus g.–Centras	486	NULL	NULL	NULL	NULL	NULL	NULL	NULL	40	Autobusai	40	05		523	NULL	NULL	NULL
missed	614866	B>A	Centras–S.Stanevičiaus g.–Fabijoniškės	523	NULL	NULL	NULL	NULL	NULL	NULL	NULL	40	Autobusai	40	05		547	NULL	NULL	NULL
missed	614866	A>B	Fabijoniškės–S.Stanevičiaus g.–Centras	557	NULL	NULL	NULL	NULL	NULL	NULL	NULL	40	Autobusai	40	05		592	NULL	NULL	NULL
missed	614866	B>A	Centras–S.Stanevičiaus g.–Fabijoniškės	592	NULL	NULL	NULL	NULL	NULL	NULL	NULL	40	Autobusai	40	05		616	NULL	NULL	NULL
missed	614866	A>B	Fabijoniškės–S.Stanevičiaus g.–Centras	649	NULL	NULL	NULL	NULL	NULL	NULL	NULL	40	Autobusai	40	05		684	NULL	NULL	NULL
missed	614866	B>A	Centras–S.Stanevičiaus g.–Fabijoniškės	684	NULL	NULL	NULL	NULL	NULL	NULL	NULL	40	Autobusai	40	05		708	NULL	NULL	NULL
missed	614866	A>B	Fabijoniškės–S.Stanevičiaus g.–Centras	719	NULL	NULL	NULL	NULL	NULL	NULL	NULL	40	Autobusai	40	05		754	NULL	NULL	NULL
missed	614866	B>A	Centras–S.Stanevičiaus g.–Fabijoniškės	754	NULL	NULL	NULL	NULL	NULL	NULL	NULL	40	Autobusai	40	05		778	NULL	NULL	NULL
missed	614866	A>B	Fabijoniškės–S.Stanevičiaus g.–Centras	788	NULL	NULL	NULL	NULL	NULL	NULL	NULL	40	Autobusai	40	05		823	NULL	NULL	NULL
missed	614866	B>A	Centras–S.Stanevičiaus g.–Fabijoniškės	823	NULL	NULL	NULL	NULL	NULL	NULL	NULL	40	Autobusai	40	05		847	NULL	NULL	NULL
missed	614866	A>B	Fabijoniškės–S.Stanevičiaus g.–Centras	857	NULL	NULL	NULL	NULL	NULL	NULL	NULL	40	Autobusai	40	05		892	NULL	NULL	NULL
missed	614866	B>A	Centras–S.Stanevičiaus g.–Fabijoniškės	892	NULL	NULL	NULL	NULL	NULL	NULL	NULL	40	Autobusai	40	05		916	NULL	NULL	NULL
missed	614866	A>B	Fabijoniškės–S.Stanevičiaus g.–Centras	927	NULL	NULL	NULL	NULL	NULL	NULL	NULL	40	Autobusai	40	05		962	NULL	NULL	NULL
missed	614866	B>A	Centras–S.Stanevičiaus g.–Fabijoniškės	962	NULL	NULL	NULL	NULL	NULL	NULL	NULL	40	Autobusai	40	05		988	NULL	NULL	NULL
missed	614866	A>B	Fabijoniškės–S.Stanevičiaus g.–Centras	1000	NULL	NULL	NULL	NULL	NULL	NULL	NULL	40	Autobusai	40	05		1035	NULL	NULL	NULL
missed	614866	B>A	Centras–S.Stanevičiaus g.–Fabijoniškės	1035	NULL	NULL	NULL	NULL	NULL	NULL	NULL	40	Autobusai	40	05		1061	NULL	NULL	NULL
missed	614866	A>B	Fabijoniškės–S.Stanevičiaus g.–Centras	1071	NULL	NULL	NULL	NULL	NULL	NULL	NULL	40	Autobusai	40	05		1106	NULL	NULL	NULL
missed	614866	B>A	Centras–S.Stanevičiaus g.–Fabijoniškės	1106	NULL	NULL	NULL	NULL	NULL	NULL	NULL	40	Autobusai	40	05		1132	NULL	NULL	NULL
missed	614866	A>B	Fabijoniškės–S.Stanevičiaus g.–Centras	1172	NULL	NULL	NULL	NULL	NULL	NULL	NULL	40	Autobusai	40	05		1206	NULL	NULL	NULL
missed	614866	B>A	Centras–S.Stanevičiaus g.–Fabijoniškės	1206	NULL	NULL	NULL	NULL	NULL	NULL	NULL	40	Autobusai	40	05		1229	NULL	NULL	NULL
missed	614866	A>B	Fabijoniškės–S.Stanevičiaus g.–Centras	1238	NULL	NULL	NULL	NULL	NULL	NULL	NULL	40	Autobusai	40	05		1270	NULL	NULL	NULL
missed	614866	B>A	Centras–S.Stanevičiaus g.–Fabijoniškės	1270	NULL	NULL	NULL	NULL	NULL	NULL	NULL	40	Autobusai	40	05		1293	NULL	NULL	NULL
missed	614866	A>B	Fabijoniškės–S.Stanevičiaus g.–Centras	1301	NULL	NULL	NULL	NULL	NULL	NULL	NULL	40	Autobusai	40	05		1333	NULL	NULL	NULL
missed	614866	B>A	Centras–S.Stanevičiaus g.–Fabijoniškės	1333	NULL	NULL	NULL	NULL	NULL	NULL	NULL	40	Autobusai	40	05		1356	NULL	NULL	NULL
missed	614866	A>B	Fabijoniškės–S.Stanevičiaus g.–Centras	1366	NULL	NULL	NULL	NULL	NULL	NULL	NULL	40	Autobusai	40	05		1398	NULL	NULL	NULL
missed	614866	B>A	Centras–S.Stanevičiaus g.–Fabijoniškės	1398	NULL	NULL	NULL	NULL	NULL	NULL	NULL	40	Autobusai	40	05		1421	NULL	NULL	NULL
missed	614869	A>B	Fabijoniškės–S.Stanevičiaus g.–Centras	357	NULL	NULL	NULL	NULL	NULL	NULL	NULL	40	Autobusai	40	06		392	NULL	NULL	NULL
missed	614869	B>A	Centras–S.Stanevičiaus g.–Fabijoniškės	392	NULL	NULL	NULL	NULL	NULL	NULL	NULL	40	Autobusai	40	06		416	NULL	NULL	NULL
missed	614869	A>B	Fabijoniškės–S.Stanevičiaus g.–Centras	429	NULL	NULL	NULL	NULL	NULL	NULL	NULL	40	Autobusai	40	06		466	NULL	NULL	NULL
missed	614869	B>A	Centras–S.Stanevičiaus g.–Fabijoniškės	466	NULL	NULL	NULL	NULL	NULL	NULL	NULL	40	Autobusai	40	06		490	NULL	NULL	NULL
missed	614869	A>B	Fabijoniškės–S.Stanevičiaus g.–Centras	500	NULL	NULL	NULL	NULL	NULL	NULL	NULL	40	Autobusai	40	06		537	NULL	NULL	NULL
missed	614869	B>A	Centras–S.Stanevičiaus g.–Fabijoniškės	537	NULL	NULL	NULL	NULL	NULL	NULL	NULL	40	Autobusai	40	06		561	NULL	NULL	NULL
missed	614869	A>B	Fabijoniškės–S.Stanevičiaus g.–Centras	571	NULL	NULL	NULL	NULL	NULL	NULL	NULL	40	Autobusai	40	06		606	NULL	NULL	NULL
missed	614869	B>A	Centras–S.Stanevičiaus g.–Fabijoniškės	606	NULL	NULL	NULL	NULL	NULL	NULL	NULL	40	Autobusai	40	06		630	NULL	NULL	NULL
missed	614869	A>B	Fabijoniškės–S.Stanevičiaus g.–Centras	950	NULL	NULL	NULL	NULL	NULL	NULL	NULL	40	Autobusai	40	06		985	NULL	NULL	NULL
missed	614869	B>A	Centras–S.Stanevičiaus g.–Fabijoniškės	985	NULL	NULL	NULL	NULL	NULL	NULL	NULL	40	Autobusai	40	06		1011	NULL	NULL	NULL
missed	614869	A>B	Fabijoniškės–S.Stanevičiaus g.–Centras	1024	NULL	NULL	NULL	NULL	NULL	NULL	NULL	40	Autobusai	40	06		1059	NULL	NULL	NULL
missed	614869	B>A	Centras–S.Stanevičiaus g.–Fabijoniškės	1059	NULL	NULL	NULL	NULL	NULL	NULL	NULL	40	Autobusai	40	06		1085	NULL	NULL	NULL
missed	614869	A>B	Fabijoniškės–S.Stanevičiaus g.–Centras	1101	NULL	NULL	NULL	NULL	NULL	NULL	NULL	40	Autobusai	40	06		1136	NULL	NULL	NULL
missed	614869	B>A	Centras–S.Stanevičiaus g.–Fabijoniškės	1136	NULL	NULL	NULL	NULL	NULL	NULL	NULL	40	Autobusai	40	06		1162	NULL	NULL	NULL
missed	614870	A>B	Fabijoniškės–S.Stanevičiaus g.–Centras	367	NULL	NULL	NULL	NULL	NULL	NULL	NULL	40	Autobusai	40	07		402	NULL	NULL	NULL
missed	614870	B>A	Centras–S.Stanevičiaus g.–Fabijoniškės	402	NULL	NULL	NULL	NULL	NULL	NULL	NULL	40	Autobusai	40	07		426	NULL	NULL	NULL
missed	614870	A>B	Fabijoniškės–S.Stanevičiaus g.–Centras	436	NULL	NULL	NULL	NULL	NULL	NULL	NULL	40	Autobusai	40	07		473	NULL	NULL	NULL
missed	614870	B>A	Centras–S.Stanevičiaus g.–Fabijoniškės	473	NULL	NULL	NULL	NULL	NULL	NULL	NULL	40	Autobusai	40	07		497	NULL	NULL	NULL
missed	614870	A>B	Fabijoniškės–S.Stanevičiaus g.–Centras	507	NULL	NULL	NULL	NULL	NULL	NULL	NULL	40	Autobusai	40	07		544	NULL	NULL	NULL
missed	614870	B>A	Centras–S.Stanevičiaus g.–Fabijoniškės	544	NULL	NULL	NULL	NULL	NULL	NULL	NULL	40	Autobusai	40	07		568	NULL	NULL	NULL
missed	614870	A>B	Fabijoniškės–S.Stanevičiaus g.–Centras	578	NULL	NULL	NULL	NULL	NULL	NULL	NULL	40	Autobusai	40	07		613	NULL	NULL	NULL
missed	614870	B>A	Centras–S.Stanevičiaus g.–Fabijoniškės	613	NULL	NULL	NULL	NULL	NULL	NULL	NULL	40	Autobusai	40	07		637	NULL	NULL	NULL
missed	614870	A>B	Fabijoniškės–S.Stanevičiaus g.–Centras	667	NULL	NULL	NULL	NULL	NULL	NULL	NULL	40	Autobusai	40	07		702	NULL	NULL	NULL
missed	614870	B>A	Centras–S.Stanevičiaus g.–Fabijoniškės	702	NULL	NULL	NULL	NULL	NULL	NULL	NULL	40	Autobusai	40	07		726	NULL	NULL	NULL
missed	614870	A>B	Fabijoniškės–S.Stanevičiaus g.–Centras	735	NULL	NULL	NULL	NULL	NULL	NULL	NULL	40	Autobusai	40	07		770	NULL	NULL	NULL
missed	614870	B>A	Centras–S.Stanevičiaus g.–Fabijoniškės	770	NULL	NULL	NULL	NULL	NULL	NULL	NULL	40	Autobusai	40	07		794	NULL	NULL	NULL
missed	614870	A>B	Fabijoniškės–S.Stanevičiaus g.–Centras	804	NULL	NULL	NULL	NULL	NULL	NULL	NULL	40	Autobusai	40	07		839	NULL	NULL	NULL
missed	614870	B>A	Centras–S.Stanevičiaus g.–Fabijoniškės	839	NULL	NULL	NULL	NULL	NULL	NULL	NULL	40	Autobusai	40	07		863	NULL	NULL	NULL
missed	614870	A>B	Fabijoniškės–S.Stanevičiaus g.–Centras	873	NULL	NULL	NULL	NULL	NULL	NULL	NULL	40	Autobusai	40	07		908	NULL	NULL	NULL
missed	614870	B>A	Centras–S.Stanevičiaus g.–Fabijoniškės	908	NULL	NULL	NULL	NULL	NULL	NULL	NULL	40	Autobusai	40	07		932	NULL	NULL	NULL
missed	614870	A>B	Fabijoniškės–S.Stanevičiaus g.–Centras	943	NULL	NULL	NULL	NULL	NULL	NULL	NULL	40	Autobusai	40	07		978	NULL	NULL	NULL
missed	614870	B>A	Centras–S.Stanevičiaus g.–Fabijoniškės	978	NULL	NULL	NULL	NULL	NULL	NULL	NULL	40	Autobusai	40	07		1004	NULL	NULL	NULL
missed	614870	A>B	Fabijoniškės–S.Stanevičiaus g.–Centras	1018	NULL	NULL	NULL	NULL	NULL	NULL	NULL	40	Autobusai	40	07		1053	NULL	NULL	NULL
missed	614870	B>A	Centras–S.Stanevičiaus g.–Fabijoniškės	1053	NULL	NULL	NULL	NULL	NULL	NULL	NULL	40	Autobusai	40	07		1079	NULL	NULL	NULL
missed	614870	A>B	Fabijoniškės–S.Stanevičiaus g.–Centras	1093	NULL	NULL	NULL	NULL	NULL	NULL	NULL	40	Autobusai	40	07		1128	NULL	NULL	NULL
missed	614870	B>A	Centras–S.Stanevičiaus g.–Fabijoniškės	1128	NULL	NULL	NULL	NULL	NULL	NULL	NULL	40	Autobusai	40	07		1154	NULL	NULL	NULL
missed	614870	A>B	Fabijoniškės–S.Stanevičiaus g.–Centras	1184	NULL	NULL	NULL	NULL	NULL	NULL	NULL	40	Autobusai	40	07		1216	NULL	NULL	NULL
missed	614870	B>A	Centras–S.Stanevičiaus g.–Fabijoniškės	1216	NULL	NULL	NULL	NULL	NULL	NULL	NULL	40	Autobusai	40	07		1239	NULL	NULL	NULL
missed	614870	A>B	Fabijoniškės–S.Stanevičiaus g.–Centras	1250	NULL	NULL	NULL	NULL	NULL	NULL	NULL	40	Autobusai	40	07		1282	NULL	NULL	NULL
missed	614870	B>A	Centras–S.Stanevičiaus g.–Fabijoniškės	1282	NULL	NULL	NULL	NULL	NULL	NULL	NULL	40	Autobusai	40	07		1305	NULL	NULL	NULL
missed	614870	A>B	Fabijoniškės–S.Stanevičiaus g.–Centras	1315	NULL	NULL	NULL	NULL	NULL	NULL	NULL	40	Autobusai	40	07		1347	NULL	NULL	NULL
missed	614870	B>A	Centras–S.Stanevičiaus g.–Fabijoniškės	1347	NULL	NULL	NULL	NULL	NULL	NULL	NULL	40	Autobusai	40	07		1370	NULL	NULL	NULL
missed	614870	A>B	Fabijoniškės–S.Stanevičiaus g.–Centras	1381	NULL	NULL	NULL	NULL	NULL	NULL	NULL	40	Autobusai	40	07		1413	NULL	NULL	NULL
missed	614870	B>A	Centras–S.Stanevičiaus g.–Fabijoniškės	1413	NULL	NULL	NULL	NULL	NULL	NULL	NULL	40	Autobusai	40	07		1436	NULL	NULL	NULL
missed	614871	A>B	Fabijoniškės–S.Stanevičiaus g.–Centras	422	NULL	NULL	NULL	NULL	NULL	NULL	NULL	40	Autobusai	40	08		459	NULL	NULL	NULL
missed	614871	B>A	Centras–S.Stanevičiaus g.–Fabijoniškės	459	NULL	NULL	NULL	NULL	NULL	NULL	NULL	40	Autobusai	40	08		483	NULL	NULL	NULL
missed	614871	A>B	Fabijoniškės–S.Stanevičiaus g.–Centras	493	NULL	NULL	NULL	NULL	NULL	NULL	NULL	40	Autobusai	40	08		530	NULL	NULL	NULL
missed	614871	B>A	Centras–S.Stanevičiaus g.–Fabijoniškės	530	NULL	NULL	NULL	NULL	NULL	NULL	NULL	40	Autobusai	40	08		554	NULL	NULL	NULL
missed	614871	A>B	Fabijoniškės–S.Stanevičiaus g.–Centras	565	NULL	NULL	NULL	NULL	NULL	NULL	NULL	40	Autobusai	40	08		600	NULL	NULL	NULL
missed	614871	B>A	Centras–S.Stanevičiaus g.–Fabijoniškės	600	NULL	NULL	NULL	NULL	NULL	NULL	NULL	40	Autobusai	40	08		624	NULL	NULL	NULL
missed	614871	A>B	Fabijoniškės–S.Stanevičiaus g.–Centras	988	NULL	NULL	NULL	NULL	NULL	NULL	NULL	40	Autobusai	40	08		1023	NULL	NULL	NULL
missed	614871	B>A	Centras–S.Stanevičiaus g.–Fabijoniškės	1023	NULL	NULL	NULL	NULL	NULL	NULL	NULL	40	Autobusai	40	08		1049	NULL	NULL	NULL
missed	614871	A>B	Fabijoniškės–S.Stanevičiaus g.–Centras	1059	NULL	NULL	NULL	NULL	NULL	NULL	NULL	40	Autobusai	40	08		1094	NULL	NULL	NULL
missed	614871	B>A	Centras–S.Stanevičiaus g.–Fabijoniškės	1094	NULL	NULL	NULL	NULL	NULL	NULL	NULL	40	Autobusai	40	08		1120	NULL	NULL	NULL
missed	614871	A>B	Fabijoniškės–S.Stanevičiaus g.–Centras	1135	NULL	NULL	NULL	NULL	NULL	NULL	NULL	40	Autobusai	40	08		1170	NULL	NULL	NULL
missed	614871	B>A	Centras–S.Stanevičiaus g.–Fabijoniškės	1170	NULL	NULL	NULL	NULL	NULL	NULL	NULL	40	Autobusai	40	08		1194	NULL	NULL	NULL
missed	614872	A>B	Fabijoniškės–S.Stanevičiaus g.–Centras	375	NULL	NULL	NULL	NULL	NULL	NULL	NULL	40	Autobusai	40	09		410	NULL	NULL	NULL
missed	614872	B>A	Centras–S.Stanevičiaus g.–Fabijoniškės	410	NULL	NULL	NULL	NULL	NULL	NULL	NULL	40	Autobusai	40	09		434	NULL	NULL	NULL
missed	614872	A>B	Fabijoniškės–S.Stanevičiaus g.–Centras	443	NULL	NULL	NULL	NULL	NULL	NULL	NULL	40	Autobusai	40	09		480	NULL	NULL	NULL
missed	614872	B>A	Centras–S.Stanevičiaus g.–Fabijoniškės	480	NULL	NULL	NULL	NULL	NULL	NULL	NULL	40	Autobusai	40	09		504	NULL	NULL	NULL
missed	614872	A>B	Fabijoniškės–S.Stanevičiaus g.–Centras	514	NULL	NULL	NULL	NULL	NULL	NULL	NULL	40	Autobusai	40	09		551	NULL	NULL	NULL
missed	614872	B>A	Centras–S.Stanevičiaus g.–Fabijoniškės	551	NULL	NULL	NULL	NULL	NULL	NULL	NULL	40	Autobusai	40	09		575	NULL	NULL	NULL
missed	614872	A>B	Fabijoniškės–S.Stanevičiaus g.–Centras	587	NULL	NULL	NULL	NULL	NULL	NULL	NULL	40	Autobusai	40	09		622	NULL	NULL	NULL
missed	614872	B>A	Centras–S.Stanevičiaus g.–Fabijoniškės	622	NULL	NULL	NULL	NULL	NULL	NULL	NULL	40	Autobusai	40	09		646	NULL	NULL	NULL
missed	614872	A>B	Fabijoniškės–S.Stanevičiaus g.–Centras	679	NULL	NULL	NULL	NULL	NULL	NULL	NULL	40	Autobusai	40	09		714	NULL	NULL	NULL
missed	614872	B>A	Centras–S.Stanevičiaus g.–Fabijoniškės	714	NULL	NULL	NULL	NULL	NULL	NULL	NULL	40	Autobusai	40	09		738	NULL	NULL	NULL
missed	614872	A>B	Fabijoniškės–S.Stanevičiaus g.–Centras	748	NULL	NULL	NULL	NULL	NULL	NULL	NULL	40	Autobusai	40	09		783	NULL	NULL	NULL
missed	614872	B>A	Centras–S.Stanevičiaus g.–Fabijoniškės	783	NULL	NULL	NULL	NULL	NULL	NULL	NULL	40	Autobusai	40	09		807	NULL	NULL	NULL
missed	614872	A>B	Fabijoniškės–S.Stanevičiaus g.–Centras	817	NULL	NULL	NULL	NULL	NULL	NULL	NULL	40	Autobusai	40	09		852	NULL	NULL	NULL
missed	614872	B>A	Centras–S.Stanevičiaus g.–Fabijoniškės	852	NULL	NULL	NULL	NULL	NULL	NULL	NULL	40	Autobusai	40	09		876	NULL	NULL	NULL
missed	614872	A>B	Fabijoniškės–S.Stanevičiaus g.–Centras	886	NULL	NULL	NULL	NULL	NULL	NULL	NULL	40	Autobusai	40	09		921	NULL	NULL	NULL
missed	614872	B>A	Centras–S.Stanevičiaus g.–Fabijoniškės	921	NULL	NULL	NULL	NULL	NULL	NULL	NULL	40	Autobusai	40	09		945	NULL	NULL	NULL
missed	614872	A>B	Fabijoniškės–S.Stanevičiaus g.–Centras	958	NULL	NULL	NULL	NULL	NULL	NULL	NULL	40	Autobusai	40	09		993	NULL	NULL	NULL
missed	614872	B>A	Centras–S.Stanevičiaus g.–Fabijoniškės	993	NULL	NULL	NULL	NULL	NULL	NULL	NULL	40	Autobusai	40	09		1019	NULL	NULL	NULL
missed	614872	A>B	Fabijoniškės–S.Stanevičiaus g.–Centras	1030	NULL	NULL	NULL	NULL	NULL	NULL	NULL	40	Autobusai	40	09		1065	NULL	NULL	NULL
missed	614872	B>A	Centras–S.Stanevičiaus g.–Fabijoniškės	1065	NULL	NULL	NULL	NULL	NULL	NULL	NULL	40	Autobusai	40	09		1091	NULL	NULL	NULL
missed	614872	A>B	Fabijoniškės–S.Stanevičiaus g.–Centras	1108	NULL	NULL	NULL	NULL	NULL	NULL	NULL	40	Autobusai	40	09		1143	NULL	NULL	NULL
missed	614872	B>A	Centras–S.Stanevičiaus g.–Fabijoniškės	1143	NULL	NULL	NULL	NULL	NULL	NULL	NULL	40	Autobusai	40	09		1167	NULL	NULL	NULL
missed	614872	A>B	Fabijoniškės–S.Stanevičiaus g.–Centras	1208	NULL	NULL	NULL	NULL	NULL	NULL	NULL	40	Autobusai	40	09		1240	NULL	NULL	NULL
missed	614872	B>A	Centras–S.Stanevičiaus g.–Fabijoniškės	1240	NULL	NULL	NULL	NULL	NULL	NULL	NULL	40	Autobusai	40	09		1263	NULL	NULL	NULL
missed	614872	A>B	Fabijoniškės–S.Stanevičiaus g.–Centras	1273	NULL	NULL	NULL	NULL	NULL	NULL	NULL	40	Autobusai	40	09		1305	NULL	NULL	NULL
missed	614872	B>A	Centras–S.Stanevičiaus g.–Fabijoniškės	1305	NULL	NULL	NULL	NULL	NULL	NULL	NULL	40	Autobusai	40	09		1328	NULL	NULL	NULL
missed	614872	A>B	Fabijoniškės–S.Stanevičiaus g.–Centras	1338	NULL	NULL	NULL	NULL	NULL	NULL	NULL	40	Autobusai	40	09		1370	NULL	NULL	NULL
missed	614872	B>A	Centras–S.Stanevičiaus g.–Fabijoniškės	1370	NULL	NULL	NULL	NULL	NULL	NULL	NULL	40	Autobusai	40	09		1393	NULL	NULL	NULL
missed	614873	A>B	Fabijoniškės–S.Stanevičiaus g.–Centras	388	NULL	NULL	NULL	NULL	NULL	NULL	NULL	40	Autobusai	40	10		423	NULL	NULL	NULL
missed	614873	B>A	Centras–S.Stanevičiaus g.–Fabijoniškės	423	NULL	NULL	NULL	NULL	NULL	NULL	NULL	40	Autobusai	40	10		447	NULL	NULL	NULL
missed	614873	A>B	Fabijoniškės–S.Stanevičiaus g.–Centras	457	NULL	NULL	NULL	NULL	NULL	NULL	NULL	40	Autobusai	40	10		494	NULL	NULL	NULL
missed	614873	B>A	Centras–S.Stanevičiaus g.–Fabijoniškės	494	NULL	NULL	NULL	NULL	NULL	NULL	NULL	40	Autobusai	40	10		518	NULL	NULL	NULL
missed	614873	A>B	Fabijoniškės–S.Stanevičiaus g.–Centras	528	NULL	NULL	NULL	NULL	NULL	NULL	NULL	40	Autobusai	40	10		565	NULL	NULL	NULL
missed	614873	B>A	Centras–S.Stanevičiaus g.–Fabijoniškės	565	NULL	NULL	NULL	NULL	NULL	NULL	NULL	40	Autobusai	40	10		589	NULL	NULL	NULL
missed	614873	A>B	Fabijoniškės–S.Stanevičiaus g.–Centras	601	NULL	NULL	NULL	NULL	NULL	NULL	NULL	40	Autobusai	40	10		636	NULL	NULL	NULL
missed	614873	B>A	Centras–S.Stanevičiaus g.–Fabijoniškės	636	NULL	NULL	NULL	NULL	NULL	NULL	NULL	40	Autobusai	40	10		660	NULL	NULL	NULL
missed	614873	A>B	Fabijoniškės–S.Stanevičiaus g.–Centras	994	NULL	NULL	NULL	NULL	NULL	NULL	NULL	40	Autobusai	40	10		1029	NULL	NULL	NULL
missed	614873	B>A	Centras–S.Stanevičiaus g.–Fabijoniškės	1029	NULL	NULL	NULL	NULL	NULL	NULL	NULL	40	Autobusai	40	10		1055	NULL	NULL	NULL
missed	614873	A>B	Fabijoniškės–S.Stanevičiaus g.–Centras	1065	NULL	NULL	NULL	NULL	NULL	NULL	NULL	40	Autobusai	40	10		1100	NULL	NULL	NULL
missed	614873	B>A	Centras–S.Stanevičiaus g.–Fabijoniškės	1100	NULL	NULL	NULL	NULL	NULL	NULL	NULL	40	Autobusai	40	10		1126	NULL	NULL	NULL
missed	614873	A>B	Fabijoniškės–S.Stanevičiaus g.–Centras	1144	NULL	NULL	NULL	NULL	NULL	NULL	NULL	40	Autobusai	40	10		1179	NULL	NULL	NULL
missed	614873	B>A	Centras–S.Stanevičiaus g.–Fabijoniškės	1179	NULL	NULL	NULL	NULL	NULL	NULL	NULL	40	Autobusai	40	10		1203	NULL	NULL	NULL
missed	614874	A>B	Fabijoniškės–S.Stanevičiaus g.–Centras	1012	NULL	NULL	NULL	NULL	NULL	NULL	NULL	40	Autobusai	40	11		1047	NULL	NULL	NULL
missed	614874	B>A	Centras–S.Stanevičiaus g.–Fabijoniškės	1047	NULL	NULL	NULL	NULL	NULL	NULL	NULL	40	Autobusai	40	11		1073	NULL	NULL	NULL
missed	614874	A>B	Fabijoniškės–S.Stanevičiaus g.–Centras	1085	NULL	NULL	NULL	NULL	NULL	NULL	NULL	40	Autobusai	40	11		1120	NULL	NULL	NULL
missed	614874	B>A	Centras–S.Stanevičiaus g.–Fabijoniškės	1120	NULL	NULL	NULL	NULL	NULL	NULL	NULL	40	Autobusai	40	11		1146	NULL	NULL	NULL
missed	614874	A>B	Fabijoniškės–S.Stanevičiaus g.–Centras	1162	NULL	NULL	NULL	NULL	NULL	NULL	NULL	40	Autobusai	40	11		1197	NULL	NULL	NULL
missed	614874	B>A	Centras–S.Stanevičiaus g.–Fabijoniškės	1197	NULL	NULL	NULL	NULL	NULL	NULL	NULL	40	Autobusai	40	11		1220	NULL	NULL	NULL
missed	83145	A>B	Stotis–Eišiškių pl.–Užusienis	320	NULL	NULL	NULL	NULL	NULL	NULL	NULL	41	Autobusai	41	01		342	NULL	NULL	NULL
missed	83145	B>A	Užusienis–Eišiškių pl.–Stotis	355	NULL	NULL	NULL	NULL	NULL	NULL	NULL	41	Autobusai	41	01		378	NULL	NULL	NULL
missed	83145	A>B	Stotis–Eišiškių pl.–Užusienis	389	NULL	NULL	NULL	NULL	NULL	NULL	NULL	41	Autobusai	41	01		413	NULL	NULL	NULL
missed	83145	B>A	Užusienis–Eišiškių pl.–Stotis	435	NULL	NULL	NULL	NULL	NULL	NULL	NULL	41	Autobusai	41	01		458	NULL	NULL	NULL
missed	83145	A>B	Stotis–Eišiškių pl.–Užusienis	463	NULL	NULL	NULL	NULL	NULL	NULL	NULL	41	Autobusai	41	01		487	NULL	NULL	NULL
missed	83145	B>A	Užusienis–Eišiškių pl.–Stotis	496	NULL	NULL	NULL	NULL	NULL	NULL	NULL	41	Autobusai	41	01		517	NULL	NULL	NULL
missed	83145	A>B	Stotis–Eišiškių pl.–Užusienis	527	NULL	NULL	NULL	NULL	NULL	NULL	NULL	41	Autobusai	41	01		549	NULL	NULL	NULL
missed	83145	B>A	Užusienis–Eišiškių pl.–Stotis	556	NULL	NULL	NULL	NULL	NULL	NULL	NULL	41	Autobusai	41	01		577	NULL	NULL	NULL
missed	83145	A>B	Stotis–Eišiškių pl.–Užusienis	613	NULL	NULL	NULL	NULL	NULL	NULL	NULL	41	Autobusai	41	01		635	NULL	NULL	NULL
missed	83145	B>A	Užusienis–Eišiškių pl.–Stotis	641	NULL	NULL	NULL	NULL	NULL	NULL	NULL	41	Autobusai	41	01		662	NULL	NULL	NULL
missed	83145	A>B	Stotis–Eišiškių pl.–Užusienis	669	NULL	NULL	NULL	NULL	NULL	NULL	NULL	41	Autobusai	41	01		691	NULL	NULL	NULL
missed	83145	B>A	Užusienis–Eišiškių pl.–Stotis	700	NULL	NULL	NULL	NULL	NULL	NULL	NULL	41	Autobusai	41	01		721	NULL	NULL	NULL
missed	83145	A>B	Stotis–Eišiškių pl.–Užusienis	727	NULL	NULL	NULL	NULL	NULL	NULL	NULL	41	Autobusai	41	01		749	NULL	NULL	NULL
missed	83145	B>A	Užusienis–Eišiškių pl.–Stotis	755	NULL	NULL	NULL	NULL	NULL	NULL	NULL	41	Autobusai	41	01		776	NULL	NULL	NULL
missed	83145	A>B	Stotis–Eišiškių pl.–Užusienis	782	NULL	NULL	NULL	NULL	NULL	NULL	NULL	41	Autobusai	41	01		804	NULL	NULL	NULL
missed	83145	B>A	Užusienis–Eišiškių pl.–Stotis	811	NULL	NULL	NULL	NULL	NULL	NULL	NULL	41	Autobusai	41	01		832	NULL	NULL	NULL
missed	83145	A>B	Stotis–Eišiškių pl.–Užusienis	849	NULL	NULL	NULL	NULL	NULL	NULL	NULL	41	Autobusai	41	01		871	NULL	NULL	NULL
missed	83145	B>A	Užusienis–Eišiškių pl.–Stotis	876	NULL	NULL	NULL	NULL	NULL	NULL	NULL	41	Autobusai	41	01		899	NULL	NULL	NULL
missed	83145	A>B	Stotis–Eišiškių pl.–Užusienis	904	NULL	NULL	NULL	NULL	NULL	NULL	NULL	41	Autobusai	41	01		928	NULL	NULL	NULL
missed	83145	B>A	Užusienis–Eišiškių pl.–Stotis	936	NULL	NULL	NULL	NULL	NULL	NULL	NULL	41	Autobusai	41	01		959	NULL	NULL	NULL
missed	83145	A>B	Stotis–Eišiškių pl.–Užusienis	964	NULL	NULL	NULL	NULL	NULL	NULL	NULL	41	Autobusai	41	01		988	NULL	NULL	NULL
missed	83145	B>A	Užusienis–Eišiškių pl.–Stotis	993	NULL	NULL	NULL	NULL	NULL	NULL	NULL	41	Autobusai	41	01		1016	NULL	NULL	NULL
missed	83145	A>B	Stotis–Eišiškių pl.–Užusienis	1022	NULL	NULL	NULL	NULL	NULL	NULL	NULL	41	Autobusai	41	01		1046	NULL	NULL	NULL
missed	83145	B>A	Užusienis–Eišiškių pl.–Stotis	1051	NULL	NULL	NULL	NULL	NULL	NULL	NULL	41	Autobusai	41	01		1074	NULL	NULL	NULL
missed	83145	A>B	Stotis–Eišiškių pl.–Užusienis	1080	NULL	NULL	NULL	NULL	NULL	NULL	NULL	41	Autobusai	41	01		1104	NULL	NULL	NULL
missed	83145	B>A	Užusienis–Eišiškių pl.–Stotis	1109	NULL	NULL	NULL	NULL	NULL	NULL	NULL	41	Autobusai	41	01		1132	NULL	NULL	NULL
missed	83145	A>B	Stotis–Eišiškių pl.–Užusienis	1165	NULL	NULL	NULL	NULL	NULL	NULL	NULL	41	Autobusai	41	01		1189	NULL	NULL	NULL
missed	83145	B>A	Užusienis–Eišiškių pl.–Stotis	1194	NULL	NULL	NULL	NULL	NULL	NULL	NULL	41	Autobusai	41	01		1215	NULL	NULL	NULL
missed	83145	A>B	Stotis–Eišiškių pl.–Užusienis	1220	NULL	NULL	NULL	NULL	NULL	NULL	NULL	41	Autobusai	41	01		1242	NULL	NULL	NULL
missed	83145	B>A	Užusienis–Eišiškių pl.–Stotis	1247	NULL	NULL	NULL	NULL	NULL	NULL	NULL	41	Autobusai	41	01		1268	NULL	NULL	NULL
missed	83145	A>B	Stotis–Eišiškių pl.–Užusienis	1275	NULL	NULL	NULL	NULL	NULL	NULL	NULL	41	Autobusai	41	01		1297	NULL	NULL	NULL
missed	83145	B>A	Užusienis–Eišiškių pl.–Stotis	1302	NULL	NULL	NULL	NULL	NULL	NULL	NULL	41	Autobusai	41	01		1323	NULL	NULL	NULL
missed	83145	A>B	Stotis–Eišiškių pl.–Užusienis	1329	NULL	NULL	NULL	NULL	NULL	NULL	NULL	41	Autobusai	41	01		1351	NULL	NULL	NULL
missed	83145	B>A	Užusienis–Eišiškių pl.–Stotis	1356	NULL	NULL	NULL	NULL	NULL	NULL	NULL	41	Autobusai	41	01		1377	NULL	NULL	NULL
missed	426022	B1>A	Salininkai–Eišiškių pl.–Stotis	315	NULL	NULL	NULL	NULL	NULL	NULL	NULL	42	Autobusai	42	01-Ž		342	NULL	NULL	NULL
missed	426022	A>B	Stotis–Eišiškių pl.–Salininkai	345	NULL	NULL	NULL	NULL	NULL	NULL	NULL	42	Autobusai	42	01-Ž		374	NULL	NULL	NULL
missed	426022	B>A	Salininkai–Eišiškių pl.–Stotis	379	NULL	NULL	NULL	NULL	NULL	NULL	NULL	42	Autobusai	42	01-Ž		408	NULL	NULL	NULL
missed	426022	A>B	Stotis–Eišiškių pl.–Salininkai	413	NULL	NULL	NULL	NULL	NULL	NULL	NULL	42	Autobusai	42	01-Ž		444	NULL	NULL	NULL
missed	426022	B>A	Salininkai–Eišiškių pl.–Stotis	452	NULL	NULL	NULL	NULL	NULL	NULL	NULL	42	Autobusai	42	01-Ž		481	NULL	NULL	NULL
missed	426022	A>B	Stotis–Eišiškių pl.–Salininkai	490	NULL	NULL	NULL	NULL	NULL	NULL	NULL	42	Autobusai	42	01-Ž		519	NULL	NULL	NULL
missed	426022	B>A	Salininkai–Eišiškių pl.–Stotis	525	NULL	NULL	NULL	NULL	NULL	NULL	NULL	42	Autobusai	42	01-Ž		552	NULL	NULL	NULL
missed	426022	A>B	Stotis–Eišiškių pl.–Salininkai	600	NULL	NULL	NULL	NULL	NULL	NULL	NULL	42	Autobusai	42	01-Ž		629	NULL	NULL	NULL
missed	426022	B>A	Salininkai–Eišiškių pl.–Stotis	644	NULL	NULL	NULL	NULL	NULL	NULL	NULL	42	Autobusai	42	01-Ž		671	NULL	NULL	NULL
missed	426022	A>B	Stotis–Eišiškių pl.–Salininkai	678	NULL	NULL	NULL	NULL	NULL	NULL	NULL	42	Autobusai	42	01-Ž		707	NULL	NULL	NULL
missed	426022	B>A	Salininkai–Eišiškių pl.–Stotis	714	NULL	NULL	NULL	NULL	NULL	NULL	NULL	42	Autobusai	42	01-Ž		741	NULL	NULL	NULL
missed	426022	A>B	Stotis–Eišiškių pl.–Salininkai	752	NULL	NULL	NULL	NULL	NULL	NULL	NULL	42	Autobusai	42	01-Ž		781	NULL	NULL	NULL
missed	426022	B>A	Salininkai–Eišiškių pl.–Stotis	788	NULL	NULL	NULL	NULL	NULL	NULL	NULL	42	Autobusai	42	01-Ž		815	NULL	NULL	NULL
missed	426022	A>B	Stotis–Eišiškių pl.–Salininkai	825	NULL	NULL	NULL	NULL	NULL	NULL	NULL	42	Autobusai	42	01-Ž		854	NULL	NULL	NULL
missed	426022	B>A	Salininkai–Eišiškių pl.–Stotis	861	NULL	NULL	NULL	NULL	NULL	NULL	NULL	42	Autobusai	42	01-Ž		890	NULL	NULL	NULL
missed	426022	A>B	Stotis–Eišiškių pl.–Salininkai	895	NULL	NULL	NULL	NULL	NULL	NULL	NULL	42	Autobusai	42	01-Ž		926	NULL	NULL	NULL
missed	426022	B>A	Salininkai–Eišiškių pl.–Stotis	932	NULL	NULL	NULL	NULL	NULL	NULL	NULL	42	Autobusai	42	01-Ž		961	NULL	NULL	NULL
missed	426022	A>B	Stotis–Eišiškių pl.–Salininkai	972	NULL	NULL	NULL	NULL	NULL	NULL	NULL	42	Autobusai	42	01-Ž		1003	NULL	NULL	NULL
missed	426022	B>A	Salininkai–Eišiškių pl.–Stotis	1013	NULL	NULL	NULL	NULL	NULL	NULL	NULL	42	Autobusai	42	01-Ž		1042	NULL	NULL	NULL
missed	426022	A>B	Stotis–Eišiškių pl.–Salininkai	1049	NULL	NULL	NULL	NULL	NULL	NULL	NULL	42	Autobusai	42	01-Ž		1080	NULL	NULL	NULL
missed	426022	B>A	Salininkai–Eišiškių pl.–Stotis	1087	NULL	NULL	NULL	NULL	NULL	NULL	NULL	42	Autobusai	42	01-Ž		1116	NULL	NULL	NULL
missed	426022	A>B	Stotis–Eišiškių pl.–Salininkai	1151	NULL	NULL	NULL	NULL	NULL	NULL	NULL	42	Autobusai	42	01-Ž		1182	NULL	NULL	NULL
missed	426022	B>A	Salininkai–Eišiškių pl.–Stotis	1189	NULL	NULL	NULL	NULL	NULL	NULL	NULL	42	Autobusai	42	01-Ž		1218	NULL	NULL	NULL
missed	426022	A>B	Stotis–Eišiškių pl.–Salininkai	1229	NULL	NULL	NULL	NULL	NULL	NULL	NULL	42	Autobusai	42	01-Ž		1258	NULL	NULL	NULL
missed	426022	B>A	Salininkai–Eišiškių pl.–Stotis	1265	NULL	NULL	NULL	NULL	NULL	NULL	NULL	42	Autobusai	42	01-Ž		1292	NULL	NULL	NULL
missed	426022	A>B	Stotis–Eišiškių pl.–Salininkai	1300	NULL	NULL	NULL	NULL	NULL	NULL	NULL	42	Autobusai	42	01-Ž		1329	NULL	NULL	NULL
missed	426022	B>A	Salininkai–Eišiškių pl.–Stotis	1331	NULL	NULL	NULL	NULL	NULL	NULL	NULL	42	Autobusai	42	01-Ž		1358	NULL	NULL	NULL
missed	426024	A>B	Stotis–Eišiškių pl.–Salininkai	363	NULL	NULL	NULL	NULL	NULL	NULL	NULL	42	Autobusai	42	02		394	NULL	NULL	NULL
missed	426024	B>A	Salininkai–Eišiškių pl.–Stotis	406	NULL	NULL	NULL	NULL	NULL	NULL	NULL	42	Autobusai	42	02		435	NULL	NULL	NULL
missed	426024	A>B	Stotis–Eišiškių pl.–Salininkai	440	NULL	NULL	NULL	NULL	NULL	NULL	NULL	42	Autobusai	42	02		471	NULL	NULL	NULL
missed	426024	B>A	Salininkai–Eišiškių pl.–Stotis	482	NULL	NULL	NULL	NULL	NULL	NULL	NULL	42	Autobusai	42	02		509	NULL	NULL	NULL
missed	426024	A>B	Stotis–Eišiškių pl.–Salininkai	521	NULL	NULL	NULL	NULL	NULL	NULL	NULL	42	Autobusai	42	02		550	NULL	NULL	NULL
missed	426024	B>A	Salininkai–Eišiškių pl.–Stotis	557	NULL	NULL	NULL	NULL	NULL	NULL	NULL	42	Autobusai	42	02		584	NULL	NULL	NULL
missed	426024	A>B	Stotis–Eišiškių pl.–Salininkai	946	NULL	NULL	NULL	NULL	NULL	NULL	NULL	42	Autobusai	42	02		977	NULL	NULL	NULL
missed	426024	B>A	Salininkai–Eišiškių pl.–Stotis	990	NULL	NULL	NULL	NULL	NULL	NULL	NULL	42	Autobusai	42	02		1019	NULL	NULL	NULL
missed	426024	A>B	Stotis–Eišiškių pl.–Salininkai	1026	NULL	NULL	NULL	NULL	NULL	NULL	NULL	42	Autobusai	42	02		1057	NULL	NULL	NULL
missed	426024	B>A	Salininkai–Eišiškių pl.–Stotis	1062	NULL	NULL	NULL	NULL	NULL	NULL	NULL	42	Autobusai	42	02		1091	NULL	NULL	NULL
missed	426024	A>B	Stotis–Eišiškių pl.–Salininkai	1100	NULL	NULL	NULL	NULL	NULL	NULL	NULL	42	Autobusai	42	02		1131	NULL	NULL	NULL
missed	426024	B>A	Salininkai–Eišiškių pl.–Stotis	1140	NULL	NULL	NULL	NULL	NULL	NULL	NULL	42	Autobusai	42	02		1169	NULL	NULL	NULL
missed	426023	A>B	Stotis–Eišiškių pl.–Salininkai	326	NULL	NULL	NULL	NULL	NULL	NULL	NULL	42	Autobusai	42	03		355	NULL	NULL	NULL
missed	426023	B>A	Salininkai–Eišiškių pl.–Stotis	361	NULL	NULL	NULL	NULL	NULL	NULL	NULL	42	Autobusai	42	03		390	NULL	NULL	NULL
missed	426023	A>B	Stotis–Eišiškių pl.–Salininkai	395	NULL	NULL	NULL	NULL	NULL	NULL	NULL	42	Autobusai	42	03		426	NULL	NULL	NULL
missed	426023	B>A	Salininkai–Eišiškių pl.–Stotis	433	NULL	NULL	NULL	NULL	NULL	NULL	NULL	42	Autobusai	42	03		462	NULL	NULL	NULL
missed	426023	A>B	Stotis–Eišiškių pl.–Salininkai	467	NULL	NULL	NULL	NULL	NULL	NULL	NULL	42	Autobusai	42	03		498	NULL	NULL	NULL
missed	426023	B>A	Salininkai–Eišiškių pl.–Stotis	505	NULL	NULL	NULL	NULL	NULL	NULL	NULL	42	Autobusai	42	03		532	NULL	NULL	NULL
missed	426023	A>B	Stotis–Eišiškių pl.–Salininkai	569	NULL	NULL	NULL	NULL	NULL	NULL	NULL	42	Autobusai	42	03		598	NULL	NULL	NULL
missed	426023	B>A	Salininkai–Eišiškių pl.–Stotis	606	NULL	NULL	NULL	NULL	NULL	NULL	NULL	42	Autobusai	42	03		633	NULL	NULL	NULL
missed	426023	A>B	Stotis–Eišiškių pl.–Salininkai	645	NULL	NULL	NULL	NULL	NULL	NULL	NULL	42	Autobusai	42	03		674	NULL	NULL	NULL
missed	426023	B>A	Salininkai–Eišiškių pl.–Stotis	683	NULL	NULL	NULL	NULL	NULL	NULL	NULL	42	Autobusai	42	03		710	NULL	NULL	NULL
missed	426023	A>B	Stotis–Eišiškių pl.–Salininkai	716	NULL	NULL	NULL	NULL	NULL	NULL	NULL	42	Autobusai	42	03		745	NULL	NULL	NULL
missed	426023	B>A	Salininkai–Eišiškių pl.–Stotis	751	NULL	NULL	NULL	NULL	NULL	NULL	NULL	42	Autobusai	42	03		778	NULL	NULL	NULL
missed	426023	A>B	Stotis–Eišiškių pl.–Salininkai	786	NULL	NULL	NULL	NULL	NULL	NULL	NULL	42	Autobusai	42	03		815	NULL	NULL	NULL
missed	426023	B>A	Salininkai–Eišiškių pl.–Stotis	820	NULL	NULL	NULL	NULL	NULL	NULL	NULL	42	Autobusai	42	03		847	NULL	NULL	NULL
missed	426023	A>B	Stotis–Eišiškių pl.–Salininkai	857	NULL	NULL	NULL	NULL	NULL	NULL	NULL	42	Autobusai	42	03		886	NULL	NULL	NULL
missed	426023	B>A	Salininkai–Eišiškių pl.–Stotis	891	NULL	NULL	NULL	NULL	NULL	NULL	NULL	42	Autobusai	42	03		920	NULL	NULL	NULL
missed	426023	A>B	Stotis–Eišiškių pl.–Salininkai	931	NULL	NULL	NULL	NULL	NULL	NULL	NULL	42	Autobusai	42	03		962	NULL	NULL	NULL
missed	426023	B>A	Salininkai–Eišiškių pl.–Stotis	967	NULL	NULL	NULL	NULL	NULL	NULL	NULL	42	Autobusai	42	03		996	NULL	NULL	NULL
missed	426023	A>B	Stotis–Eišiškių pl.–Salininkai	1001	NULL	NULL	NULL	NULL	NULL	NULL	NULL	42	Autobusai	42	03		1032	NULL	NULL	NULL
missed	426023	B>A	Salininkai–Eišiškių pl.–Stotis	1039	NULL	NULL	NULL	NULL	NULL	NULL	NULL	42	Autobusai	42	03		1068	NULL	NULL	NULL
missed	426023	A>B	Stotis–Eišiškių pl.–Salininkai	1073	NULL	NULL	NULL	NULL	NULL	NULL	NULL	42	Autobusai	42	03		1104	NULL	NULL	NULL
missed	426023	B>A	Salininkai–Eišiškių pl.–Stotis	1109	NULL	NULL	NULL	NULL	NULL	NULL	NULL	42	Autobusai	42	03		1138	NULL	NULL	NULL
missed	426023	A>B	Stotis–Eišiškių pl.–Salininkai	1186	NULL	NULL	NULL	NULL	NULL	NULL	NULL	42	Autobusai	42	03		1217	NULL	NULL	NULL
missed	426023	B>A	Salininkai–Eišiškių pl.–Stotis	1226	NULL	NULL	NULL	NULL	NULL	NULL	NULL	42	Autobusai	42	03		1253	NULL	NULL	NULL
missed	426023	A>B	Stotis–Eišiškių pl.–Salininkai	1258	NULL	NULL	NULL	NULL	NULL	NULL	NULL	42	Autobusai	42	03		1287	NULL	NULL	NULL
missed	426023	B>A	Salininkai–Eišiškių pl.–Stotis	1294	NULL	NULL	NULL	NULL	NULL	NULL	NULL	42	Autobusai	42	03		1321	NULL	NULL	NULL
missed	426023	A>B	Stotis–Eišiškių pl.–Salininkai	1336	NULL	NULL	NULL	NULL	NULL	NULL	NULL	42	Autobusai	42	03		1365	NULL	NULL	NULL
missed	426023	B>A	Salininkai–Eišiškių pl.–Stotis	1376	NULL	NULL	NULL	NULL	NULL	NULL	NULL	42	Autobusai	42	03		1403	NULL	NULL	NULL
missed	663127	A>B	Justiniškės–Šeškinė–Žaliasis tiltas–Centras	307	NULL	NULL	NULL	NULL	NULL	NULL	NULL	43	Autobusai	43	01-ž		337	NULL	NULL	NULL
missed	663127	B>A	Centras–Žaliasis tiltas–Šeškinė–Justiniškės	347	NULL	NULL	NULL	NULL	NULL	NULL	NULL	43	Autobusai	43	01-ž		380	NULL	NULL	NULL
missed	663127	A>B	Justiniškės–Šeškinė–Žaliasis tiltas–Centras	388	NULL	NULL	NULL	NULL	NULL	NULL	NULL	43	Autobusai	43	01-ž		420	NULL	NULL	NULL
missed	663127	B>A	Centras–Žaliasis tiltas–Šeškinė–Justiniškės	426	NULL	NULL	NULL	NULL	NULL	NULL	NULL	43	Autobusai	43	01-ž		463	NULL	NULL	NULL
missed	663127	A>B	Justiniškės–Šeškinė–Žaliasis tiltas–Centras	472	NULL	NULL	NULL	NULL	NULL	NULL	NULL	43	Autobusai	43	01-ž		517	NULL	NULL	NULL
missed	663127	B>A	Centras–Žaliasis tiltas–Šeškinė–Justiniškės	527	NULL	NULL	NULL	NULL	NULL	NULL	NULL	43	Autobusai	43	01-ž		563	NULL	NULL	NULL
missed	663127	A>B	Justiniškės–Šeškinė–Žaliasis tiltas–Centras	596	NULL	NULL	NULL	NULL	NULL	NULL	NULL	43	Autobusai	43	01-ž		628	NULL	NULL	NULL
missed	663127	B>A	Centras–Žaliasis tiltas–Šeškinė–Justiniškės	633	NULL	NULL	NULL	NULL	NULL	NULL	NULL	43	Autobusai	43	01-ž		668	NULL	NULL	NULL
missed	663127	A>B	Justiniškės–Šeškinė–Žaliasis tiltas–Centras	673	NULL	NULL	NULL	NULL	NULL	NULL	NULL	43	Autobusai	43	01-ž		705	NULL	NULL	NULL
missed	663127	B>A	Centras–Žaliasis tiltas–Šeškinė–Justiniškės	712	NULL	NULL	NULL	NULL	NULL	NULL	NULL	43	Autobusai	43	01-ž		747	NULL	NULL	NULL
missed	663127	A>B	Justiniškės–Šeškinė–Žaliasis tiltas–Centras	752	NULL	NULL	NULL	NULL	NULL	NULL	NULL	43	Autobusai	43	01-ž		784	NULL	NULL	NULL
missed	663127	B>A	Centras–Žaliasis tiltas–Šeškinė–Justiniškės	791	NULL	NULL	NULL	NULL	NULL	NULL	NULL	43	Autobusai	43	01-ž		826	NULL	NULL	NULL
missed	663127	A>B	Justiniškės–Šeškinė–Žaliasis tiltas–Centras	831	NULL	NULL	NULL	NULL	NULL	NULL	NULL	43	Autobusai	43	01-ž		863	NULL	NULL	NULL
missed	663127	B>A	Centras–Žaliasis tiltas–Šeškinė–Justiniškės	873	NULL	NULL	NULL	NULL	NULL	NULL	NULL	43	Autobusai	43	01-ž		908	NULL	NULL	NULL
missed	663127	A>B	Justiniškės–Šeškinė–Žaliasis tiltas–Centras	919	NULL	NULL	NULL	NULL	NULL	NULL	NULL	43	Autobusai	43	01-ž		951	NULL	NULL	NULL
missed	663127	B>A	Centras–Žaliasis tiltas–Šeškinė–Justiniškės	957	NULL	NULL	NULL	NULL	NULL	NULL	NULL	43	Autobusai	43	01-ž		994	NULL	NULL	NULL
missed	663127	A>B	Justiniškės–Šeškinė–Žaliasis tiltas–Centras	1002	NULL	NULL	NULL	NULL	NULL	NULL	NULL	43	Autobusai	43	01-ž		1034	NULL	NULL	NULL
missed	663127	B>A	Centras–Žaliasis tiltas–Šeškinė–Justiniškės	1044	NULL	NULL	NULL	NULL	NULL	NULL	NULL	43	Autobusai	43	01-ž		1085	NULL	NULL	NULL
missed	663127	A>B	Justiniškės–Šeškinė–Žaliasis tiltas–Centras	1102	NULL	NULL	NULL	NULL	NULL	NULL	NULL	43	Autobusai	43	01-ž		1135	NULL	NULL	NULL
missed	663127	B>A	Centras–Žaliasis tiltas–Šeškinė–Justiniškės	1142	NULL	NULL	NULL	NULL	NULL	NULL	NULL	43	Autobusai	43	01-ž		1178	NULL	NULL	NULL
missed	663127	A>B	Justiniškės–Šeškinė–Žaliasis tiltas–Centras	1209	NULL	NULL	NULL	NULL	NULL	NULL	NULL	43	Autobusai	43	01-ž		1239	NULL	NULL	NULL
missed	663127	B>A	Centras–Žaliasis tiltas–Šeškinė–Justiniškės	1245	NULL	NULL	NULL	NULL	NULL	NULL	NULL	43	Autobusai	43	01-ž		1278	NULL	NULL	NULL
missed	663127	A>B	Justiniškės–Šeškinė–Žaliasis tiltas–Centras	1284	NULL	NULL	NULL	NULL	NULL	NULL	NULL	43	Autobusai	43	01-ž		1314	NULL	NULL	NULL
missed	663127	B>A	Centras–Žaliasis tiltas–Šeškinė–Justiniškės	1319	NULL	NULL	NULL	NULL	NULL	NULL	NULL	43	Autobusai	43	01-ž		1352	NULL	NULL	NULL
missed	663127	A>B	Justiniškės–Šeškinė–Žaliasis tiltas–Centras	1357	NULL	NULL	NULL	NULL	NULL	NULL	NULL	43	Autobusai	43	01-ž		1387	NULL	NULL	NULL
missed	663127	B>A	Centras–Žaliasis tiltas–Šeškinė–Justiniškės	1392	NULL	NULL	NULL	NULL	NULL	NULL	NULL	43	Autobusai	43	01-ž		1425	NULL	NULL	NULL
missed	663125	A>B	Justiniškės–Šeškinė–Žaliasis tiltas–Centras	348	NULL	NULL	NULL	NULL	NULL	NULL	NULL	43	Autobusai	43	02		379	NULL	NULL	NULL
missed	663125	B>A	Centras–Žaliasis tiltas–Šeškinė–Justiniškės	384	NULL	NULL	NULL	NULL	NULL	NULL	NULL	43	Autobusai	43	02		417	NULL	NULL	NULL
missed	663125	A>B	Justiniškės–Šeškinė–Žaliasis tiltas–Centras	425	NULL	NULL	NULL	NULL	NULL	NULL	NULL	43	Autobusai	43	02		470	NULL	NULL	NULL
missed	663125	B>A	Centras–Žaliasis tiltas–Šeškinė–Justiniškės	484	NULL	NULL	NULL	NULL	NULL	NULL	NULL	43	Autobusai	43	02		521	NULL	NULL	NULL
missed	663125	A>B	Justiniškės–Šeškinė–Žaliasis tiltas–Centras	533	NULL	NULL	NULL	NULL	NULL	NULL	NULL	43	Autobusai	43	02		570	NULL	NULL	NULL
missed	663125	B>A	Centras–Žaliasis tiltas–Šeškinė–Justiniškės	575	NULL	NULL	NULL	NULL	NULL	NULL	NULL	43	Autobusai	43	02		610	NULL	NULL	NULL
missed	663125	A>B	Justiniškės–Šeškinė–Žaliasis tiltas–Centras	904	NULL	NULL	NULL	NULL	NULL	NULL	NULL	43	Autobusai	43	02		936	NULL	NULL	NULL
missed	663125	B>A	Centras–Žaliasis tiltas–Šeškinė–Justiniškės	943	NULL	NULL	NULL	NULL	NULL	NULL	NULL	43	Autobusai	43	02		979	NULL	NULL	NULL
missed	663125	A>B	Justiniškės–Šeškinė–Žaliasis tiltas–Centras	986	NULL	NULL	NULL	NULL	NULL	NULL	NULL	43	Autobusai	43	02		1018	NULL	NULL	NULL
missed	663125	B>A	Centras–Žaliasis tiltas–Šeškinė–Justiniškės	1028	NULL	NULL	NULL	NULL	NULL	NULL	NULL	43	Autobusai	43	02		1069	NULL	NULL	NULL
missed	663125	A>B	Justiniškės–Šeškinė–Žaliasis tiltas–Centras	1080	NULL	NULL	NULL	NULL	NULL	NULL	NULL	43	Autobusai	43	02		1113	NULL	NULL	NULL
missed	663125	B>A	Centras–Žaliasis tiltas–Šeškinė–Justiniškės	1123	NULL	NULL	NULL	NULL	NULL	NULL	NULL	43	Autobusai	43	02		1159	NULL	NULL	NULL
missed	663124	B>A	Centras–Žaliasis tiltas–Šeškinė–Justiniškės	327	NULL	NULL	NULL	NULL	NULL	NULL	NULL	43	Autobusai	43	03		360	NULL	NULL	NULL
missed	663124	A>B	Justiniškės–Šeškinė–Žaliasis tiltas–Centras	365	NULL	NULL	NULL	NULL	NULL	NULL	NULL	43	Autobusai	43	03		396	NULL	NULL	NULL
missed	663124	B>A	Centras–Žaliasis tiltas–Šeškinė–Justiniškės	401	NULL	NULL	NULL	NULL	NULL	NULL	NULL	43	Autobusai	43	03		436	NULL	NULL	NULL
missed	663124	A>B	Justiniškės–Šeškinė–Žaliasis tiltas–Centras	443	NULL	NULL	NULL	NULL	NULL	NULL	NULL	43	Autobusai	43	03		488	NULL	NULL	NULL
missed	663124	B>A	Centras–Žaliasis tiltas–Šeškinė–Justiniškės	498	NULL	NULL	NULL	NULL	NULL	NULL	NULL	43	Autobusai	43	03		535	NULL	NULL	NULL
missed	663124	A>B	Justiniškės–Šeškinė–Žaliasis tiltas–Centras	571	NULL	NULL	NULL	NULL	NULL	NULL	NULL	43	Autobusai	43	03		603	NULL	NULL	NULL
missed	663124	B>A	Centras–Žaliasis tiltas–Šeškinė–Justiniškės	612	NULL	NULL	NULL	NULL	NULL	NULL	NULL	43	Autobusai	43	03		647	NULL	NULL	NULL
missed	663124	A>B	Justiniškės–Šeškinė–Žaliasis tiltas–Centras	654	NULL	NULL	NULL	NULL	NULL	NULL	NULL	43	Autobusai	43	03		686	NULL	NULL	NULL
missed	663124	B>A	Centras–Žaliasis tiltas–Šeškinė–Justiniškės	691	NULL	NULL	NULL	NULL	NULL	NULL	NULL	43	Autobusai	43	03		726	NULL	NULL	NULL
missed	663124	A>B	Justiniškės–Šeškinė–Žaliasis tiltas–Centras	731	NULL	NULL	NULL	NULL	NULL	NULL	NULL	43	Autobusai	43	03		763	NULL	NULL	NULL
missed	663124	B>A	Centras–Žaliasis tiltas–Šeškinė–Justiniškės	768	NULL	NULL	NULL	NULL	NULL	NULL	NULL	43	Autobusai	43	03		803	NULL	NULL	NULL
missed	663124	A>B	Justiniškės–Šeškinė–Žaliasis tiltas–Centras	808	NULL	NULL	NULL	NULL	NULL	NULL	NULL	43	Autobusai	43	03		840	NULL	NULL	NULL
missed	663124	B>A	Centras–Žaliasis tiltas–Šeškinė–Justiniškės	850	NULL	NULL	NULL	NULL	NULL	NULL	NULL	43	Autobusai	43	03		885	NULL	NULL	NULL
missed	663124	A>B	Justiniškės–Šeškinė–Žaliasis tiltas–Centras	890	NULL	NULL	NULL	NULL	NULL	NULL	NULL	43	Autobusai	43	03		922	NULL	NULL	NULL
missed	663124	B>A	Centras–Žaliasis tiltas–Šeškinė–Justiniškės	928	NULL	NULL	NULL	NULL	NULL	NULL	NULL	43	Autobusai	43	03		963	NULL	NULL	NULL
missed	663124	A>B	Justiniškės–Šeškinė–Žaliasis tiltas–Centras	971	NULL	NULL	NULL	NULL	NULL	NULL	NULL	43	Autobusai	43	03		1003	NULL	NULL	NULL
missed	663124	B>A	Centras–Žaliasis tiltas–Šeškinė–Justiniškės	1011	NULL	NULL	NULL	NULL	NULL	NULL	NULL	43	Autobusai	43	03		1052	NULL	NULL	NULL
missed	663124	A>B	Justiniškės–Šeškinė–Žaliasis tiltas–Centras	1062	NULL	NULL	NULL	NULL	NULL	NULL	NULL	43	Autobusai	43	03		1095	NULL	NULL	NULL
missed	663124	B>A	Centras–Žaliasis tiltas–Šeškinė–Justiniškės	1105	NULL	NULL	NULL	NULL	NULL	NULL	NULL	43	Autobusai	43	03		1144	NULL	NULL	NULL
missed	663124	A>B	Justiniškės–Šeškinė–Žaliasis tiltas–Centras	1184	NULL	NULL	NULL	NULL	NULL	NULL	NULL	43	Autobusai	43	03		1214	NULL	NULL	NULL
missed	663124	B>A	Centras–Žaliasis tiltas–Šeškinė–Justiniškės	1223	NULL	NULL	NULL	NULL	NULL	NULL	NULL	43	Autobusai	43	03		1256	NULL	NULL	NULL
missed	663124	A>B	Justiniškės–Šeškinė–Žaliasis tiltas–Centras	1264	NULL	NULL	NULL	NULL	NULL	NULL	NULL	43	Autobusai	43	03		1294	NULL	NULL	NULL
missed	663124	B>A	Centras–Žaliasis tiltas–Šeškinė–Justiniškės	1299	NULL	NULL	NULL	NULL	NULL	NULL	NULL	43	Autobusai	43	03		1332	NULL	NULL	NULL
missed	663124	A>B	Justiniškės–Šeškinė–Žaliasis tiltas–Centras	1340	NULL	NULL	NULL	NULL	NULL	NULL	NULL	43	Autobusai	43	03		1370	NULL	NULL	NULL
missed	663124	B>A	Centras–Žaliasis tiltas–Šeškinė–Justiniškės	1376	NULL	NULL	NULL	NULL	NULL	NULL	NULL	43	Autobusai	43	03		1409	NULL	NULL	NULL
missed	663126	A>B	Justiniškės–Šeškinė–Žaliasis tiltas–Centras	377	NULL	NULL	NULL	NULL	NULL	NULL	NULL	43	Autobusai	43	04		409	NULL	NULL	NULL
missed	663126	B>A	Centras–Žaliasis tiltas–Šeškinė–Justiniškės	414	NULL	NULL	NULL	NULL	NULL	NULL	NULL	43	Autobusai	43	04		451	NULL	NULL	NULL
missed	663126	A>B	Justiniškės–Šeškinė–Žaliasis tiltas–Centras	459	NULL	NULL	NULL	NULL	NULL	NULL	NULL	43	Autobusai	43	04		504	NULL	NULL	NULL
missed	663126	B>A	Centras–Žaliasis tiltas–Šeškinė–Justiniškės	514	NULL	NULL	NULL	NULL	NULL	NULL	NULL	43	Autobusai	43	04		550	NULL	NULL	NULL
missed	663126	A>B	Justiniškės–Šeškinė–Žaliasis tiltas–Centras	556	NULL	NULL	NULL	NULL	NULL	NULL	NULL	43	Autobusai	43	04		592	NULL	NULL	NULL
missed	663126	B>A	Centras–Žaliasis tiltas–Šeškinė–Justiniškės	597	NULL	NULL	NULL	NULL	NULL	NULL	NULL	43	Autobusai	43	04		632	NULL	NULL	NULL
missed	663126	A>B	Justiniškės–Šeškinė–Žaliasis tiltas–Centras	944	NULL	NULL	NULL	NULL	NULL	NULL	NULL	43	Autobusai	43	04		976	NULL	NULL	NULL
missed	663126	B>A	Centras–Žaliasis tiltas–Šeškinė–Justiniškės	982	NULL	NULL	NULL	NULL	NULL	NULL	NULL	43	Autobusai	43	04		1023	NULL	NULL	NULL
missed	663126	A>B	Justiniškės–Šeškinė–Žaliasis tiltas–Centras	1033	NULL	NULL	NULL	NULL	NULL	NULL	NULL	43	Autobusai	43	04		1066	NULL	NULL	NULL
missed	663126	B>A	Centras–Žaliasis tiltas–Šeškinė–Justiniškės	1076	NULL	NULL	NULL	NULL	NULL	NULL	NULL	43	Autobusai	43	04		1117	NULL	NULL	NULL
missed	663126	A>B	Justiniškės–Šeškinė–Žaliasis tiltas–Centras	1124	NULL	NULL	NULL	NULL	NULL	NULL	NULL	43	Autobusai	43	04		1155	NULL	NULL	NULL
missed	663126	B>A	Centras–Žaliasis tiltas–Šeškinė–Justiniškės	1162	NULL	NULL	NULL	NULL	NULL	NULL	NULL	43	Autobusai	43	04		1198	NULL	NULL	NULL
missed	663128	A>B	Justiniškės–Šeškinė–Žaliasis tiltas–Centras	328	NULL	NULL	NULL	NULL	NULL	NULL	NULL	43	Autobusai	43	05		358	NULL	NULL	NULL
missed	663128	B>A	Centras–Žaliasis tiltas–Šeškinė–Justiniškės	363	NULL	NULL	NULL	NULL	NULL	NULL	NULL	43	Autobusai	43	05		396	NULL	NULL	NULL
missed	663128	A>B	Justiniškės–Šeškinė–Žaliasis tiltas–Centras	401	NULL	NULL	NULL	NULL	NULL	NULL	NULL	43	Autobusai	43	05		435	NULL	NULL	NULL
missed	663128	B>A	Centras–Žaliasis tiltas–Šeškinė–Justiniškės	444	NULL	NULL	NULL	NULL	NULL	NULL	NULL	43	Autobusai	43	05		481	NULL	NULL	NULL
missed	663128	A>B	Justiniškės–Šeškinė–Žaliasis tiltas–Centras	491	NULL	NULL	NULL	NULL	NULL	NULL	NULL	43	Autobusai	43	05		534	NULL	NULL	NULL
missed	663128	B>A	Centras–Žaliasis tiltas–Šeškinė–Justiniškės	544	NULL	NULL	NULL	NULL	NULL	NULL	NULL	43	Autobusai	43	05		580	NULL	NULL	NULL
missed	663128	A>B	Justiniškės–Šeškinė–Žaliasis tiltas–Centras	615	NULL	NULL	NULL	NULL	NULL	NULL	NULL	43	Autobusai	43	05		647	NULL	NULL	NULL
missed	663128	B>A	Centras–Žaliasis tiltas–Šeškinė–Justiniškės	653	NULL	NULL	NULL	NULL	NULL	NULL	NULL	43	Autobusai	43	05		688	NULL	NULL	NULL
missed	663128	A>B	Justiniškės–Šeškinė–Žaliasis tiltas–Centras	693	NULL	NULL	NULL	NULL	NULL	NULL	NULL	43	Autobusai	43	05		725	NULL	NULL	NULL
missed	663128	B>A	Centras–Žaliasis tiltas–Šeškinė–Justiniškės	731	NULL	NULL	NULL	NULL	NULL	NULL	NULL	43	Autobusai	43	05		766	NULL	NULL	NULL
missed	663128	A>B	Justiniškės–Šeškinė–Žaliasis tiltas–Centras	771	NULL	NULL	NULL	NULL	NULL	NULL	NULL	43	Autobusai	43	05		803	NULL	NULL	NULL
missed	663128	B>A	Centras–Žaliasis tiltas–Šeškinė–Justiniškės	811	NULL	NULL	NULL	NULL	NULL	NULL	NULL	43	Autobusai	43	05		846	NULL	NULL	NULL
missed	663128	A>B	Justiniškės–Šeškinė–Žaliasis tiltas–Centras	851	NULL	NULL	NULL	NULL	NULL	NULL	NULL	43	Autobusai	43	05		883	NULL	NULL	NULL
missed	663128	B>A	Centras–Žaliasis tiltas–Šeškinė–Justiniškės	893	NULL	NULL	NULL	NULL	NULL	NULL	NULL	43	Autobusai	43	05		928	NULL	NULL	NULL
missed	663128	A>B	Justiniškės–Šeškinė–Žaliasis tiltas–Centras	933	NULL	NULL	NULL	NULL	NULL	NULL	NULL	43	Autobusai	43	05		965	NULL	NULL	NULL
missed	663128	B>A	Centras–Žaliasis tiltas–Šeškinė–Justiniškės	971	NULL	NULL	NULL	NULL	NULL	NULL	NULL	43	Autobusai	43	05		1011	NULL	NULL	NULL
missed	663128	A>B	Justiniškės–Šeškinė–Žaliasis tiltas–Centras	1021	NULL	NULL	NULL	NULL	NULL	NULL	NULL	43	Autobusai	43	05		1053	NULL	NULL	NULL
missed	663128	B>A	Centras–Žaliasis tiltas–Šeškinė–Justiniškės	1063	NULL	NULL	NULL	NULL	NULL	NULL	NULL	43	Autobusai	43	05		1104	NULL	NULL	NULL
missed	663128	A>B	Justiniškės–Šeškinė–Žaliasis tiltas–Centras	1145	NULL	NULL	NULL	NULL	NULL	NULL	NULL	43	Autobusai	43	05		1176	NULL	NULL	NULL
missed	663128	B>A	Centras–Žaliasis tiltas–Šeškinė–Justiniškės	1183	NULL	NULL	NULL	NULL	NULL	NULL	NULL	43	Autobusai	43	05		1219	NULL	NULL	NULL
missed	663128	A>B	Justiniškės–Šeškinė–Žaliasis tiltas–Centras	1228	NULL	NULL	NULL	NULL	NULL	NULL	NULL	43	Autobusai	43	05		1258	NULL	NULL	NULL
missed	663128	B>A	Centras–Žaliasis tiltas–Šeškinė–Justiniškės	1263	NULL	NULL	NULL	NULL	NULL	NULL	NULL	43	Autobusai	43	05		1296	NULL	NULL	NULL
missed	663128	A>B	Justiniškės–Šeškinė–Žaliasis tiltas–Centras	1304	NULL	NULL	NULL	NULL	NULL	NULL	NULL	43	Autobusai	43	05		1334	NULL	NULL	NULL
missed	663128	B>A	Centras–Žaliasis tiltas–Šeškinė–Justiniškės	1341	NULL	NULL	NULL	NULL	NULL	NULL	NULL	43	Autobusai	43	05		1374	NULL	NULL	NULL
missed	663128	A>B	Justiniškės–Šeškinė–Žaliasis tiltas–Centras	1382	NULL	NULL	NULL	NULL	NULL	NULL	NULL	43	Autobusai	43	05		1412	NULL	NULL	NULL
missed	663129	A>B	Justiniškės–Šeškinė–Žaliasis tiltas–Centras	411	NULL	NULL	NULL	NULL	NULL	NULL	NULL	43	Autobusai	43	06		451	NULL	NULL	NULL
missed	663129	B>A	Centras–Žaliasis tiltas–Šeškinė–Justiniškės	463	NULL	NULL	NULL	NULL	NULL	NULL	NULL	43	Autobusai	43	06		500	NULL	NULL	NULL
missed	663129	A>B	Justiniškės–Šeškinė–Žaliasis tiltas–Centras	510	NULL	NULL	NULL	NULL	NULL	NULL	NULL	43	Autobusai	43	06		549	NULL	NULL	NULL
missed	663129	B>A	Centras–Žaliasis tiltas–Šeškinė–Justiniškės	560	NULL	NULL	NULL	NULL	NULL	NULL	NULL	43	Autobusai	43	06		596	NULL	NULL	NULL
missed	663129	A>B	Justiniškės–Šeškinė–Žaliasis tiltas–Centras	633	NULL	NULL	NULL	NULL	NULL	NULL	NULL	43	Autobusai	43	06		665	NULL	NULL	NULL
missed	663129	B>A	Centras–Žaliasis tiltas–Šeškinė–Justiniškės	672	NULL	NULL	NULL	NULL	NULL	NULL	NULL	43	Autobusai	43	06		707	NULL	NULL	NULL
missed	663129	A>B	Justiniškės–Šeškinė–Žaliasis tiltas–Centras	713	NULL	NULL	NULL	NULL	NULL	NULL	NULL	43	Autobusai	43	06		745	NULL	NULL	NULL
missed	663129	B>A	Centras–Žaliasis tiltas–Šeškinė–Justiniškės	750	NULL	NULL	NULL	NULL	NULL	NULL	NULL	43	Autobusai	43	06		785	NULL	NULL	NULL
missed	663129	A>B	Justiniškės–Šeškinė–Žaliasis tiltas–Centras	790	NULL	NULL	NULL	NULL	NULL	NULL	NULL	43	Autobusai	43	06		822	NULL	NULL	NULL
missed	663129	B>A	Centras–Žaliasis tiltas–Šeškinė–Justiniškės	828	NULL	NULL	NULL	NULL	NULL	NULL	NULL	43	Autobusai	43	06		863	NULL	NULL	NULL
missed	663129	A>B	Justiniškės–Šeškinė–Žaliasis tiltas–Centras	871	NULL	NULL	NULL	NULL	NULL	NULL	NULL	43	Autobusai	43	06		903	NULL	NULL	NULL
missed	663129	B>A	Centras–Žaliasis tiltas–Šeškinė–Justiniškės	913	NULL	NULL	NULL	NULL	NULL	NULL	NULL	43	Autobusai	43	06		948	NULL	NULL	NULL
missed	663129	A>B	Justiniškės–Šeškinė–Žaliasis tiltas–Centras	956	NULL	NULL	NULL	NULL	NULL	NULL	NULL	43	Autobusai	43	06		988	NULL	NULL	NULL
missed	663129	B>A	Centras–Žaliasis tiltas–Šeškinė–Justiniškės	998	NULL	NULL	NULL	NULL	NULL	NULL	NULL	43	Autobusai	43	06		1039	NULL	NULL	NULL
missed	663129	A>B	Justiniškės–Šeškinė–Žaliasis tiltas–Centras	1050	NULL	NULL	NULL	NULL	NULL	NULL	NULL	43	Autobusai	43	06		1083	NULL	NULL	NULL
missed	663129	B>A	Centras–Žaliasis tiltas–Šeškinė–Justiniškės	1094	NULL	NULL	NULL	NULL	NULL	NULL	NULL	43	Autobusai	43	06		1133	NULL	NULL	NULL
missed	663129	A>B	Justiniškės–Šeškinė–Žaliasis tiltas–Centras	1168	NULL	NULL	NULL	NULL	NULL	NULL	NULL	43	Autobusai	43	06		1199	NULL	NULL	NULL
missed	663129	B>A	Centras–Žaliasis tiltas–Šeškinė–Justiniškės	1206	NULL	NULL	NULL	NULL	NULL	NULL	NULL	43	Autobusai	43	06		1241	NULL	NULL	NULL
missed	663129	A>B	Justiniškės–Šeškinė–Žaliasis tiltas–Centras	1247	NULL	NULL	NULL	NULL	NULL	NULL	NULL	43	Autobusai	43	06		1277	NULL	NULL	NULL
missed	663129	B>A	Centras–Žaliasis tiltas–Šeškinė–Justiniškės	1285	NULL	NULL	NULL	NULL	NULL	NULL	NULL	43	Autobusai	43	06		1318	NULL	NULL	NULL
missed	663129	A>B	Justiniškės–Šeškinė–Žaliasis tiltas–Centras	1325	NULL	NULL	NULL	NULL	NULL	NULL	NULL	43	Autobusai	43	06		1355	NULL	NULL	NULL
missed	663129	B>A	Centras–Žaliasis tiltas–Šeškinė–Justiniškės	1360	NULL	NULL	NULL	NULL	NULL	NULL	NULL	43	Autobusai	43	06		1393	NULL	NULL	NULL
missed	614887	A>B	Pašilaičiai–A.Goštauto g.–Centras	319	NULL	NULL	NULL	NULL	NULL	NULL	NULL	46	Autobusai	46	01		349	NULL	NULL	NULL
missed	614887	B>A	Centras–A.Goštauto g.–Pašilaičiai	349	NULL	NULL	NULL	NULL	NULL	NULL	NULL	46	Autobusai	46	01		377	NULL	NULL	NULL
missed	614887	A>B	Pašilaičiai–A.Goštauto g.–Centras	388	NULL	NULL	NULL	NULL	NULL	NULL	NULL	46	Autobusai	46	01		419	NULL	NULL	NULL
missed	614887	B>A	Centras–A.Goštauto g.–Pašilaičiai	419	NULL	NULL	NULL	NULL	NULL	NULL	NULL	46	Autobusai	46	01		449	NULL	NULL	NULL
missed	614887	A>B	Pašilaičiai–A.Goštauto g.–Centras	459	NULL	NULL	NULL	NULL	NULL	NULL	NULL	46	Autobusai	46	01		490	NULL	NULL	NULL
missed	614887	B>A	Centras–A.Goštauto g.–Pašilaičiai	490	NULL	NULL	NULL	NULL	NULL	NULL	NULL	46	Autobusai	46	01		520	NULL	NULL	NULL
missed	614887	A>B	Pašilaičiai–A.Goštauto g.–Centras	533	NULL	NULL	NULL	NULL	NULL	NULL	NULL	46	Autobusai	46	01		563	NULL	NULL	NULL
missed	614887	B>A	Centras–A.Goštauto g.–Pašilaičiai	563	NULL	NULL	NULL	NULL	NULL	NULL	NULL	46	Autobusai	46	01		593	NULL	NULL	NULL
missed	614887	A>B	Pašilaičiai–A.Goštauto g.–Centras	623	NULL	NULL	NULL	NULL	NULL	NULL	NULL	46	Autobusai	46	01		653	NULL	NULL	NULL
missed	614887	B>A	Centras–A.Goštauto g.–Pašilaičiai	653	NULL	NULL	NULL	NULL	NULL	NULL	NULL	46	Autobusai	46	01		683	NULL	NULL	NULL
missed	614887	A>B	Pašilaičiai–A.Goštauto g.–Centras	700	NULL	NULL	NULL	NULL	NULL	NULL	NULL	46	Autobusai	46	01		730	NULL	NULL	NULL
missed	614887	B>A	Centras–A.Goštauto g.–Pašilaičiai	730	NULL	NULL	NULL	NULL	NULL	NULL	NULL	46	Autobusai	46	01		760	NULL	NULL	NULL
missed	614887	A>B	Pašilaičiai–A.Goštauto g.–Centras	771	NULL	NULL	NULL	NULL	NULL	NULL	NULL	46	Autobusai	46	01		801	NULL	NULL	NULL
missed	614887	B>A	Centras–A.Goštauto g.–Pašilaičiai	801	NULL	NULL	NULL	NULL	NULL	NULL	NULL	46	Autobusai	46	01		831	NULL	NULL	NULL
missed	614887	A>B	Pašilaičiai–A.Goštauto g.–Centras	841	NULL	NULL	NULL	NULL	NULL	NULL	NULL	46	Autobusai	46	01		871	NULL	NULL	NULL
missed	614887	B>A	Centras–A.Goštauto g.–Pašilaičiai	871	NULL	NULL	NULL	NULL	NULL	NULL	NULL	46	Autobusai	46	01		901	NULL	NULL	NULL
missed	614887	A>B	Pašilaičiai–A.Goštauto g.–Centras	910	NULL	NULL	NULL	NULL	NULL	NULL	NULL	46	Autobusai	46	01		941	NULL	NULL	NULL
missed	614887	B>A	Centras–A.Goštauto g.–Pašilaičiai	941	NULL	NULL	NULL	NULL	NULL	NULL	NULL	46	Autobusai	46	01		974	NULL	NULL	NULL
missed	614887	A>B	Pašilaičiai–A.Goštauto g.–Centras	989	NULL	NULL	NULL	NULL	NULL	NULL	NULL	46	Autobusai	46	01		1020	NULL	NULL	NULL
missed	614887	B>A	Centras–A.Goštauto g.–Pašilaičiai	1020	NULL	NULL	NULL	NULL	NULL	NULL	NULL	46	Autobusai	46	01		1053	NULL	NULL	NULL
missed	614887	A>B	Pašilaičiai–A.Goštauto g.–Centras	1068	NULL	NULL	NULL	NULL	NULL	NULL	NULL	46	Autobusai	46	01		1099	NULL	NULL	NULL
missed	614887	B>A	Centras–A.Goštauto g.–Pašilaičiai	1099	NULL	NULL	NULL	NULL	NULL	NULL	NULL	46	Autobusai	46	01		1129	NULL	NULL	NULL
missed	614887	A>B	Pašilaičiai–A.Goštauto g.–Centras	1173	NULL	NULL	NULL	NULL	NULL	NULL	NULL	46	Autobusai	46	01		1204	NULL	NULL	NULL
missed	614887	B>A	Centras–A.Goštauto g.–Pašilaičiai	1204	NULL	NULL	NULL	NULL	NULL	NULL	NULL	46	Autobusai	46	01		1234	NULL	NULL	NULL
missed	614887	A>B	Pašilaičiai–A.Goštauto g.–Centras	1245	NULL	NULL	NULL	NULL	NULL	NULL	NULL	46	Autobusai	46	01		1275	NULL	NULL	NULL
missed	614887	B>A	Centras–A.Goštauto g.–Pašilaičiai	1275	NULL	NULL	NULL	NULL	NULL	NULL	NULL	46	Autobusai	46	01		1303	NULL	NULL	NULL
missed	614887	A>B	Pašilaičiai–A.Goštauto g.–Centras	1315	NULL	NULL	NULL	NULL	NULL	NULL	NULL	46	Autobusai	46	01		1345	NULL	NULL	NULL
missed	614887	B>A	Centras–A.Goštauto g.–Pašilaičiai	1345	NULL	NULL	NULL	NULL	NULL	NULL	NULL	46	Autobusai	46	01		1373	NULL	NULL	NULL
missed	614889	A>B	Pašilaičiai–A.Goštauto g.–Centras	374	NULL	NULL	NULL	NULL	NULL	NULL	NULL	46	Autobusai	46	02		405	NULL	NULL	NULL
missed	614889	B>A	Centras–A.Goštauto g.–Pašilaičiai	405	NULL	NULL	NULL	NULL	NULL	NULL	NULL	46	Autobusai	46	02		433	NULL	NULL	NULL
missed	614889	A>B	Pašilaičiai–A.Goštauto g.–Centras	446	NULL	NULL	NULL	NULL	NULL	NULL	NULL	46	Autobusai	46	02		477	NULL	NULL	NULL
missed	614889	B>A	Centras–A.Goštauto g.–Pašilaičiai	477	NULL	NULL	NULL	NULL	NULL	NULL	NULL	46	Autobusai	46	02		507	NULL	NULL	NULL
missed	614889	A>B	Pašilaičiai–A.Goštauto g.–Centras	521	NULL	NULL	NULL	NULL	NULL	NULL	NULL	46	Autobusai	46	02		551	NULL	NULL	NULL
missed	614889	B>A	Centras–A.Goštauto g.–Pašilaičiai	551	NULL	NULL	NULL	NULL	NULL	NULL	NULL	46	Autobusai	46	02		581	NULL	NULL	NULL
missed	614889	A>B	Pašilaičiai–A.Goštauto g.–Centras	923	NULL	NULL	NULL	NULL	NULL	NULL	NULL	46	Autobusai	46	02		954	NULL	NULL	NULL
missed	614889	B>A	Centras–A.Goštauto g.–Pašilaičiai	954	NULL	NULL	NULL	NULL	NULL	NULL	NULL	46	Autobusai	46	02		987	NULL	NULL	NULL
missed	614889	A>B	Pašilaičiai–A.Goštauto g.–Centras	1002	NULL	NULL	NULL	NULL	NULL	NULL	NULL	46	Autobusai	46	02		1033	NULL	NULL	NULL
missed	614889	B>A	Centras–A.Goštauto g.–Pašilaičiai	1033	NULL	NULL	NULL	NULL	NULL	NULL	NULL	46	Autobusai	46	02		1066	NULL	NULL	NULL
missed	614889	A>B	Pašilaičiai–A.Goštauto g.–Centras	1081	NULL	NULL	NULL	NULL	NULL	NULL	NULL	46	Autobusai	46	02		1112	NULL	NULL	NULL
missed	614889	B>A	Centras–A.Goštauto g.–Pašilaičiai	1112	NULL	NULL	NULL	NULL	NULL	NULL	NULL	46	Autobusai	46	02		1142	NULL	NULL	NULL
missed	614888	A>B	Pašilaičiai–A.Goštauto g.–Centras	333	NULL	NULL	NULL	NULL	NULL	NULL	NULL	46	Autobusai	46	03-ž		363	NULL	NULL	NULL
missed	614888	B>A	Centras–A.Goštauto g.–Pašilaičiai	363	NULL	NULL	NULL	NULL	NULL	NULL	NULL	46	Autobusai	46	03-ž		391	NULL	NULL	NULL
missed	614888	A>B	Pašilaičiai–A.Goštauto g.–Centras	401	NULL	NULL	NULL	NULL	NULL	NULL	NULL	46	Autobusai	46	03-ž		432	NULL	NULL	NULL
missed	614888	B>A	Centras–A.Goštauto g.–Pašilaičiai	432	NULL	NULL	NULL	NULL	NULL	NULL	NULL	46	Autobusai	46	03-ž		462	NULL	NULL	NULL
missed	614888	A>B	Pašilaičiai–A.Goštauto g.–Centras	473	NULL	NULL	NULL	NULL	NULL	NULL	NULL	46	Autobusai	46	03-ž		504	NULL	NULL	NULL
missed	614888	B>A	Centras–A.Goštauto g.–Pašilaičiai	504	NULL	NULL	NULL	NULL	NULL	NULL	NULL	46	Autobusai	46	03-ž		534	NULL	NULL	NULL
missed	614888	A>B	Pašilaičiai–A.Goštauto g.–Centras	547	NULL	NULL	NULL	NULL	NULL	NULL	NULL	46	Autobusai	46	03-ž		577	NULL	NULL	NULL
missed	614888	B>A	Centras–A.Goštauto g.–Pašilaičiai	577	NULL	NULL	NULL	NULL	NULL	NULL	NULL	46	Autobusai	46	03-ž		607	NULL	NULL	NULL
missed	614888	A>B	Pašilaičiai–A.Goštauto g.–Centras	642	NULL	NULL	NULL	NULL	NULL	NULL	NULL	46	Autobusai	46	03-ž		672	NULL	NULL	NULL
missed	614888	B>A	Centras–A.Goštauto g.–Pašilaičiai	672	NULL	NULL	NULL	NULL	NULL	NULL	NULL	46	Autobusai	46	03-ž		702	NULL	NULL	NULL
missed	614888	A>B	Pašilaičiai–A.Goštauto g.–Centras	718	NULL	NULL	NULL	NULL	NULL	NULL	NULL	46	Autobusai	46	03-ž		748	NULL	NULL	NULL
missed	614888	B>A	Centras–A.Goštauto g.–Pašilaičiai	748	NULL	NULL	NULL	NULL	NULL	NULL	NULL	46	Autobusai	46	03-ž		778	NULL	NULL	NULL
missed	614888	A>B	Pašilaičiai–A.Goštauto g.–Centras	789	NULL	NULL	NULL	NULL	NULL	NULL	NULL	46	Autobusai	46	03-ž		819	NULL	NULL	NULL
missed	614888	B>A	Centras–A.Goštauto g.–Pašilaičiai	819	NULL	NULL	NULL	NULL	NULL	NULL	NULL	46	Autobusai	46	03-ž		849	NULL	NULL	NULL
missed	614888	A>B	Pašilaičiai–A.Goštauto g.–Centras	859	NULL	NULL	NULL	NULL	NULL	NULL	NULL	46	Autobusai	46	03-ž		889	NULL	NULL	NULL
missed	614888	B>A	Centras–A.Goštauto g.–Pašilaičiai	889	NULL	NULL	NULL	NULL	NULL	NULL	NULL	46	Autobusai	46	03-ž		919	NULL	NULL	NULL
missed	614888	A>B	Pašilaičiai–A.Goštauto g.–Centras	936	NULL	NULL	NULL	NULL	NULL	NULL	NULL	46	Autobusai	46	03-ž		967	NULL	NULL	NULL
missed	614888	B>A	Centras–A.Goštauto g.–Pašilaičiai	967	NULL	NULL	NULL	NULL	NULL	NULL	NULL	46	Autobusai	46	03-ž		1000	NULL	NULL	NULL
missed	614888	A>B	Pašilaičiai–A.Goštauto g.–Centras	1015	NULL	NULL	NULL	NULL	NULL	NULL	NULL	46	Autobusai	46	03-ž		1046	NULL	NULL	NULL
missed	614888	B>A	Centras–A.Goštauto g.–Pašilaičiai	1046	NULL	NULL	NULL	NULL	NULL	NULL	NULL	46	Autobusai	46	03-ž		1079	NULL	NULL	NULL
missed	614888	A>B	Pašilaičiai–A.Goštauto g.–Centras	1095	NULL	NULL	NULL	NULL	NULL	NULL	NULL	46	Autobusai	46	03-ž		1126	NULL	NULL	NULL
missed	614888	B>A	Centras–A.Goštauto g.–Pašilaičiai	1126	NULL	NULL	NULL	NULL	NULL	NULL	NULL	46	Autobusai	46	03-ž		1156	NULL	NULL	NULL
missed	614888	A>B	Pašilaičiai–A.Goštauto g.–Centras	1191	NULL	NULL	NULL	NULL	NULL	NULL	NULL	46	Autobusai	46	03-ž		1221	NULL	NULL	NULL
missed	614888	B>A	Centras–A.Goštauto g.–Pašilaičiai	1221	NULL	NULL	NULL	NULL	NULL	NULL	NULL	46	Autobusai	46	03-ž		1251	NULL	NULL	NULL
missed	614888	A>B	Pašilaičiai–A.Goštauto g.–Centras	1262	NULL	NULL	NULL	NULL	NULL	NULL	NULL	46	Autobusai	46	03-ž		1292	NULL	NULL	NULL
missed	614888	B>A	Centras–A.Goštauto g.–Pašilaičiai	1292	NULL	NULL	NULL	NULL	NULL	NULL	NULL	46	Autobusai	46	03-ž		1320	NULL	NULL	NULL
missed	614888	A>B	Pašilaičiai–A.Goštauto g.–Centras	1332	NULL	NULL	NULL	NULL	NULL	NULL	NULL	46	Autobusai	46	03-ž		1362	NULL	NULL	NULL
missed	614888	B>A	Centras–A.Goštauto g.–Pašilaičiai	1362	NULL	NULL	NULL	NULL	NULL	NULL	NULL	46	Autobusai	46	03-ž		1390	NULL	NULL	NULL
missed	614890	A>B	Pašilaičiai–A.Goštauto g.–Centras	347	NULL	NULL	NULL	NULL	NULL	NULL	NULL	46	Autobusai	46	04		377	NULL	NULL	NULL
missed	614890	B>A	Centras–A.Goštauto g.–Pašilaičiai	377	NULL	NULL	NULL	NULL	NULL	NULL	NULL	46	Autobusai	46	04		405	NULL	NULL	NULL
missed	614890	A>B	Pašilaičiai–A.Goštauto g.–Centras	423	NULL	NULL	NULL	NULL	NULL	NULL	NULL	46	Autobusai	46	04		454	NULL	NULL	NULL
missed	614890	B>A	Centras–A.Goštauto g.–Pašilaičiai	454	NULL	NULL	NULL	NULL	NULL	NULL	NULL	46	Autobusai	46	04		484	NULL	NULL	NULL
missed	614890	A>B	Pašilaičiai–A.Goštauto g.–Centras	498	NULL	NULL	NULL	NULL	NULL	NULL	NULL	46	Autobusai	46	04		528	NULL	NULL	NULL
missed	614890	B>A	Centras–A.Goštauto g.–Pašilaičiai	528	NULL	NULL	NULL	NULL	NULL	NULL	NULL	46	Autobusai	46	04		558	NULL	NULL	NULL
missed	614890	A>B	Pašilaičiai–A.Goštauto g.–Centras	591	NULL	NULL	NULL	NULL	NULL	NULL	NULL	46	Autobusai	46	04		621	NULL	NULL	NULL
missed	614890	B>A	Centras–A.Goštauto g.–Pašilaičiai	621	NULL	NULL	NULL	NULL	NULL	NULL	NULL	46	Autobusai	46	04		651	NULL	NULL	NULL
missed	614890	A>B	Pašilaičiai–A.Goštauto g.–Centras	681	NULL	NULL	NULL	NULL	NULL	NULL	NULL	46	Autobusai	46	04		711	NULL	NULL	NULL
missed	614890	B>A	Centras–A.Goštauto g.–Pašilaičiai	711	NULL	NULL	NULL	NULL	NULL	NULL	NULL	46	Autobusai	46	04		741	NULL	NULL	NULL
missed	614890	A>B	Pašilaičiai–A.Goštauto g.–Centras	753	NULL	NULL	NULL	NULL	NULL	NULL	NULL	46	Autobusai	46	04		783	NULL	NULL	NULL
missed	614890	B>A	Centras–A.Goštauto g.–Pašilaičiai	783	NULL	NULL	NULL	NULL	NULL	NULL	NULL	46	Autobusai	46	04		813	NULL	NULL	NULL
missed	614890	A>B	Pašilaičiai–A.Goštauto g.–Centras	825	NULL	NULL	NULL	NULL	NULL	NULL	NULL	46	Autobusai	46	04		855	NULL	NULL	NULL
missed	614890	B>A	Centras–A.Goštauto g.–Pašilaičiai	855	NULL	NULL	NULL	NULL	NULL	NULL	NULL	46	Autobusai	46	04		885	NULL	NULL	NULL
missed	614890	A>B	Pašilaičiai–A.Goštauto g.–Centras	896	NULL	NULL	NULL	NULL	NULL	NULL	NULL	46	Autobusai	46	04		927	NULL	NULL	NULL
missed	614890	B>A	Centras–A.Goštauto g.–Pašilaičiai	927	NULL	NULL	NULL	NULL	NULL	NULL	NULL	46	Autobusai	46	04		957	NULL	NULL	NULL
missed	614890	A>B	Pašilaičiai–A.Goštauto g.–Centras	975	NULL	NULL	NULL	NULL	NULL	NULL	NULL	46	Autobusai	46	04		1006	NULL	NULL	NULL
missed	614890	B>A	Centras–A.Goštauto g.–Pašilaičiai	1006	NULL	NULL	NULL	NULL	NULL	NULL	NULL	46	Autobusai	46	04		1039	NULL	NULL	NULL
missed	614890	A>B	Pašilaičiai–A.Goštauto g.–Centras	1054	NULL	NULL	NULL	NULL	NULL	NULL	NULL	46	Autobusai	46	04		1085	NULL	NULL	NULL
missed	614890	B>A	Centras–A.Goštauto g.–Pašilaičiai	1085	NULL	NULL	NULL	NULL	NULL	NULL	NULL	46	Autobusai	46	04		1115	NULL	NULL	NULL
missed	614890	A>B	Pašilaičiai–A.Goštauto g.–Centras	1154	NULL	NULL	NULL	NULL	NULL	NULL	NULL	46	Autobusai	46	04		1185	NULL	NULL	NULL
missed	614890	B>A	Centras–A.Goštauto g.–Pašilaičiai	1185	NULL	NULL	NULL	NULL	NULL	NULL	NULL	46	Autobusai	46	04		1215	NULL	NULL	NULL
missed	614890	A>B	Pašilaičiai–A.Goštauto g.–Centras	1228	NULL	NULL	NULL	NULL	NULL	NULL	NULL	46	Autobusai	46	04		1258	NULL	NULL	NULL
missed	614890	B>A	Centras–A.Goštauto g.–Pašilaičiai	1258	NULL	NULL	NULL	NULL	NULL	NULL	NULL	46	Autobusai	46	04		1286	NULL	NULL	NULL
missed	614890	A>B	Pašilaičiai–A.Goštauto g.–Centras	1298	NULL	NULL	NULL	NULL	NULL	NULL	NULL	46	Autobusai	46	04		1328	NULL	NULL	NULL
missed	614890	B>A	Centras–A.Goštauto g.–Pašilaičiai	1328	NULL	NULL	NULL	NULL	NULL	NULL	NULL	46	Autobusai	46	04		1356	NULL	NULL	NULL
missed	614890	A>B	Pašilaičiai–A.Goštauto g.–Centras	1370	NULL	NULL	NULL	NULL	NULL	NULL	NULL	46	Autobusai	46	04		1400	NULL	NULL	NULL
missed	614890	B>A	Centras–A.Goštauto g.–Pašilaičiai	1400	NULL	NULL	NULL	NULL	NULL	NULL	NULL	46	Autobusai	46	04		1428	NULL	NULL	NULL
missed	614891	A>B	Pašilaičiai–A.Goštauto g.–Centras	361	NULL	NULL	NULL	NULL	NULL	NULL	NULL	46	Autobusai	46	05		392	NULL	NULL	NULL
missed	614891	B>A	Centras–A.Goštauto g.–Pašilaičiai	392	NULL	NULL	NULL	NULL	NULL	NULL	NULL	46	Autobusai	46	05		420	NULL	NULL	NULL
missed	614891	A>B	Pašilaičiai–A.Goštauto g.–Centras	435	NULL	NULL	NULL	NULL	NULL	NULL	NULL	46	Autobusai	46	05		466	NULL	NULL	NULL
missed	614891	B>A	Centras–A.Goštauto g.–Pašilaičiai	466	NULL	NULL	NULL	NULL	NULL	NULL	NULL	46	Autobusai	46	05		496	NULL	NULL	NULL
missed	614891	A>B	Pašilaičiai–A.Goštauto g.–Centras	510	NULL	NULL	NULL	NULL	NULL	NULL	NULL	46	Autobusai	46	05		540	NULL	NULL	NULL
missed	614891	B>A	Centras–A.Goštauto g.–Pašilaičiai	540	NULL	NULL	NULL	NULL	NULL	NULL	NULL	46	Autobusai	46	05		570	NULL	NULL	NULL
missed	614891	A>B	Pašilaičiai–A.Goštauto g.–Centras	948	NULL	NULL	NULL	NULL	NULL	NULL	NULL	46	Autobusai	46	05		979	NULL	NULL	NULL
missed	614891	B>A	Centras–A.Goštauto g.–Pašilaičiai	979	NULL	NULL	NULL	NULL	NULL	NULL	NULL	46	Autobusai	46	05		1012	NULL	NULL	NULL
missed	614891	A>B	Pašilaičiai–A.Goštauto g.–Centras	1026	NULL	NULL	NULL	NULL	NULL	NULL	NULL	46	Autobusai	46	05		1057	NULL	NULL	NULL
missed	614891	B>A	Centras–A.Goštauto g.–Pašilaičiai	1057	NULL	NULL	NULL	NULL	NULL	NULL	NULL	46	Autobusai	46	05		1088	NULL	NULL	NULL
missed	614891	A>B	Pašilaičiai–A.Goštauto g.–Centras	1107	NULL	NULL	NULL	NULL	NULL	NULL	NULL	46	Autobusai	46	05		1138	NULL	NULL	NULL
missed	614891	B>A	Centras–A.Goštauto g.–Pašilaičiai	1138	NULL	NULL	NULL	NULL	NULL	NULL	NULL	46	Autobusai	46	05		1168	NULL	NULL	NULL
missed	614892	A>B	Pašilaičiai–A.Goštauto g.–Centras	412	NULL	NULL	NULL	NULL	NULL	NULL	NULL	46	Autobusai	46	06		443	NULL	NULL	NULL
missed	614892	B>A	Centras–A.Goštauto g.–Pašilaičiai	443	NULL	NULL	NULL	NULL	NULL	NULL	NULL	46	Autobusai	46	06		473	NULL	NULL	NULL
missed	614892	A>B	Pašilaičiai–A.Goštauto g.–Centras	486	NULL	NULL	NULL	NULL	NULL	NULL	NULL	46	Autobusai	46	06		517	NULL	NULL	NULL
missed	614892	B>A	Centras–A.Goštauto g.–Pašilaičiai	517	NULL	NULL	NULL	NULL	NULL	NULL	NULL	46	Autobusai	46	06		547	NULL	NULL	NULL
missed	614892	A>B	Pašilaičiai–A.Goštauto g.–Centras	565	NULL	NULL	NULL	NULL	NULL	NULL	NULL	46	Autobusai	46	06		595	NULL	NULL	NULL
missed	614892	B>A	Centras–A.Goštauto g.–Pašilaičiai	595	NULL	NULL	NULL	NULL	NULL	NULL	NULL	46	Autobusai	46	06		625	NULL	NULL	NULL
missed	614892	A>B	Pašilaičiai–A.Goštauto g.–Centras	661	NULL	NULL	NULL	NULL	NULL	NULL	NULL	46	Autobusai	46	06		691	NULL	NULL	NULL
missed	614892	B>A	Centras–A.Goštauto g.–Pašilaičiai	691	NULL	NULL	NULL	NULL	NULL	NULL	NULL	46	Autobusai	46	06		721	NULL	NULL	NULL
missed	614892	A>B	Pašilaičiai–A.Goštauto g.–Centras	735	NULL	NULL	NULL	NULL	NULL	NULL	NULL	46	Autobusai	46	06		765	NULL	NULL	NULL
missed	614892	B>A	Centras–A.Goštauto g.–Pašilaičiai	765	NULL	NULL	NULL	NULL	NULL	NULL	NULL	46	Autobusai	46	06		795	NULL	NULL	NULL
missed	614892	A>B	Pašilaičiai–A.Goštauto g.–Centras	807	NULL	NULL	NULL	NULL	NULL	NULL	NULL	46	Autobusai	46	06		837	NULL	NULL	NULL
missed	614892	B>A	Centras–A.Goštauto g.–Pašilaičiai	837	NULL	NULL	NULL	NULL	NULL	NULL	NULL	46	Autobusai	46	06		867	NULL	NULL	NULL
missed	614892	A>B	Pašilaičiai–A.Goštauto g.–Centras	878	NULL	NULL	NULL	NULL	NULL	NULL	NULL	46	Autobusai	46	06		908	NULL	NULL	NULL
missed	614892	B>A	Centras–A.Goštauto g.–Pašilaičiai	908	NULL	NULL	NULL	NULL	NULL	NULL	NULL	46	Autobusai	46	06		938	NULL	NULL	NULL
missed	614892	A>B	Pašilaičiai–A.Goštauto g.–Centras	961	NULL	NULL	NULL	NULL	NULL	NULL	NULL	46	Autobusai	46	06		992	NULL	NULL	NULL
missed	614892	B>A	Centras–A.Goštauto g.–Pašilaičiai	992	NULL	NULL	NULL	NULL	NULL	NULL	NULL	46	Autobusai	46	06		1025	NULL	NULL	NULL
missed	614892	A>B	Pašilaičiai–A.Goštauto g.–Centras	1040	NULL	NULL	NULL	NULL	NULL	NULL	NULL	46	Autobusai	46	06		1071	NULL	NULL	NULL
missed	614892	B>A	Centras–A.Goštauto g.–Pašilaičiai	1071	NULL	NULL	NULL	NULL	NULL	NULL	NULL	46	Autobusai	46	06		1101	NULL	NULL	NULL
missed	614892	A>B	Pašilaičiai–A.Goštauto g.–Centras	1131	NULL	NULL	NULL	NULL	NULL	NULL	NULL	46	Autobusai	46	06		1162	NULL	NULL	NULL
missed	614892	B>A	Centras–A.Goštauto g.–Pašilaičiai	1162	NULL	NULL	NULL	NULL	NULL	NULL	NULL	46	Autobusai	46	06		1192	NULL	NULL	NULL
missed	614892	A>B	Pašilaičiai–A.Goštauto g.–Centras	1209	NULL	NULL	NULL	NULL	NULL	NULL	NULL	46	Autobusai	46	06		1239	NULL	NULL	NULL
missed	614892	B>A	Centras–A.Goštauto g.–Pašilaičiai	1239	NULL	NULL	NULL	NULL	NULL	NULL	NULL	46	Autobusai	46	06		1267	NULL	NULL	NULL
missed	614892	A>B	Pašilaičiai–A.Goštauto g.–Centras	1280	NULL	NULL	NULL	NULL	NULL	NULL	NULL	46	Autobusai	46	06		1310	NULL	NULL	NULL
missed	614892	B>A	Centras–A.Goštauto g.–Pašilaičiai	1310	NULL	NULL	NULL	NULL	NULL	NULL	NULL	46	Autobusai	46	06		1338	NULL	NULL	NULL
missed	614892	A>B	Pašilaičiai–A.Goštauto g.–Centras	1350	NULL	NULL	NULL	NULL	NULL	NULL	NULL	46	Autobusai	46	06		1380	NULL	NULL	NULL
missed	614892	B>A	Centras–A.Goštauto g.–Pašilaičiai	1380	NULL	NULL	NULL	NULL	NULL	NULL	NULL	46	Autobusai	46	06		1408	NULL	NULL	NULL
missed	663241	B>A	Santariškės–Pašilaičiai–Šeškinė	327	NULL	NULL	NULL	NULL	NULL	NULL	NULL	48	Autobusai	48	01-Ž		365	NULL	NULL	NULL
missed	663241	A>B	Šeškinė–Pašilaičiai–Santariškės	370	NULL	NULL	NULL	NULL	NULL	NULL	NULL	48	Autobusai	48	01-Ž		407	NULL	NULL	NULL
missed	663241	B>A	Santariškės–Pašilaičiai–Šeškinė	421	NULL	NULL	NULL	NULL	NULL	NULL	NULL	48	Autobusai	48	01-Ž		460	NULL	NULL	NULL
missed	663241	A>B	Šeškinė–Pašilaičiai–Santariškės	465	NULL	NULL	NULL	NULL	NULL	NULL	NULL	48	Autobusai	48	01-Ž		506	NULL	NULL	NULL
missed	663241	B>A	Santariškės–Pašilaičiai–Šeškinė	514	NULL	NULL	NULL	NULL	NULL	NULL	NULL	48	Autobusai	48	01-Ž		553	NULL	NULL	NULL
missed	663241	A>B	Šeškinė–Pašilaičiai–Santariškės	583	NULL	NULL	NULL	NULL	NULL	NULL	NULL	48	Autobusai	48	01-Ž		619	NULL	NULL	NULL
missed	663241	B>A	Santariškės–Pašilaičiai–Šeškinė	625	NULL	NULL	NULL	NULL	NULL	NULL	NULL	48	Autobusai	48	01-Ž		663	NULL	NULL	NULL
missed	663241	A>B	Šeškinė–Pašilaičiai–Santariškės	671	NULL	NULL	NULL	NULL	NULL	NULL	NULL	48	Autobusai	48	01-Ž		707	NULL	NULL	NULL
missed	663241	B>A	Santariškės–Pašilaičiai–Šeškinė	712	NULL	NULL	NULL	NULL	NULL	NULL	NULL	48	Autobusai	48	01-Ž		750	NULL	NULL	NULL
missed	663241	A>B	Šeškinė–Pašilaičiai–Santariškės	755	NULL	NULL	NULL	NULL	NULL	NULL	NULL	48	Autobusai	48	01-Ž		791	NULL	NULL	NULL
missed	663241	B>A	Santariškės–Pašilaičiai–Šeškinė	798	NULL	NULL	NULL	NULL	NULL	NULL	NULL	48	Autobusai	48	01-Ž		836	NULL	NULL	NULL
missed	663241	A>B	Šeškinė–Pašilaičiai–Santariškės	847	NULL	NULL	NULL	NULL	NULL	NULL	NULL	48	Autobusai	48	01-Ž		883	NULL	NULL	NULL
missed	663241	B>A	Santariškės–Pašilaičiai–Šeškinė	889	NULL	NULL	NULL	NULL	NULL	NULL	NULL	48	Autobusai	48	01-Ž		927	NULL	NULL	NULL
missed	663241	A>B	Šeškinė–Pašilaičiai–Santariškės	936	NULL	NULL	NULL	NULL	NULL	NULL	NULL	48	Autobusai	48	01-Ž		973	NULL	NULL	NULL
missed	663241	B>A	Santariškės–Pašilaičiai–Šeškinė	978	NULL	NULL	NULL	NULL	NULL	NULL	NULL	48	Autobusai	48	01-Ž		1017	NULL	NULL	NULL
missed	663241	A>B	Šeškinė–Pašilaičiai–Santariškės	1022	NULL	NULL	NULL	NULL	NULL	NULL	NULL	48	Autobusai	48	01-Ž		1062	NULL	NULL	NULL
missed	663241	B>A	Santariškės–Pašilaičiai–Šeškinė	1069	NULL	NULL	NULL	NULL	NULL	NULL	NULL	48	Autobusai	48	01-Ž		1109	NULL	NULL	NULL
missed	663241	A>B	Šeškinė–Pašilaičiai–Santariškės	1114	NULL	NULL	NULL	NULL	NULL	NULL	NULL	48	Autobusai	48	01-Ž		1155	NULL	NULL	NULL
missed	663241	B>A	Santariškės–Pašilaičiai–Šeškinė	1160	NULL	NULL	NULL	NULL	NULL	NULL	NULL	48	Autobusai	48	01-Ž		1200	NULL	NULL	NULL
missed	663241	A>B	Šeškinė–Pašilaičiai–Santariškės	1230	NULL	NULL	NULL	NULL	NULL	NULL	NULL	48	Autobusai	48	01-Ž		1265	NULL	NULL	NULL
missed	663241	B>A	Santariškės–Pašilaičiai–Šeškinė	1270	NULL	NULL	NULL	NULL	NULL	NULL	NULL	48	Autobusai	48	01-Ž		1306	NULL	NULL	NULL
missed	663241	A>B	Šeškinė–Pašilaičiai–Santariškės	1311	NULL	NULL	NULL	NULL	NULL	NULL	NULL	48	Autobusai	48	01-Ž		1346	NULL	NULL	NULL
missed	663241	B>A	Santariškės–Pašilaičiai–Šeškinė	1351	NULL	NULL	NULL	NULL	NULL	NULL	NULL	48	Autobusai	48	01-Ž		1387	NULL	NULL	NULL
missed	663242	A>B	Šeškinė–Pašilaičiai–Santariškės	327	NULL	NULL	NULL	NULL	NULL	NULL	NULL	48	Autobusai	48	02		363	NULL	NULL	NULL
missed	663242	B>A	Santariškės–Pašilaičiai–Šeškinė	368	NULL	NULL	NULL	NULL	NULL	NULL	NULL	48	Autobusai	48	02		406	NULL	NULL	NULL
missed	663242	A>B	Šeškinė–Pašilaičiai–Santariškės	416	NULL	NULL	NULL	NULL	NULL	NULL	NULL	48	Autobusai	48	02		457	NULL	NULL	NULL
missed	663242	B>A	Santariškės–Pašilaičiai–Šeškinė	462	NULL	NULL	NULL	NULL	NULL	NULL	NULL	48	Autobusai	48	02		501	NULL	NULL	NULL
missed	663242	A>B	Šeškinė–Pašilaičiai–Santariškės	507	NULL	NULL	NULL	NULL	NULL	NULL	NULL	48	Autobusai	48	02		548	NULL	NULL	NULL
missed	663242	B>A	Santariškės–Pašilaičiai–Šeškinė	555	NULL	NULL	NULL	NULL	NULL	NULL	NULL	48	Autobusai	48	02		593	NULL	NULL	NULL
missed	663242	A>B	Šeškinė–Pašilaičiai–Santariškės	627	NULL	NULL	NULL	NULL	NULL	NULL	NULL	48	Autobusai	48	02		663	NULL	NULL	NULL
missed	663242	B>A	Santariškės–Pašilaičiai–Šeškinė	668	NULL	NULL	NULL	NULL	NULL	NULL	NULL	48	Autobusai	48	02		706	NULL	NULL	NULL
missed	663242	A>B	Šeškinė–Pašilaičiai–Santariškės	712	NULL	NULL	NULL	NULL	NULL	NULL	NULL	48	Autobusai	48	02		748	NULL	NULL	NULL
missed	663242	B>A	Santariškės–Pašilaičiai–Šeškinė	753	NULL	NULL	NULL	NULL	NULL	NULL	NULL	48	Autobusai	48	02		791	NULL	NULL	NULL
missed	663242	A>B	Šeškinė–Pašilaičiai–Santariškės	798	NULL	NULL	NULL	NULL	NULL	NULL	NULL	48	Autobusai	48	02		834	NULL	NULL	NULL
missed	663242	B>A	Santariškės–Pašilaičiai–Šeškinė	839	NULL	NULL	NULL	NULL	NULL	NULL	NULL	48	Autobusai	48	02		877	NULL	NULL	NULL
missed	663242	A>B	Šeškinė–Pašilaičiai–Santariškės	886	NULL	NULL	NULL	NULL	NULL	NULL	NULL	48	Autobusai	48	02		922	NULL	NULL	NULL
missed	663242	B>A	Santariškės–Pašilaičiai–Šeškinė	927	NULL	NULL	NULL	NULL	NULL	NULL	NULL	48	Autobusai	48	02		965	NULL	NULL	NULL
missed	663242	A>B	Šeškinė–Pašilaičiai–Santariškės	975	NULL	NULL	NULL	NULL	NULL	NULL	NULL	48	Autobusai	48	02		1014	NULL	NULL	NULL
missed	663242	B>A	Santariškės–Pašilaičiai–Šeškinė	1020	NULL	NULL	NULL	NULL	NULL	NULL	NULL	48	Autobusai	48	02		1060	NULL	NULL	NULL
missed	663242	A>B	Šeškinė–Pašilaičiai–Santariškės	1069	NULL	NULL	NULL	NULL	NULL	NULL	NULL	48	Autobusai	48	02		1110	NULL	NULL	NULL
missed	663242	B>A	Santariškės–Pašilaičiai–Šeškinė	1115	NULL	NULL	NULL	NULL	NULL	NULL	NULL	48	Autobusai	48	02		1155	NULL	NULL	NULL
missed	663242	A>B	Šeškinė–Pašilaičiai–Santariškės	1185	NULL	NULL	NULL	NULL	NULL	NULL	NULL	48	Autobusai	48	02		1221	NULL	NULL	NULL
missed	663242	B>A	Santariškės–Pašilaičiai–Šeškinė	1226	NULL	NULL	NULL	NULL	NULL	NULL	NULL	48	Autobusai	48	02		1262	NULL	NULL	NULL
missed	663242	A>B	Šeškinė–Pašilaičiai–Santariškės	1267	NULL	NULL	NULL	NULL	NULL	NULL	NULL	48	Autobusai	48	02		1302	NULL	NULL	NULL
missed	663242	B>A	Santariškės–Pašilaičiai–Šeškinė	1307	NULL	NULL	NULL	NULL	NULL	NULL	NULL	48	Autobusai	48	02		1343	NULL	NULL	NULL
missed	663242	A>B	Šeškinė–Pašilaičiai–Santariškės	1348	NULL	NULL	NULL	NULL	NULL	NULL	NULL	48	Autobusai	48	02		1383	NULL	NULL	NULL
missed	663242	B>A	Santariškės–Pašilaičiai–Šeškinė	1388	NULL	NULL	NULL	NULL	NULL	NULL	NULL	48	Autobusai	48	02		1424	NULL	NULL	NULL
missed	663243	B>A	Bukčiai–Lazdynai–Žalgirio–Didlaukio–Ateities g.	330	NULL	NULL	NULL	NULL	NULL	NULL	NULL	49	Autobusai	49	01-Ž		380	NULL	NULL	NULL
missed	663243	A>B	Ateities–Didlaukio–Žalgirio g.–Lazdynai–Bukčiai	385	NULL	NULL	NULL	NULL	NULL	NULL	NULL	49	Autobusai	49	01-Ž		434	NULL	NULL	NULL
missed	663243	B>A	Bukčiai–Lazdynai–Žalgirio–Didlaukio–Ateities g.	445	NULL	NULL	NULL	NULL	NULL	NULL	NULL	49	Autobusai	49	01-Ž		498	NULL	NULL	NULL
missed	663243	A>B	Ateities–Didlaukio–Žalgirio g.–Lazdynai–Bukčiai	528	NULL	NULL	NULL	NULL	NULL	NULL	NULL	49	Autobusai	49	01-Ž		578	NULL	NULL	NULL
missed	663243	B>A	Bukčiai–Lazdynai–Žalgirio–Didlaukio–Ateities g.	587	NULL	NULL	NULL	NULL	NULL	NULL	NULL	49	Autobusai	49	01-Ž		639	NULL	NULL	NULL
missed	663243	A>B	Ateities–Didlaukio–Žalgirio g.–Lazdynai–Bukčiai	669	NULL	NULL	NULL	NULL	NULL	NULL	NULL	49	Autobusai	49	01-Ž		719	NULL	NULL	NULL
missed	663243	B>A	Bukčiai–Lazdynai–Žalgirio–Didlaukio–Ateities g.	728	NULL	NULL	NULL	NULL	NULL	NULL	NULL	49	Autobusai	49	01-Ž		780	NULL	NULL	NULL
missed	663243	A>B	Ateities–Didlaukio–Žalgirio g.–Lazdynai–Bukčiai	789	NULL	NULL	NULL	NULL	NULL	NULL	NULL	49	Autobusai	49	01-Ž		839	NULL	NULL	NULL
missed	663243	B>A	Bukčiai–Lazdynai–Žalgirio–Didlaukio–Ateities g.	850	NULL	NULL	NULL	NULL	NULL	NULL	NULL	49	Autobusai	49	01-Ž		902	NULL	NULL	NULL
missed	663243	A>B	Ateities–Didlaukio–Žalgirio g.–Lazdynai–Bukčiai	913	NULL	NULL	NULL	NULL	NULL	NULL	NULL	49	Autobusai	49	01-Ž		963	NULL	NULL	NULL
missed	663243	B>A	Bukčiai–Lazdynai–Žalgirio–Didlaukio–Ateities g.	972	NULL	NULL	NULL	NULL	NULL	NULL	NULL	49	Autobusai	49	01-Ž		1030	NULL	NULL	NULL
missed	663243	A>B	Ateities–Didlaukio–Žalgirio g.–Lazdynai–Bukčiai	1060	NULL	NULL	NULL	NULL	NULL	NULL	NULL	49	Autobusai	49	01-Ž		1117	NULL	NULL	NULL
missed	663243	B>A	Bukčiai–Lazdynai–Žalgirio–Didlaukio–Ateities g.	1125	NULL	NULL	NULL	NULL	NULL	NULL	NULL	49	Autobusai	49	01-Ž		1178	NULL	NULL	NULL
missed	663243	A>B	Ateities–Didlaukio–Žalgirio g.–Lazdynai–Bukčiai	1187	NULL	NULL	NULL	NULL	NULL	NULL	NULL	49	Autobusai	49	01-Ž		1236	NULL	NULL	NULL
missed	663243	B>A	Bukčiai–Lazdynai–Žalgirio–Didlaukio–Ateities g.	1244	NULL	NULL	NULL	NULL	NULL	NULL	NULL	49	Autobusai	49	01-Ž		1293	NULL	NULL	NULL
missed	663243	A>B	Ateities–Didlaukio–Žalgirio g.–Lazdynai–Bukčiai	1298	NULL	NULL	NULL	NULL	NULL	NULL	NULL	49	Autobusai	49	01-Ž		1347	NULL	NULL	NULL
missed	663243	B>A	Bukčiai–Lazdynai–Žalgirio–Didlaukio–Ateities g.	1352	NULL	NULL	NULL	NULL	NULL	NULL	NULL	49	Autobusai	49	01-Ž		1401	NULL	NULL	NULL
missed	663246	A>B	Ateities–Didlaukio–Žalgirio g.–Lazdynai–Bukčiai	361	NULL	NULL	NULL	NULL	NULL	NULL	NULL	49	Autobusai	49	02		411	NULL	NULL	NULL
missed	663246	B>A	Bukčiai–Lazdynai–Žalgirio–Didlaukio–Ateities g.	423	NULL	NULL	NULL	NULL	NULL	NULL	NULL	49	Autobusai	49	02		476	NULL	NULL	NULL
missed	663246	A>B	Ateities–Didlaukio–Žalgirio g.–Lazdynai–Bukčiai	490	NULL	NULL	NULL	NULL	NULL	NULL	NULL	49	Autobusai	49	02		544	NULL	NULL	NULL
missed	663246	B>A	Bukčiai–Lazdynai–Žalgirio–Didlaukio–Ateities g.	554	NULL	NULL	NULL	NULL	NULL	NULL	NULL	49	Autobusai	49	02		606	NULL	NULL	NULL
missed	663246	A>B	Ateities–Didlaukio–Žalgirio g.–Lazdynai–Bukčiai	636	NULL	NULL	NULL	NULL	NULL	NULL	NULL	49	Autobusai	49	02		686	NULL	NULL	NULL
missed	663246	B>A	Bukčiai–Lazdynai–Žalgirio–Didlaukio–Ateities g.	696	NULL	NULL	NULL	NULL	NULL	NULL	NULL	49	Autobusai	49	02		748	NULL	NULL	NULL
missed	663246	A>B	Ateities–Didlaukio–Žalgirio g.–Lazdynai–Bukčiai	756	NULL	NULL	NULL	NULL	NULL	NULL	NULL	49	Autobusai	49	02		806	NULL	NULL	NULL
missed	663246	B>A	Bukčiai–Lazdynai–Žalgirio–Didlaukio–Ateities g.	813	NULL	NULL	NULL	NULL	NULL	NULL	NULL	49	Autobusai	49	02		865	NULL	NULL	NULL
missed	663246	A>B	Ateities–Didlaukio–Žalgirio g.–Lazdynai–Bukčiai	875	NULL	NULL	NULL	NULL	NULL	NULL	NULL	49	Autobusai	49	02		925	NULL	NULL	NULL
missed	663246	B>A	Bukčiai–Lazdynai–Žalgirio–Didlaukio–Ateities g.	934	NULL	NULL	NULL	NULL	NULL	NULL	NULL	49	Autobusai	49	02		987	NULL	NULL	NULL
missed	663246	A>B	Ateities–Didlaukio–Žalgirio g.–Lazdynai–Bukčiai	997	NULL	NULL	NULL	NULL	NULL	NULL	NULL	49	Autobusai	49	02		1050	NULL	NULL	NULL
missed	663246	B>A	Bukčiai–Lazdynai–Žalgirio–Didlaukio–Ateities g.	1060	NULL	NULL	NULL	NULL	NULL	NULL	NULL	49	Autobusai	49	02		1118	NULL	NULL	NULL
missed	663246	A>B	Ateities–Didlaukio–Žalgirio g.–Lazdynai–Bukčiai	1149	NULL	NULL	NULL	NULL	NULL	NULL	NULL	49	Autobusai	49	02		1199	NULL	NULL	NULL
missed	663246	B>A	Bukčiai–Lazdynai–Žalgirio–Didlaukio–Ateities g.	1212	NULL	NULL	NULL	NULL	NULL	NULL	NULL	49	Autobusai	49	02		1261	NULL	NULL	NULL
missed	663246	A>B	Ateities–Didlaukio–Žalgirio g.–Lazdynai–Bukčiai	1267	NULL	NULL	NULL	NULL	NULL	NULL	NULL	49	Autobusai	49	02		1316	NULL	NULL	NULL
missed	663246	B>A	Bukčiai–Lazdynai–Žalgirio–Didlaukio–Ateities g.	1323	NULL	NULL	NULL	NULL	NULL	NULL	NULL	49	Autobusai	49	02		1372	NULL	NULL	NULL
missed	663245	B>A	Bukčiai–Lazdynai–Žalgirio–Didlaukio–Ateities g.	348	NULL	NULL	NULL	NULL	NULL	NULL	NULL	49	Autobusai	49	03		398	NULL	NULL	NULL
missed	663245	A>B	Ateities–Didlaukio–Žalgirio g.–Lazdynai–Bukčiai	405	NULL	NULL	NULL	NULL	NULL	NULL	NULL	49	Autobusai	49	03		455	NULL	NULL	NULL
missed	663245	B>A	Bukčiai–Lazdynai–Žalgirio–Didlaukio–Ateities g.	463	NULL	NULL	NULL	NULL	NULL	NULL	NULL	49	Autobusai	49	03		516	NULL	NULL	NULL
missed	663245	A>B	Ateities–Didlaukio–Žalgirio g.–Lazdynai–Bukčiai	551	NULL	NULL	NULL	NULL	NULL	NULL	NULL	49	Autobusai	49	03		601	NULL	NULL	NULL
missed	663245	B>A	Bukčiai–Lazdynai–Žalgirio–Didlaukio–Ateities g.	611	NULL	NULL	NULL	NULL	NULL	NULL	NULL	49	Autobusai	49	03		663	NULL	NULL	NULL
missed	663245	A>B	Ateities–Didlaukio–Žalgirio g.–Lazdynai–Bukčiai	696	NULL	NULL	NULL	NULL	NULL	NULL	NULL	49	Autobusai	49	03		746	NULL	NULL	NULL
missed	663245	B>A	Bukčiai–Lazdynai–Žalgirio–Didlaukio–Ateities g.	755	NULL	NULL	NULL	NULL	NULL	NULL	NULL	49	Autobusai	49	03		807	NULL	NULL	NULL
missed	663245	A>B	Ateities–Didlaukio–Žalgirio g.–Lazdynai–Bukčiai	817	NULL	NULL	NULL	NULL	NULL	NULL	NULL	49	Autobusai	49	03		867	NULL	NULL	NULL
missed	663245	B>A	Bukčiai–Lazdynai–Žalgirio–Didlaukio–Ateities g.	877	NULL	NULL	NULL	NULL	NULL	NULL	NULL	49	Autobusai	49	03		929	NULL	NULL	NULL
missed	663245	A>B	Ateities–Didlaukio–Žalgirio g.–Lazdynai–Bukčiai	937	NULL	NULL	NULL	NULL	NULL	NULL	NULL	49	Autobusai	49	03		987	NULL	NULL	NULL
missed	663245	B>A	Bukčiai–Lazdynai–Žalgirio–Didlaukio–Ateities g.	996	NULL	NULL	NULL	NULL	NULL	NULL	NULL	49	Autobusai	49	03		1054	NULL	NULL	NULL
missed	663245	A>B	Ateities–Didlaukio–Žalgirio g.–Lazdynai–Bukčiai	1097	NULL	NULL	NULL	NULL	NULL	NULL	NULL	49	Autobusai	49	03		1154	NULL	NULL	NULL
missed	663245	B>A	Bukčiai–Lazdynai–Žalgirio–Didlaukio–Ateities g.	1163	NULL	NULL	NULL	NULL	NULL	NULL	NULL	49	Autobusai	49	03		1214	NULL	NULL	NULL
missed	663245	A>B	Ateities–Didlaukio–Žalgirio g.–Lazdynai–Bukčiai	1221	NULL	NULL	NULL	NULL	NULL	NULL	NULL	49	Autobusai	49	03		1270	NULL	NULL	NULL
missed	663245	B>A	Bukčiai–Lazdynai–Žalgirio–Didlaukio–Ateities g.	1276	NULL	NULL	NULL	NULL	NULL	NULL	NULL	49	Autobusai	49	03		1325	NULL	NULL	NULL
missed	663245	A>B	Ateities–Didlaukio–Žalgirio g.–Lazdynai–Bukčiai	1331	NULL	NULL	NULL	NULL	NULL	NULL	NULL	49	Autobusai	49	03		1380	NULL	NULL	NULL
missed	663245	B>A	Bukčiai–Lazdynai–Žalgirio–Didlaukio–Ateities g.	1386	NULL	NULL	NULL	NULL	NULL	NULL	NULL	49	Autobusai	49	03		1435	NULL	NULL	NULL
missed	663248	B>A	Bukčiai–Lazdynai–Žalgirio–Didlaukio–Ateities g.	366	NULL	NULL	NULL	NULL	NULL	NULL	NULL	49	Autobusai	49	04		416	NULL	NULL	NULL
missed	663248	A>B	Ateities–Didlaukio–Žalgirio g.–Lazdynai–Bukčiai	426	NULL	NULL	NULL	NULL	NULL	NULL	NULL	49	Autobusai	49	04		479	NULL	NULL	NULL
missed	663248	B>A	Bukčiai–Lazdynai–Žalgirio–Didlaukio–Ateities g.	489	NULL	NULL	NULL	NULL	NULL	NULL	NULL	49	Autobusai	49	04		542	NULL	NULL	NULL
missed	663248	A>B	Ateities–Didlaukio–Žalgirio g.–Lazdynai–Bukčiai	584	NULL	NULL	NULL	NULL	NULL	NULL	NULL	49	Autobusai	49	04		634	NULL	NULL	NULL
missed	663248	B>A	Bukčiai–Lazdynai–Žalgirio–Didlaukio–Ateities g.	642	NULL	NULL	NULL	NULL	NULL	NULL	NULL	49	Autobusai	49	04		694	NULL	NULL	NULL
missed	663248	A>B	Ateities–Didlaukio–Žalgirio g.–Lazdynai–Bukčiai	724	NULL	NULL	NULL	NULL	NULL	NULL	NULL	49	Autobusai	49	04		774	NULL	NULL	NULL
missed	663248	B>A	Bukčiai–Lazdynai–Žalgirio–Didlaukio–Ateities g.	784	NULL	NULL	NULL	NULL	NULL	NULL	NULL	49	Autobusai	49	04		836	NULL	NULL	NULL
missed	663248	A>B	Ateities–Didlaukio–Žalgirio g.–Lazdynai–Bukčiai	846	NULL	NULL	NULL	NULL	NULL	NULL	NULL	49	Autobusai	49	04		896	NULL	NULL	NULL
missed	663248	B>A	Bukčiai–Lazdynai–Žalgirio–Didlaukio–Ateities g.	908	NULL	NULL	NULL	NULL	NULL	NULL	NULL	49	Autobusai	49	04		960	NULL	NULL	NULL
missed	663248	A>B	Ateities–Didlaukio–Žalgirio g.–Lazdynai–Bukčiai	976	NULL	NULL	NULL	NULL	NULL	NULL	NULL	49	Autobusai	49	04		1029	NULL	NULL	NULL
missed	663248	B>A	Bukčiai–Lazdynai–Žalgirio–Didlaukio–Ateities g.	1038	NULL	NULL	NULL	NULL	NULL	NULL	NULL	49	Autobusai	49	04		1096	NULL	NULL	NULL
missed	663248	A>B	Ateities–Didlaukio–Žalgirio g.–Lazdynai–Bukčiai	1126	NULL	NULL	NULL	NULL	NULL	NULL	NULL	49	Autobusai	49	04		1176	NULL	NULL	NULL
missed	663248	B>A	Bukčiai–Lazdynai–Žalgirio–Didlaukio–Ateities g.	1186	NULL	NULL	NULL	NULL	NULL	NULL	NULL	49	Autobusai	49	04		1235	NULL	NULL	NULL
missed	663248	A>B	Ateities–Didlaukio–Žalgirio g.–Lazdynai–Bukčiai	1244	NULL	NULL	NULL	NULL	NULL	NULL	NULL	49	Autobusai	49	04		1293	NULL	NULL	NULL
missed	663248	B>A	Bukčiai–Lazdynai–Žalgirio–Didlaukio–Ateities g.	1302	NULL	NULL	NULL	NULL	NULL	NULL	NULL	49	Autobusai	49	04		1351	NULL	NULL	NULL
missed	663248	A>B	Ateities–Didlaukio–Žalgirio g.–Lazdynai–Bukčiai	1361	NULL	NULL	NULL	NULL	NULL	NULL	NULL	49	Autobusai	49	04		1410	NULL	NULL	NULL
missed	663244	B>A	Bukčiai–Lazdynai–Žalgirio–Didlaukio–Ateities g.	400	NULL	NULL	NULL	NULL	NULL	NULL	NULL	49	Autobusai	49	05		453	NULL	NULL	NULL
missed	663244	A>B	Ateities–Didlaukio–Žalgirio g.–Lazdynai–Bukčiai	466	NULL	NULL	NULL	NULL	NULL	NULL	NULL	49	Autobusai	49	05		520	NULL	NULL	NULL
missed	663244	B>A	Bukčiai–Lazdynai–Žalgirio–Didlaukio–Ateities g.	528	NULL	NULL	NULL	NULL	NULL	NULL	NULL	49	Autobusai	49	05		580	NULL	NULL	NULL
missed	663244	A>B	Ateities–Didlaukio–Žalgirio g.–Lazdynai–Bukčiai	953	NULL	NULL	NULL	NULL	NULL	NULL	NULL	49	Autobusai	49	05		1006	NULL	NULL	NULL
missed	663244	B>A	Bukčiai–Lazdynai–Žalgirio–Didlaukio–Ateities g.	1014	NULL	NULL	NULL	NULL	NULL	NULL	NULL	49	Autobusai	49	05		1072	NULL	NULL	NULL
missed	663244	A>B	Ateities–Didlaukio–Žalgirio g.–Lazdynai–Bukčiai	1081	NULL	NULL	NULL	NULL	NULL	NULL	NULL	49	Autobusai	49	05		1138	NULL	NULL	NULL
missed	663244	B>A	Bukčiai–Lazdynai–Žalgirio–Didlaukio–Ateities g.	1148	NULL	NULL	NULL	NULL	NULL	NULL	NULL	49	Autobusai	49	05		1201	NULL	NULL	NULL
missed	663247	B>A	Bukčiai–Lazdynai–Žalgirio–Didlaukio–Ateities g.	380	NULL	NULL	NULL	NULL	NULL	NULL	NULL	49	Autobusai	49	06		430	NULL	NULL	NULL
missed	663247	A>B	Ateities–Didlaukio–Žalgirio g.–Lazdynai–Bukčiai	445	NULL	NULL	NULL	NULL	NULL	NULL	NULL	49	Autobusai	49	06		498	NULL	NULL	NULL
missed	663247	B>A	Bukčiai–Lazdynai–Žalgirio–Didlaukio–Ateities g.	506	NULL	NULL	NULL	NULL	NULL	NULL	NULL	49	Autobusai	49	06		558	NULL	NULL	NULL
missed	663247	A>B	Ateities–Didlaukio–Žalgirio g.–Lazdynai–Bukčiai	895	NULL	NULL	NULL	NULL	NULL	NULL	NULL	49	Autobusai	49	06		945	NULL	NULL	NULL
missed	663247	B>A	Bukčiai–Lazdynai–Žalgirio–Didlaukio–Ateities g.	953	NULL	NULL	NULL	NULL	NULL	NULL	NULL	49	Autobusai	49	06		1008	NULL	NULL	NULL
missed	663247	A>B	Ateities–Didlaukio–Žalgirio g.–Lazdynai–Bukčiai	1026	NULL	NULL	NULL	NULL	NULL	NULL	NULL	49	Autobusai	49	06		1083	NULL	NULL	NULL
missed	663247	B>A	Bukčiai–Lazdynai–Žalgirio–Didlaukio–Ateities g.	1093	NULL	NULL	NULL	NULL	NULL	NULL	NULL	49	Autobusai	49	06		1150	NULL	NULL	NULL
missed	663087	A>B	Pilaitė–Konstitucijos pr.–Saulėtekis	365	NULL	NULL	NULL	NULL	NULL	NULL	NULL	4G	Autobusai	4G	01Ž		408	NULL	NULL	NULL
missed	663087	B>A	Saulėtekis–Konstitucijos pr.–Pilaitė	414	NULL	NULL	NULL	NULL	NULL	NULL	NULL	4G	Autobusai	4G	01Ž		455	NULL	NULL	NULL
missed	663087	A>B	Pilaitė–Konstitucijos pr.–Saulėtekis	466	NULL	NULL	NULL	NULL	NULL	NULL	NULL	4G	Autobusai	4G	01Ž		518	NULL	NULL	NULL
missed	663087	B>A	Saulėtekis–Konstitucijos pr.–Pilaitė	528	NULL	NULL	NULL	NULL	NULL	NULL	NULL	4G	Autobusai	4G	01Ž		569	NULL	NULL	NULL
missed	663087	A>B	Pilaitė–Konstitucijos pr.–Saulėtekis	612	NULL	NULL	NULL	NULL	NULL	NULL	NULL	4G	Autobusai	4G	01Ž		655	NULL	NULL	NULL
missed	663087	B>A	Saulėtekis–Konstitucijos pr.–Pilaitė	663	NULL	NULL	NULL	NULL	NULL	NULL	NULL	4G	Autobusai	4G	01Ž		705	NULL	NULL	NULL
missed	663087	A>B	Pilaitė–Konstitucijos pr.–Saulėtekis	717	NULL	NULL	NULL	NULL	NULL	NULL	NULL	4G	Autobusai	4G	01Ž		760	NULL	NULL	NULL
missed	663087	B>A	Saulėtekis–Konstitucijos pr.–Pilaitė	766	NULL	NULL	NULL	NULL	NULL	NULL	NULL	4G	Autobusai	4G	01Ž		808	NULL	NULL	NULL
missed	663087	A>B	Pilaitė–Konstitucijos pr.–Saulėtekis	816	NULL	NULL	NULL	NULL	NULL	NULL	NULL	4G	Autobusai	4G	01Ž		859	NULL	NULL	NULL
missed	663087	B>A	Saulėtekis–Konstitucijos pr.–Pilaitė	870	NULL	NULL	NULL	NULL	NULL	NULL	NULL	4G	Autobusai	4G	01Ž		912	NULL	NULL	NULL
missed	663087	A>B	Pilaitė–Konstitucijos pr.–Saulėtekis	922	NULL	NULL	NULL	NULL	NULL	NULL	NULL	4G	Autobusai	4G	01Ž		965	NULL	NULL	NULL
missed	663087	B>A	Saulėtekis–Konstitucijos pr.–Pilaitė	974	NULL	NULL	NULL	NULL	NULL	NULL	NULL	4G	Autobusai	4G	01Ž		1019	NULL	NULL	NULL
missed	663087	A>B	Pilaitė–Konstitucijos pr.–Saulėtekis	1031	NULL	NULL	NULL	NULL	NULL	NULL	NULL	4G	Autobusai	4G	01Ž		1077	NULL	NULL	NULL
missed	663087	B>A	Saulėtekis–Konstitucijos pr.–Pilaitė	1086	NULL	NULL	NULL	NULL	NULL	NULL	NULL	4G	Autobusai	4G	01Ž		1132	NULL	NULL	NULL
missed	663087	A>B	Pilaitė–Konstitucijos pr.–Saulėtekis	1167	NULL	NULL	NULL	NULL	NULL	NULL	NULL	4G	Autobusai	4G	01Ž		1210	NULL	NULL	NULL
missed	663087	B>A	Saulėtekis–Konstitucijos pr.–Pilaitė	1215	NULL	NULL	NULL	NULL	NULL	NULL	NULL	4G	Autobusai	4G	01Ž		1256	NULL	NULL	NULL
missed	663087	A>B	Pilaitė–Konstitucijos pr.–Saulėtekis	1273	NULL	NULL	NULL	NULL	NULL	NULL	NULL	4G	Autobusai	4G	01Ž		1315	NULL	NULL	NULL
missed	663087	B>A	Saulėtekis–Konstitucijos pr.–Pilaitė	1322	NULL	NULL	NULL	NULL	NULL	NULL	NULL	4G	Autobusai	4G	01Ž		1363	NULL	NULL	NULL
missed	663088	A>B	Pilaitė–Konstitucijos pr.–Saulėtekis	454	NULL	NULL	NULL	NULL	NULL	NULL	NULL	4G	Autobusai	4G	02		506	NULL	NULL	NULL
missed	663088	B>A	Saulėtekis–Konstitucijos pr.–Pilaitė	516	NULL	NULL	NULL	NULL	NULL	NULL	NULL	4G	Autobusai	4G	02		559	NULL	NULL	NULL
missed	663088	A>B	Pilaitė–Konstitucijos pr.–Saulėtekis	574	NULL	NULL	NULL	NULL	NULL	NULL	NULL	4G	Autobusai	4G	02		617	NULL	NULL	NULL
missed	663088	B>A	Saulėtekis–Konstitucijos pr.–Pilaitė	623	NULL	NULL	NULL	NULL	NULL	NULL	NULL	4G	Autobusai	4G	02		665	NULL	NULL	NULL
missed	663088	A>B	Pilaitė–Konstitucijos pr.–Saulėtekis	939	NULL	NULL	NULL	NULL	NULL	NULL	NULL	4G	Autobusai	4G	02		984	NULL	NULL	NULL
missed	663088	B>A	Saulėtekis–Konstitucijos pr.–Pilaitė	992	NULL	NULL	NULL	NULL	NULL	NULL	NULL	4G	Autobusai	4G	02		1039	NULL	NULL	NULL
missed	663088	A>B	Pilaitė–Konstitucijos pr.–Saulėtekis	1052	NULL	NULL	NULL	NULL	NULL	NULL	NULL	4G	Autobusai	4G	02		1098	NULL	NULL	NULL
missed	663088	B>A	Saulėtekis–Konstitucijos pr.–Pilaitė	1108	NULL	NULL	NULL	NULL	NULL	NULL	NULL	4G	Autobusai	4G	02		1153	NULL	NULL	NULL
missed	663102	A>B	Pilaitė–Konstitucijos pr.–Saulėtekis	380	NULL	NULL	NULL	NULL	NULL	NULL	NULL	4G	Autobusai	4G	03Ž		423	NULL	NULL	NULL
missed	663102	B>A	Saulėtekis–Konstitucijos pr.–Pilaitė	431	NULL	NULL	NULL	NULL	NULL	NULL	NULL	4G	Autobusai	4G	03Ž		472	NULL	NULL	NULL
missed	663102	A>B	Pilaitė–Konstitucijos pr.–Saulėtekis	484	NULL	NULL	NULL	NULL	NULL	NULL	NULL	4G	Autobusai	4G	03Ž		536	NULL	NULL	NULL
missed	663102	B>A	Saulėtekis–Konstitucijos pr.–Pilaitė	546	NULL	NULL	NULL	NULL	NULL	NULL	NULL	4G	Autobusai	4G	03Ž		587	NULL	NULL	NULL
missed	663102	A>B	Pilaitė–Konstitucijos pr.–Saulėtekis	632	NULL	NULL	NULL	NULL	NULL	NULL	NULL	4G	Autobusai	4G	03Ž		675	NULL	NULL	NULL
missed	663102	B>A	Saulėtekis–Konstitucijos pr.–Pilaitė	683	NULL	NULL	NULL	NULL	NULL	NULL	NULL	4G	Autobusai	4G	03Ž		725	NULL	NULL	NULL
missed	663102	A>B	Pilaitė–Konstitucijos pr.–Saulėtekis	736	NULL	NULL	NULL	NULL	NULL	NULL	NULL	4G	Autobusai	4G	03Ž		779	NULL	NULL	NULL
missed	663102	B>A	Saulėtekis–Konstitucijos pr.–Pilaitė	786	NULL	NULL	NULL	NULL	NULL	NULL	NULL	4G	Autobusai	4G	03Ž		828	NULL	NULL	NULL
missed	663102	A>B	Pilaitė–Konstitucijos pr.–Saulėtekis	838	NULL	NULL	NULL	NULL	NULL	NULL	NULL	4G	Autobusai	4G	03Ž		881	NULL	NULL	NULL
missed	663102	B>A	Saulėtekis–Konstitucijos pr.–Pilaitė	891	NULL	NULL	NULL	NULL	NULL	NULL	NULL	4G	Autobusai	4G	03Ž		935	NULL	NULL	NULL
missed	663102	A>B	Pilaitė–Konstitucijos pr.–Saulėtekis	945	NULL	NULL	NULL	NULL	NULL	NULL	NULL	4G	Autobusai	4G	03Ž		990	NULL	NULL	NULL
missed	663102	B>A	Saulėtekis–Konstitucijos pr.–Pilaitė	999	NULL	NULL	NULL	NULL	NULL	NULL	NULL	4G	Autobusai	4G	03Ž		1046	NULL	NULL	NULL
missed	663102	A>B	Pilaitė–Konstitucijos pr.–Saulėtekis	1059	NULL	NULL	NULL	NULL	NULL	NULL	NULL	4G	Autobusai	4G	03Ž		1105	NULL	NULL	NULL
missed	663102	B>A	Saulėtekis–Konstitucijos pr.–Pilaitė	1116	NULL	NULL	NULL	NULL	NULL	NULL	NULL	4G	Autobusai	4G	03Ž		1160	NULL	NULL	NULL
missed	663102	A>B	Pilaitė–Konstitucijos pr.–Saulėtekis	1196	NULL	NULL	NULL	NULL	NULL	NULL	NULL	4G	Autobusai	4G	03Ž		1239	NULL	NULL	NULL
missed	663102	B>A	Saulėtekis–Konstitucijos pr.–Pilaitė	1245	NULL	NULL	NULL	NULL	NULL	NULL	NULL	4G	Autobusai	4G	03Ž		1286	NULL	NULL	NULL
missed	663102	A>B	Pilaitė–Konstitucijos pr.–Saulėtekis	1295	NULL	NULL	NULL	NULL	NULL	NULL	NULL	4G	Autobusai	4G	03Ž		1337	NULL	NULL	NULL
missed	663102	B>A	Saulėtekis–Konstitucijos pr.–Pilaitė	1343	NULL	NULL	NULL	NULL	NULL	NULL	NULL	4G	Autobusai	4G	03Ž		1384	NULL	NULL	NULL
missed	663101	A>B	Pilaitė–Konstitucijos pr.–Saulėtekis	472	NULL	NULL	NULL	NULL	NULL	NULL	NULL	4G	Autobusai	4G	04		524	NULL	NULL	NULL
missed	663101	B>A	Saulėtekis–Konstitucijos pr.–Pilaitė	534	NULL	NULL	NULL	NULL	NULL	NULL	NULL	4G	Autobusai	4G	04		575	NULL	NULL	NULL
missed	663101	A>B	Pilaitė–Konstitucijos pr.–Saulėtekis	592	NULL	NULL	NULL	NULL	NULL	NULL	NULL	4G	Autobusai	4G	04		635	NULL	NULL	NULL
missed	663101	B>A	Saulėtekis–Konstitucijos pr.–Pilaitė	642	NULL	NULL	NULL	NULL	NULL	NULL	NULL	4G	Autobusai	4G	04		684	NULL	NULL	NULL
missed	663101	A>B	Pilaitė–Konstitucijos pr.–Saulėtekis	957	NULL	NULL	NULL	NULL	NULL	NULL	NULL	4G	Autobusai	4G	04		1002	NULL	NULL	NULL
missed	663101	B>A	Saulėtekis–Konstitucijos pr.–Pilaitė	1012	NULL	NULL	NULL	NULL	NULL	NULL	NULL	4G	Autobusai	4G	04		1059	NULL	NULL	NULL
missed	663101	A>B	Pilaitė–Konstitucijos pr.–Saulėtekis	1076	NULL	NULL	NULL	NULL	NULL	NULL	NULL	4G	Autobusai	4G	04		1122	NULL	NULL	NULL
missed	663101	B>A	Saulėtekis–Konstitucijos pr.–Pilaitė	1132	NULL	NULL	NULL	NULL	NULL	NULL	NULL	4G	Autobusai	4G	04		1174	NULL	NULL	NULL
missed	663091	B>A	Saulėtekis–Konstitucijos pr.–Pilaitė	325	NULL	NULL	NULL	NULL	NULL	NULL	NULL	4G	Autobusai	4G	05Ž		365	NULL	NULL	NULL
missed	663091	A>B	Pilaitė–Konstitucijos pr.–Saulėtekis	373	NULL	NULL	NULL	NULL	NULL	NULL	NULL	4G	Autobusai	4G	05Ž		416	NULL	NULL	NULL
missed	663091	B>A	Saulėtekis–Konstitucijos pr.–Pilaitė	423	NULL	NULL	NULL	NULL	NULL	NULL	NULL	4G	Autobusai	4G	05Ž		464	NULL	NULL	NULL
missed	663091	A>B	Pilaitė–Konstitucijos pr.–Saulėtekis	478	NULL	NULL	NULL	NULL	NULL	NULL	NULL	4G	Autobusai	4G	05Ž		530	NULL	NULL	NULL
missed	663091	B>A	Saulėtekis–Konstitucijos pr.–Pilaitė	540	NULL	NULL	NULL	NULL	NULL	NULL	NULL	4G	Autobusai	4G	05Ž		581	NULL	NULL	NULL
missed	663091	A>B	Pilaitė–Konstitucijos pr.–Saulėtekis	622	NULL	NULL	NULL	NULL	NULL	NULL	NULL	4G	Autobusai	4G	05Ž		665	NULL	NULL	NULL
missed	663091	B>A	Saulėtekis–Konstitucijos pr.–Pilaitė	673	NULL	NULL	NULL	NULL	NULL	NULL	NULL	4G	Autobusai	4G	05Ž		715	NULL	NULL	NULL
missed	663091	A>B	Pilaitė–Konstitucijos pr.–Saulėtekis	726	NULL	NULL	NULL	NULL	NULL	NULL	NULL	4G	Autobusai	4G	05Ž		769	NULL	NULL	NULL
missed	663091	B>A	Saulėtekis–Konstitucijos pr.–Pilaitė	777	NULL	NULL	NULL	NULL	NULL	NULL	NULL	4G	Autobusai	4G	05Ž		819	NULL	NULL	NULL
missed	663091	A>B	Pilaitė–Konstitucijos pr.–Saulėtekis	829	NULL	NULL	NULL	NULL	NULL	NULL	NULL	4G	Autobusai	4G	05Ž		872	NULL	NULL	NULL
missed	663091	B>A	Saulėtekis–Konstitucijos pr.–Pilaitė	881	NULL	NULL	NULL	NULL	NULL	NULL	NULL	4G	Autobusai	4G	05Ž		923	NULL	NULL	NULL
missed	663091	A>B	Pilaitė–Konstitucijos pr.–Saulėtekis	933	NULL	NULL	NULL	NULL	NULL	NULL	NULL	4G	Autobusai	4G	05Ž		976	NULL	NULL	NULL
missed	663091	B>A	Saulėtekis–Konstitucijos pr.–Pilaitė	986	NULL	NULL	NULL	NULL	NULL	NULL	NULL	4G	Autobusai	4G	05Ž		1034	NULL	NULL	NULL
missed	663091	A>B	Pilaitė–Konstitucijos pr.–Saulėtekis	1045	NULL	NULL	NULL	NULL	NULL	NULL	NULL	4G	Autobusai	4G	05Ž		1091	NULL	NULL	NULL
missed	663091	B>A	Saulėtekis–Konstitucijos pr.–Pilaitė	1100	NULL	NULL	NULL	NULL	NULL	NULL	NULL	4G	Autobusai	4G	05Ž		1146	NULL	NULL	NULL
missed	663091	A>B	Pilaitė–Konstitucijos pr.–Saulėtekis	1182	NULL	NULL	NULL	NULL	NULL	NULL	NULL	4G	Autobusai	4G	05Ž		1225	NULL	NULL	NULL
missed	663091	B>A	Saulėtekis–Konstitucijos pr.–Pilaitė	1232	NULL	NULL	NULL	NULL	NULL	NULL	NULL	4G	Autobusai	4G	05Ž		1273	NULL	NULL	NULL
missed	663091	A>B	Pilaitė–Konstitucijos pr.–Saulėtekis	1284	NULL	NULL	NULL	NULL	NULL	NULL	NULL	4G	Autobusai	4G	05Ž		1326	NULL	NULL	NULL
missed	663091	B>A	Saulėtekis–Konstitucijos pr.–Pilaitė	1332	NULL	NULL	NULL	NULL	NULL	NULL	NULL	4G	Autobusai	4G	05Ž		1373	NULL	NULL	NULL
missed	663089	A>B	Pilaitė–Konstitucijos pr.–Saulėtekis	387	NULL	NULL	NULL	NULL	NULL	NULL	NULL	4G	Autobusai	4G	06		430	NULL	NULL	NULL
missed	663089	B>A	Saulėtekis–Konstitucijos pr.–Pilaitė	439	NULL	NULL	NULL	NULL	NULL	NULL	NULL	4G	Autobusai	4G	06		480	NULL	NULL	NULL
missed	663089	A>B	Pilaitė–Konstitucijos pr.–Saulėtekis	490	NULL	NULL	NULL	NULL	NULL	NULL	NULL	4G	Autobusai	4G	06		542	NULL	NULL	NULL
missed	663089	B>A	Saulėtekis–Konstitucijos pr.–Pilaitė	552	NULL	NULL	NULL	NULL	NULL	NULL	NULL	4G	Autobusai	4G	06		593	NULL	NULL	NULL
missed	663089	A>B	Pilaitė–Konstitucijos pr.–Saulėtekis	855	NULL	NULL	NULL	NULL	NULL	NULL	NULL	4G	Autobusai	4G	06		898	NULL	NULL	NULL
missed	663089	B>A	Saulėtekis–Konstitucijos pr.–Pilaitė	905	NULL	NULL	NULL	NULL	NULL	NULL	NULL	4G	Autobusai	4G	06		949	NULL	NULL	NULL
missed	663089	A>B	Pilaitė–Konstitucijos pr.–Saulėtekis	963	NULL	NULL	NULL	NULL	NULL	NULL	NULL	4G	Autobusai	4G	06		1008	NULL	NULL	NULL
missed	663089	B>A	Saulėtekis–Konstitucijos pr.–Pilaitė	1019	NULL	NULL	NULL	NULL	NULL	NULL	NULL	4G	Autobusai	4G	06		1066	NULL	NULL	NULL
missed	663092	A>B	Pilaitė–Konstitucijos pr.–Saulėtekis	314	NULL	NULL	NULL	NULL	NULL	NULL	NULL	4G	Autobusai	4G	07		356	NULL	NULL	NULL
missed	663092	B>A	Saulėtekis–Konstitucijos pr.–Pilaitė	361	NULL	NULL	NULL	NULL	NULL	NULL	NULL	4G	Autobusai	4G	07		401	NULL	NULL	NULL
missed	663092	A>B	Pilaitė–Konstitucijos pr.–Saulėtekis	406	NULL	NULL	NULL	NULL	NULL	NULL	NULL	4G	Autobusai	4G	07		452	NULL	NULL	NULL
missed	663092	B>A	Saulėtekis–Konstitucijos pr.–Pilaitė	463	NULL	NULL	NULL	NULL	NULL	NULL	NULL	4G	Autobusai	4G	07		506	NULL	NULL	NULL
missed	663092	A>B	Pilaitė–Konstitucijos pr.–Saulėtekis	516	NULL	NULL	NULL	NULL	NULL	NULL	NULL	4G	Autobusai	4G	07		563	NULL	NULL	NULL
missed	663092	B>A	Saulėtekis–Konstitucijos pr.–Pilaitė	573	NULL	NULL	NULL	NULL	NULL	NULL	NULL	4G	Autobusai	4G	07		615	NULL	NULL	NULL
missed	663092	A>B	Pilaitė–Konstitucijos pr.–Saulėtekis	656	NULL	NULL	NULL	NULL	NULL	NULL	NULL	4G	Autobusai	4G	07		699	NULL	NULL	NULL
missed	663092	B>A	Saulėtekis–Konstitucijos pr.–Pilaitė	706	NULL	NULL	NULL	NULL	NULL	NULL	NULL	4G	Autobusai	4G	07		748	NULL	NULL	NULL
missed	663092	A>B	Pilaitė–Konstitucijos pr.–Saulėtekis	757	NULL	NULL	NULL	NULL	NULL	NULL	NULL	4G	Autobusai	4G	07		800	NULL	NULL	NULL
missed	663092	B>A	Saulėtekis–Konstitucijos pr.–Pilaitė	809	NULL	NULL	NULL	NULL	NULL	NULL	NULL	4G	Autobusai	4G	07		851	NULL	NULL	NULL
missed	663092	A>B	Pilaitė–Konstitucijos pr.–Saulėtekis	863	NULL	NULL	NULL	NULL	NULL	NULL	NULL	4G	Autobusai	4G	07		906	NULL	NULL	NULL
missed	663092	B>A	Saulėtekis–Konstitucijos pr.–Pilaitė	913	NULL	NULL	NULL	NULL	NULL	NULL	NULL	4G	Autobusai	4G	07		957	NULL	NULL	NULL
missed	663092	A>B	Pilaitė–Konstitucijos pr.–Saulėtekis	971	NULL	NULL	NULL	NULL	NULL	NULL	NULL	4G	Autobusai	4G	07		1016	NULL	NULL	NULL
missed	663092	B>A	Saulėtekis–Konstitucijos pr.–Pilaitė	1027	NULL	NULL	NULL	NULL	NULL	NULL	NULL	4G	Autobusai	4G	07		1074	NULL	NULL	NULL
missed	663092	A>B	Pilaitė–Konstitucijos pr.–Saulėtekis	1089	NULL	NULL	NULL	NULL	NULL	NULL	NULL	4G	Autobusai	4G	07		1135	NULL	NULL	NULL
missed	663092	B>A	Saulėtekis–Konstitucijos pr.–Pilaitė	1141	NULL	NULL	NULL	NULL	NULL	NULL	NULL	4G	Autobusai	4G	07		1183	NULL	NULL	NULL
missed	663092	A>B	Pilaitė–Konstitucijos pr.–Saulėtekis	1220	NULL	NULL	NULL	NULL	NULL	NULL	NULL	4G	Autobusai	4G	07		1263	NULL	NULL	NULL
missed	663092	B>A	Saulėtekis–Konstitucijos pr.–Pilaitė	1268	NULL	NULL	NULL	NULL	NULL	NULL	NULL	4G	Autobusai	4G	07		1309	NULL	NULL	NULL
missed	663092	A>B	Pilaitė–Konstitucijos pr.–Saulėtekis	1316	NULL	NULL	NULL	NULL	NULL	NULL	NULL	4G	Autobusai	4G	07		1358	NULL	NULL	NULL
missed	663092	B>A	Saulėtekis–Konstitucijos pr.–Pilaitė	1365	NULL	NULL	NULL	NULL	NULL	NULL	NULL	4G	Autobusai	4G	07		1406	NULL	NULL	NULL
missed	663090	A>B	Pilaitė–Konstitucijos pr.–Saulėtekis	400	NULL	NULL	NULL	NULL	NULL	NULL	NULL	4G	Autobusai	4G	08		446	NULL	NULL	NULL
missed	663090	B>A	Saulėtekis–Konstitucijos pr.–Pilaitė	455	NULL	NULL	NULL	NULL	NULL	NULL	NULL	4G	Autobusai	4G	08		496	NULL	NULL	NULL
missed	663090	A>B	Pilaitė–Konstitucijos pr.–Saulėtekis	507	NULL	NULL	NULL	NULL	NULL	NULL	NULL	4G	Autobusai	4G	08		557	NULL	NULL	NULL
missed	663090	B>A	Saulėtekis–Konstitucijos pr.–Pilaitė	566	NULL	NULL	NULL	NULL	NULL	NULL	NULL	4G	Autobusai	4G	08		607	NULL	NULL	NULL
missed	663090	A>B	Pilaitė–Konstitucijos pr.–Saulėtekis	869	NULL	NULL	NULL	NULL	NULL	NULL	NULL	4G	Autobusai	4G	08		912	NULL	NULL	NULL
missed	663090	B>A	Saulėtekis–Konstitucijos pr.–Pilaitė	919	NULL	NULL	NULL	NULL	NULL	NULL	NULL	4G	Autobusai	4G	08		963	NULL	NULL	NULL
missed	663090	A>B	Pilaitė–Konstitucijos pr.–Saulėtekis	976	NULL	NULL	NULL	NULL	NULL	NULL	NULL	4G	Autobusai	4G	08		1021	NULL	NULL	NULL
missed	663090	B>A	Saulėtekis–Konstitucijos pr.–Pilaitė	1033	NULL	NULL	NULL	NULL	NULL	NULL	NULL	4G	Autobusai	4G	08		1080	NULL	NULL	NULL
missed	663100	A>B	Pilaitė–Konstitucijos pr.–Saulėtekis	326	NULL	NULL	NULL	NULL	NULL	NULL	NULL	4G	Autobusai	4G	09		368	NULL	NULL	NULL
missed	663100	B>A	Saulėtekis–Konstitucijos pr.–Pilaitė	373	NULL	NULL	NULL	NULL	NULL	NULL	NULL	4G	Autobusai	4G	09		413	NULL	NULL	NULL
missed	663100	A>B	Pilaitė–Konstitucijos pr.–Saulėtekis	424	NULL	NULL	NULL	NULL	NULL	NULL	NULL	4G	Autobusai	4G	09		475	NULL	NULL	NULL
missed	663100	B>A	Saulėtekis–Konstitucijos pr.–Pilaitė	485	NULL	NULL	NULL	NULL	NULL	NULL	NULL	4G	Autobusai	4G	09		528	NULL	NULL	NULL
missed	663100	A>B	Pilaitė–Konstitucijos pr.–Saulėtekis	540	NULL	NULL	NULL	NULL	NULL	NULL	NULL	4G	Autobusai	4G	09		583	NULL	NULL	NULL
missed	663100	B>A	Saulėtekis–Konstitucijos pr.–Pilaitė	593	NULL	NULL	NULL	NULL	NULL	NULL	NULL	4G	Autobusai	4G	09		635	NULL	NULL	NULL
missed	663100	A>B	Pilaitė–Konstitucijos pr.–Saulėtekis	669	NULL	NULL	NULL	NULL	NULL	NULL	NULL	4G	Autobusai	4G	09		712	NULL	NULL	NULL
missed	663100	B>A	Saulėtekis–Konstitucijos pr.–Pilaitė	717	NULL	NULL	NULL	NULL	NULL	NULL	NULL	4G	Autobusai	4G	09		759	NULL	NULL	NULL
missed	663100	A>B	Pilaitė–Konstitucijos pr.–Saulėtekis	767	NULL	NULL	NULL	NULL	NULL	NULL	NULL	4G	Autobusai	4G	09		810	NULL	NULL	NULL
missed	663100	B>A	Saulėtekis–Konstitucijos pr.–Pilaitė	820	NULL	NULL	NULL	NULL	NULL	NULL	NULL	4G	Autobusai	4G	09		862	NULL	NULL	NULL
missed	663100	A>B	Pilaitė–Konstitucijos pr.–Saulėtekis	876	NULL	NULL	NULL	NULL	NULL	NULL	NULL	4G	Autobusai	4G	09		919	NULL	NULL	NULL
missed	663100	B>A	Saulėtekis–Konstitucijos pr.–Pilaitė	925	NULL	NULL	NULL	NULL	NULL	NULL	NULL	4G	Autobusai	4G	09		969	NULL	NULL	NULL
missed	663100	A>B	Pilaitė–Konstitucijos pr.–Saulėtekis	982	NULL	NULL	NULL	NULL	NULL	NULL	NULL	4G	Autobusai	4G	09		1027	NULL	NULL	NULL
missed	663100	B>A	Saulėtekis–Konstitucijos pr.–Pilaitė	1039	NULL	NULL	NULL	NULL	NULL	NULL	NULL	4G	Autobusai	4G	09		1086	NULL	NULL	NULL
missed	663100	A>B	Pilaitė–Konstitucijos pr.–Saulėtekis	1101	NULL	NULL	NULL	NULL	NULL	NULL	NULL	4G	Autobusai	4G	09		1147	NULL	NULL	NULL
missed	663100	B>A	Saulėtekis–Konstitucijos pr.–Pilaitė	1154	NULL	NULL	NULL	NULL	NULL	NULL	NULL	4G	Autobusai	4G	09		1195	NULL	NULL	NULL
missed	663100	A>B	Pilaitė–Konstitucijos pr.–Saulėtekis	1242	NULL	NULL	NULL	NULL	NULL	NULL	NULL	4G	Autobusai	4G	09		1284	NULL	NULL	NULL
missed	663100	B>A	Saulėtekis–Konstitucijos pr.–Pilaitė	1289	NULL	NULL	NULL	NULL	NULL	NULL	NULL	4G	Autobusai	4G	09		1330	NULL	NULL	NULL
missed	663100	A>B	Pilaitė–Konstitucijos pr.–Saulėtekis	1336	NULL	NULL	NULL	NULL	NULL	NULL	NULL	4G	Autobusai	4G	09		1378	NULL	NULL	NULL
missed	663100	B>A	Saulėtekis–Konstitucijos pr.–Pilaitė	1386	NULL	NULL	NULL	NULL	NULL	NULL	NULL	4G	Autobusai	4G	09		1427	NULL	NULL	NULL
missed	663094	A>B	Pilaitė–Konstitucijos pr.–Saulėtekis	412	NULL	NULL	NULL	NULL	NULL	NULL	NULL	4G	Autobusai	4G	10		463	NULL	NULL	NULL
missed	663094	B>A	Saulėtekis–Konstitucijos pr.–Pilaitė	473	NULL	NULL	NULL	NULL	NULL	NULL	NULL	4G	Autobusai	4G	10		516	NULL	NULL	NULL
missed	663094	A>B	Pilaitė–Konstitucijos pr.–Saulėtekis	526	NULL	NULL	NULL	NULL	NULL	NULL	NULL	4G	Autobusai	4G	10		572	NULL	NULL	NULL
missed	663094	B>A	Saulėtekis–Konstitucijos pr.–Pilaitė	580	NULL	NULL	NULL	NULL	NULL	NULL	NULL	4G	Autobusai	4G	10		622	NULL	NULL	NULL
missed	663094	A>B	Pilaitė–Konstitucijos pr.–Saulėtekis	889	NULL	NULL	NULL	NULL	NULL	NULL	NULL	4G	Autobusai	4G	10		932	NULL	NULL	NULL
missed	663094	B>A	Saulėtekis–Konstitucijos pr.–Pilaitė	939	NULL	NULL	NULL	NULL	NULL	NULL	NULL	4G	Autobusai	4G	10		984	NULL	NULL	NULL
missed	663094	A>B	Pilaitė–Konstitucijos pr.–Saulėtekis	996	NULL	NULL	NULL	NULL	NULL	NULL	NULL	4G	Autobusai	4G	10		1042	NULL	NULL	NULL
missed	663094	B>A	Saulėtekis–Konstitucijos pr.–Pilaitė	1051	NULL	NULL	NULL	NULL	NULL	NULL	NULL	4G	Autobusai	4G	10		1098	NULL	NULL	NULL
missed	663103	B>A	Saulėtekis–Konstitucijos pr.–Pilaitė	343	NULL	NULL	NULL	NULL	NULL	NULL	NULL	4G	Autobusai	4G	11		383	NULL	NULL	NULL
missed	663103	A>B	Pilaitė–Konstitucijos pr.–Saulėtekis	393	NULL	NULL	NULL	NULL	NULL	NULL	NULL	4G	Autobusai	4G	11		436	NULL	NULL	NULL
missed	663103	B>A	Saulėtekis–Konstitucijos pr.–Pilaitė	446	NULL	NULL	NULL	NULL	NULL	NULL	NULL	4G	Autobusai	4G	11		487	NULL	NULL	NULL
missed	663103	A>B	Pilaitė–Konstitucijos pr.–Saulėtekis	498	NULL	NULL	NULL	NULL	NULL	NULL	NULL	4G	Autobusai	4G	11		550	NULL	NULL	NULL
missed	663103	B>A	Saulėtekis–Konstitucijos pr.–Pilaitė	560	NULL	NULL	NULL	NULL	NULL	NULL	NULL	4G	Autobusai	4G	11		601	NULL	NULL	NULL
missed	663103	A>B	Pilaitė–Konstitucijos pr.–Saulėtekis	643	NULL	NULL	NULL	NULL	NULL	NULL	NULL	4G	Autobusai	4G	11		686	NULL	NULL	NULL
missed	663103	B>A	Saulėtekis–Konstitucijos pr.–Pilaitė	693	NULL	NULL	NULL	NULL	NULL	NULL	NULL	4G	Autobusai	4G	11		735	NULL	NULL	NULL
missed	663103	A>B	Pilaitė–Konstitucijos pr.–Saulėtekis	744	NULL	NULL	NULL	NULL	NULL	NULL	NULL	4G	Autobusai	4G	11		787	NULL	NULL	NULL
missed	663103	B>A	Saulėtekis–Konstitucijos pr.–Pilaitė	795	NULL	NULL	NULL	NULL	NULL	NULL	NULL	4G	Autobusai	4G	11		837	NULL	NULL	NULL
missed	663103	A>B	Pilaitė–Konstitucijos pr.–Saulėtekis	847	NULL	NULL	NULL	NULL	NULL	NULL	NULL	4G	Autobusai	4G	11		890	NULL	NULL	NULL
missed	663103	B>A	Saulėtekis–Konstitucijos pr.–Pilaitė	897	NULL	NULL	NULL	NULL	NULL	NULL	NULL	4G	Autobusai	4G	11		941	NULL	NULL	NULL
missed	663103	A>B	Pilaitė–Konstitucijos pr.–Saulėtekis	951	NULL	NULL	NULL	NULL	NULL	NULL	NULL	4G	Autobusai	4G	11		996	NULL	NULL	NULL
missed	663103	B>A	Saulėtekis–Konstitucijos pr.–Pilaitė	1005	NULL	NULL	NULL	NULL	NULL	NULL	NULL	4G	Autobusai	4G	11		1052	NULL	NULL	NULL
missed	663103	A>B	Pilaitė–Konstitucijos pr.–Saulėtekis	1066	NULL	NULL	NULL	NULL	NULL	NULL	NULL	4G	Autobusai	4G	11		1112	NULL	NULL	NULL
missed	663103	B>A	Saulėtekis–Konstitucijos pr.–Pilaitė	1124	NULL	NULL	NULL	NULL	NULL	NULL	NULL	4G	Autobusai	4G	11		1167	NULL	NULL	NULL
missed	663103	A>B	Pilaitė–Konstitucijos pr.–Saulėtekis	1207	NULL	NULL	NULL	NULL	NULL	NULL	NULL	4G	Autobusai	4G	11		1250	NULL	NULL	NULL
missed	663103	B>A	Saulėtekis–Konstitucijos pr.–Pilaitė	1256	NULL	NULL	NULL	NULL	NULL	NULL	NULL	4G	Autobusai	4G	11		1297	NULL	NULL	NULL
missed	663103	A>B	Pilaitė–Konstitucijos pr.–Saulėtekis	1306	NULL	NULL	NULL	NULL	NULL	NULL	NULL	4G	Autobusai	4G	11		1348	NULL	NULL	NULL
missed	663103	B>A	Saulėtekis–Konstitucijos pr.–Pilaitė	1353	NULL	NULL	NULL	NULL	NULL	NULL	NULL	4G	Autobusai	4G	11		1394	NULL	NULL	NULL
missed	663095	A>B	Pilaitė–Konstitucijos pr.–Saulėtekis	418	NULL	NULL	NULL	NULL	NULL	NULL	NULL	4G	Autobusai	4G	12		469	NULL	NULL	NULL
missed	663095	B>A	Saulėtekis–Konstitucijos pr.–Pilaitė	479	NULL	NULL	NULL	NULL	NULL	NULL	NULL	4G	Autobusai	4G	12		522	NULL	NULL	NULL
missed	663095	A>B	Pilaitė–Konstitucijos pr.–Saulėtekis	533	NULL	NULL	NULL	NULL	NULL	NULL	NULL	4G	Autobusai	4G	12		577	NULL	NULL	NULL
missed	663095	B>A	Saulėtekis–Konstitucijos pr.–Pilaitė	587	NULL	NULL	NULL	NULL	NULL	NULL	NULL	4G	Autobusai	4G	12		629	NULL	NULL	NULL
missed	663095	A>B	Pilaitė–Konstitucijos pr.–Saulėtekis	903	NULL	NULL	NULL	NULL	NULL	NULL	NULL	4G	Autobusai	4G	12		946	NULL	NULL	NULL
missed	663095	B>A	Saulėtekis–Konstitucijos pr.–Pilaitė	953	NULL	NULL	NULL	NULL	NULL	NULL	NULL	4G	Autobusai	4G	12		998	NULL	NULL	NULL
missed	663095	A>B	Pilaitė–Konstitucijos pr.–Saulėtekis	1010	NULL	NULL	NULL	NULL	NULL	NULL	NULL	4G	Autobusai	4G	12		1056	NULL	NULL	NULL
missed	663095	B>A	Saulėtekis–Konstitucijos pr.–Pilaitė	1065	NULL	NULL	NULL	NULL	NULL	NULL	NULL	4G	Autobusai	4G	12		1111	NULL	NULL	NULL
missed	663099	A>B	Pilaitė–Konstitucijos pr.–Saulėtekis	337	NULL	NULL	NULL	NULL	NULL	NULL	NULL	4G	Autobusai	4G	13		379	NULL	NULL	NULL
missed	663099	B>A	Saulėtekis–Konstitucijos pr.–Pilaitė	384	NULL	NULL	NULL	NULL	NULL	NULL	NULL	4G	Autobusai	4G	13		424	NULL	NULL	NULL
missed	663099	A>B	Pilaitė–Konstitucijos pr.–Saulėtekis	436	NULL	NULL	NULL	NULL	NULL	NULL	NULL	4G	Autobusai	4G	13		488	NULL	NULL	NULL
missed	663099	B>A	Saulėtekis–Konstitucijos pr.–Pilaitė	498	NULL	NULL	NULL	NULL	NULL	NULL	NULL	4G	Autobusai	4G	13		541	NULL	NULL	NULL
missed	663099	A>B	Pilaitė–Konstitucijos pr.–Saulėtekis	583	NULL	NULL	NULL	NULL	NULL	NULL	NULL	4G	Autobusai	4G	13		626	NULL	NULL	NULL
missed	663099	B>A	Saulėtekis–Konstitucijos pr.–Pilaitė	632	NULL	NULL	NULL	NULL	NULL	NULL	NULL	4G	Autobusai	4G	13		674	NULL	NULL	NULL
missed	663099	A>B	Pilaitė–Konstitucijos pr.–Saulėtekis	682	NULL	NULL	NULL	NULL	NULL	NULL	NULL	4G	Autobusai	4G	13		725	NULL	NULL	NULL
missed	663099	B>A	Saulėtekis–Konstitucijos pr.–Pilaitė	730	NULL	NULL	NULL	NULL	NULL	NULL	NULL	4G	Autobusai	4G	13		772	NULL	NULL	NULL
missed	663099	A>B	Pilaitė–Konstitucijos pr.–Saulėtekis	779	NULL	NULL	NULL	NULL	NULL	NULL	NULL	4G	Autobusai	4G	13		822	NULL	NULL	NULL
missed	663099	B>A	Saulėtekis–Konstitucijos pr.–Pilaitė	830	NULL	NULL	NULL	NULL	NULL	NULL	NULL	4G	Autobusai	4G	13		872	NULL	NULL	NULL
missed	663099	A>B	Pilaitė–Konstitucijos pr.–Saulėtekis	882	NULL	NULL	NULL	NULL	NULL	NULL	NULL	4G	Autobusai	4G	13		925	NULL	NULL	NULL
missed	663099	B>A	Saulėtekis–Konstitucijos pr.–Pilaitė	932	NULL	NULL	NULL	NULL	NULL	NULL	NULL	4G	Autobusai	4G	13		976	NULL	NULL	NULL
missed	663099	A>B	Pilaitė–Konstitucijos pr.–Saulėtekis	989	NULL	NULL	NULL	NULL	NULL	NULL	NULL	4G	Autobusai	4G	13		1034	NULL	NULL	NULL
missed	663099	B>A	Saulėtekis–Konstitucijos pr.–Pilaitė	1045	NULL	NULL	NULL	NULL	NULL	NULL	NULL	4G	Autobusai	4G	13		1092	NULL	NULL	NULL
missed	663099	A>B	Pilaitė–Konstitucijos pr.–Saulėtekis	1133	NULL	NULL	NULL	NULL	NULL	NULL	NULL	4G	Autobusai	4G	13		1176	NULL	NULL	NULL
missed	663099	B>A	Saulėtekis–Konstitucijos pr.–Pilaitė	1183	NULL	NULL	NULL	NULL	NULL	NULL	NULL	4G	Autobusai	4G	13		1224	NULL	NULL	NULL
missed	663099	A>B	Pilaitė–Konstitucijos pr.–Saulėtekis	1232	NULL	NULL	NULL	NULL	NULL	NULL	NULL	4G	Autobusai	4G	13		1274	NULL	NULL	NULL
missed	663099	B>A	Saulėtekis–Konstitucijos pr.–Pilaitė	1280	NULL	NULL	NULL	NULL	NULL	NULL	NULL	4G	Autobusai	4G	13		1321	NULL	NULL	NULL
missed	663099	A>B	Pilaitė–Konstitucijos pr.–Saulėtekis	1326	NULL	NULL	NULL	NULL	NULL	NULL	NULL	4G	Autobusai	4G	13		1368	NULL	NULL	NULL
missed	663099	B>A	Saulėtekis–Konstitucijos pr.–Pilaitė	1376	NULL	NULL	NULL	NULL	NULL	NULL	NULL	4G	Autobusai	4G	13		1417	NULL	NULL	NULL
missed	663096	A>B	Pilaitė–Konstitucijos pr.–Saulėtekis	430	NULL	NULL	NULL	NULL	NULL	NULL	NULL	4G	Autobusai	4G	14		481	NULL	NULL	NULL
missed	663096	B>A	Saulėtekis–Konstitucijos pr.–Pilaitė	491	NULL	NULL	NULL	NULL	NULL	NULL	NULL	4G	Autobusai	4G	14		534	NULL	NULL	NULL
missed	663096	A>B	Pilaitė–Konstitucijos pr.–Saulėtekis	549	NULL	NULL	NULL	NULL	NULL	NULL	NULL	4G	Autobusai	4G	14		592	NULL	NULL	NULL
missed	663096	B>A	Saulėtekis–Konstitucijos pr.–Pilaitė	601	NULL	NULL	NULL	NULL	NULL	NULL	NULL	4G	Autobusai	4G	14		643	NULL	NULL	NULL
missed	663096	A>B	Pilaitė–Konstitucijos pr.–Saulėtekis	916	NULL	NULL	NULL	NULL	NULL	NULL	NULL	4G	Autobusai	4G	14		959	NULL	NULL	NULL
missed	663096	B>A	Saulėtekis–Konstitucijos pr.–Pilaitė	968	NULL	NULL	NULL	NULL	NULL	NULL	NULL	4G	Autobusai	4G	14		1013	NULL	NULL	NULL
missed	663096	A>B	Pilaitė–Konstitucijos pr.–Saulėtekis	1024	NULL	NULL	NULL	NULL	NULL	NULL	NULL	4G	Autobusai	4G	14		1070	NULL	NULL	NULL
missed	663096	B>A	Saulėtekis–Konstitucijos pr.–Pilaitė	1079	NULL	NULL	NULL	NULL	NULL	NULL	NULL	4G	Autobusai	4G	14		1125	NULL	NULL	NULL
missed	663093	A>B	Pilaitė–Konstitucijos pr.–Saulėtekis	348	NULL	NULL	NULL	NULL	NULL	NULL	NULL	4G	Autobusai	4G	15Ž		390	NULL	NULL	NULL
missed	663093	B>A	Saulėtekis–Konstitucijos pr.–Pilaitė	396	NULL	NULL	NULL	NULL	NULL	NULL	NULL	4G	Autobusai	4G	15Ž		437	NULL	NULL	NULL
missed	663093	A>B	Pilaitė–Konstitucijos pr.–Saulėtekis	448	NULL	NULL	NULL	NULL	NULL	NULL	NULL	4G	Autobusai	4G	15Ž		500	NULL	NULL	NULL
missed	663093	B>A	Saulėtekis–Konstitucijos pr.–Pilaitė	510	NULL	NULL	NULL	NULL	NULL	NULL	NULL	4G	Autobusai	4G	15Ž		553	NULL	NULL	NULL
missed	663093	A>B	Pilaitė–Konstitucijos pr.–Saulėtekis	565	NULL	NULL	NULL	NULL	NULL	NULL	NULL	4G	Autobusai	4G	15Ž		608	NULL	NULL	NULL
missed	663093	B>A	Saulėtekis–Konstitucijos pr.–Pilaitė	615	NULL	NULL	NULL	NULL	NULL	NULL	NULL	4G	Autobusai	4G	15Ž		657	NULL	NULL	NULL
missed	663093	A>B	Pilaitė–Konstitucijos pr.–Saulėtekis	695	NULL	NULL	NULL	NULL	NULL	NULL	NULL	4G	Autobusai	4G	15Ž		738	NULL	NULL	NULL
missed	663093	B>A	Saulėtekis–Konstitucijos pr.–Pilaitė	743	NULL	NULL	NULL	NULL	NULL	NULL	NULL	4G	Autobusai	4G	15Ž		785	NULL	NULL	NULL
missed	663093	A>B	Pilaitė–Konstitucijos pr.–Saulėtekis	791	NULL	NULL	NULL	NULL	NULL	NULL	NULL	4G	Autobusai	4G	15Ž		834	NULL	NULL	NULL
missed	663093	B>A	Saulėtekis–Konstitucijos pr.–Pilaitė	843	NULL	NULL	NULL	NULL	NULL	NULL	NULL	4G	Autobusai	4G	15Ž		885	NULL	NULL	NULL
missed	663093	A>B	Pilaitė–Konstitucijos pr.–Saulėtekis	896	NULL	NULL	NULL	NULL	NULL	NULL	NULL	4G	Autobusai	4G	15Ž		939	NULL	NULL	NULL
missed	663093	B>A	Saulėtekis–Konstitucijos pr.–Pilaitė	946	NULL	NULL	NULL	NULL	NULL	NULL	NULL	4G	Autobusai	4G	15Ž		991	NULL	NULL	NULL
missed	663093	A>B	Pilaitė–Konstitucijos pr.–Saulėtekis	1003	NULL	NULL	NULL	NULL	NULL	NULL	NULL	4G	Autobusai	4G	15Ž		1049	NULL	NULL	NULL
missed	663093	B>A	Saulėtekis–Konstitucijos pr.–Pilaitė	1058	NULL	NULL	NULL	NULL	NULL	NULL	NULL	4G	Autobusai	4G	15Ž		1104	NULL	NULL	NULL
missed	663093	A>B	Pilaitė–Konstitucijos pr.–Saulėtekis	1117	NULL	NULL	NULL	NULL	NULL	NULL	NULL	4G	Autobusai	4G	15Ž		1160	NULL	NULL	NULL
missed	663093	B>A	Saulėtekis–Konstitucijos pr.–Pilaitė	1169	NULL	NULL	NULL	NULL	NULL	NULL	NULL	4G	Autobusai	4G	15Ž		1210	NULL	NULL	NULL
missed	663093	A>B	Pilaitė–Konstitucijos pr.–Saulėtekis	1252	NULL	NULL	NULL	NULL	NULL	NULL	NULL	4G	Autobusai	4G	15Ž		1294	NULL	NULL	NULL
missed	663093	B>A	Saulėtekis–Konstitucijos pr.–Pilaitė	1299	NULL	NULL	NULL	NULL	NULL	NULL	NULL	4G	Autobusai	4G	15Ž		1340	NULL	NULL	NULL
missed	663093	A>B	Pilaitė–Konstitucijos pr.–Saulėtekis	1351	NULL	NULL	NULL	NULL	NULL	NULL	NULL	4G	Autobusai	4G	15Ž		1393	NULL	NULL	NULL
missed	663093	B>A	Saulėtekis–Konstitucijos pr.–Pilaitė	1398	NULL	NULL	NULL	NULL	NULL	NULL	NULL	4G	Autobusai	4G	15Ž		1439	NULL	NULL	NULL
missed	663097	A>B	Pilaitė–Konstitucijos pr.–Saulėtekis	442	NULL	NULL	NULL	NULL	NULL	NULL	NULL	4G	Autobusai	4G	16		494	NULL	NULL	NULL
missed	663097	B>A	Saulėtekis–Konstitucijos pr.–Pilaitė	504	NULL	NULL	NULL	NULL	NULL	NULL	NULL	4G	Autobusai	4G	16		547	NULL	NULL	NULL
missed	663097	A>B	Pilaitė–Konstitucijos pr.–Saulėtekis	557	NULL	NULL	NULL	NULL	NULL	NULL	NULL	4G	Autobusai	4G	16		600	NULL	NULL	NULL
missed	663097	B>A	Saulėtekis–Konstitucijos pr.–Pilaitė	608	NULL	NULL	NULL	NULL	NULL	NULL	NULL	4G	Autobusai	4G	16		650	NULL	NULL	NULL
missed	663097	A>B	Pilaitė–Konstitucijos pr.–Saulėtekis	928	NULL	NULL	NULL	NULL	NULL	NULL	NULL	4G	Autobusai	4G	16		971	NULL	NULL	NULL
missed	663097	B>A	Saulėtekis–Konstitucijos pr.–Pilaitė	980	NULL	NULL	NULL	NULL	NULL	NULL	NULL	4G	Autobusai	4G	16		1026	NULL	NULL	NULL
missed	663097	A>B	Pilaitė–Konstitucijos pr.–Saulėtekis	1038	NULL	NULL	NULL	NULL	NULL	NULL	NULL	4G	Autobusai	4G	16		1084	NULL	NULL	NULL
missed	663097	B>A	Saulėtekis–Konstitucijos pr.–Pilaitė	1093	NULL	NULL	NULL	NULL	NULL	NULL	NULL	4G	Autobusai	4G	16		1139	NULL	NULL	NULL
missed	663098	A>B	Pilaitė–Konstitucijos pr.–Saulėtekis	357	NULL	NULL	NULL	NULL	NULL	NULL	NULL	4G	Autobusai	4G	17		400	NULL	NULL	NULL
missed	663098	B>A	Saulėtekis–Konstitucijos pr.–Pilaitė	405	NULL	NULL	NULL	NULL	NULL	NULL	NULL	4G	Autobusai	4G	17		446	NULL	NULL	NULL
missed	663098	A>B	Pilaitė–Konstitucijos pr.–Saulėtekis	460	NULL	NULL	NULL	NULL	NULL	NULL	NULL	4G	Autobusai	4G	17		512	NULL	NULL	NULL
missed	663098	B>A	Saulėtekis–Konstitucijos pr.–Pilaitė	522	NULL	NULL	NULL	NULL	NULL	NULL	NULL	4G	Autobusai	4G	17		564	NULL	NULL	NULL
missed	663098	A>B	Pilaitė–Konstitucijos pr.–Saulėtekis	602	NULL	NULL	NULL	NULL	NULL	NULL	NULL	4G	Autobusai	4G	17		645	NULL	NULL	NULL
missed	663098	B>A	Saulėtekis–Konstitucijos pr.–Pilaitė	652	NULL	NULL	NULL	NULL	NULL	NULL	NULL	4G	Autobusai	4G	17		694	NULL	NULL	NULL
missed	663098	A>B	Pilaitė–Konstitucijos pr.–Saulėtekis	706	NULL	NULL	NULL	NULL	NULL	NULL	NULL	4G	Autobusai	4G	17		749	NULL	NULL	NULL
missed	663098	B>A	Saulėtekis–Konstitucijos pr.–Pilaitė	754	NULL	NULL	NULL	NULL	NULL	NULL	NULL	4G	Autobusai	4G	17		796	NULL	NULL	NULL
missed	663098	A>B	Pilaitė–Konstitucijos pr.–Saulėtekis	805	NULL	NULL	NULL	NULL	NULL	NULL	NULL	4G	Autobusai	4G	17		848	NULL	NULL	NULL
missed	663098	B>A	Saulėtekis–Konstitucijos pr.–Pilaitė	855	NULL	NULL	NULL	NULL	NULL	NULL	NULL	4G	Autobusai	4G	17		897	NULL	NULL	NULL
missed	663098	A>B	Pilaitė–Konstitucijos pr.–Saulėtekis	908	NULL	NULL	NULL	NULL	NULL	NULL	NULL	4G	Autobusai	4G	17		951	NULL	NULL	NULL
missed	663098	B>A	Saulėtekis–Konstitucijos pr.–Pilaitė	959	NULL	NULL	NULL	NULL	NULL	NULL	NULL	4G	Autobusai	4G	17		1004	NULL	NULL	NULL
missed	663098	A>B	Pilaitė–Konstitucijos pr.–Saulėtekis	1016	NULL	NULL	NULL	NULL	NULL	NULL	NULL	4G	Autobusai	4G	17		1062	NULL	NULL	NULL
missed	663098	B>A	Saulėtekis–Konstitucijos pr.–Pilaitė	1071	NULL	NULL	NULL	NULL	NULL	NULL	NULL	4G	Autobusai	4G	17		1117	NULL	NULL	NULL
missed	663098	A>B	Pilaitė–Konstitucijos pr.–Saulėtekis	1150	NULL	NULL	NULL	NULL	NULL	NULL	NULL	4G	Autobusai	4G	17		1193	NULL	NULL	NULL
missed	663098	B>A	Saulėtekis–Konstitucijos pr.–Pilaitė	1199	NULL	NULL	NULL	NULL	NULL	NULL	NULL	4G	Autobusai	4G	17		1240	NULL	NULL	NULL
missed	663098	A>B	Pilaitė–Konstitucijos pr.–Saulėtekis	1261	NULL	NULL	NULL	NULL	NULL	NULL	NULL	4G	Autobusai	4G	17		1303	NULL	NULL	NULL
missed	663098	B>A	Saulėtekis–Konstitucijos pr.–Pilaitė	1311	NULL	NULL	NULL	NULL	NULL	NULL	NULL	4G	Autobusai	4G	17		1352	NULL	NULL	NULL
missed	663098	A>B	Pilaitė–Konstitucijos pr.–Saulėtekis	1373	NULL	NULL	NULL	NULL	NULL	NULL	NULL	4G	Autobusai	4G	17		1415	NULL	NULL	NULL
missed	663219	A>B	Pašilaičiai–Tuskulėnų g.–Šiaurės miestelis	326	NULL	NULL	NULL	NULL	NULL	NULL	NULL	5	Autobusai	5	01-Ž		356	NULL	NULL	NULL
missed	663219	B>A	Šiaurės miestelis–Tuskulėnų g.–Pašilaičiai	361	NULL	NULL	NULL	NULL	NULL	NULL	NULL	5	Autobusai	5	01-Ž		390	NULL	NULL	NULL
missed	663219	A>B	Pašilaičiai–Tuskulėnų g.–Šiaurės miestelis	400	NULL	NULL	NULL	NULL	NULL	NULL	NULL	5	Autobusai	5	01-Ž		433	NULL	NULL	NULL
missed	663219	B>A	Šiaurės miestelis–Tuskulėnų g.–Pašilaičiai	438	NULL	NULL	NULL	NULL	NULL	NULL	NULL	5	Autobusai	5	01-Ž		469	NULL	NULL	NULL
missed	663219	A>B	Pašilaičiai–Tuskulėnų g.–Šiaurės miestelis	479	NULL	NULL	NULL	NULL	NULL	NULL	NULL	5	Autobusai	5	01-Ž		512	NULL	NULL	NULL
missed	663219	B>A	Šiaurės miestelis–Tuskulėnų g.–Pašilaičiai	518	NULL	NULL	NULL	NULL	NULL	NULL	NULL	5	Autobusai	5	01-Ž		547	NULL	NULL	NULL
missed	663219	A>B	Pašilaičiai–Tuskulėnų g.–Šiaurės miestelis	557	NULL	NULL	NULL	NULL	NULL	NULL	NULL	5	Autobusai	5	01-Ž		589	NULL	NULL	NULL
missed	663219	B>A	Šiaurės miestelis–Tuskulėnų g.–Pašilaičiai	621	NULL	NULL	NULL	NULL	NULL	NULL	NULL	5	Autobusai	5	01-Ž		650	NULL	NULL	NULL
missed	663219	A>B	Pašilaičiai–Tuskulėnų g.–Šiaurės miestelis	658	NULL	NULL	NULL	NULL	NULL	NULL	NULL	5	Autobusai	5	01-Ž		690	NULL	NULL	NULL
missed	663219	B>A	Šiaurės miestelis–Tuskulėnų g.–Pašilaičiai	697	NULL	NULL	NULL	NULL	NULL	NULL	NULL	5	Autobusai	5	01-Ž		726	NULL	NULL	NULL
missed	663219	A>B	Pašilaičiai–Tuskulėnų g.–Šiaurės miestelis	736	NULL	NULL	NULL	NULL	NULL	NULL	NULL	5	Autobusai	5	01-Ž		768	NULL	NULL	NULL
missed	663219	B>A	Šiaurės miestelis–Tuskulėnų g.–Pašilaičiai	773	NULL	NULL	NULL	NULL	NULL	NULL	NULL	5	Autobusai	5	01-Ž		802	NULL	NULL	NULL
missed	663219	A>B	Pašilaičiai–Tuskulėnų g.–Šiaurės miestelis	812	NULL	NULL	NULL	NULL	NULL	NULL	NULL	5	Autobusai	5	01-Ž		844	NULL	NULL	NULL
missed	663219	B>A	Šiaurės miestelis–Tuskulėnų g.–Pašilaičiai	854	NULL	NULL	NULL	NULL	NULL	NULL	NULL	5	Autobusai	5	01-Ž		883	NULL	NULL	NULL
missed	663219	A>B	Pašilaičiai–Tuskulėnų g.–Šiaurės miestelis	893	NULL	NULL	NULL	NULL	NULL	NULL	NULL	5	Autobusai	5	01-Ž		925	NULL	NULL	NULL
missed	663219	B>A	Šiaurės miestelis–Tuskulėnų g.–Pašilaičiai	930	NULL	NULL	NULL	NULL	NULL	NULL	NULL	5	Autobusai	5	01-Ž		959	NULL	NULL	NULL
missed	663219	A>B	Pašilaičiai–Tuskulėnų g.–Šiaurės miestelis	969	NULL	NULL	NULL	NULL	NULL	NULL	NULL	5	Autobusai	5	01-Ž		1002	NULL	NULL	NULL
missed	663219	B>A	Šiaurės miestelis–Tuskulėnų g.–Pašilaičiai	1007	NULL	NULL	NULL	NULL	NULL	NULL	NULL	5	Autobusai	5	01-Ž		1039	NULL	NULL	NULL
missed	663219	A>B	Pašilaičiai–Tuskulėnų g.–Šiaurės miestelis	1049	NULL	NULL	NULL	NULL	NULL	NULL	NULL	5	Autobusai	5	01-Ž		1082	NULL	NULL	NULL
missed	663219	B>A	Šiaurės miestelis–Tuskulėnų g.–Pašilaičiai	1093	NULL	NULL	NULL	NULL	NULL	NULL	NULL	5	Autobusai	5	01-Ž		1126	NULL	NULL	NULL
missed	663219	A>B	Pašilaičiai–Tuskulėnų g.–Šiaurės miestelis	1138	NULL	NULL	NULL	NULL	NULL	NULL	NULL	5	Autobusai	5	01-Ž		1170	NULL	NULL	NULL
missed	663219	B>A	Šiaurės miestelis–Tuskulėnų g.–Pašilaičiai	1200	NULL	NULL	NULL	NULL	NULL	NULL	NULL	5	Autobusai	5	01-Ž		1227	NULL	NULL	NULL
missed	663219	A>B	Pašilaičiai–Tuskulėnų g.–Šiaurės miestelis	1237	NULL	NULL	NULL	NULL	NULL	NULL	NULL	5	Autobusai	5	01-Ž		1267	NULL	NULL	NULL
missed	663219	B>A	Šiaurės miestelis–Tuskulėnų g.–Pašilaičiai	1274	NULL	NULL	NULL	NULL	NULL	NULL	NULL	5	Autobusai	5	01-Ž		1301	NULL	NULL	NULL
missed	663219	A>B	Pašilaičiai–Tuskulėnų g.–Šiaurės miestelis	1306	NULL	NULL	NULL	NULL	NULL	NULL	NULL	5	Autobusai	5	01-Ž		1336	NULL	NULL	NULL
missed	663219	B>A	Šiaurės miestelis–Tuskulėnų g.–Pašilaičiai	1341	NULL	NULL	NULL	NULL	NULL	NULL	NULL	5	Autobusai	5	01-Ž		1368	NULL	NULL	NULL
missed	663219	A>B	Pašilaičiai–Tuskulėnų g.–Šiaurės miestelis	1373	NULL	NULL	NULL	NULL	NULL	NULL	NULL	5	Autobusai	5	01-Ž		1403	NULL	NULL	NULL
missed	663218	A>B	Pašilaičiai–Tuskulėnų g.–Šiaurės miestelis	349	NULL	NULL	NULL	NULL	NULL	NULL	NULL	5	Autobusai	5	02		380	NULL	NULL	NULL
missed	663218	B>A	Šiaurės miestelis–Tuskulėnų g.–Pašilaičiai	385	NULL	NULL	NULL	NULL	NULL	NULL	NULL	5	Autobusai	5	02		414	NULL	NULL	NULL
missed	663218	A>B	Pašilaičiai–Tuskulėnų g.–Šiaurės miestelis	419	NULL	NULL	NULL	NULL	NULL	NULL	NULL	5	Autobusai	5	02		452	NULL	NULL	NULL
missed	663218	B>A	Šiaurės miestelis–Tuskulėnų g.–Pašilaičiai	462	NULL	NULL	NULL	NULL	NULL	NULL	NULL	5	Autobusai	5	02		493	NULL	NULL	NULL
missed	663218	A>B	Pašilaičiai–Tuskulėnų g.–Šiaurės miestelis	503	NULL	NULL	NULL	NULL	NULL	NULL	NULL	5	Autobusai	5	02		536	NULL	NULL	NULL
missed	663218	B>A	Šiaurės miestelis–Tuskulėnų g.–Pašilaičiai	542	NULL	NULL	NULL	NULL	NULL	NULL	NULL	5	Autobusai	5	02		571	NULL	NULL	NULL
missed	663218	A>B	Pašilaičiai–Tuskulėnų g.–Šiaurės miestelis	581	NULL	NULL	NULL	NULL	NULL	NULL	NULL	5	Autobusai	5	02		613	NULL	NULL	NULL
missed	663218	B>A	Šiaurės miestelis–Tuskulėnų g.–Pašilaičiai	645	NULL	NULL	NULL	NULL	NULL	NULL	NULL	5	Autobusai	5	02		674	NULL	NULL	NULL
missed	663218	A>B	Pašilaičiai–Tuskulėnų g.–Šiaurės miestelis	684	NULL	NULL	NULL	NULL	NULL	NULL	NULL	5	Autobusai	5	02		716	NULL	NULL	NULL
missed	663218	B>A	Šiaurės miestelis–Tuskulėnų g.–Pašilaičiai	721	NULL	NULL	NULL	NULL	NULL	NULL	NULL	5	Autobusai	5	02		750	NULL	NULL	NULL
missed	663218	A>B	Pašilaičiai–Tuskulėnų g.–Šiaurės miestelis	760	NULL	NULL	NULL	NULL	NULL	NULL	NULL	5	Autobusai	5	02		792	NULL	NULL	NULL
missed	663218	B>A	Šiaurės miestelis–Tuskulėnų g.–Pašilaičiai	797	NULL	NULL	NULL	NULL	NULL	NULL	NULL	5	Autobusai	5	02		826	NULL	NULL	NULL
missed	663218	A>B	Pašilaičiai–Tuskulėnų g.–Šiaurės miestelis	836	NULL	NULL	NULL	NULL	NULL	NULL	NULL	5	Autobusai	5	02		868	NULL	NULL	NULL
missed	663218	B>A	Šiaurės miestelis–Tuskulėnų g.–Pašilaičiai	878	NULL	NULL	NULL	NULL	NULL	NULL	NULL	5	Autobusai	5	02		907	NULL	NULL	NULL
missed	663218	A>B	Pašilaičiai–Tuskulėnų g.–Šiaurės miestelis	917	NULL	NULL	NULL	NULL	NULL	NULL	NULL	5	Autobusai	5	02		949	NULL	NULL	NULL
missed	663218	B>A	Šiaurės miestelis–Tuskulėnų g.–Pašilaičiai	954	NULL	NULL	NULL	NULL	NULL	NULL	NULL	5	Autobusai	5	02		983	NULL	NULL	NULL
missed	663218	A>B	Pašilaičiai–Tuskulėnų g.–Šiaurės miestelis	999	NULL	NULL	NULL	NULL	NULL	NULL	NULL	5	Autobusai	5	02		1032	NULL	NULL	NULL
missed	663218	B>A	Šiaurės miestelis–Tuskulėnų g.–Pašilaičiai	1037	NULL	NULL	NULL	NULL	NULL	NULL	NULL	5	Autobusai	5	02		1070	NULL	NULL	NULL
missed	663218	A>B	Pašilaičiai–Tuskulėnų g.–Šiaurės miestelis	1080	NULL	NULL	NULL	NULL	NULL	NULL	NULL	5	Autobusai	5	02		1113	NULL	NULL	NULL
missed	663218	B>A	Šiaurės miestelis–Tuskulėnų g.–Pašilaičiai	1123	NULL	NULL	NULL	NULL	NULL	NULL	NULL	5	Autobusai	5	02		1156	NULL	NULL	NULL
missed	663218	A>B	Pašilaičiai–Tuskulėnų g.–Šiaurės miestelis	1162	NULL	NULL	NULL	NULL	NULL	NULL	NULL	5	Autobusai	5	02		1194	NULL	NULL	NULL
missed	663218	B>A	Šiaurės miestelis–Tuskulėnų g.–Pašilaičiai	1225	NULL	NULL	NULL	NULL	NULL	NULL	NULL	5	Autobusai	5	02		1252	NULL	NULL	NULL
missed	663218	A>B	Pašilaičiai–Tuskulėnų g.–Šiaurės miestelis	1260	NULL	NULL	NULL	NULL	NULL	NULL	NULL	5	Autobusai	5	02		1290	NULL	NULL	NULL
missed	663218	B>A	Šiaurės miestelis–Tuskulėnų g.–Pašilaičiai	1296	NULL	NULL	NULL	NULL	NULL	NULL	NULL	5	Autobusai	5	02		1323	NULL	NULL	NULL
missed	663218	A>B	Pašilaičiai–Tuskulėnų g.–Šiaurės miestelis	1330	NULL	NULL	NULL	NULL	NULL	NULL	NULL	5	Autobusai	5	02		1360	NULL	NULL	NULL
missed	663218	B>A	Šiaurės miestelis–Tuskulėnų g.–Pašilaičiai	1365	NULL	NULL	NULL	NULL	NULL	NULL	NULL	5	Autobusai	5	02		1392	NULL	NULL	NULL
missed	663218	A>B	Pašilaičiai–Tuskulėnų g.–Šiaurės miestelis	1394	NULL	NULL	NULL	NULL	NULL	NULL	NULL	5	Autobusai	5	02		1422	NULL	NULL	NULL
missed	663217	A>B	Pašilaičiai–Tuskulėnų g.–Šiaurės miestelis	372	NULL	NULL	NULL	NULL	NULL	NULL	NULL	5	Autobusai	5	03		404	NULL	NULL	NULL
missed	663217	B>A	Šiaurės miestelis–Tuskulėnų g.–Pašilaičiai	411	NULL	NULL	NULL	NULL	NULL	NULL	NULL	5	Autobusai	5	03		442	NULL	NULL	NULL
missed	663217	A>B	Pašilaičiai–Tuskulėnų g.–Šiaurės miestelis	449	NULL	NULL	NULL	NULL	NULL	NULL	NULL	5	Autobusai	5	03		482	NULL	NULL	NULL
missed	663217	B>A	Šiaurės miestelis–Tuskulėnų g.–Pašilaičiai	491	NULL	NULL	NULL	NULL	NULL	NULL	NULL	5	Autobusai	5	03		522	NULL	NULL	NULL
missed	663217	A>B	Pašilaičiai–Tuskulėnų g.–Šiaurės miestelis	532	NULL	NULL	NULL	NULL	NULL	NULL	NULL	5	Autobusai	5	03		565	NULL	NULL	NULL
missed	663217	B>A	Šiaurės miestelis–Tuskulėnų g.–Pašilaičiai	572	NULL	NULL	NULL	NULL	NULL	NULL	NULL	5	Autobusai	5	03		601	NULL	NULL	NULL
missed	663217	A>B	Pašilaičiai–Tuskulėnų g.–Šiaurės miestelis	611	NULL	NULL	NULL	NULL	NULL	NULL	NULL	5	Autobusai	5	03		643	NULL	NULL	NULL
missed	663217	B>A	Šiaurės miestelis–Tuskulėnų g.–Pašilaičiai	674	NULL	NULL	NULL	NULL	NULL	NULL	NULL	5	Autobusai	5	03		703	NULL	NULL	NULL
missed	663217	A>B	Pašilaičiai–Tuskulėnų g.–Šiaurės miestelis	713	NULL	NULL	NULL	NULL	NULL	NULL	NULL	5	Autobusai	5	03		745	NULL	NULL	NULL
missed	663217	B>A	Šiaurės miestelis–Tuskulėnų g.–Pašilaičiai	750	NULL	NULL	NULL	NULL	NULL	NULL	NULL	5	Autobusai	5	03		779	NULL	NULL	NULL
missed	663217	A>B	Pašilaičiai–Tuskulėnų g.–Šiaurės miestelis	789	NULL	NULL	NULL	NULL	NULL	NULL	NULL	5	Autobusai	5	03		821	NULL	NULL	NULL
missed	663217	B>A	Šiaurės miestelis–Tuskulėnų g.–Pašilaičiai	826	NULL	NULL	NULL	NULL	NULL	NULL	NULL	5	Autobusai	5	03		855	NULL	NULL	NULL
missed	663217	A>B	Pašilaičiai–Tuskulėnų g.–Šiaurės miestelis	865	NULL	NULL	NULL	NULL	NULL	NULL	NULL	5	Autobusai	5	03		897	NULL	NULL	NULL
missed	663217	B>A	Šiaurės miestelis–Tuskulėnų g.–Pašilaičiai	907	NULL	NULL	NULL	NULL	NULL	NULL	NULL	5	Autobusai	5	03		936	NULL	NULL	NULL
missed	663217	A>B	Pašilaičiai–Tuskulėnų g.–Šiaurės miestelis	946	NULL	NULL	NULL	NULL	NULL	NULL	NULL	5	Autobusai	5	03		979	NULL	NULL	NULL
missed	663217	B>A	Šiaurės miestelis–Tuskulėnų g.–Pašilaičiai	984	NULL	NULL	NULL	NULL	NULL	NULL	NULL	5	Autobusai	5	03		1013	NULL	NULL	NULL
missed	663217	A>B	Pašilaičiai–Tuskulėnų g.–Šiaurės miestelis	1030	NULL	NULL	NULL	NULL	NULL	NULL	NULL	5	Autobusai	5	03		1063	NULL	NULL	NULL
missed	663217	B>A	Šiaurės miestelis–Tuskulėnų g.–Pašilaičiai	1068	NULL	NULL	NULL	NULL	NULL	NULL	NULL	5	Autobusai	5	03		1101	NULL	NULL	NULL
missed	663217	A>B	Pašilaičiai–Tuskulėnų g.–Šiaurės miestelis	1111	NULL	NULL	NULL	NULL	NULL	NULL	NULL	5	Autobusai	5	03		1144	NULL	NULL	NULL
missed	663217	B>A	Šiaurės miestelis–Tuskulėnų g.–Pašilaičiai	1174	NULL	NULL	NULL	NULL	NULL	NULL	NULL	5	Autobusai	5	03		1203	NULL	NULL	NULL
missed	663217	A>B	Pašilaičiai–Tuskulėnų g.–Šiaurės miestelis	1211	NULL	NULL	NULL	NULL	NULL	NULL	NULL	5	Autobusai	5	03		1241	NULL	NULL	NULL
missed	663217	B>A	Šiaurės miestelis–Tuskulėnų g.–Pašilaičiai	1246	NULL	NULL	NULL	NULL	NULL	NULL	NULL	5	Autobusai	5	03		1273	NULL	NULL	NULL
missed	663217	A>B	Pašilaičiai–Tuskulėnų g.–Šiaurės miestelis	1283	NULL	NULL	NULL	NULL	NULL	NULL	NULL	5	Autobusai	5	03		1313	NULL	NULL	NULL
missed	663217	B>A	Šiaurės miestelis–Tuskulėnų g.–Pašilaičiai	1319	NULL	NULL	NULL	NULL	NULL	NULL	NULL	5	Autobusai	5	03		1346	NULL	NULL	NULL
missed	663217	A>B	Pašilaičiai–Tuskulėnų g.–Šiaurės miestelis	1352	NULL	NULL	NULL	NULL	NULL	NULL	NULL	5	Autobusai	5	03		1382	NULL	NULL	NULL
missed	663252	B>A	Bajorai–Baltupio–Didlaukio g.–Antakalnis	312	NULL	NULL	NULL	NULL	NULL	NULL	NULL	50	Autobusai	50	01-Ž		344	NULL	NULL	NULL
missed	663252	A>B	Antakalnis–Didlaukio–Baltupio g.–Bajorai	355	NULL	NULL	NULL	NULL	NULL	NULL	NULL	50	Autobusai	50	01-Ž		393	NULL	NULL	NULL
missed	663252	B>A	Bajorai–Baltupio–Didlaukio g.–Antakalnis	404	NULL	NULL	NULL	NULL	NULL	NULL	NULL	50	Autobusai	50	01-Ž		442	NULL	NULL	NULL
missed	663252	A>B	Antakalnis–Didlaukio–Baltupio g.–Bajorai	451	NULL	NULL	NULL	NULL	NULL	NULL	NULL	50	Autobusai	50	01-Ž		491	NULL	NULL	NULL
missed	663252	B>A	Bajorai–Baltupio–Didlaukio g.–Antakalnis	504	NULL	NULL	NULL	NULL	NULL	NULL	NULL	50	Autobusai	50	01-Ž		541	NULL	NULL	NULL
missed	663252	A>B	Antakalnis–Didlaukio–Baltupio g.–Bajorai	574	NULL	NULL	NULL	NULL	NULL	NULL	NULL	50	Autobusai	50	01-Ž		611	NULL	NULL	NULL
missed	663252	B>A	Bajorai–Baltupio–Didlaukio g.–Antakalnis	621	NULL	NULL	NULL	NULL	NULL	NULL	NULL	50	Autobusai	50	01-Ž		657	NULL	NULL	NULL
missed	663252	A>B	Antakalnis–Didlaukio–Baltupio g.–Bajorai	668	NULL	NULL	NULL	NULL	NULL	NULL	NULL	50	Autobusai	50	01-Ž		705	NULL	NULL	NULL
missed	663252	B>A	Bajorai–Baltupio–Didlaukio g.–Antakalnis	714	NULL	NULL	NULL	NULL	NULL	NULL	NULL	50	Autobusai	50	01-Ž		750	NULL	NULL	NULL
missed	663252	A>B	Antakalnis–Didlaukio–Baltupio g.–Bajorai	759	NULL	NULL	NULL	NULL	NULL	NULL	NULL	50	Autobusai	50	01-Ž		796	NULL	NULL	NULL
missed	663252	B>A	Bajorai–Baltupio–Didlaukio g.–Antakalnis	802	NULL	NULL	NULL	NULL	NULL	NULL	NULL	50	Autobusai	50	01-Ž		838	NULL	NULL	NULL
missed	663252	A>B	Antakalnis–Didlaukio–Baltupio g.–Bajorai	848	NULL	NULL	NULL	NULL	NULL	NULL	NULL	50	Autobusai	50	01-Ž		885	NULL	NULL	NULL
missed	663252	B>A	Bajorai–Baltupio–Didlaukio g.–Antakalnis	896	NULL	NULL	NULL	NULL	NULL	NULL	NULL	50	Autobusai	50	01-Ž		932	NULL	NULL	NULL
missed	663252	A>B	Antakalnis–Didlaukio–Baltupio g.–Bajorai	939	NULL	NULL	NULL	NULL	NULL	NULL	NULL	50	Autobusai	50	01-Ž		977	NULL	NULL	NULL
missed	663252	B>A	Bajorai–Baltupio–Didlaukio g.–Antakalnis	988	NULL	NULL	NULL	NULL	NULL	NULL	NULL	50	Autobusai	50	01-Ž		1025	NULL	NULL	NULL
missed	663252	A>B	Antakalnis–Didlaukio–Baltupio g.–Bajorai	1035	NULL	NULL	NULL	NULL	NULL	NULL	NULL	50	Autobusai	50	01-Ž		1076	NULL	NULL	NULL
missed	663252	B>A	Bajorai–Baltupio–Didlaukio g.–Antakalnis	1085	NULL	NULL	NULL	NULL	NULL	NULL	NULL	50	Autobusai	50	01-Ž		1122	NULL	NULL	NULL
missed	663252	A>B	Antakalnis–Didlaukio–Baltupio g.–Bajorai	1162	NULL	NULL	NULL	NULL	NULL	NULL	NULL	50	Autobusai	50	01-Ž		1201	NULL	NULL	NULL
missed	663252	B>A	Bajorai–Baltupio–Didlaukio g.–Antakalnis	1207	NULL	NULL	NULL	NULL	NULL	NULL	NULL	50	Autobusai	50	01-Ž		1240	NULL	NULL	NULL
missed	663252	A>B	Antakalnis–Didlaukio–Baltupio g.–Bajorai	1252	NULL	NULL	NULL	NULL	NULL	NULL	NULL	50	Autobusai	50	01-Ž		1287	NULL	NULL	NULL
missed	663252	B>A	Bajorai–Baltupio–Didlaukio g.–Antakalnis	1295	NULL	NULL	NULL	NULL	NULL	NULL	NULL	50	Autobusai	50	01-Ž		1328	NULL	NULL	NULL
missed	663252	A>B	Antakalnis–Didlaukio–Baltupio g.–Bajorai	1333	NULL	NULL	NULL	NULL	NULL	NULL	NULL	50	Autobusai	50	01-Ž		1368	NULL	NULL	NULL
missed	663253	B>A	Bajorai–Baltupio–Didlaukio g.–Antakalnis	376	NULL	NULL	NULL	NULL	NULL	NULL	NULL	50	Autobusai	50	02		411	NULL	NULL	NULL
missed	663253	A>B	Antakalnis–Didlaukio–Baltupio g.–Bajorai	419	NULL	NULL	NULL	NULL	NULL	NULL	NULL	50	Autobusai	50	02		459	NULL	NULL	NULL
missed	663253	B>A	Bajorai–Baltupio–Didlaukio g.–Antakalnis	468	NULL	NULL	NULL	NULL	NULL	NULL	NULL	50	Autobusai	50	02		507	NULL	NULL	NULL
missed	663253	A>B	Antakalnis–Didlaukio–Baltupio g.–Bajorai	519	NULL	NULL	NULL	NULL	NULL	NULL	NULL	50	Autobusai	50	02		558	NULL	NULL	NULL
missed	663253	B>A	Bajorai–Baltupio–Didlaukio g.–Antakalnis	570	NULL	NULL	NULL	NULL	NULL	NULL	NULL	50	Autobusai	50	02		606	NULL	NULL	NULL
missed	663253	A>B	Antakalnis–Didlaukio–Baltupio g.–Bajorai	923	NULL	NULL	NULL	NULL	NULL	NULL	NULL	50	Autobusai	50	02		960	NULL	NULL	NULL
missed	663253	B>A	Bajorai–Baltupio–Didlaukio g.–Antakalnis	972	NULL	NULL	NULL	NULL	NULL	NULL	NULL	50	Autobusai	50	02		1009	NULL	NULL	NULL
missed	663253	A>B	Antakalnis–Didlaukio–Baltupio g.–Bajorai	1019	NULL	NULL	NULL	NULL	NULL	NULL	NULL	50	Autobusai	50	02		1060	NULL	NULL	NULL
missed	663253	B>A	Bajorai–Baltupio–Didlaukio g.–Antakalnis	1069	NULL	NULL	NULL	NULL	NULL	NULL	NULL	50	Autobusai	50	02		1106	NULL	NULL	NULL
missed	663253	A>B	Antakalnis–Didlaukio–Baltupio g.–Bajorai	1111	NULL	NULL	NULL	NULL	NULL	NULL	NULL	50	Autobusai	50	02		1152	NULL	NULL	NULL
missed	663253	B>A	Bajorai–Baltupio–Didlaukio g.–Antakalnis	1157	NULL	NULL	NULL	NULL	NULL	NULL	NULL	50	Autobusai	50	02		1194	NULL	NULL	NULL
missed	663254	B>A	Bajorai–Baltupio–Didlaukio g.–Antakalnis	341	NULL	NULL	NULL	NULL	NULL	NULL	NULL	50	Autobusai	50	03		373	NULL	NULL	NULL
missed	663254	A>B	Antakalnis–Didlaukio–Baltupio g.–Bajorai	386	NULL	NULL	NULL	NULL	NULL	NULL	NULL	50	Autobusai	50	03		425	NULL	NULL	NULL
missed	663254	B>A	Bajorai–Baltupio–Didlaukio g.–Antakalnis	433	NULL	NULL	NULL	NULL	NULL	NULL	NULL	50	Autobusai	50	03		471	NULL	NULL	NULL
missed	663254	A>B	Antakalnis–Didlaukio–Baltupio g.–Bajorai	483	NULL	NULL	NULL	NULL	NULL	NULL	NULL	50	Autobusai	50	03		523	NULL	NULL	NULL
missed	663254	B>A	Bajorai–Baltupio–Didlaukio g.–Antakalnis	538	NULL	NULL	NULL	NULL	NULL	NULL	NULL	50	Autobusai	50	03		575	NULL	NULL	NULL
missed	663254	A>B	Antakalnis–Didlaukio–Baltupio g.–Bajorai	608	NULL	NULL	NULL	NULL	NULL	NULL	NULL	50	Autobusai	50	03		645	NULL	NULL	NULL
missed	663254	B>A	Bajorai–Baltupio–Didlaukio g.–Antakalnis	655	NULL	NULL	NULL	NULL	NULL	NULL	NULL	50	Autobusai	50	03		691	NULL	NULL	NULL
missed	663254	A>B	Antakalnis–Didlaukio–Baltupio g.–Bajorai	697	NULL	NULL	NULL	NULL	NULL	NULL	NULL	50	Autobusai	50	03		734	NULL	NULL	NULL
missed	663254	B>A	Bajorai–Baltupio–Didlaukio g.–Antakalnis	743	NULL	NULL	NULL	NULL	NULL	NULL	NULL	50	Autobusai	50	03		779	NULL	NULL	NULL
missed	663254	A>B	Antakalnis–Didlaukio–Baltupio g.–Bajorai	784	NULL	NULL	NULL	NULL	NULL	NULL	NULL	50	Autobusai	50	03		821	NULL	NULL	NULL
missed	663254	B>A	Bajorai–Baltupio–Didlaukio g.–Antakalnis	826	NULL	NULL	NULL	NULL	NULL	NULL	NULL	50	Autobusai	50	03		862	NULL	NULL	NULL
missed	663254	A>B	Antakalnis–Didlaukio–Baltupio g.–Bajorai	872	NULL	NULL	NULL	NULL	NULL	NULL	NULL	50	Autobusai	50	03		909	NULL	NULL	NULL
missed	663254	B>A	Bajorai–Baltupio–Didlaukio g.–Antakalnis	921	NULL	NULL	NULL	NULL	NULL	NULL	NULL	50	Autobusai	50	03		957	NULL	NULL	NULL
missed	663254	A>B	Antakalnis–Didlaukio–Baltupio g.–Bajorai	968	NULL	NULL	NULL	NULL	NULL	NULL	NULL	50	Autobusai	50	03		1009	NULL	NULL	NULL
missed	663254	B>A	Bajorai–Baltupio–Didlaukio g.–Antakalnis	1022	NULL	NULL	NULL	NULL	NULL	NULL	NULL	50	Autobusai	50	03		1059	NULL	NULL	NULL
missed	663254	A>B	Antakalnis–Didlaukio–Baltupio g.–Bajorai	1071	NULL	NULL	NULL	NULL	NULL	NULL	NULL	50	Autobusai	50	03		1112	NULL	NULL	NULL
missed	663254	B>A	Bajorai–Baltupio–Didlaukio g.–Antakalnis	1117	NULL	NULL	NULL	NULL	NULL	NULL	NULL	50	Autobusai	50	03		1154	NULL	NULL	NULL
missed	663254	A>B	Antakalnis–Didlaukio–Baltupio g.–Bajorai	1192	NULL	NULL	NULL	NULL	NULL	NULL	NULL	50	Autobusai	50	03		1227	NULL	NULL	NULL
missed	663254	B>A	Bajorai–Baltupio–Didlaukio g.–Antakalnis	1235	NULL	NULL	NULL	NULL	NULL	NULL	NULL	50	Autobusai	50	03		1268	NULL	NULL	NULL
missed	663254	A>B	Antakalnis–Didlaukio–Baltupio g.–Bajorai	1278	NULL	NULL	NULL	NULL	NULL	NULL	NULL	50	Autobusai	50	03		1313	NULL	NULL	NULL
missed	663254	B>A	Bajorai–Baltupio–Didlaukio g.–Antakalnis	1321	NULL	NULL	NULL	NULL	NULL	NULL	NULL	50	Autobusai	50	03		1354	NULL	NULL	NULL
missed	663254	A>B	Antakalnis–Didlaukio–Baltupio g.–Bajorai	1359	NULL	NULL	NULL	NULL	NULL	NULL	NULL	50	Autobusai	50	03		1394	NULL	NULL	NULL
missed	663254	B>A	Bajorai–Baltupio–Didlaukio g.–Antakalnis	1399	NULL	NULL	NULL	NULL	NULL	NULL	NULL	50	Autobusai	50	03		1432	NULL	NULL	NULL
missed	663249	A>B	Antakalnis–Didlaukio–Baltupio g.–Bajorai	370	NULL	NULL	NULL	NULL	NULL	NULL	NULL	50	Autobusai	50	04		408	NULL	NULL	NULL
missed	663249	B>A	Bajorai–Baltupio–Didlaukio g.–Antakalnis	419	NULL	NULL	NULL	NULL	NULL	NULL	NULL	50	Autobusai	50	04		457	NULL	NULL	NULL
missed	663249	A>B	Antakalnis–Didlaukio–Baltupio g.–Bajorai	466	NULL	NULL	NULL	NULL	NULL	NULL	NULL	50	Autobusai	50	04		506	NULL	NULL	NULL
missed	663249	B>A	Bajorai–Baltupio–Didlaukio g.–Antakalnis	522	NULL	NULL	NULL	NULL	NULL	NULL	NULL	50	Autobusai	50	04		559	NULL	NULL	NULL
missed	663249	A>B	Antakalnis–Didlaukio–Baltupio g.–Bajorai	892	NULL	NULL	NULL	NULL	NULL	NULL	NULL	50	Autobusai	50	04		929	NULL	NULL	NULL
missed	663249	B>A	Bajorai–Baltupio–Didlaukio g.–Antakalnis	941	NULL	NULL	NULL	NULL	NULL	NULL	NULL	50	Autobusai	50	04		977	NULL	NULL	NULL
missed	663249	A>B	Antakalnis–Didlaukio–Baltupio g.–Bajorai	987	NULL	NULL	NULL	NULL	NULL	NULL	NULL	50	Autobusai	50	04		1028	NULL	NULL	NULL
missed	663249	B>A	Bajorai–Baltupio–Didlaukio g.–Antakalnis	1038	NULL	NULL	NULL	NULL	NULL	NULL	NULL	50	Autobusai	50	04		1075	NULL	NULL	NULL
missed	663249	A>B	Antakalnis–Didlaukio–Baltupio g.–Bajorai	1086	NULL	NULL	NULL	NULL	NULL	NULL	NULL	50	Autobusai	50	04		1127	NULL	NULL	NULL
missed	663249	B>A	Bajorai–Baltupio–Didlaukio g.–Antakalnis	1136	NULL	NULL	NULL	NULL	NULL	NULL	NULL	50	Autobusai	50	04		1173	NULL	NULL	NULL
missed	663250	B>A	Bajorai–Baltupio–Didlaukio g.–Antakalnis	358	NULL	NULL	NULL	NULL	NULL	NULL	NULL	50	Autobusai	50	05		392	NULL	NULL	NULL
missed	663250	A>B	Antakalnis–Didlaukio–Baltupio g.–Bajorai	402	NULL	NULL	NULL	NULL	NULL	NULL	NULL	50	Autobusai	50	05		441	NULL	NULL	NULL
missed	663250	B>A	Bajorai–Baltupio–Didlaukio g.–Antakalnis	450	NULL	NULL	NULL	NULL	NULL	NULL	NULL	50	Autobusai	50	05		489	NULL	NULL	NULL
missed	663250	A>B	Antakalnis–Didlaukio–Baltupio g.–Bajorai	501	NULL	NULL	NULL	NULL	NULL	NULL	NULL	50	Autobusai	50	05		541	NULL	NULL	NULL
missed	663250	B>A	Bajorai–Baltupio–Didlaukio g.–Antakalnis	554	NULL	NULL	NULL	NULL	NULL	NULL	NULL	50	Autobusai	50	05		591	NULL	NULL	NULL
missed	663250	A>B	Antakalnis–Didlaukio–Baltupio g.–Bajorai	639	NULL	NULL	NULL	NULL	NULL	NULL	NULL	50	Autobusai	50	05		676	NULL	NULL	NULL
missed	663250	B>A	Bajorai–Baltupio–Didlaukio g.–Antakalnis	686	NULL	NULL	NULL	NULL	NULL	NULL	NULL	50	Autobusai	50	05		722	NULL	NULL	NULL
missed	663250	A>B	Antakalnis–Didlaukio–Baltupio g.–Bajorai	727	NULL	NULL	NULL	NULL	NULL	NULL	NULL	50	Autobusai	50	05		764	NULL	NULL	NULL
missed	663250	B>A	Bajorai–Baltupio–Didlaukio g.–Antakalnis	769	NULL	NULL	NULL	NULL	NULL	NULL	NULL	50	Autobusai	50	05		805	NULL	NULL	NULL
missed	663250	A>B	Antakalnis–Didlaukio–Baltupio g.–Bajorai	816	NULL	NULL	NULL	NULL	NULL	NULL	NULL	50	Autobusai	50	05		853	NULL	NULL	NULL
missed	663250	B>A	Bajorai–Baltupio–Didlaukio g.–Antakalnis	863	NULL	NULL	NULL	NULL	NULL	NULL	NULL	50	Autobusai	50	05		899	NULL	NULL	NULL
missed	663250	A>B	Antakalnis–Didlaukio–Baltupio g.–Bajorai	910	NULL	NULL	NULL	NULL	NULL	NULL	NULL	50	Autobusai	50	05		947	NULL	NULL	NULL
missed	663250	B>A	Bajorai–Baltupio–Didlaukio g.–Antakalnis	957	NULL	NULL	NULL	NULL	NULL	NULL	NULL	50	Autobusai	50	05		994	NULL	NULL	NULL
missed	663250	A>B	Antakalnis–Didlaukio–Baltupio g.–Bajorai	1003	NULL	NULL	NULL	NULL	NULL	NULL	NULL	50	Autobusai	50	05		1044	NULL	NULL	NULL
missed	663250	B>A	Bajorai–Baltupio–Didlaukio g.–Antakalnis	1055	NULL	NULL	NULL	NULL	NULL	NULL	NULL	50	Autobusai	50	05		1092	NULL	NULL	NULL
missed	663250	A>B	Antakalnis–Didlaukio–Baltupio g.–Bajorai	1130	NULL	NULL	NULL	NULL	NULL	NULL	NULL	50	Autobusai	50	05		1170	NULL	NULL	NULL
missed	663250	B>A	Bajorai–Baltupio–Didlaukio g.–Antakalnis	1175	NULL	NULL	NULL	NULL	NULL	NULL	NULL	50	Autobusai	50	05		1210	NULL	NULL	NULL
missed	663250	A>B	Antakalnis–Didlaukio–Baltupio g.–Bajorai	1215	NULL	NULL	NULL	NULL	NULL	NULL	NULL	50	Autobusai	50	05		1250	NULL	NULL	NULL
missed	663250	B>A	Bajorai–Baltupio–Didlaukio g.–Antakalnis	1269	NULL	NULL	NULL	NULL	NULL	NULL	NULL	50	Autobusai	50	05		1302	NULL	NULL	NULL
missed	663250	A>B	Antakalnis–Didlaukio–Baltupio g.–Bajorai	1307	NULL	NULL	NULL	NULL	NULL	NULL	NULL	50	Autobusai	50	05		1342	NULL	NULL	NULL
missed	663250	B>A	Bajorai–Baltupio–Didlaukio g.–Antakalnis	1350	NULL	NULL	NULL	NULL	NULL	NULL	NULL	50	Autobusai	50	05		1383	NULL	NULL	NULL
missed	663250	A>B	Antakalnis–Didlaukio–Baltupio g.–Bajorai	1388	NULL	NULL	NULL	NULL	NULL	NULL	NULL	50	Autobusai	50	05		1423	NULL	NULL	NULL
missed	663251	B>A	Bajorai–Baltupio–Didlaukio g.–Antakalnis	390	NULL	NULL	NULL	NULL	NULL	NULL	NULL	50	Autobusai	50	06		426	NULL	NULL	NULL
missed	663251	A>B	Antakalnis–Didlaukio–Baltupio g.–Bajorai	436	NULL	NULL	NULL	NULL	NULL	NULL	NULL	50	Autobusai	50	06		476	NULL	NULL	NULL
missed	663251	B>A	Bajorai–Baltupio–Didlaukio g.–Antakalnis	485	NULL	NULL	NULL	NULL	NULL	NULL	NULL	50	Autobusai	50	06		524	NULL	NULL	NULL
missed	663251	A>B	Antakalnis–Didlaukio–Baltupio g.–Bajorai	543	NULL	NULL	NULL	NULL	NULL	NULL	NULL	50	Autobusai	50	06		581	NULL	NULL	NULL
missed	663251	B>A	Bajorai–Baltupio–Didlaukio g.–Antakalnis	593	NULL	NULL	NULL	NULL	NULL	NULL	NULL	50	Autobusai	50	06		629	NULL	NULL	NULL
missed	663251	A>B	Antakalnis–Didlaukio–Baltupio g.–Bajorai	956	NULL	NULL	NULL	NULL	NULL	NULL	NULL	50	Autobusai	50	06		996	NULL	NULL	NULL
missed	663251	B>A	Bajorai–Baltupio–Didlaukio g.–Antakalnis	1006	NULL	NULL	NULL	NULL	NULL	NULL	NULL	50	Autobusai	50	06		1043	NULL	NULL	NULL
missed	663251	A>B	Antakalnis–Didlaukio–Baltupio g.–Bajorai	1052	NULL	NULL	NULL	NULL	NULL	NULL	NULL	50	Autobusai	50	06		1093	NULL	NULL	NULL
missed	663251	B>A	Bajorai–Baltupio–Didlaukio g.–Antakalnis	1102	NULL	NULL	NULL	NULL	NULL	NULL	NULL	50	Autobusai	50	06		1139	NULL	NULL	NULL
missed	449658	A>B2	Žemieji Paneriai–Daniliškės–Trakų Vokė	322	NULL	NULL	NULL	NULL	NULL	NULL	NULL	51	Autobusai	51	01		351	NULL	NULL	NULL
missed	449658	B1>A1	Trakų Vokė–Žemieji Paneriai	353	NULL	NULL	NULL	NULL	NULL	NULL	NULL	51	Autobusai	51	01		373	NULL	NULL	NULL
missed	449658	A>B2	Žemieji Paneriai–Daniliškės–Trakų Vokė	381	NULL	NULL	NULL	NULL	NULL	NULL	NULL	51	Autobusai	51	01		410	NULL	NULL	NULL
missed	449658	B1>A1	Trakų Vokė–Žemieji Paneriai	412	NULL	NULL	NULL	NULL	NULL	NULL	NULL	51	Autobusai	51	01		432	NULL	NULL	NULL
missed	449658	A>B2	Žemieji Paneriai–Daniliškės–Trakų Vokė	437	NULL	NULL	NULL	NULL	NULL	NULL	NULL	51	Autobusai	51	01		466	NULL	NULL	NULL
missed	449658	B1>A1	Trakų Vokė–Žemieji Paneriai	471	NULL	NULL	NULL	NULL	NULL	NULL	NULL	51	Autobusai	51	01		490	NULL	NULL	NULL
missed	449658	A>B	Žemieji Paneriai–Trakų Vokė–Daniliškės	535	NULL	NULL	NULL	NULL	NULL	NULL	NULL	51	Autobusai	51	01		563	NULL	NULL	NULL
missed	449658	B2>A1	Daniliškės–Žemieji Paneriai	563	NULL	NULL	NULL	NULL	NULL	NULL	NULL	51	Autobusai	51	01		582	NULL	NULL	NULL
missed	449658	A>B	Žemieji Paneriai–Trakų Vokė–Daniliškės	595	NULL	NULL	NULL	NULL	NULL	NULL	NULL	51	Autobusai	51	01		623	NULL	NULL	NULL
missed	449658	B2>A1	Daniliškės–Žemieji Paneriai	623	NULL	NULL	NULL	NULL	NULL	NULL	NULL	51	Autobusai	51	01		641	NULL	NULL	NULL
missed	449658	A>B	Žemieji Paneriai–Trakų Vokė–Daniliškės	648	NULL	NULL	NULL	NULL	NULL	NULL	NULL	51	Autobusai	51	01		676	NULL	NULL	NULL
missed	449658	B2>A1	Daniliškės–Žemieji Paneriai	676	NULL	NULL	NULL	NULL	NULL	NULL	NULL	51	Autobusai	51	01		694	NULL	NULL	NULL
missed	449658	A>B	Žemieji Paneriai–Trakų Vokė–Daniliškės	701	NULL	NULL	NULL	NULL	NULL	NULL	NULL	51	Autobusai	51	01		728	NULL	NULL	NULL
missed	449658	B2>A1	Daniliškės–Žemieji Paneriai	728	NULL	NULL	NULL	NULL	NULL	NULL	NULL	51	Autobusai	51	01		746	NULL	NULL	NULL
missed	449658	A>B	Žemieji Paneriai–Trakų Vokė–Daniliškės	751	NULL	NULL	NULL	NULL	NULL	NULL	NULL	51	Autobusai	51	01		785	NULL	NULL	NULL
missed	449658	B2>A1	Daniliškės–Žemieji Paneriai	785	NULL	NULL	NULL	NULL	NULL	NULL	NULL	51	Autobusai	51	01		804	NULL	NULL	NULL
missed	449658	A>B	Žemieji Paneriai–Trakų Vokė–Daniliškės	813	NULL	NULL	NULL	NULL	NULL	NULL	NULL	51	Autobusai	51	01		840	NULL	NULL	NULL
missed	449658	B2>A1	Daniliškės–Žemieji Paneriai	840	NULL	NULL	NULL	NULL	NULL	NULL	NULL	51	Autobusai	51	01		860	NULL	NULL	NULL
missed	449658	A>B	Žemieji Paneriai–Trakų Vokė–Daniliškės	870	NULL	NULL	NULL	NULL	NULL	NULL	NULL	51	Autobusai	51	01		900	NULL	NULL	NULL
missed	449658	B2>A1	Daniliškės–Žemieji Paneriai	900	NULL	NULL	NULL	NULL	NULL	NULL	NULL	51	Autobusai	51	01		920	NULL	NULL	NULL
missed	449658	A>B	Žemieji Paneriai–Trakų Vokė–Daniliškės	939	NULL	NULL	NULL	NULL	NULL	NULL	NULL	51	Autobusai	51	01		969	NULL	NULL	NULL
missed	449658	B2>A1	Daniliškės–Žemieji Paneriai	969	NULL	NULL	NULL	NULL	NULL	NULL	NULL	51	Autobusai	51	01		989	NULL	NULL	NULL
missed	449658	A>B	Žemieji Paneriai–Trakų Vokė–Daniliškės	1002	NULL	NULL	NULL	NULL	NULL	NULL	NULL	51	Autobusai	51	01		1032	NULL	NULL	NULL
missed	449658	B2>A1	Daniliškės–Žemieji Paneriai	1032	NULL	NULL	NULL	NULL	NULL	NULL	NULL	51	Autobusai	51	01		1053	NULL	NULL	NULL
missed	449658	A>B	Žemieji Paneriai–Trakų Vokė–Daniliškės	1083	NULL	NULL	NULL	NULL	NULL	NULL	NULL	51	Autobusai	51	01		1113	NULL	NULL	NULL
missed	449658	B2>A1	Daniliškės–Žemieji Paneriai	1113	NULL	NULL	NULL	NULL	NULL	NULL	NULL	51	Autobusai	51	01		1133	NULL	NULL	NULL
missed	449658	A>B	Žemieji Paneriai–Trakų Vokė–Daniliškės	1143	NULL	NULL	NULL	NULL	NULL	NULL	NULL	51	Autobusai	51	01		1173	NULL	NULL	NULL
missed	449658	B2>A1	Daniliškės–Žemieji Paneriai	1173	NULL	NULL	NULL	NULL	NULL	NULL	NULL	51	Autobusai	51	01		1193	NULL	NULL	NULL
missed	449658	A>B	Žemieji Paneriai–Trakų Vokė–Daniliškės	1199	NULL	NULL	NULL	NULL	NULL	NULL	NULL	51	Autobusai	51	01		1229	NULL	NULL	NULL
missed	449658	B2>A1	Daniliškės–Žemieji Paneriai	1229	NULL	NULL	NULL	NULL	NULL	NULL	NULL	51	Autobusai	51	01		1249	NULL	NULL	NULL
missed	449658	A>B2	Žemieji Paneriai–Daniliškės–Trakų Vokė	1279	NULL	NULL	NULL	NULL	NULL	NULL	NULL	51	Autobusai	51	01		1307	NULL	NULL	NULL
missed	449658	B1>A1	Trakų Vokė–Žemieji Paneriai	1307	NULL	NULL	NULL	NULL	NULL	NULL	NULL	51	Autobusai	51	01		1328	NULL	NULL	NULL
missed	449658	A>B	Žemieji Paneriai–Trakų Vokė–Daniliškės	1340	NULL	NULL	NULL	NULL	NULL	NULL	NULL	51	Autobusai	51	01		1370	NULL	NULL	NULL
missed	449658	B2>A1	Daniliškės–Žemieji Paneriai	1370	NULL	NULL	NULL	NULL	NULL	NULL	NULL	51	Autobusai	51	01		1390	NULL	NULL	NULL
missed	663256	B>A	Tarandė–Ukmergės g.–Centras	330	NULL	NULL	NULL	NULL	NULL	NULL	NULL	52	Autobusai	52	01		362	NULL	NULL	NULL
missed	663256	A>B	Centras–Ukmergės g.–Tarandė	372	NULL	NULL	NULL	NULL	NULL	NULL	NULL	52	Autobusai	52	01		408	NULL	NULL	NULL
missed	663256	B>A	Tarandė–Ukmergės g.–Centras	413	NULL	NULL	NULL	NULL	NULL	NULL	NULL	52	Autobusai	52	01		455	NULL	NULL	NULL
missed	663256	A>B	Centras–Ukmergės g.–Tarandė	465	NULL	NULL	NULL	NULL	NULL	NULL	NULL	52	Autobusai	52	01		505	NULL	NULL	NULL
missed	663256	B>A	Tarandė–Ukmergės g.–Centras	510	NULL	NULL	NULL	NULL	NULL	NULL	NULL	52	Autobusai	52	01		546	NULL	NULL	NULL
missed	663256	A>B	Centras–Ukmergės g.–Tarandė	561	NULL	NULL	NULL	NULL	NULL	NULL	NULL	52	Autobusai	52	01		601	NULL	NULL	NULL
missed	663256	B>A	Tarandė–Ukmergės g.–Centras	604	NULL	NULL	NULL	NULL	NULL	NULL	NULL	52	Autobusai	52	01		638	NULL	NULL	NULL
missed	663256	A>B	Centras–Ukmergės g.–Tarandė	668	NULL	NULL	NULL	NULL	NULL	NULL	NULL	52	Autobusai	52	01		707	NULL	NULL	NULL
missed	663256	B>A	Tarandė–Ukmergės g.–Centras	710	NULL	NULL	NULL	NULL	NULL	NULL	NULL	52	Autobusai	52	01		744	NULL	NULL	NULL
missed	663256	A>B	Centras–Ukmergės g.–Tarandė	758	NULL	NULL	NULL	NULL	NULL	NULL	NULL	52	Autobusai	52	01		797	NULL	NULL	NULL
missed	663256	B>A	Tarandė–Ukmergės g.–Centras	800	NULL	NULL	NULL	NULL	NULL	NULL	NULL	52	Autobusai	52	01		834	NULL	NULL	NULL
missed	663256	A>B	Centras–Ukmergės g.–Tarandė	844	NULL	NULL	NULL	NULL	NULL	NULL	NULL	52	Autobusai	52	01		883	NULL	NULL	NULL
missed	663256	B>A	Tarandė–Ukmergės g.–Centras	886	NULL	NULL	NULL	NULL	NULL	NULL	NULL	52	Autobusai	52	01		920	NULL	NULL	NULL
missed	663256	A>B	Centras–Ukmergės g.–Tarandė	930	NULL	NULL	NULL	NULL	NULL	NULL	NULL	52	Autobusai	52	01		969	NULL	NULL	NULL
missed	663256	B>A	Tarandė–Ukmergės g.–Centras	972	NULL	NULL	NULL	NULL	NULL	NULL	NULL	52	Autobusai	52	01		1006	NULL	NULL	NULL
missed	663256	A>B	Centras–Ukmergės g.–Tarandė	1016	NULL	NULL	NULL	NULL	NULL	NULL	NULL	52	Autobusai	52	01		1056	NULL	NULL	NULL
missed	663256	B>A	Tarandė–Ukmergės g.–Centras	1059	NULL	NULL	NULL	NULL	NULL	NULL	NULL	52	Autobusai	52	01		1095	NULL	NULL	NULL
missed	663256	A>B	Centras–Ukmergės g.–Tarandė	1100	NULL	NULL	NULL	NULL	NULL	NULL	NULL	52	Autobusai	52	01		1140	NULL	NULL	NULL
missed	663256	B>A	Tarandė–Ukmergės g.–Centras	1143	NULL	NULL	NULL	NULL	NULL	NULL	NULL	52	Autobusai	52	01		1176	NULL	NULL	NULL
missed	663256	A>B	Centras–Ukmergės g.–Tarandė	1206	NULL	NULL	NULL	NULL	NULL	NULL	NULL	52	Autobusai	52	01		1245	NULL	NULL	NULL
missed	663256	B>A	Tarandė–Ukmergės g.–Centras	1248	NULL	NULL	NULL	NULL	NULL	NULL	NULL	52	Autobusai	52	01		1280	NULL	NULL	NULL
missed	663256	A>B	Centras–Ukmergės g.–Tarandė	1296	NULL	NULL	NULL	NULL	NULL	NULL	NULL	52	Autobusai	52	01		1333	NULL	NULL	NULL
missed	663256	B>A	Tarandė–Ukmergės g.–Centras	1336	NULL	NULL	NULL	NULL	NULL	NULL	NULL	52	Autobusai	52	01		1368	NULL	NULL	NULL
missed	663255	A>B	Centras–Ukmergės g.–Tarandė	329	NULL	NULL	NULL	NULL	NULL	NULL	NULL	52	Autobusai	52	02		366	NULL	NULL	NULL
missed	663255	B>A	Tarandė–Ukmergės g.–Centras	369	NULL	NULL	NULL	NULL	NULL	NULL	NULL	52	Autobusai	52	02		402	NULL	NULL	NULL
missed	663255	A>B	Centras–Ukmergės g.–Tarandė	409	NULL	NULL	NULL	NULL	NULL	NULL	NULL	52	Autobusai	52	02		447	NULL	NULL	NULL
missed	663255	B>A	Tarandė–Ukmergės g.–Centras	452	NULL	NULL	NULL	NULL	NULL	NULL	NULL	52	Autobusai	52	02		494	NULL	NULL	NULL
missed	663255	A>B	Centras–Ukmergės g.–Tarandė	500	NULL	NULL	NULL	NULL	NULL	NULL	NULL	52	Autobusai	52	02		540	NULL	NULL	NULL
missed	663255	B>A	Tarandė–Ukmergės g.–Centras	551	NULL	NULL	NULL	NULL	NULL	NULL	NULL	52	Autobusai	52	02		585	NULL	NULL	NULL
missed	663255	A>B	Centras–Ukmergės g.–Tarandė	616	NULL	NULL	NULL	NULL	NULL	NULL	NULL	52	Autobusai	52	02		655	NULL	NULL	NULL
missed	663255	B>A	Tarandė–Ukmergės g.–Centras	658	NULL	NULL	NULL	NULL	NULL	NULL	NULL	52	Autobusai	52	02		692	NULL	NULL	NULL
missed	663255	A>B	Centras–Ukmergės g.–Tarandė	705	NULL	NULL	NULL	NULL	NULL	NULL	NULL	52	Autobusai	52	02		744	NULL	NULL	NULL
missed	663255	B>A	Tarandė–Ukmergės g.–Centras	747	NULL	NULL	NULL	NULL	NULL	NULL	NULL	52	Autobusai	52	02		781	NULL	NULL	NULL
missed	663255	A>B	Centras–Ukmergės g.–Tarandė	791	NULL	NULL	NULL	NULL	NULL	NULL	NULL	52	Autobusai	52	02		830	NULL	NULL	NULL
missed	663255	B>A	Tarandė–Ukmergės g.–Centras	833	NULL	NULL	NULL	NULL	NULL	NULL	NULL	52	Autobusai	52	02		867	NULL	NULL	NULL
missed	663255	A>B	Centras–Ukmergės g.–Tarandė	880	NULL	NULL	NULL	NULL	NULL	NULL	NULL	52	Autobusai	52	02		919	NULL	NULL	NULL
missed	663255	B>A	Tarandė–Ukmergės g.–Centras	922	NULL	NULL	NULL	NULL	NULL	NULL	NULL	52	Autobusai	52	02		956	NULL	NULL	NULL
missed	663255	A>B	Centras–Ukmergės g.–Tarandė	966	NULL	NULL	NULL	NULL	NULL	NULL	NULL	52	Autobusai	52	02		1006	NULL	NULL	NULL
missed	663255	B>A	Tarandė–Ukmergės g.–Centras	1009	NULL	NULL	NULL	NULL	NULL	NULL	NULL	52	Autobusai	52	02		1043	NULL	NULL	NULL
missed	663255	A>B	Centras–Ukmergės g.–Tarandė	1053	NULL	NULL	NULL	NULL	NULL	NULL	NULL	52	Autobusai	52	02		1093	NULL	NULL	NULL
missed	663255	B>A	Tarandė–Ukmergės g.–Centras	1096	NULL	NULL	NULL	NULL	NULL	NULL	NULL	52	Autobusai	52	02		1132	NULL	NULL	NULL
missed	663255	A>B	Centras–Ukmergės g.–Tarandė	1162	NULL	NULL	NULL	NULL	NULL	NULL	NULL	52	Autobusai	52	02		1202	NULL	NULL	NULL
missed	663255	B>A	Tarandė–Ukmergės g.–Centras	1205	NULL	NULL	NULL	NULL	NULL	NULL	NULL	52	Autobusai	52	02		1237	NULL	NULL	NULL
missed	663255	A>B	Centras–Ukmergės g.–Tarandė	1252	NULL	NULL	NULL	NULL	NULL	NULL	NULL	52	Autobusai	52	02		1289	NULL	NULL	NULL
missed	663255	B>A	Tarandė–Ukmergės g.–Centras	1292	NULL	NULL	NULL	NULL	NULL	NULL	NULL	52	Autobusai	52	02		1324	NULL	NULL	NULL
missed	663255	A>B	Centras–Ukmergės g.–Tarandė	1336	NULL	NULL	NULL	NULL	NULL	NULL	NULL	52	Autobusai	52	02		1373	NULL	NULL	NULL
missed	663255	B>A	Tarandė–Ukmergės g.–Centras	1376	NULL	NULL	NULL	NULL	NULL	NULL	NULL	52	Autobusai	52	02		1408	NULL	NULL	NULL
missed	663257	A>B	Centras–Ukmergės g.–Tarandė	348	NULL	NULL	NULL	NULL	NULL	NULL	NULL	52	Autobusai	52	03		385	NULL	NULL	NULL
missed	663257	B>A	Tarandė–Ukmergės g.–Centras	388	NULL	NULL	NULL	NULL	NULL	NULL	NULL	52	Autobusai	52	03		422	NULL	NULL	NULL
missed	663257	A>B	Centras–Ukmergės g.–Tarandė	432	NULL	NULL	NULL	NULL	NULL	NULL	NULL	52	Autobusai	52	03		472	NULL	NULL	NULL
missed	663257	B>A	Tarandė–Ukmergės g.–Centras	477	NULL	NULL	NULL	NULL	NULL	NULL	NULL	52	Autobusai	52	03		517	NULL	NULL	NULL
missed	663257	A>B	Centras–Ukmergės g.–Tarandė	530	NULL	NULL	NULL	NULL	NULL	NULL	NULL	52	Autobusai	52	03		570	NULL	NULL	NULL
missed	663257	B>A	Tarandė–Ukmergės g.–Centras	584	NULL	NULL	NULL	NULL	NULL	NULL	NULL	52	Autobusai	52	03		618	NULL	NULL	NULL
missed	663257	A>B	Centras–Ukmergės g.–Tarandė	648	NULL	NULL	NULL	NULL	NULL	NULL	NULL	52	Autobusai	52	03		687	NULL	NULL	NULL
missed	663257	B>A	Tarandė–Ukmergės g.–Centras	690	NULL	NULL	NULL	NULL	NULL	NULL	NULL	52	Autobusai	52	03		724	NULL	NULL	NULL
missed	663257	A>B	Centras–Ukmergės g.–Tarandė	734	NULL	NULL	NULL	NULL	NULL	NULL	NULL	52	Autobusai	52	03		773	NULL	NULL	NULL
missed	663257	B>A	Tarandė–Ukmergės g.–Centras	776	NULL	NULL	NULL	NULL	NULL	NULL	NULL	52	Autobusai	52	03		810	NULL	NULL	NULL
missed	663257	A>B	Centras–Ukmergės g.–Tarandė	820	NULL	NULL	NULL	NULL	NULL	NULL	NULL	52	Autobusai	52	03		859	NULL	NULL	NULL
missed	663257	B>A	Tarandė–Ukmergės g.–Centras	862	NULL	NULL	NULL	NULL	NULL	NULL	NULL	52	Autobusai	52	03		896	NULL	NULL	NULL
missed	663257	A>B	Centras–Ukmergės g.–Tarandė	906	NULL	NULL	NULL	NULL	NULL	NULL	NULL	52	Autobusai	52	03		945	NULL	NULL	NULL
missed	663257	B>A	Tarandė–Ukmergės g.–Centras	948	NULL	NULL	NULL	NULL	NULL	NULL	NULL	52	Autobusai	52	03		982	NULL	NULL	NULL
missed	663257	A>B	Centras–Ukmergės g.–Tarandė	992	NULL	NULL	NULL	NULL	NULL	NULL	NULL	52	Autobusai	52	03		1032	NULL	NULL	NULL
missed	663257	B>A	Tarandė–Ukmergės g.–Centras	1035	NULL	NULL	NULL	NULL	NULL	NULL	NULL	52	Autobusai	52	03		1071	NULL	NULL	NULL
missed	663257	A>B	Centras–Ukmergės g.–Tarandė	1076	NULL	NULL	NULL	NULL	NULL	NULL	NULL	52	Autobusai	52	03		1116	NULL	NULL	NULL
missed	663257	B>A	Tarandė–Ukmergės g.–Centras	1119	NULL	NULL	NULL	NULL	NULL	NULL	NULL	52	Autobusai	52	03		1153	NULL	NULL	NULL
missed	663257	A>B	Centras–Ukmergės g.–Tarandė	1183	NULL	NULL	NULL	NULL	NULL	NULL	NULL	52	Autobusai	52	03		1223	NULL	NULL	NULL
missed	663257	B>A	Tarandė–Ukmergės g.–Centras	1226	NULL	NULL	NULL	NULL	NULL	NULL	NULL	52	Autobusai	52	03		1258	NULL	NULL	NULL
missed	663257	A>B	Centras–Ukmergės g.–Tarandė	1274	NULL	NULL	NULL	NULL	NULL	NULL	NULL	52	Autobusai	52	03		1311	NULL	NULL	NULL
missed	663257	B>A	Tarandė–Ukmergės g.–Centras	1314	NULL	NULL	NULL	NULL	NULL	NULL	NULL	52	Autobusai	52	03		1346	NULL	NULL	NULL
missed	663257	A>B	Centras–Ukmergės g.–Tarandė	1358	NULL	NULL	NULL	NULL	NULL	NULL	NULL	52	Autobusai	52	03		1395	NULL	NULL	NULL
missed	663257	B>A	Tarandė–Ukmergės g.–Centras	1398	NULL	NULL	NULL	NULL	NULL	NULL	NULL	52	Autobusai	52	03		1430	NULL	NULL	NULL
missed	663258	B>A	Tarandė–Ukmergės g.–Centras	351	NULL	NULL	NULL	NULL	NULL	NULL	NULL	52	Autobusai	52	04		384	NULL	NULL	NULL
missed	663258	A>B	Centras–Ukmergės g.–Tarandė	392	NULL	NULL	NULL	NULL	NULL	NULL	NULL	52	Autobusai	52	04		430	NULL	NULL	NULL
missed	663258	B>A	Tarandė–Ukmergės g.–Centras	433	NULL	NULL	NULL	NULL	NULL	NULL	NULL	52	Autobusai	52	04		475	NULL	NULL	NULL
missed	663258	A>B	Centras–Ukmergės g.–Tarandė	483	NULL	NULL	NULL	NULL	NULL	NULL	NULL	52	Autobusai	52	04		523	NULL	NULL	NULL
missed	663258	B>A	Tarandė–Ukmergės g.–Centras	526	NULL	NULL	NULL	NULL	NULL	NULL	NULL	52	Autobusai	52	04		562	NULL	NULL	NULL
missed	663258	A>B	Centras–Ukmergės g.–Tarandė	592	NULL	NULL	NULL	NULL	NULL	NULL	NULL	52	Autobusai	52	04		631	NULL	NULL	NULL
missed	663258	B>A	Tarandė–Ukmergės g.–Centras	634	NULL	NULL	NULL	NULL	NULL	NULL	NULL	52	Autobusai	52	04		668	NULL	NULL	NULL
missed	663258	A>B	Centras–Ukmergės g.–Tarandė	678	NULL	NULL	NULL	NULL	NULL	NULL	NULL	52	Autobusai	52	04		717	NULL	NULL	NULL
missed	663258	B>A	Tarandė–Ukmergės g.–Centras	720	NULL	NULL	NULL	NULL	NULL	NULL	NULL	52	Autobusai	52	04		754	NULL	NULL	NULL
missed	663258	A>B	Centras–Ukmergės g.–Tarandė	773	NULL	NULL	NULL	NULL	NULL	NULL	NULL	52	Autobusai	52	04		812	NULL	NULL	NULL
missed	663258	B>A	Tarandė–Ukmergės g.–Centras	815	NULL	NULL	NULL	NULL	NULL	NULL	NULL	52	Autobusai	52	04		849	NULL	NULL	NULL
missed	663258	A>B	Centras–Ukmergės g.–Tarandė	860	NULL	NULL	NULL	NULL	NULL	NULL	NULL	52	Autobusai	52	04		899	NULL	NULL	NULL
missed	663258	B>A	Tarandė–Ukmergės g.–Centras	902	NULL	NULL	NULL	NULL	NULL	NULL	NULL	52	Autobusai	52	04		936	NULL	NULL	NULL
missed	663258	A>B	Centras–Ukmergės g.–Tarandė	949	NULL	NULL	NULL	NULL	NULL	NULL	NULL	52	Autobusai	52	04		988	NULL	NULL	NULL
missed	663258	B>A	Tarandė–Ukmergės g.–Centras	991	NULL	NULL	NULL	NULL	NULL	NULL	NULL	52	Autobusai	52	04		1025	NULL	NULL	NULL
missed	663258	A>B	Centras–Ukmergės g.–Tarandė	1035	NULL	NULL	NULL	NULL	NULL	NULL	NULL	52	Autobusai	52	04		1075	NULL	NULL	NULL
missed	663258	B>A	Tarandė–Ukmergės g.–Centras	1082	NULL	NULL	NULL	NULL	NULL	NULL	NULL	52	Autobusai	52	04		1118	NULL	NULL	NULL
missed	663258	A>B	Centras–Ukmergės g.–Tarandė	1128	NULL	NULL	NULL	NULL	NULL	NULL	NULL	52	Autobusai	52	04		1168	NULL	NULL	NULL
missed	663258	B>A	Tarandė–Ukmergės g.–Centras	1171	NULL	NULL	NULL	NULL	NULL	NULL	NULL	52	Autobusai	52	04		1204	NULL	NULL	NULL
missed	663258	A>B	Centras–Ukmergės g.–Tarandė	1234	NULL	NULL	NULL	NULL	NULL	NULL	NULL	52	Autobusai	52	04		1271	NULL	NULL	NULL
missed	663258	B>A	Tarandė–Ukmergės g.–Centras	1274	NULL	NULL	NULL	NULL	NULL	NULL	NULL	52	Autobusai	52	04		1306	NULL	NULL	NULL
missed	663258	A>B	Centras–Ukmergės g.–Tarandė	1319	NULL	NULL	NULL	NULL	NULL	NULL	NULL	52	Autobusai	52	04		1356	NULL	NULL	NULL
missed	663258	B>A	Tarandė–Ukmergės g.–Centras	1359	NULL	NULL	NULL	NULL	NULL	NULL	NULL	52	Autobusai	52	04		1391	NULL	NULL	NULL
missed	614926	B>A	Stotis–Pylimo–Kalvarijų g.–Fabijoniškės	325	NULL	NULL	NULL	NULL	NULL	NULL	NULL	53	Autobusai	53	01		366	NULL	NULL	NULL
missed	614926	A>B	Fabijoniškės–Kalvarijų–Pylimo g.–Stotis	374	NULL	NULL	NULL	NULL	NULL	NULL	NULL	53	Autobusai	53	01		414	NULL	NULL	NULL
missed	614926	B>A	Stotis–Pylimo–Kalvarijų g.–Fabijoniškės	422	NULL	NULL	NULL	NULL	NULL	NULL	NULL	53	Autobusai	53	01		466	NULL	NULL	NULL
missed	614926	A>B	Fabijoniškės–Kalvarijų–Pylimo g.–Stotis	477	NULL	NULL	NULL	NULL	NULL	NULL	NULL	53	Autobusai	53	01		526	NULL	NULL	NULL
missed	614926	B>A	Stotis–Pylimo–Kalvarijų g.–Fabijoniškės	536	NULL	NULL	NULL	NULL	NULL	NULL	NULL	53	Autobusai	53	01		579	NULL	NULL	NULL
missed	614926	A>B	Fabijoniškės–Kalvarijų–Pylimo g.–Stotis	619	NULL	NULL	NULL	NULL	NULL	NULL	NULL	53	Autobusai	53	01		659	NULL	NULL	NULL
missed	614926	B>A	Stotis–Pylimo–Kalvarijų g.–Fabijoniškės	664	NULL	NULL	NULL	NULL	NULL	NULL	NULL	53	Autobusai	53	01		707	NULL	NULL	NULL
missed	614926	A>B	Fabijoniškės–Kalvarijų–Pylimo g.–Stotis	720	NULL	NULL	NULL	NULL	NULL	NULL	NULL	53	Autobusai	53	01		760	NULL	NULL	NULL
missed	614926	B>A	Stotis–Pylimo–Kalvarijų g.–Fabijoniškės	765	NULL	NULL	NULL	NULL	NULL	NULL	NULL	53	Autobusai	53	01		808	NULL	NULL	NULL
missed	614926	A>B	Fabijoniškės–Kalvarijų–Pylimo g.–Stotis	820	NULL	NULL	NULL	NULL	NULL	NULL	NULL	53	Autobusai	53	01		860	NULL	NULL	NULL
missed	614926	B>A	Stotis–Pylimo–Kalvarijų g.–Fabijoniškės	870	NULL	NULL	NULL	NULL	NULL	NULL	NULL	53	Autobusai	53	01		913	NULL	NULL	NULL
missed	614926	A>B	Fabijoniškės–Kalvarijų–Pylimo g.–Stotis	919	NULL	NULL	NULL	NULL	NULL	NULL	NULL	53	Autobusai	53	01		960	NULL	NULL	NULL
missed	614926	B>A	Stotis–Pylimo–Kalvarijų g.–Fabijoniškės	972	NULL	NULL	NULL	NULL	NULL	NULL	NULL	53	Autobusai	53	01		1017	NULL	NULL	NULL
missed	614926	A>B	Fabijoniškės–Kalvarijų–Pylimo g.–Stotis	1035	NULL	NULL	NULL	NULL	NULL	NULL	NULL	53	Autobusai	53	01		1082	NULL	NULL	NULL
missed	614926	A>B	Fabijoniškės–Kalvarijų–Pylimo g.–Stotis	1189	NULL	NULL	NULL	NULL	NULL	NULL	NULL	53	Autobusai	53	01		1228	NULL	NULL	NULL
missed	614926	B>A	Stotis–Pylimo–Kalvarijų g.–Fabijoniškės	1233	NULL	NULL	NULL	NULL	NULL	NULL	NULL	53	Autobusai	53	01		1274	NULL	NULL	NULL
missed	614926	A>B	Fabijoniškės–Kalvarijų–Pylimo g.–Stotis	1282	NULL	NULL	NULL	NULL	NULL	NULL	NULL	53	Autobusai	53	01		1321	NULL	NULL	NULL
missed	614926	B>A	Stotis–Pylimo–Kalvarijų g.–Fabijoniškės	1326	NULL	NULL	NULL	NULL	NULL	NULL	NULL	53	Autobusai	53	01		1367	NULL	NULL	NULL
missed	614926	A>B	Fabijoniškės–Kalvarijų–Pylimo g.–Stotis	1372	NULL	NULL	NULL	NULL	NULL	NULL	NULL	53	Autobusai	53	01		1411	NULL	NULL	NULL
missed	614927	A>B	Fabijoniškės–Kalvarijų–Pylimo g.–Stotis	380	NULL	NULL	NULL	NULL	NULL	NULL	NULL	53	Autobusai	53	02		420	NULL	NULL	NULL
missed	614927	A>B	Fabijoniškės–Kalvarijų–Pylimo g.–Stotis	494	NULL	NULL	NULL	NULL	NULL	NULL	NULL	53	Autobusai	53	02		543	NULL	NULL	NULL
missed	614927	B>A	Stotis–Pylimo–Kalvarijų g.–Fabijoniškės	550	NULL	NULL	NULL	NULL	NULL	NULL	NULL	53	Autobusai	53	02		593	NULL	NULL	NULL
missed	614927	A>B	Fabijoniškės–Kalvarijų–Pylimo g.–Stotis	896	NULL	NULL	NULL	NULL	NULL	NULL	NULL	53	Autobusai	53	02		937	NULL	NULL	NULL
missed	614927	B>A	Stotis–Pylimo–Kalvarijų g.–Fabijoniškės	945	NULL	NULL	NULL	NULL	NULL	NULL	NULL	53	Autobusai	53	02		989	NULL	NULL	NULL
missed	614927	A>B	Fabijoniškės–Kalvarijų–Pylimo g.–Stotis	1006	NULL	NULL	NULL	NULL	NULL	NULL	NULL	53	Autobusai	53	02		1051	NULL	NULL	NULL
missed	614928	B>A	Stotis–Pylimo–Kalvarijų g.–Fabijoniškės	343	NULL	NULL	NULL	NULL	NULL	NULL	NULL	53	Autobusai	53	03-Ž		386	NULL	NULL	NULL
missed	614928	A>B	Fabijoniškės–Kalvarijų–Pylimo g.–Stotis	392	NULL	NULL	NULL	NULL	NULL	NULL	NULL	53	Autobusai	53	03-Ž		432	NULL	NULL	NULL
missed	614928	A>B	Fabijoniškės–Kalvarijų–Pylimo g.–Stotis	502	NULL	NULL	NULL	NULL	NULL	NULL	NULL	53	Autobusai	53	03-Ž		551	NULL	NULL	NULL
missed	614928	B>A	Stotis–Pylimo–Kalvarijų g.–Fabijoniškės	556	NULL	NULL	NULL	NULL	NULL	NULL	NULL	53	Autobusai	53	03-Ž		599	NULL	NULL	NULL
missed	614928	A>B	Fabijoniškės–Kalvarijų–Pylimo g.–Stotis	640	NULL	NULL	NULL	NULL	NULL	NULL	NULL	53	Autobusai	53	03-Ž		680	NULL	NULL	NULL
missed	614928	B>A	Stotis–Pylimo–Kalvarijų g.–Fabijoniškės	685	NULL	NULL	NULL	NULL	NULL	NULL	NULL	53	Autobusai	53	03-Ž		728	NULL	NULL	NULL
missed	614928	A>B	Fabijoniškės–Kalvarijų–Pylimo g.–Stotis	740	NULL	NULL	NULL	NULL	NULL	NULL	NULL	53	Autobusai	53	03-Ž		780	NULL	NULL	NULL
missed	614928	B>A	Stotis–Pylimo–Kalvarijų g.–Fabijoniškės	785	NULL	NULL	NULL	NULL	NULL	NULL	NULL	53	Autobusai	53	03-Ž		828	NULL	NULL	NULL
missed	614928	A>B	Fabijoniškės–Kalvarijų–Pylimo g.–Stotis	839	NULL	NULL	NULL	NULL	NULL	NULL	NULL	53	Autobusai	53	03-Ž		879	NULL	NULL	NULL
missed	614928	B>A	Stotis–Pylimo–Kalvarijų g.–Fabijoniškės	889	NULL	NULL	NULL	NULL	NULL	NULL	NULL	53	Autobusai	53	03-Ž		932	NULL	NULL	NULL
missed	614928	A>B	Fabijoniškės–Kalvarijų–Pylimo g.–Stotis	940	NULL	NULL	NULL	NULL	NULL	NULL	NULL	53	Autobusai	53	03-Ž		983	NULL	NULL	NULL
missed	614928	A>B	Fabijoniškės–Kalvarijų–Pylimo g.–Stotis	1094	NULL	NULL	NULL	NULL	NULL	NULL	NULL	53	Autobusai	53	03-Ž		1138	NULL	NULL	NULL
missed	614928	B>A	Stotis–Pylimo–Kalvarijų g.–Fabijoniškės	1144	NULL	NULL	NULL	NULL	NULL	NULL	NULL	53	Autobusai	53	03-Ž		1187	NULL	NULL	NULL
missed	614928	A>B	Fabijoniškės–Kalvarijų–Pylimo g.–Stotis	1196	NULL	NULL	NULL	NULL	NULL	NULL	NULL	53	Autobusai	53	03-Ž		1235	NULL	NULL	NULL
missed	614928	B>A	Stotis–Pylimo–Kalvarijų g.–Fabijoniškės	1242	NULL	NULL	NULL	NULL	NULL	NULL	NULL	53	Autobusai	53	03-Ž		1283	NULL	NULL	NULL
missed	614928	A>B	Fabijoniškės–Kalvarijų–Pylimo g.–Stotis	1290	NULL	NULL	NULL	NULL	NULL	NULL	NULL	53	Autobusai	53	03-Ž		1329	NULL	NULL	NULL
missed	614929	A>B	Fabijoniškės–Kalvarijų–Pylimo g.–Stotis	399	NULL	NULL	NULL	NULL	NULL	NULL	NULL	53	Autobusai	53	04		440	NULL	NULL	NULL
missed	614929	A>B	Fabijoniškės–Kalvarijų–Pylimo g.–Stotis	511	NULL	NULL	NULL	NULL	NULL	NULL	NULL	53	Autobusai	53	04		559	NULL	NULL	NULL
missed	614929	B>A	Stotis–Pylimo–Kalvarijų g.–Fabijoniškės	564	NULL	NULL	NULL	NULL	NULL	NULL	NULL	53	Autobusai	53	04		607	NULL	NULL	NULL
missed	614929	A>B	Fabijoniškės–Kalvarijų–Pylimo g.–Stotis	926	NULL	NULL	NULL	NULL	NULL	NULL	NULL	53	Autobusai	53	04		967	NULL	NULL	NULL
missed	614929	A>B	Fabijoniškės–Kalvarijų–Pylimo g.–Stotis	1046	NULL	NULL	NULL	NULL	NULL	NULL	NULL	53	Autobusai	53	04		1093	NULL	NULL	NULL
missed	614929	B>A	Stotis–Pylimo–Kalvarijų g.–Fabijoniškės	1106	NULL	NULL	NULL	NULL	NULL	NULL	NULL	53	Autobusai	53	04		1157	NULL	NULL	NULL
missed	614930	A>B	Fabijoniškės–Kalvarijų–Pylimo g.–Stotis	316	NULL	NULL	NULL	NULL	NULL	NULL	NULL	53	Autobusai	53	05		351	NULL	NULL	NULL
missed	614930	B>A	Stotis–Pylimo–Kalvarijų g.–Fabijoniškės	357	NULL	NULL	NULL	NULL	NULL	NULL	NULL	53	Autobusai	53	05		400	NULL	NULL	NULL
missed	614930	A>B	Fabijoniškės–Kalvarijų–Pylimo g.–Stotis	412	NULL	NULL	NULL	NULL	NULL	NULL	NULL	53	Autobusai	53	05		457	NULL	NULL	NULL
missed	614930	A>B	Fabijoniškės–Kalvarijų–Pylimo g.–Stotis	529	NULL	NULL	NULL	NULL	NULL	NULL	NULL	53	Autobusai	53	05		575	NULL	NULL	NULL
missed	614930	B>A	Stotis–Pylimo–Kalvarijų g.–Fabijoniškės	580	NULL	NULL	NULL	NULL	NULL	NULL	NULL	53	Autobusai	53	05		623	NULL	NULL	NULL
missed	614930	A>B	Fabijoniškės–Kalvarijų–Pylimo g.–Stotis	653	NULL	NULL	NULL	NULL	NULL	NULL	NULL	53	Autobusai	53	05		693	NULL	NULL	NULL
missed	614930	B>A	Stotis–Pylimo–Kalvarijų g.–Fabijoniškės	698	NULL	NULL	NULL	NULL	NULL	NULL	NULL	53	Autobusai	53	05		741	NULL	NULL	NULL
missed	614930	A>B	Fabijoniškės–Kalvarijų–Pylimo g.–Stotis	751	NULL	NULL	NULL	NULL	NULL	NULL	NULL	53	Autobusai	53	05		791	NULL	NULL	NULL
missed	614930	B>A	Stotis–Pylimo–Kalvarijų g.–Fabijoniškės	796	NULL	NULL	NULL	NULL	NULL	NULL	NULL	53	Autobusai	53	05		839	NULL	NULL	NULL
missed	614930	A>B	Fabijoniškės–Kalvarijų–Pylimo g.–Stotis	849	NULL	NULL	NULL	NULL	NULL	NULL	NULL	53	Autobusai	53	05		889	NULL	NULL	NULL
missed	614930	B>A	Stotis–Pylimo–Kalvarijų g.–Fabijoniškės	896	NULL	NULL	NULL	NULL	NULL	NULL	NULL	53	Autobusai	53	05		939	NULL	NULL	NULL
missed	614930	A>B	Fabijoniškės–Kalvarijų–Pylimo g.–Stotis	948	NULL	NULL	NULL	NULL	NULL	NULL	NULL	53	Autobusai	53	05		992	NULL	NULL	NULL
missed	614930	A>B	Fabijoniškės–Kalvarijų–Pylimo g.–Stotis	1110	NULL	NULL	NULL	NULL	NULL	NULL	NULL	53	Autobusai	53	05		1153	NULL	NULL	NULL
missed	614930	B>A	Stotis–Pylimo–Kalvarijų g.–Fabijoniškės	1159	NULL	NULL	NULL	NULL	NULL	NULL	NULL	53	Autobusai	53	05		1202	NULL	NULL	NULL
missed	614930	A>B	Fabijoniškės–Kalvarijų–Pylimo g.–Stotis	1213	NULL	NULL	NULL	NULL	NULL	NULL	NULL	53	Autobusai	53	05		1252	NULL	NULL	NULL
missed	614930	B>A	Stotis–Pylimo–Kalvarijų g.–Fabijoniškės	1257	NULL	NULL	NULL	NULL	NULL	NULL	NULL	53	Autobusai	53	05		1298	NULL	NULL	NULL
missed	614930	A>B	Fabijoniškės–Kalvarijų–Pylimo g.–Stotis	1308	NULL	NULL	NULL	NULL	NULL	NULL	NULL	53	Autobusai	53	05		1347	NULL	NULL	NULL
missed	614930	B>A	Stotis–Pylimo–Kalvarijų g.–Fabijoniškės	1351	NULL	NULL	NULL	NULL	NULL	NULL	NULL	53	Autobusai	53	05		1392	NULL	NULL	NULL
missed	614936	A>B	Fabijoniškės–Kalvarijų–Pylimo g.–Stotis	406	NULL	NULL	NULL	NULL	NULL	NULL	NULL	53	Autobusai	53	06		448	NULL	NULL	NULL
missed	614936	A>B	Fabijoniškės–Kalvarijų–Pylimo g.–Stotis	521	NULL	NULL	NULL	NULL	NULL	NULL	NULL	53	Autobusai	53	06		567	NULL	NULL	NULL
missed	614936	B>A	Stotis–Pylimo–Kalvarijų g.–Fabijoniškės	572	NULL	NULL	NULL	NULL	NULL	NULL	NULL	53	Autobusai	53	06		615	NULL	NULL	NULL
missed	614936	A>B	Fabijoniškės–Kalvarijų–Pylimo g.–Stotis	954	NULL	NULL	NULL	NULL	NULL	NULL	NULL	53	Autobusai	53	06		998	NULL	NULL	NULL
missed	614936	A>B	Fabijoniškės–Kalvarijų–Pylimo g.–Stotis	1073	NULL	NULL	NULL	NULL	NULL	NULL	NULL	53	Autobusai	53	06		1118	NULL	NULL	NULL
missed	614936	B>A	Stotis–Pylimo–Kalvarijų g.–Fabijoniškės	1125	NULL	NULL	NULL	NULL	NULL	NULL	NULL	53	Autobusai	53	06		1170	NULL	NULL	NULL
missed	614932	A>B	Fabijoniškės–Kalvarijų–Pylimo g.–Stotis	327	NULL	NULL	NULL	NULL	NULL	NULL	NULL	53	Autobusai	53	07-Ž		362	NULL	NULL	NULL
missed	614932	B>A	Stotis–Pylimo–Kalvarijų g.–Fabijoniškės	367	NULL	NULL	NULL	NULL	NULL	NULL	NULL	53	Autobusai	53	07-Ž		410	NULL	NULL	NULL
missed	614932	A>B	Fabijoniškės–Kalvarijų–Pylimo g.–Stotis	419	NULL	NULL	NULL	NULL	NULL	NULL	NULL	53	Autobusai	53	07-Ž		467	NULL	NULL	NULL
missed	614932	A>B	Fabijoniškės–Kalvarijų–Pylimo g.–Stotis	538	NULL	NULL	NULL	NULL	NULL	NULL	NULL	53	Autobusai	53	07-Ž		583	NULL	NULL	NULL
missed	614932	B>A	Stotis–Pylimo–Kalvarijų g.–Fabijoniškės	588	NULL	NULL	NULL	NULL	NULL	NULL	NULL	53	Autobusai	53	07-Ž		631	NULL	NULL	NULL
missed	614932	A>B	Fabijoniškės–Kalvarijų–Pylimo g.–Stotis	665	NULL	NULL	NULL	NULL	NULL	NULL	NULL	53	Autobusai	53	07-Ž		705	NULL	NULL	NULL
missed	614932	B>A	Stotis–Pylimo–Kalvarijų g.–Fabijoniškės	710	NULL	NULL	NULL	NULL	NULL	NULL	NULL	53	Autobusai	53	07-Ž		753	NULL	NULL	NULL
missed	614932	A>B	Fabijoniškės–Kalvarijų–Pylimo g.–Stotis	762	NULL	NULL	NULL	NULL	NULL	NULL	NULL	53	Autobusai	53	07-Ž		802	NULL	NULL	NULL
missed	614932	B>A	Stotis–Pylimo–Kalvarijų g.–Fabijoniškės	807	NULL	NULL	NULL	NULL	NULL	NULL	NULL	53	Autobusai	53	07-Ž		850	NULL	NULL	NULL
missed	614932	A>B	Fabijoniškės–Kalvarijų–Pylimo g.–Stotis	860	NULL	NULL	NULL	NULL	NULL	NULL	NULL	53	Autobusai	53	07-Ž		900	NULL	NULL	NULL
missed	614932	B>A	Stotis–Pylimo–Kalvarijų g.–Fabijoniškės	905	NULL	NULL	NULL	NULL	NULL	NULL	NULL	53	Autobusai	53	07-Ž		948	NULL	NULL	NULL
missed	614932	A>B	Fabijoniškės–Kalvarijų–Pylimo g.–Stotis	960	NULL	NULL	NULL	NULL	NULL	NULL	NULL	53	Autobusai	53	07-Ž		1004	NULL	NULL	NULL
missed	614932	A>B	Fabijoniškės–Kalvarijų–Pylimo g.–Stotis	1121	NULL	NULL	NULL	NULL	NULL	NULL	NULL	53	Autobusai	53	07-Ž		1161	NULL	NULL	NULL
missed	614932	B>A	Stotis–Pylimo–Kalvarijų g.–Fabijoniškės	1168	NULL	NULL	NULL	NULL	NULL	NULL	NULL	53	Autobusai	53	07-Ž		1210	NULL	NULL	NULL
missed	614932	A>B	Fabijoniškės–Kalvarijų–Pylimo g.–Stotis	1221	NULL	NULL	NULL	NULL	NULL	NULL	NULL	53	Autobusai	53	07-Ž		1260	NULL	NULL	NULL
missed	614932	B>A	Stotis–Pylimo–Kalvarijų g.–Fabijoniškės	1265	NULL	NULL	NULL	NULL	NULL	NULL	NULL	53	Autobusai	53	07-Ž		1306	NULL	NULL	NULL
missed	614932	A>B	Fabijoniškės–Kalvarijų–Pylimo g.–Stotis	1317	NULL	NULL	NULL	NULL	NULL	NULL	NULL	53	Autobusai	53	07-Ž		1356	NULL	NULL	NULL
missed	614932	B>A	Stotis–Pylimo–Kalvarijų g.–Fabijoniškės	1361	NULL	NULL	NULL	NULL	NULL	NULL	NULL	53	Autobusai	53	07-Ž		1402	NULL	NULL	NULL
missed	614934	A>B	Fabijoniškės–Kalvarijų–Pylimo g.–Stotis	425	NULL	NULL	NULL	NULL	NULL	NULL	NULL	53	Autobusai	53	08		474	NULL	NULL	NULL
missed	614934	A>B	Fabijoniškės–Kalvarijų–Pylimo g.–Stotis	547	NULL	NULL	NULL	NULL	NULL	NULL	NULL	53	Autobusai	53	08		589	NULL	NULL	NULL
missed	614934	B>A	Stotis–Pylimo–Kalvarijų g.–Fabijoniškės	594	NULL	NULL	NULL	NULL	NULL	NULL	NULL	53	Autobusai	53	08		637	NULL	NULL	NULL
missed	614934	A>B	Fabijoniškės–Kalvarijų–Pylimo g.–Stotis	966	NULL	NULL	NULL	NULL	NULL	NULL	NULL	53	Autobusai	53	08		1010	NULL	NULL	NULL
missed	614934	A>B	Fabijoniškės–Kalvarijų–Pylimo g.–Stotis	1086	NULL	NULL	NULL	NULL	NULL	NULL	NULL	53	Autobusai	53	08		1131	NULL	NULL	NULL
missed	614934	B>A	Stotis–Pylimo–Kalvarijų g.–Fabijoniškės	1136	NULL	NULL	NULL	NULL	NULL	NULL	NULL	53	Autobusai	53	08		1181	NULL	NULL	NULL
missed	614933	A>B	Fabijoniškės–Kalvarijų–Pylimo g.–Stotis	338	NULL	NULL	NULL	NULL	NULL	NULL	NULL	53	Autobusai	53	09		373	NULL	NULL	NULL
missed	614933	B>A	Stotis–Pylimo–Kalvarijų g.–Fabijoniškės	378	NULL	NULL	NULL	NULL	NULL	NULL	NULL	53	Autobusai	53	09		421	NULL	NULL	NULL
missed	614933	A>B	Fabijoniškės–Kalvarijų–Pylimo g.–Stotis	431	NULL	NULL	NULL	NULL	NULL	NULL	NULL	53	Autobusai	53	09		480	NULL	NULL	NULL
missed	614933	A>B	Fabijoniškės–Kalvarijų–Pylimo g.–Stotis	578	NULL	NULL	NULL	NULL	NULL	NULL	NULL	53	Autobusai	53	09		618	NULL	NULL	NULL
missed	614933	B>A	Stotis–Pylimo–Kalvarijų g.–Fabijoniškės	623	NULL	NULL	NULL	NULL	NULL	NULL	NULL	53	Autobusai	53	09		666	NULL	NULL	NULL
missed	614933	A>B	Fabijoniškės–Kalvarijų–Pylimo g.–Stotis	676	NULL	NULL	NULL	NULL	NULL	NULL	NULL	53	Autobusai	53	09		716	NULL	NULL	NULL
missed	614933	B>A	Stotis–Pylimo–Kalvarijų g.–Fabijoniškės	721	NULL	NULL	NULL	NULL	NULL	NULL	NULL	53	Autobusai	53	09		764	NULL	NULL	NULL
missed	614933	A>B	Fabijoniškės–Kalvarijų–Pylimo g.–Stotis	774	NULL	NULL	NULL	NULL	NULL	NULL	NULL	53	Autobusai	53	09		814	NULL	NULL	NULL
missed	614933	B>A	Stotis–Pylimo–Kalvarijų g.–Fabijoniškės	819	NULL	NULL	NULL	NULL	NULL	NULL	NULL	53	Autobusai	53	09		862	NULL	NULL	NULL
missed	614933	A>B	Fabijoniškės–Kalvarijų–Pylimo g.–Stotis	872	NULL	NULL	NULL	NULL	NULL	NULL	NULL	53	Autobusai	53	09		912	NULL	NULL	NULL
missed	614933	B>A	Stotis–Pylimo–Kalvarijų g.–Fabijoniškės	917	NULL	NULL	NULL	NULL	NULL	NULL	NULL	53	Autobusai	53	09		960	NULL	NULL	NULL
missed	614933	A>B	Fabijoniškės–Kalvarijų–Pylimo g.–Stotis	973	NULL	NULL	NULL	NULL	NULL	NULL	NULL	53	Autobusai	53	09		1017	NULL	NULL	NULL
missed	614933	A>B	Fabijoniškės–Kalvarijų–Pylimo g.–Stotis	1133	NULL	NULL	NULL	NULL	NULL	NULL	NULL	53	Autobusai	53	09		1173	NULL	NULL	NULL
missed	614933	B>A	Stotis–Pylimo–Kalvarijų g.–Fabijoniškės	1178	NULL	NULL	NULL	NULL	NULL	NULL	NULL	53	Autobusai	53	09		1219	NULL	NULL	NULL
missed	614933	A>B	Fabijoniškės–Kalvarijų–Pylimo g.–Stotis	1230	NULL	NULL	NULL	NULL	NULL	NULL	NULL	53	Autobusai	53	09		1269	NULL	NULL	NULL
missed	614933	B>A	Stotis–Pylimo–Kalvarijų g.–Fabijoniškės	1274	NULL	NULL	NULL	NULL	NULL	NULL	NULL	53	Autobusai	53	09		1315	NULL	NULL	NULL
missed	614933	A>B	Fabijoniškės–Kalvarijų–Pylimo g.–Stotis	1326	NULL	NULL	NULL	NULL	NULL	NULL	NULL	53	Autobusai	53	09		1365	NULL	NULL	NULL
missed	614933	B>A	Stotis–Pylimo–Kalvarijų g.–Fabijoniškės	1374	NULL	NULL	NULL	NULL	NULL	NULL	NULL	53	Autobusai	53	09		1415	NULL	NULL	NULL
missed	614935	A>B	Fabijoniškės–Kalvarijų–Pylimo g.–Stotis	349	NULL	NULL	NULL	NULL	NULL	NULL	NULL	53	Autobusai	53	10		389	NULL	NULL	NULL
missed	614935	B>A	Stotis–Pylimo–Kalvarijų g.–Fabijoniškės	394	NULL	NULL	NULL	NULL	NULL	NULL	NULL	53	Autobusai	53	10		437	NULL	NULL	NULL
missed	614935	A>B	Fabijoniškės–Kalvarijų–Pylimo g.–Stotis	453	NULL	NULL	NULL	NULL	NULL	NULL	NULL	53	Autobusai	53	10		502	NULL	NULL	NULL
missed	614935	A>B	Fabijoniškės–Kalvarijų–Pylimo g.–Stotis	590	NULL	NULL	NULL	NULL	NULL	NULL	NULL	53	Autobusai	53	10		630	NULL	NULL	NULL
missed	614935	B>A	Stotis–Pylimo–Kalvarijų g.–Fabijoniškės	635	NULL	NULL	NULL	NULL	NULL	NULL	NULL	53	Autobusai	53	10		678	NULL	NULL	NULL
missed	614935	A>B	Fabijoniškės–Kalvarijų–Pylimo g.–Stotis	692	NULL	NULL	NULL	NULL	NULL	NULL	NULL	53	Autobusai	53	10		732	NULL	NULL	NULL
missed	614935	B>A	Stotis–Pylimo–Kalvarijų g.–Fabijoniškės	737	NULL	NULL	NULL	NULL	NULL	NULL	NULL	53	Autobusai	53	10		780	NULL	NULL	NULL
missed	614935	A>B	Fabijoniškės–Kalvarijų–Pylimo g.–Stotis	793	NULL	NULL	NULL	NULL	NULL	NULL	NULL	53	Autobusai	53	10		833	NULL	NULL	NULL
missed	614935	B>A	Stotis–Pylimo–Kalvarijų g.–Fabijoniškės	838	NULL	NULL	NULL	NULL	NULL	NULL	NULL	53	Autobusai	53	10		881	NULL	NULL	NULL
missed	614935	A>B	Fabijoniškės–Kalvarijų–Pylimo g.–Stotis	890	NULL	NULL	NULL	NULL	NULL	NULL	NULL	53	Autobusai	53	10		931	NULL	NULL	NULL
missed	614935	B>A	Stotis–Pylimo–Kalvarijų g.–Fabijoniškės	936	NULL	NULL	NULL	NULL	NULL	NULL	NULL	53	Autobusai	53	10		980	NULL	NULL	NULL
missed	614935	A>B	Fabijoniškės–Kalvarijų–Pylimo g.–Stotis	997	NULL	NULL	NULL	NULL	NULL	NULL	NULL	53	Autobusai	53	10		1042	NULL	NULL	NULL
missed	614935	A>B	Fabijoniškės–Kalvarijų–Pylimo g.–Stotis	1157	NULL	NULL	NULL	NULL	NULL	NULL	NULL	53	Autobusai	53	10		1197	NULL	NULL	NULL
missed	614935	B>A	Stotis–Pylimo–Kalvarijų g.–Fabijoniškės	1203	NULL	NULL	NULL	NULL	NULL	NULL	NULL	53	Autobusai	53	10		1244	NULL	NULL	NULL
missed	614935	A>B	Fabijoniškės–Kalvarijų–Pylimo g.–Stotis	1252	NULL	NULL	NULL	NULL	NULL	NULL	NULL	53	Autobusai	53	10		1291	NULL	NULL	NULL
missed	614935	B>A	Stotis–Pylimo–Kalvarijų g.–Fabijoniškės	1296	NULL	NULL	NULL	NULL	NULL	NULL	NULL	53	Autobusai	53	10		1337	NULL	NULL	NULL
missed	614935	A>B	Fabijoniškės–Kalvarijų–Pylimo g.–Stotis	1343	NULL	NULL	NULL	NULL	NULL	NULL	NULL	53	Autobusai	53	10		1382	NULL	NULL	NULL
missed	614935	B>A	Stotis–Pylimo–Kalvarijų g.–Fabijoniškės	1387	NULL	NULL	NULL	NULL	NULL	NULL	NULL	53	Autobusai	53	10		1428	NULL	NULL	NULL
missed	614931	A>B	Fabijoniškės–Kalvarijų–Pylimo g.–Stotis	361	NULL	NULL	NULL	NULL	NULL	NULL	NULL	53	Autobusai	53	11		401	NULL	NULL	NULL
missed	614931	B>A	Stotis–Pylimo–Kalvarijų g.–Fabijoniškės	406	NULL	NULL	NULL	NULL	NULL	NULL	NULL	53	Autobusai	53	11		450	NULL	NULL	NULL
missed	614931	A>B	Fabijoniškės–Kalvarijų–Pylimo g.–Stotis	461	NULL	NULL	NULL	NULL	NULL	NULL	NULL	53	Autobusai	53	11		510	NULL	NULL	NULL
missed	614931	B>A	Stotis–Pylimo–Kalvarijų g.–Fabijoniškės	524	NULL	NULL	NULL	NULL	NULL	NULL	NULL	53	Autobusai	53	11		567	NULL	NULL	NULL
missed	614931	A>B	Fabijoniškės–Kalvarijų–Pylimo g.–Stotis	600	NULL	NULL	NULL	NULL	NULL	NULL	NULL	53	Autobusai	53	11		640	NULL	NULL	NULL
missed	614931	B>A	Stotis–Pylimo–Kalvarijų g.–Fabijoniškės	645	NULL	NULL	NULL	NULL	NULL	NULL	NULL	53	Autobusai	53	11		688	NULL	NULL	NULL
missed	614931	A>B	Fabijoniškės–Kalvarijų–Pylimo g.–Stotis	700	NULL	NULL	NULL	NULL	NULL	NULL	NULL	53	Autobusai	53	11		740	NULL	NULL	NULL
missed	614931	B>A	Stotis–Pylimo–Kalvarijų g.–Fabijoniškės	745	NULL	NULL	NULL	NULL	NULL	NULL	NULL	53	Autobusai	53	11		788	NULL	NULL	NULL
missed	614931	A>B	Fabijoniškės–Kalvarijų–Pylimo g.–Stotis	803	NULL	NULL	NULL	NULL	NULL	NULL	NULL	53	Autobusai	53	11		843	NULL	NULL	NULL
missed	614931	B>A	Stotis–Pylimo–Kalvarijų g.–Fabijoniškės	848	NULL	NULL	NULL	NULL	NULL	NULL	NULL	53	Autobusai	53	11		891	NULL	NULL	NULL
missed	614931	A>B	Fabijoniškės–Kalvarijų–Pylimo g.–Stotis	903	NULL	NULL	NULL	NULL	NULL	NULL	NULL	53	Autobusai	53	11		944	NULL	NULL	NULL
missed	614931	B>A	Stotis–Pylimo–Kalvarijų g.–Fabijoniškės	953	NULL	NULL	NULL	NULL	NULL	NULL	NULL	53	Autobusai	53	11		997	NULL	NULL	NULL
missed	614931	A>B	Fabijoniškės–Kalvarijų–Pylimo g.–Stotis	1015	NULL	NULL	NULL	NULL	NULL	NULL	NULL	53	Autobusai	53	11		1060	NULL	NULL	NULL
missed	614931	A>B	Fabijoniškės–Kalvarijų–Pylimo g.–Stotis	1168	NULL	NULL	NULL	NULL	NULL	NULL	NULL	53	Autobusai	53	11		1208	NULL	NULL	NULL
missed	614931	B>A	Stotis–Pylimo–Kalvarijų g.–Fabijoniškės	1213	NULL	NULL	NULL	NULL	NULL	NULL	NULL	53	Autobusai	53	11		1254	NULL	NULL	NULL
missed	614931	A>B	Fabijoniškės–Kalvarijų–Pylimo g.–Stotis	1263	NULL	NULL	NULL	NULL	NULL	NULL	NULL	53	Autobusai	53	11		1302	NULL	NULL	NULL
missed	614931	B>A	Stotis–Pylimo–Kalvarijų g.–Fabijoniškės	1307	NULL	NULL	NULL	NULL	NULL	NULL	NULL	53	Autobusai	53	11		1348	NULL	NULL	NULL
missed	614931	A>B	Fabijoniškės–Kalvarijų–Pylimo g.–Stotis	1354	NULL	NULL	NULL	NULL	NULL	NULL	NULL	53	Autobusai	53	11		1393	NULL	NULL	NULL
missed	614931	B>A	Stotis–Pylimo–Kalvarijų g.–Fabijoniškės	1398	NULL	NULL	NULL	NULL	NULL	NULL	NULL	53	Autobusai	53	11		1439	NULL	NULL	NULL
missed	614937	A>B	Fabijoniškės–Kalvarijų–Pylimo g.–Stotis	445	NULL	NULL	NULL	NULL	NULL	NULL	NULL	53	Autobusai	53	12		494	NULL	NULL	NULL
missed	614937	A>B	Fabijoniškės–Kalvarijų–Pylimo g.–Stotis	568	NULL	NULL	NULL	NULL	NULL	NULL	NULL	53	Autobusai	53	12		608	NULL	NULL	NULL
missed	614937	B>A	Stotis–Pylimo–Kalvarijų g.–Fabijoniškės	613	NULL	NULL	NULL	NULL	NULL	NULL	NULL	53	Autobusai	53	12		656	NULL	NULL	NULL
missed	614937	A>B	Fabijoniškės–Kalvarijų–Pylimo g.–Stotis	981	NULL	NULL	NULL	NULL	NULL	NULL	NULL	53	Autobusai	53	12		1026	NULL	NULL	NULL
missed	614937	A>B	Fabijoniškės–Kalvarijų–Pylimo g.–Stotis	1102	NULL	NULL	NULL	NULL	NULL	NULL	NULL	53	Autobusai	53	12		1146	NULL	NULL	NULL
missed	614937	B>A	Stotis–Pylimo–Kalvarijų g.–Fabijoniškės	1151	NULL	NULL	NULL	NULL	NULL	NULL	NULL	53	Autobusai	53	12		1194	NULL	NULL	NULL
missed	614938	A>B	Fabijoniškės–Kalvarijų–Pylimo g.–Stotis	368	NULL	NULL	NULL	NULL	NULL	NULL	NULL	53	Autobusai	53	13		408	NULL	NULL	NULL
missed	614938	B>A	Stotis–Pylimo–Kalvarijų g.–Fabijoniškės	413	NULL	NULL	NULL	NULL	NULL	NULL	NULL	53	Autobusai	53	13		457	NULL	NULL	NULL
missed	614938	A>B	Fabijoniškės–Kalvarijų–Pylimo g.–Stotis	468	NULL	NULL	NULL	NULL	NULL	NULL	NULL	53	Autobusai	53	13		517	NULL	NULL	NULL
missed	614938	B>A	Stotis–Pylimo–Kalvarijų g.–Fabijoniškės	530	NULL	NULL	NULL	NULL	NULL	NULL	NULL	53	Autobusai	53	13		573	NULL	NULL	NULL
missed	614938	A>B	Fabijoniškės–Kalvarijų–Pylimo g.–Stotis	610	NULL	NULL	NULL	NULL	NULL	NULL	NULL	53	Autobusai	53	13		650	NULL	NULL	NULL
missed	614938	B>A	Stotis–Pylimo–Kalvarijų g.–Fabijoniškės	655	NULL	NULL	NULL	NULL	NULL	NULL	NULL	53	Autobusai	53	13		698	NULL	NULL	NULL
missed	614938	A>B	Fabijoniškės–Kalvarijų–Pylimo g.–Stotis	710	NULL	NULL	NULL	NULL	NULL	NULL	NULL	53	Autobusai	53	13		750	NULL	NULL	NULL
missed	614938	B>A	Stotis–Pylimo–Kalvarijų g.–Fabijoniškės	755	NULL	NULL	NULL	NULL	NULL	NULL	NULL	53	Autobusai	53	13		798	NULL	NULL	NULL
missed	614938	A>B	Fabijoniškės–Kalvarijų–Pylimo g.–Stotis	812	NULL	NULL	NULL	NULL	NULL	NULL	NULL	53	Autobusai	53	13		852	NULL	NULL	NULL
missed	614938	B>A	Stotis–Pylimo–Kalvarijų g.–Fabijoniškės	857	NULL	NULL	NULL	NULL	NULL	NULL	NULL	53	Autobusai	53	13		900	NULL	NULL	NULL
missed	614938	A>B	Fabijoniškės–Kalvarijų–Pylimo g.–Stotis	911	NULL	NULL	NULL	NULL	NULL	NULL	NULL	53	Autobusai	53	13		952	NULL	NULL	NULL
missed	614938	B>A	Stotis–Pylimo–Kalvarijų g.–Fabijoniškės	962	NULL	NULL	NULL	NULL	NULL	NULL	NULL	53	Autobusai	53	13		1007	NULL	NULL	NULL
missed	614938	A>B	Fabijoniškės–Kalvarijų–Pylimo g.–Stotis	1025	NULL	NULL	NULL	NULL	NULL	NULL	NULL	53	Autobusai	53	13		1072	NULL	NULL	NULL
missed	614938	A>B	Fabijoniškės–Kalvarijų–Pylimo g.–Stotis	1178	NULL	NULL	NULL	NULL	NULL	NULL	NULL	53	Autobusai	53	13		1218	NULL	NULL	NULL
missed	614938	B>A	Stotis–Pylimo–Kalvarijų g.–Fabijoniškės	1224	NULL	NULL	NULL	NULL	NULL	NULL	NULL	53	Autobusai	53	13		1265	NULL	NULL	NULL
missed	614938	A>B	Fabijoniškės–Kalvarijų–Pylimo g.–Stotis	1273	NULL	NULL	NULL	NULL	NULL	NULL	NULL	53	Autobusai	53	13		1312	NULL	NULL	NULL
missed	614938	B>A	Stotis–Pylimo–Kalvarijų g.–Fabijoniškės	1317	NULL	NULL	NULL	NULL	NULL	NULL	NULL	53	Autobusai	53	13		1358	NULL	NULL	NULL
missed	614938	A>B	Fabijoniškės–Kalvarijų–Pylimo g.–Stotis	1363	NULL	NULL	NULL	NULL	NULL	NULL	NULL	53	Autobusai	53	13		1402	NULL	NULL	NULL
missed	614939	B>A	Stotis–Pylimo–Kalvarijų g.–Fabijoniškės	386	NULL	NULL	NULL	NULL	NULL	NULL	NULL	53	Autobusai	53	14		429	NULL	NULL	NULL
missed	614939	A>B	Fabijoniškės–Kalvarijų–Pylimo g.–Stotis	438	NULL	NULL	NULL	NULL	NULL	NULL	NULL	53	Autobusai	53	14		487	NULL	NULL	NULL
missed	614939	A>B	Fabijoniškės–Kalvarijų–Pylimo g.–Stotis	557	NULL	NULL	NULL	NULL	NULL	NULL	NULL	53	Autobusai	53	14		597	NULL	NULL	NULL
missed	614939	B>A	Stotis–Pylimo–Kalvarijų g.–Fabijoniškės	602	NULL	NULL	NULL	NULL	NULL	NULL	NULL	53	Autobusai	53	14		645	NULL	NULL	NULL
missed	614939	A>B	Fabijoniškės–Kalvarijų–Pylimo g.–Stotis	684	NULL	NULL	NULL	NULL	NULL	NULL	NULL	53	Autobusai	53	14		724	NULL	NULL	NULL
missed	614939	B>A	Stotis–Pylimo–Kalvarijų g.–Fabijoniškės	729	NULL	NULL	NULL	NULL	NULL	NULL	NULL	53	Autobusai	53	14		772	NULL	NULL	NULL
missed	614939	A>B	Fabijoniškės–Kalvarijų–Pylimo g.–Stotis	784	NULL	NULL	NULL	NULL	NULL	NULL	NULL	53	Autobusai	53	14		824	NULL	NULL	NULL
missed	614939	B>A	Stotis–Pylimo–Kalvarijų g.–Fabijoniškės	829	NULL	NULL	NULL	NULL	NULL	NULL	NULL	53	Autobusai	53	14		872	NULL	NULL	NULL
missed	614939	A>B	Fabijoniškės–Kalvarijų–Pylimo g.–Stotis	881	NULL	NULL	NULL	NULL	NULL	NULL	NULL	53	Autobusai	53	14		922	NULL	NULL	NULL
missed	614939	B>A	Stotis–Pylimo–Kalvarijų g.–Fabijoniškės	927	NULL	NULL	NULL	NULL	NULL	NULL	NULL	53	Autobusai	53	14		970	NULL	NULL	NULL
missed	614939	A>B	Fabijoniškės–Kalvarijų–Pylimo g.–Stotis	989	NULL	NULL	NULL	NULL	NULL	NULL	NULL	53	Autobusai	53	14		1034	NULL	NULL	NULL
missed	614939	A>B	Fabijoniškės–Kalvarijų–Pylimo g.–Stotis	1146	NULL	NULL	NULL	NULL	NULL	NULL	NULL	53	Autobusai	53	14		1186	NULL	NULL	NULL
missed	614939	B>A	Stotis–Pylimo–Kalvarijų g.–Fabijoniškės	1191	NULL	NULL	NULL	NULL	NULL	NULL	NULL	53	Autobusai	53	14		1232	NULL	NULL	NULL
missed	614939	A>B	Fabijoniškės–Kalvarijų–Pylimo g.–Stotis	1239	NULL	NULL	NULL	NULL	NULL	NULL	NULL	53	Autobusai	53	14		1278	NULL	NULL	NULL
missed	614939	B>A	Stotis–Pylimo–Kalvarijų g.–Fabijoniškės	1285	NULL	NULL	NULL	NULL	NULL	NULL	NULL	53	Autobusai	53	14		1326	NULL	NULL	NULL
missed	614939	A>B	Fabijoniškės–Kalvarijų–Pylimo g.–Stotis	1334	NULL	NULL	NULL	NULL	NULL	NULL	NULL	53	Autobusai	53	14		1373	NULL	NULL	NULL
missed	614940	A>B	Fabijoniškės–Kalvarijų–Pylimo g.–Stotis	386	NULL	NULL	NULL	NULL	NULL	NULL	NULL	53	Autobusai	53	15		426	NULL	NULL	NULL
missed	614940	B>A	Stotis–Pylimo–Kalvarijų g.–Fabijoniškės	431	NULL	NULL	NULL	NULL	NULL	NULL	NULL	53	Autobusai	53	15		475	NULL	NULL	NULL
missed	614940	A>B	Fabijoniškės–Kalvarijų–Pylimo g.–Stotis	485	NULL	NULL	NULL	NULL	NULL	NULL	NULL	53	Autobusai	53	15		534	NULL	NULL	NULL
missed	614940	B>A	Stotis–Pylimo–Kalvarijų g.–Fabijoniškės	543	NULL	NULL	NULL	NULL	NULL	NULL	NULL	53	Autobusai	53	15		586	NULL	NULL	NULL
missed	614940	A>B	Fabijoniškės–Kalvarijų–Pylimo g.–Stotis	629	NULL	NULL	NULL	NULL	NULL	NULL	NULL	53	Autobusai	53	15		669	NULL	NULL	NULL
missed	614940	B>A	Stotis–Pylimo–Kalvarijų g.–Fabijoniškės	674	NULL	NULL	NULL	NULL	NULL	NULL	NULL	53	Autobusai	53	15		717	NULL	NULL	NULL
missed	614940	A>B	Fabijoniškės–Kalvarijų–Pylimo g.–Stotis	730	NULL	NULL	NULL	NULL	NULL	NULL	NULL	53	Autobusai	53	15		770	NULL	NULL	NULL
missed	614940	B>A	Stotis–Pylimo–Kalvarijų g.–Fabijoniškės	775	NULL	NULL	NULL	NULL	NULL	NULL	NULL	53	Autobusai	53	15		818	NULL	NULL	NULL
missed	614940	A>B	Fabijoniškės–Kalvarijų–Pylimo g.–Stotis	830	NULL	NULL	NULL	NULL	NULL	NULL	NULL	53	Autobusai	53	15		870	NULL	NULL	NULL
missed	614940	B>A	Stotis–Pylimo–Kalvarijų g.–Fabijoniškės	880	NULL	NULL	NULL	NULL	NULL	NULL	NULL	53	Autobusai	53	15		923	NULL	NULL	NULL
missed	614940	A>B	Fabijoniškės–Kalvarijų–Pylimo g.–Stotis	933	NULL	NULL	NULL	NULL	NULL	NULL	NULL	53	Autobusai	53	15		974	NULL	NULL	NULL
missed	614940	A>B	Fabijoniškės–Kalvarijų–Pylimo g.–Stotis	1058	NULL	NULL	NULL	NULL	NULL	NULL	NULL	53	Autobusai	53	15		1104	NULL	NULL	NULL
missed	614940	B>A	Stotis–Pylimo–Kalvarijų g.–Fabijoniškės	1114	NULL	NULL	NULL	NULL	NULL	NULL	NULL	53	Autobusai	53	15		1163	NULL	NULL	NULL
missed	614940	A>B	Fabijoniškės–Kalvarijų–Pylimo g.–Stotis	1204	NULL	NULL	NULL	NULL	NULL	NULL	NULL	53	Autobusai	53	15		1243	NULL	NULL	NULL
missed	614940	B>A	Stotis–Pylimo–Kalvarijų g.–Fabijoniškės	1250	NULL	NULL	NULL	NULL	NULL	NULL	NULL	53	Autobusai	53	15		1291	NULL	NULL	NULL
missed	614940	A>B	Fabijoniškės–Kalvarijų–Pylimo g.–Stotis	1298	NULL	NULL	NULL	NULL	NULL	NULL	NULL	53	Autobusai	53	15		1337	NULL	NULL	NULL
missed	614940	B>A	Stotis–Pylimo–Kalvarijų g.–Fabijoniškės	1342	NULL	NULL	NULL	NULL	NULL	NULL	NULL	53	Autobusai	53	15		1383	NULL	NULL	NULL
missed	663112	A>B	Pilaitė–Lazdynai–Stotis	318	NULL	NULL	NULL	NULL	NULL	NULL	NULL	54	Autobusai	54	01-Ž		355	NULL	NULL	NULL
missed	663112	B>A	Stotis–Lazdynai–Pilaitė	360	NULL	NULL	NULL	NULL	NULL	NULL	NULL	54	Autobusai	54	01-Ž		398	NULL	NULL	NULL
missed	663112	A>B	Pilaitė–Lazdynai–Stotis	404	NULL	NULL	NULL	NULL	NULL	NULL	NULL	54	Autobusai	54	01-Ž		444	NULL	NULL	NULL
missed	663112	B>A	Stotis–Lazdynai–Pilaitė	449	NULL	NULL	NULL	NULL	NULL	NULL	NULL	54	Autobusai	54	01-Ž		487	NULL	NULL	NULL
missed	663112	A>B	Pilaitė–Lazdynai–Stotis	493	NULL	NULL	NULL	NULL	NULL	NULL	NULL	54	Autobusai	54	01-Ž		535	NULL	NULL	NULL
missed	663112	B>A	Stotis–Lazdynai–Pilaitė	540	NULL	NULL	NULL	NULL	NULL	NULL	NULL	54	Autobusai	54	01-Ž		577	NULL	NULL	NULL
missed	663112	A>B	Pilaitė–Lazdynai–Stotis	612	NULL	NULL	NULL	NULL	NULL	NULL	NULL	54	Autobusai	54	01-Ž		650	NULL	NULL	NULL
missed	663112	B>A	Stotis–Lazdynai–Pilaitė	655	NULL	NULL	NULL	NULL	NULL	NULL	NULL	54	Autobusai	54	01-Ž		692	NULL	NULL	NULL
missed	663112	A>B	Pilaitė–Lazdynai–Stotis	699	NULL	NULL	NULL	NULL	NULL	NULL	NULL	54	Autobusai	54	01-Ž		737	NULL	NULL	NULL
missed	663112	B>A	Stotis–Lazdynai–Pilaitė	745	NULL	NULL	NULL	NULL	NULL	NULL	NULL	54	Autobusai	54	01-Ž		782	NULL	NULL	NULL
missed	663112	A>B	Pilaitė–Lazdynai–Stotis	787	NULL	NULL	NULL	NULL	NULL	NULL	NULL	54	Autobusai	54	01-Ž		825	NULL	NULL	NULL
missed	663112	B>A	Stotis–Lazdynai–Pilaitė	830	NULL	NULL	NULL	NULL	NULL	NULL	NULL	54	Autobusai	54	01-Ž		867	NULL	NULL	NULL
missed	663112	A>B	Pilaitė–Lazdynai–Stotis	878	NULL	NULL	NULL	NULL	NULL	NULL	NULL	54	Autobusai	54	01-Ž		916	NULL	NULL	NULL
missed	663112	B>A	Stotis–Lazdynai–Pilaitė	925	NULL	NULL	NULL	NULL	NULL	NULL	NULL	54	Autobusai	54	01-Ž		963	NULL	NULL	NULL
missed	663112	A>B	Pilaitė–Lazdynai–Stotis	970	NULL	NULL	NULL	NULL	NULL	NULL	NULL	54	Autobusai	54	01-Ž		1008	NULL	NULL	NULL
missed	663112	B>A	Stotis–Lazdynai–Pilaitė	1014	NULL	NULL	NULL	NULL	NULL	NULL	NULL	54	Autobusai	54	01-Ž		1052	NULL	NULL	NULL
missed	663112	A>B	Pilaitė–Lazdynai–Stotis	1063	NULL	NULL	NULL	NULL	NULL	NULL	NULL	54	Autobusai	54	01-Ž		1101	NULL	NULL	NULL
missed	663112	B>A	Stotis–Lazdynai–Pilaitė	1109	NULL	NULL	NULL	NULL	NULL	NULL	NULL	54	Autobusai	54	01-Ž		1147	NULL	NULL	NULL
missed	663112	A>B	Pilaitė–Lazdynai–Stotis	1183	NULL	NULL	NULL	NULL	NULL	NULL	NULL	54	Autobusai	54	01-Ž		1220	NULL	NULL	NULL
missed	663112	B>A	Stotis–Lazdynai–Pilaitė	1225	NULL	NULL	NULL	NULL	NULL	NULL	NULL	54	Autobusai	54	01-Ž		1262	NULL	NULL	NULL
missed	663112	A>B	Pilaitė–Lazdynai–Stotis	1280	NULL	NULL	NULL	NULL	NULL	NULL	NULL	54	Autobusai	54	01-Ž		1317	NULL	NULL	NULL
missed	663112	B>A	Stotis–Lazdynai–Pilaitė	1323	NULL	NULL	NULL	NULL	NULL	NULL	NULL	54	Autobusai	54	01-Ž		1360	NULL	NULL	NULL
missed	663112	A>B	Pilaitė–Lazdynai–Stotis	1370	NULL	NULL	NULL	NULL	NULL	NULL	NULL	54	Autobusai	54	01-Ž		1407	NULL	NULL	NULL
missed	663113	A>B	Pilaitė–Lazdynai–Stotis	356	NULL	NULL	NULL	NULL	NULL	NULL	NULL	54	Autobusai	54	02		394	NULL	NULL	NULL
missed	663113	B>A	Stotis–Lazdynai–Pilaitė	401	NULL	NULL	NULL	NULL	NULL	NULL	NULL	54	Autobusai	54	02		439	NULL	NULL	NULL
missed	663113	A>B	Pilaitė–Lazdynai–Stotis	446	NULL	NULL	NULL	NULL	NULL	NULL	NULL	54	Autobusai	54	02		488	NULL	NULL	NULL
missed	663113	B>A	Stotis–Lazdynai–Pilaitė	499	NULL	NULL	NULL	NULL	NULL	NULL	NULL	54	Autobusai	54	02		536	NULL	NULL	NULL
missed	663113	A>B	Pilaitė–Lazdynai–Stotis	543	NULL	NULL	NULL	NULL	NULL	NULL	NULL	54	Autobusai	54	02		581	NULL	NULL	NULL
missed	663113	B>A	Stotis–Lazdynai–Pilaitė	586	NULL	NULL	NULL	NULL	NULL	NULL	NULL	54	Autobusai	54	02		623	NULL	NULL	NULL
missed	663113	A>B	Pilaitė–Lazdynai–Stotis	657	NULL	NULL	NULL	NULL	NULL	NULL	NULL	54	Autobusai	54	02		695	NULL	NULL	NULL
missed	663113	B>A	Stotis–Lazdynai–Pilaitė	700	NULL	NULL	NULL	NULL	NULL	NULL	NULL	54	Autobusai	54	02		737	NULL	NULL	NULL
missed	663113	A>B	Pilaitė–Lazdynai–Stotis	743	NULL	NULL	NULL	NULL	NULL	NULL	NULL	54	Autobusai	54	02		781	NULL	NULL	NULL
missed	663113	B>A	Stotis–Lazdynai–Pilaitė	786	NULL	NULL	NULL	NULL	NULL	NULL	NULL	54	Autobusai	54	02		823	NULL	NULL	NULL
missed	663113	A>B	Pilaitė–Lazdynai–Stotis	828	NULL	NULL	NULL	NULL	NULL	NULL	NULL	54	Autobusai	54	02		866	NULL	NULL	NULL
missed	663113	B>A	Stotis–Lazdynai–Pilaitė	876	NULL	NULL	NULL	NULL	NULL	NULL	NULL	54	Autobusai	54	02		914	NULL	NULL	NULL
missed	663113	A>B	Pilaitė–Lazdynai–Stotis	919	NULL	NULL	NULL	NULL	NULL	NULL	NULL	54	Autobusai	54	02		957	NULL	NULL	NULL
missed	663113	B>A	Stotis–Lazdynai–Pilaitė	966	NULL	NULL	NULL	NULL	NULL	NULL	NULL	54	Autobusai	54	02		1004	NULL	NULL	NULL
missed	663113	A>B	Pilaitė–Lazdynai–Stotis	1009	NULL	NULL	NULL	NULL	NULL	NULL	NULL	54	Autobusai	54	02		1047	NULL	NULL	NULL
missed	663113	B>A	Stotis–Lazdynai–Pilaitė	1056	NULL	NULL	NULL	NULL	NULL	NULL	NULL	54	Autobusai	54	02		1094	NULL	NULL	NULL
missed	663113	A>B	Pilaitė–Lazdynai–Stotis	1126	NULL	NULL	NULL	NULL	NULL	NULL	NULL	54	Autobusai	54	02		1164	NULL	NULL	NULL
missed	663113	B>A	Stotis–Lazdynai–Pilaitė	1169	NULL	NULL	NULL	NULL	NULL	NULL	NULL	54	Autobusai	54	02		1206	NULL	NULL	NULL
missed	663113	A>B	Pilaitė–Lazdynai–Stotis	1238	NULL	NULL	NULL	NULL	NULL	NULL	NULL	54	Autobusai	54	02		1275	NULL	NULL	NULL
missed	663113	B>A	Stotis–Lazdynai–Pilaitė	1280	NULL	NULL	NULL	NULL	NULL	NULL	NULL	54	Autobusai	54	02		1317	NULL	NULL	NULL
missed	663113	A>B	Pilaitė–Lazdynai–Stotis	1322	NULL	NULL	NULL	NULL	NULL	NULL	NULL	54	Autobusai	54	02		1359	NULL	NULL	NULL
missed	614964	A>B	Lazdynai–Laisvės pr.–Fabijoniškės–Santariškės	324	NULL	NULL	NULL	NULL	NULL	NULL	NULL	55	Autobusai	55	01-Ž		371	NULL	NULL	NULL
missed	614964	B>A	Santariškės–Fabijoniškės–Laisvės pr.–Lazdynai	379	NULL	NULL	NULL	NULL	NULL	NULL	NULL	55	Autobusai	55	01-Ž		433	NULL	NULL	NULL
missed	614964	A>B	Lazdynai–Laisvės pr.–Fabijoniškės–Santariškės	440	NULL	NULL	NULL	NULL	NULL	NULL	NULL	55	Autobusai	55	01-Ž		489	NULL	NULL	NULL
missed	614964	B>A	Santariškės–Fabijoniškės–Laisvės pr.–Lazdynai	501	NULL	NULL	NULL	NULL	NULL	NULL	NULL	55	Autobusai	55	01-Ž		556	NULL	NULL	NULL
missed	614964	A>B	Lazdynai–Laisvės pr.–Fabijoniškės–Santariškės	561	NULL	NULL	NULL	NULL	NULL	NULL	NULL	55	Autobusai	55	01-Ž		609	NULL	NULL	NULL
missed	614964	B>A	Santariškės–Fabijoniškės–Laisvės pr.–Lazdynai	644	NULL	NULL	NULL	NULL	NULL	NULL	NULL	55	Autobusai	55	01-Ž		697	NULL	NULL	NULL
missed	614964	A>B	Lazdynai–Laisvės pr.–Fabijoniškės–Santariškės	702	NULL	NULL	NULL	NULL	NULL	NULL	NULL	55	Autobusai	55	01-Ž		750	NULL	NULL	NULL
missed	614964	B>A	Santariškės–Fabijoniškės–Laisvės pr.–Lazdynai	757	NULL	NULL	NULL	NULL	NULL	NULL	NULL	55	Autobusai	55	01-Ž		810	NULL	NULL	NULL
missed	614964	A>B	Lazdynai–Laisvės pr.–Fabijoniškės–Santariškės	820	NULL	NULL	NULL	NULL	NULL	NULL	NULL	55	Autobusai	55	01-Ž		868	NULL	NULL	NULL
missed	614964	B>A	Santariškės–Fabijoniškės–Laisvės pr.–Lazdynai	876	NULL	NULL	NULL	NULL	NULL	NULL	NULL	55	Autobusai	55	01-Ž		929	NULL	NULL	NULL
missed	614964	A>B	Lazdynai–Laisvės pr.–Fabijoniškės–Santariškės	934	NULL	NULL	NULL	NULL	NULL	NULL	NULL	55	Autobusai	55	01-Ž		984	NULL	NULL	NULL
missed	614964	B>A	Santariškės–Fabijoniškės–Laisvės pr.–Lazdynai	1000	NULL	NULL	NULL	NULL	NULL	NULL	NULL	55	Autobusai	55	01-Ž		1054	NULL	NULL	NULL
missed	614964	A>B	Lazdynai–Laisvės pr.–Fabijoniškės–Santariškės	1059	NULL	NULL	NULL	NULL	NULL	NULL	NULL	55	Autobusai	55	01-Ž		1109	NULL	NULL	NULL
missed	614964	B>A	Santariškės–Fabijoniškės–Laisvės pr.–Lazdynai	1144	NULL	NULL	NULL	NULL	NULL	NULL	NULL	55	Autobusai	55	01-Ž		1198	NULL	NULL	NULL
missed	614964	A>B	Lazdynai–Laisvės pr.–Fabijoniškės–Santariškės	1203	NULL	NULL	NULL	NULL	NULL	NULL	NULL	55	Autobusai	55	01-Ž		1250	NULL	NULL	NULL
missed	614964	B>A	Santariškės–Fabijoniškės–Laisvės pr.–Lazdynai	1259	NULL	NULL	NULL	NULL	NULL	NULL	NULL	55	Autobusai	55	01-Ž		1311	NULL	NULL	NULL
missed	614964	A>B	Lazdynai–Laisvės pr.–Fabijoniškės–Santariškės	1315	NULL	NULL	NULL	NULL	NULL	NULL	NULL	55	Autobusai	55	01-Ž		1362	NULL	NULL	NULL
missed	614966	A>B	Lazdynai–Laisvės pr.–Fabijoniškės–Santariškės	414	NULL	NULL	NULL	NULL	NULL	NULL	NULL	55	Autobusai	55	02		463	NULL	NULL	NULL
missed	614966	B>A	Santariškės–Fabijoniškės–Laisvės pr.–Lazdynai	473	NULL	NULL	NULL	NULL	NULL	NULL	NULL	55	Autobusai	55	02		528	NULL	NULL	NULL
missed	614966	A>B	Lazdynai–Laisvės pr.–Fabijoniškės–Santariškės	534	NULL	NULL	NULL	NULL	NULL	NULL	NULL	55	Autobusai	55	02		583	NULL	NULL	NULL
missed	614966	B>A	Santariškės–Fabijoniškės–Laisvės pr.–Lazdynai	976	NULL	NULL	NULL	NULL	NULL	NULL	NULL	55	Autobusai	55	02		1030	NULL	NULL	NULL
missed	614966	A>B	Lazdynai–Laisvės pr.–Fabijoniškės–Santariškės	1036	NULL	NULL	NULL	NULL	NULL	NULL	NULL	55	Autobusai	55	02		1086	NULL	NULL	NULL
missed	614966	B>A	Santariškės–Fabijoniškės–Laisvės pr.–Lazdynai	1096	NULL	NULL	NULL	NULL	NULL	NULL	NULL	55	Autobusai	55	02		1150	NULL	NULL	NULL
missed	614966	A>B	Lazdynai–Laisvės pr.–Fabijoniškės–Santariškės	1156	NULL	NULL	NULL	NULL	NULL	NULL	NULL	55	Autobusai	55	02		1206	NULL	NULL	NULL
missed	614965	A>B	Lazdynai–Laisvės pr.–Fabijoniškės–Santariškės	354	NULL	NULL	NULL	NULL	NULL	NULL	NULL	55	Autobusai	55	03		402	NULL	NULL	NULL
missed	614965	B>A	Santariškės–Fabijoniškės–Laisvės pr.–Lazdynai	412	NULL	NULL	NULL	NULL	NULL	NULL	NULL	55	Autobusai	55	03		467	NULL	NULL	NULL
missed	614965	A>B	Lazdynai–Laisvės pr.–Fabijoniškės–Santariškės	471	NULL	NULL	NULL	NULL	NULL	NULL	NULL	55	Autobusai	55	03		520	NULL	NULL	NULL
missed	614965	B>A	Santariškės–Fabijoniškės–Laisvės pr.–Lazdynai	552	NULL	NULL	NULL	NULL	NULL	NULL	NULL	55	Autobusai	55	03		605	NULL	NULL	NULL
missed	614965	A>B	Lazdynai–Laisvės pr.–Fabijoniškės–Santariškės	609	NULL	NULL	NULL	NULL	NULL	NULL	NULL	55	Autobusai	55	03		657	NULL	NULL	NULL
missed	614965	B>A	Santariškės–Fabijoniškės–Laisvės pr.–Lazdynai	677	NULL	NULL	NULL	NULL	NULL	NULL	NULL	55	Autobusai	55	03		730	NULL	NULL	NULL
missed	614965	A>B	Lazdynai–Laisvės pr.–Fabijoniškės–Santariškės	735	NULL	NULL	NULL	NULL	NULL	NULL	NULL	55	Autobusai	55	03		783	NULL	NULL	NULL
missed	614965	B>A	Santariškės–Fabijoniškės–Laisvės pr.–Lazdynai	793	NULL	NULL	NULL	NULL	NULL	NULL	NULL	55	Autobusai	55	03		846	NULL	NULL	NULL
missed	614965	A>B	Lazdynai–Laisvės pr.–Fabijoniškės–Santariškės	856	NULL	NULL	NULL	NULL	NULL	NULL	NULL	55	Autobusai	55	03		905	NULL	NULL	NULL
missed	614965	B>A	Santariškės–Fabijoniškės–Laisvės pr.–Lazdynai	913	NULL	NULL	NULL	NULL	NULL	NULL	NULL	55	Autobusai	55	03		966	NULL	NULL	NULL
missed	614965	A>B	Lazdynai–Laisvės pr.–Fabijoniškės–Santariškės	970	NULL	NULL	NULL	NULL	NULL	NULL	NULL	55	Autobusai	55	03		1020	NULL	NULL	NULL
missed	614965	B>A	Santariškės–Fabijoniškės–Laisvės pr.–Lazdynai	1030	NULL	NULL	NULL	NULL	NULL	NULL	NULL	55	Autobusai	55	03		1084	NULL	NULL	NULL
missed	614965	A>B	Lazdynai–Laisvės pr.–Fabijoniškės–Santariškės	1089	NULL	NULL	NULL	NULL	NULL	NULL	NULL	55	Autobusai	55	03		1139	NULL	NULL	NULL
missed	614965	B>A	Santariškės–Fabijoniškės–Laisvės pr.–Lazdynai	1184	NULL	NULL	NULL	NULL	NULL	NULL	NULL	55	Autobusai	55	03		1237	NULL	NULL	NULL
missed	614965	A>B	Lazdynai–Laisvės pr.–Fabijoniškės–Santariškės	1243	NULL	NULL	NULL	NULL	NULL	NULL	NULL	55	Autobusai	55	03		1290	NULL	NULL	NULL
missed	614965	B>A	Santariškės–Fabijoniškės–Laisvės pr.–Lazdynai	1298	NULL	NULL	NULL	NULL	NULL	NULL	NULL	55	Autobusai	55	03		1350	NULL	NULL	NULL
missed	614965	A>B	Lazdynai–Laisvės pr.–Fabijoniškės–Santariškės	1355	NULL	NULL	NULL	NULL	NULL	NULL	NULL	55	Autobusai	55	03		1402	NULL	NULL	NULL
missed	614967	B>A	Santariškės–Fabijoniškės–Laisvės pr.–Lazdynai	330	NULL	NULL	NULL	NULL	NULL	NULL	NULL	55	Autobusai	55	04		383	NULL	NULL	NULL
missed	614967	A>B	Lazdynai–Laisvės pr.–Fabijoniškės–Santariškės	388	NULL	NULL	NULL	NULL	NULL	NULL	NULL	55	Autobusai	55	04		437	NULL	NULL	NULL
missed	614967	B>A	Santariškės–Fabijoniškės–Laisvės pr.–Lazdynai	447	NULL	NULL	NULL	NULL	NULL	NULL	NULL	55	Autobusai	55	04		502	NULL	NULL	NULL
missed	614967	A>B	Lazdynai–Laisvės pr.–Fabijoniškės–Santariškės	507	NULL	NULL	NULL	NULL	NULL	NULL	NULL	55	Autobusai	55	04		556	NULL	NULL	NULL
missed	614967	B>A	Santariškės–Fabijoniškės–Laisvės pr.–Lazdynai	596	NULL	NULL	NULL	NULL	NULL	NULL	NULL	55	Autobusai	55	04		649	NULL	NULL	NULL
missed	614967	A>B	Lazdynai–Laisvės pr.–Fabijoniškės–Santariškės	654	NULL	NULL	NULL	NULL	NULL	NULL	NULL	55	Autobusai	55	04		702	NULL	NULL	NULL
missed	614967	B>A	Santariškės–Fabijoniškės–Laisvės pr.–Lazdynai	715	NULL	NULL	NULL	NULL	NULL	NULL	NULL	55	Autobusai	55	04		768	NULL	NULL	NULL
missed	614967	A>B	Lazdynai–Laisvės pr.–Fabijoniškės–Santariškės	774	NULL	NULL	NULL	NULL	NULL	NULL	NULL	55	Autobusai	55	04		822	NULL	NULL	NULL
missed	614967	B>A	Santariškės–Fabijoniškės–Laisvės pr.–Lazdynai	831	NULL	NULL	NULL	NULL	NULL	NULL	NULL	55	Autobusai	55	04		884	NULL	NULL	NULL
missed	614967	A>B	Lazdynai–Laisvės pr.–Fabijoniškės–Santariškės	894	NULL	NULL	NULL	NULL	NULL	NULL	NULL	55	Autobusai	55	04		943	NULL	NULL	NULL
missed	614967	B>A	Santariškės–Fabijoniškės–Laisvės pr.–Lazdynai	951	NULL	NULL	NULL	NULL	NULL	NULL	NULL	55	Autobusai	55	04		1005	NULL	NULL	NULL
missed	614967	A>B	Lazdynai–Laisvės pr.–Fabijoniškės–Santariškės	1011	NULL	NULL	NULL	NULL	NULL	NULL	NULL	55	Autobusai	55	04		1061	NULL	NULL	NULL
missed	614967	B>A	Santariškės–Fabijoniškės–Laisvės pr.–Lazdynai	1068	NULL	NULL	NULL	NULL	NULL	NULL	NULL	55	Autobusai	55	04		1122	NULL	NULL	NULL
missed	614967	A>B	Lazdynai–Laisvės pr.–Fabijoniškės–Santariškės	1128	NULL	NULL	NULL	NULL	NULL	NULL	NULL	55	Autobusai	55	04		1178	NULL	NULL	NULL
missed	614967	B>A	Santariškės–Fabijoniškės–Laisvės pr.–Lazdynai	1218	NULL	NULL	NULL	NULL	NULL	NULL	NULL	55	Autobusai	55	04		1270	NULL	NULL	NULL
missed	614967	A>B	Lazdynai–Laisvės pr.–Fabijoniškės–Santariškės	1277	NULL	NULL	NULL	NULL	NULL	NULL	NULL	55	Autobusai	55	04		1324	NULL	NULL	NULL
missed	614967	B>A	Santariškės–Fabijoniškės–Laisvės pr.–Lazdynai	1331	NULL	NULL	NULL	NULL	NULL	NULL	NULL	55	Autobusai	55	04		1383	NULL	NULL	NULL
missed	614968	A>B	Fabijoniškės–Šeškinė–Konstitucijos pr.–Centras	321	NULL	NULL	NULL	NULL	NULL	NULL	NULL	56	Autobusai	56	01-ž		349	NULL	NULL	NULL
missed	614968	B>A	Centras–Konstitucijos pr.–Šeškinė–Fabijoniškės	359	NULL	NULL	NULL	NULL	NULL	NULL	NULL	56	Autobusai	56	01-ž		391	NULL	NULL	NULL
missed	614968	A>B	Fabijoniškės–Šeškinė–Konstitucijos pr.–Centras	397	NULL	NULL	NULL	NULL	NULL	NULL	NULL	56	Autobusai	56	01-ž		429	NULL	NULL	NULL
missed	614968	B>A	Centras–Konstitucijos pr.–Šeškinė–Fabijoniškės	434	NULL	NULL	NULL	NULL	NULL	NULL	NULL	56	Autobusai	56	01-ž		469	NULL	NULL	NULL
missed	614968	A>B	Fabijoniškės–Šeškinė–Konstitucijos pr.–Centras	473	NULL	NULL	NULL	NULL	NULL	NULL	NULL	56	Autobusai	56	01-ž		509	NULL	NULL	NULL
missed	614968	B>A	Centras–Konstitucijos pr.–Šeškinė–Fabijoniškės	515	NULL	NULL	NULL	NULL	NULL	NULL	NULL	56	Autobusai	56	01-ž		550	NULL	NULL	NULL
missed	614968	A>B	Fabijoniškės–Šeškinė–Konstitucijos pr.–Centras	580	NULL	NULL	NULL	NULL	NULL	NULL	NULL	56	Autobusai	56	01-ž		610	NULL	NULL	NULL
missed	614968	B>A	Centras–Konstitucijos pr.–Šeškinė–Fabijoniškės	615	NULL	NULL	NULL	NULL	NULL	NULL	NULL	56	Autobusai	56	01-ž		649	NULL	NULL	NULL
missed	614968	A>B	Fabijoniškės–Šeškinė–Konstitucijos pr.–Centras	654	NULL	NULL	NULL	NULL	NULL	NULL	NULL	56	Autobusai	56	01-ž		684	NULL	NULL	NULL
missed	614968	B>A	Centras–Konstitucijos pr.–Šeškinė–Fabijoniškės	689	NULL	NULL	NULL	NULL	NULL	NULL	NULL	56	Autobusai	56	01-ž		723	NULL	NULL	NULL
missed	614968	A>B	Fabijoniškės–Šeškinė–Konstitucijos pr.–Centras	728	NULL	NULL	NULL	NULL	NULL	NULL	NULL	56	Autobusai	56	01-ž		758	NULL	NULL	NULL
missed	614968	B>A	Centras–Konstitucijos pr.–Šeškinė–Fabijoniškės	763	NULL	NULL	NULL	NULL	NULL	NULL	NULL	56	Autobusai	56	01-ž		797	NULL	NULL	NULL
missed	614968	A>B	Fabijoniškės–Šeškinė–Konstitucijos pr.–Centras	802	NULL	NULL	NULL	NULL	NULL	NULL	NULL	56	Autobusai	56	01-ž		832	NULL	NULL	NULL
missed	614968	B>A	Centras–Konstitucijos pr.–Šeškinė–Fabijoniškės	837	NULL	NULL	NULL	NULL	NULL	NULL	NULL	56	Autobusai	56	01-ž		871	NULL	NULL	NULL
missed	614968	A>B	Fabijoniškės–Šeškinė–Konstitucijos pr.–Centras	880	NULL	NULL	NULL	NULL	NULL	NULL	NULL	56	Autobusai	56	01-ž		910	NULL	NULL	NULL
missed	614968	B>A	Centras–Konstitucijos pr.–Šeškinė–Fabijoniškės	915	NULL	NULL	NULL	NULL	NULL	NULL	NULL	56	Autobusai	56	01-ž		949	NULL	NULL	NULL
missed	614968	A>B	Fabijoniškės–Šeškinė–Konstitucijos pr.–Centras	954	NULL	NULL	NULL	NULL	NULL	NULL	NULL	56	Autobusai	56	01-ž		984	NULL	NULL	NULL
missed	614968	B>A	Centras–Konstitucijos pr.–Šeškinė–Fabijoniškės	989	NULL	NULL	NULL	NULL	NULL	NULL	NULL	56	Autobusai	56	01-ž		1024	NULL	NULL	NULL
missed	614968	A>B	Fabijoniškės–Šeškinė–Konstitucijos pr.–Centras	1030	NULL	NULL	NULL	NULL	NULL	NULL	NULL	56	Autobusai	56	01-ž		1062	NULL	NULL	NULL
missed	614968	B>A	Centras–Konstitucijos pr.–Šeškinė–Fabijoniškės	1068	NULL	NULL	NULL	NULL	NULL	NULL	NULL	56	Autobusai	56	01-ž		1103	NULL	NULL	NULL
missed	614968	A>B	Fabijoniškės–Šeškinė–Konstitucijos pr.–Centras	1144	NULL	NULL	NULL	NULL	NULL	NULL	NULL	56	Autobusai	56	01-ž		1174	NULL	NULL	NULL
missed	614968	B>A	Centras–Konstitucijos pr.–Šeškinė–Fabijoniškės	1184	NULL	NULL	NULL	NULL	NULL	NULL	NULL	56	Autobusai	56	01-ž		1217	NULL	NULL	NULL
missed	614968	A>B	Fabijoniškės–Šeškinė–Konstitucijos pr.–Centras	1223	NULL	NULL	NULL	NULL	NULL	NULL	NULL	56	Autobusai	56	01-ž		1252	NULL	NULL	NULL
missed	614968	B>A	Centras–Konstitucijos pr.–Šeškinė–Fabijoniškės	1257	NULL	NULL	NULL	NULL	NULL	NULL	NULL	56	Autobusai	56	01-ž		1287	NULL	NULL	NULL
missed	614968	A>B	Fabijoniškės–Šeškinė–Konstitucijos pr.–Centras	1295	NULL	NULL	NULL	NULL	NULL	NULL	NULL	56	Autobusai	56	01-ž		1324	NULL	NULL	NULL
missed	614968	B>A	Centras–Konstitucijos pr.–Šeškinė–Fabijoniškės	1331	NULL	NULL	NULL	NULL	NULL	NULL	NULL	56	Autobusai	56	01-ž		1361	NULL	NULL	NULL
missed	614969	A>B	Fabijoniškės–Šeškinė–Konstitucijos pr.–Centras	382	NULL	NULL	NULL	NULL	NULL	NULL	NULL	56	Autobusai	56	02		412	NULL	NULL	NULL
missed	614969	B>A	Centras–Konstitucijos pr.–Šeškinė–Fabijoniškės	417	NULL	NULL	NULL	NULL	NULL	NULL	NULL	56	Autobusai	56	02		452	NULL	NULL	NULL
missed	614969	A>B	Fabijoniškės–Šeškinė–Konstitucijos pr.–Centras	456	NULL	NULL	NULL	NULL	NULL	NULL	NULL	56	Autobusai	56	02		492	NULL	NULL	NULL
missed	614969	B>A	Centras–Konstitucijos pr.–Šeškinė–Fabijoniškės	498	NULL	NULL	NULL	NULL	NULL	NULL	NULL	56	Autobusai	56	02		533	NULL	NULL	NULL
missed	614969	A>B	Fabijoniškės–Šeškinė–Konstitucijos pr.–Centras	549	NULL	NULL	NULL	NULL	NULL	NULL	NULL	56	Autobusai	56	02		579	NULL	NULL	NULL
missed	614969	B>A	Centras–Konstitucijos pr.–Šeškinė–Fabijoniškės	584	NULL	NULL	NULL	NULL	NULL	NULL	NULL	56	Autobusai	56	02		618	NULL	NULL	NULL
missed	614969	A>B	Fabijoniškės–Šeškinė–Konstitucijos pr.–Centras	971	NULL	NULL	NULL	NULL	NULL	NULL	NULL	56	Autobusai	56	02		1002	NULL	NULL	NULL
missed	614969	B>A	Centras–Konstitucijos pr.–Šeškinė–Fabijoniškės	1007	NULL	NULL	NULL	NULL	NULL	NULL	NULL	56	Autobusai	56	02		1042	NULL	NULL	NULL
missed	614969	A>B	Fabijoniškės–Šeškinė–Konstitucijos pr.–Centras	1047	NULL	NULL	NULL	NULL	NULL	NULL	NULL	56	Autobusai	56	02		1079	NULL	NULL	NULL
missed	614969	B>A	Centras–Konstitucijos pr.–Šeškinė–Fabijoniškės	1086	NULL	NULL	NULL	NULL	NULL	NULL	NULL	56	Autobusai	56	02		1121	NULL	NULL	NULL
missed	614969	A>B	Fabijoniškės–Šeškinė–Konstitucijos pr.–Centras	1126	NULL	NULL	NULL	NULL	NULL	NULL	NULL	56	Autobusai	56	02		1157	NULL	NULL	NULL
missed	614969	B>A	Centras–Konstitucijos pr.–Šeškinė–Fabijoniškės	1163	NULL	NULL	NULL	NULL	NULL	NULL	NULL	56	Autobusai	56	02		1198	NULL	NULL	NULL
missed	614970	A>B	Fabijoniškės–Šeškinė–Konstitucijos pr.–Centras	300	NULL	NULL	NULL	NULL	NULL	NULL	NULL	56	Autobusai	56	03		328	NULL	NULL	NULL
missed	614970	B>A	Centras–Konstitucijos pr.–Šeškinė–Fabijoniškės	333	NULL	NULL	NULL	NULL	NULL	NULL	NULL	56	Autobusai	56	03		363	NULL	NULL	NULL
missed	614970	A>B	Fabijoniškės–Šeškinė–Konstitucijos pr.–Centras	366	NULL	NULL	NULL	NULL	NULL	NULL	NULL	56	Autobusai	56	03		395	NULL	NULL	NULL
missed	614970	B>A	Centras–Konstitucijos pr.–Šeškinė–Fabijoniškės	400	NULL	NULL	NULL	NULL	NULL	NULL	NULL	56	Autobusai	56	03		433	NULL	NULL	NULL
missed	614970	A>B	Fabijoniškės–Šeškinė–Konstitucijos pr.–Centras	441	NULL	NULL	NULL	NULL	NULL	NULL	NULL	56	Autobusai	56	03		477	NULL	NULL	NULL
missed	614970	B>A	Centras–Konstitucijos pr.–Šeškinė–Fabijoniškės	483	NULL	NULL	NULL	NULL	NULL	NULL	NULL	56	Autobusai	56	03		518	NULL	NULL	NULL
missed	614970	A>B	Fabijoniškės–Šeškinė–Konstitucijos pr.–Centras	523	NULL	NULL	NULL	NULL	NULL	NULL	NULL	56	Autobusai	56	03		557	NULL	NULL	NULL
missed	614970	B>A	Centras–Konstitucijos pr.–Šeškinė–Fabijoniškės	565	NULL	NULL	NULL	NULL	NULL	NULL	NULL	56	Autobusai	56	03		600	NULL	NULL	NULL
missed	614970	A>B	Fabijoniškės–Šeškinė–Konstitucijos pr.–Centras	630	NULL	NULL	NULL	NULL	NULL	NULL	NULL	56	Autobusai	56	03		659	NULL	NULL	NULL
missed	614970	B>A	Centras–Konstitucijos pr.–Šeškinė–Fabijoniškės	664	NULL	NULL	NULL	NULL	NULL	NULL	NULL	56	Autobusai	56	03		698	NULL	NULL	NULL
missed	614970	A>B	Fabijoniškės–Šeškinė–Konstitucijos pr.–Centras	701	NULL	NULL	NULL	NULL	NULL	NULL	NULL	56	Autobusai	56	03		730	NULL	NULL	NULL
missed	614970	B>A	Centras–Konstitucijos pr.–Šeškinė–Fabijoniškės	736	NULL	NULL	NULL	NULL	NULL	NULL	NULL	56	Autobusai	56	03		770	NULL	NULL	NULL
missed	614970	A>B	Fabijoniškės–Šeškinė–Konstitucijos pr.–Centras	777	NULL	NULL	NULL	NULL	NULL	NULL	NULL	56	Autobusai	56	03		807	NULL	NULL	NULL
missed	614970	B>A	Centras–Konstitucijos pr.–Šeškinė–Fabijoniškės	812	NULL	NULL	NULL	NULL	NULL	NULL	NULL	56	Autobusai	56	03		846	NULL	NULL	NULL
missed	614970	A>B	Fabijoniškės–Šeškinė–Konstitucijos pr.–Centras	855	NULL	NULL	NULL	NULL	NULL	NULL	NULL	56	Autobusai	56	03		885	NULL	NULL	NULL
missed	614970	B>A	Centras–Konstitucijos pr.–Šeškinė–Fabijoniškės	890	NULL	NULL	NULL	NULL	NULL	NULL	NULL	56	Autobusai	56	03		924	NULL	NULL	NULL
missed	614970	A>B	Fabijoniškės–Šeškinė–Konstitucijos pr.–Centras	928	NULL	NULL	NULL	NULL	NULL	NULL	NULL	56	Autobusai	56	03		958	NULL	NULL	NULL
missed	614970	B>A	Centras–Konstitucijos pr.–Šeškinė–Fabijoniškės	963	NULL	NULL	NULL	NULL	NULL	NULL	NULL	56	Autobusai	56	03		998	NULL	NULL	NULL
missed	614970	A>B	Fabijoniškės–Šeškinė–Konstitucijos pr.–Centras	1009	NULL	NULL	NULL	NULL	NULL	NULL	NULL	56	Autobusai	56	03		1040	NULL	NULL	NULL
missed	614970	B>A	Centras–Konstitucijos pr.–Šeškinė–Fabijoniškės	1046	NULL	NULL	NULL	NULL	NULL	NULL	NULL	56	Autobusai	56	03		1081	NULL	NULL	NULL
missed	614970	A>B	Fabijoniškės–Šeškinė–Konstitucijos pr.–Centras	1093	NULL	NULL	NULL	NULL	NULL	NULL	NULL	56	Autobusai	56	03		1125	NULL	NULL	NULL
missed	614970	B>A	Centras–Konstitucijos pr.–Šeškinė–Fabijoniškės	1133	NULL	NULL	NULL	NULL	NULL	NULL	NULL	56	Autobusai	56	03		1168	NULL	NULL	NULL
missed	614970	A>B	Fabijoniškės–Šeškinė–Konstitucijos pr.–Centras	1198	NULL	NULL	NULL	NULL	NULL	NULL	NULL	56	Autobusai	56	03		1227	NULL	NULL	NULL
missed	614970	B>A	Centras–Konstitucijos pr.–Šeškinė–Fabijoniškės	1235	NULL	NULL	NULL	NULL	NULL	NULL	NULL	56	Autobusai	56	03		1265	NULL	NULL	NULL
missed	614970	A>B	Fabijoniškės–Šeškinė–Konstitucijos pr.–Centras	1271	NULL	NULL	NULL	NULL	NULL	NULL	NULL	56	Autobusai	56	03		1300	NULL	NULL	NULL
missed	614970	B>A	Centras–Konstitucijos pr.–Šeškinė–Fabijoniškės	1306	NULL	NULL	NULL	NULL	NULL	NULL	NULL	56	Autobusai	56	03		1336	NULL	NULL	NULL
missed	614970	A>B	Fabijoniškės–Šeškinė–Konstitucijos pr.–Centras	1347	NULL	NULL	NULL	NULL	NULL	NULL	NULL	56	Autobusai	56	03		1376	NULL	NULL	NULL
missed	614970	B>A	Centras–Konstitucijos pr.–Šeškinė–Fabijoniškės	1384	NULL	NULL	NULL	NULL	NULL	NULL	NULL	56	Autobusai	56	03		1414	NULL	NULL	NULL
missed	614971	A>B	Fabijoniškės–Šeškinė–Konstitucijos pr.–Centras	343	NULL	NULL	NULL	NULL	NULL	NULL	NULL	56	Autobusai	56	04		371	NULL	NULL	NULL
missed	614971	B>A	Centras–Konstitucijos pr.–Šeškinė–Fabijoniškės	376	NULL	NULL	NULL	NULL	NULL	NULL	NULL	56	Autobusai	56	04		408	NULL	NULL	NULL
missed	614971	A>B	Fabijoniškės–Šeškinė–Konstitucijos pr.–Centras	411	NULL	NULL	NULL	NULL	NULL	NULL	NULL	56	Autobusai	56	04		444	NULL	NULL	NULL
missed	614971	B>A	Centras–Konstitucijos pr.–Šeškinė–Fabijoniškės	449	NULL	NULL	NULL	NULL	NULL	NULL	NULL	56	Autobusai	56	04		484	NULL	NULL	NULL
missed	614971	A>B	Fabijoniškės–Šeškinė–Konstitucijos pr.–Centras	488	NULL	NULL	NULL	NULL	NULL	NULL	NULL	56	Autobusai	56	04		522	NULL	NULL	NULL
missed	614971	B>A	Centras–Konstitucijos pr.–Šeškinė–Fabijoniškės	528	NULL	NULL	NULL	NULL	NULL	NULL	NULL	56	Autobusai	56	04		563	NULL	NULL	NULL
missed	614971	A>B	Fabijoniškės–Šeškinė–Konstitucijos pr.–Centras	603	NULL	NULL	NULL	NULL	NULL	NULL	NULL	56	Autobusai	56	04		633	NULL	NULL	NULL
missed	614971	B>A	Centras–Konstitucijos pr.–Šeškinė–Fabijoniškės	638	NULL	NULL	NULL	NULL	NULL	NULL	NULL	56	Autobusai	56	04		672	NULL	NULL	NULL
missed	614971	A>B	Fabijoniškės–Šeškinė–Konstitucijos pr.–Centras	677	NULL	NULL	NULL	NULL	NULL	NULL	NULL	56	Autobusai	56	04		707	NULL	NULL	NULL
missed	614971	B>A	Centras–Konstitucijos pr.–Šeškinė–Fabijoniškės	712	NULL	NULL	NULL	NULL	NULL	NULL	NULL	56	Autobusai	56	04		746	NULL	NULL	NULL
missed	614971	A>B	Fabijoniškės–Šeškinė–Konstitucijos pr.–Centras	750	NULL	NULL	NULL	NULL	NULL	NULL	NULL	56	Autobusai	56	04		780	NULL	NULL	NULL
missed	614971	B>A	Centras–Konstitucijos pr.–Šeškinė–Fabijoniškės	785	NULL	NULL	NULL	NULL	NULL	NULL	NULL	56	Autobusai	56	04		819	NULL	NULL	NULL
missed	614971	A>B	Fabijoniškės–Šeškinė–Konstitucijos pr.–Centras	823	NULL	NULL	NULL	NULL	NULL	NULL	NULL	56	Autobusai	56	04		853	NULL	NULL	NULL
missed	614971	B>A	Centras–Konstitucijos pr.–Šeškinė–Fabijoniškės	864	NULL	NULL	NULL	NULL	NULL	NULL	NULL	56	Autobusai	56	04		898	NULL	NULL	NULL
missed	614971	A>B	Fabijoniškės–Šeškinė–Konstitucijos pr.–Centras	903	NULL	NULL	NULL	NULL	NULL	NULL	NULL	56	Autobusai	56	04		933	NULL	NULL	NULL
missed	614971	B>A	Centras–Konstitucijos pr.–Šeškinė–Fabijoniškės	940	NULL	NULL	NULL	NULL	NULL	NULL	NULL	56	Autobusai	56	04		974	NULL	NULL	NULL
missed	614971	A>B	Fabijoniškės–Šeškinė–Konstitucijos pr.–Centras	989	NULL	NULL	NULL	NULL	NULL	NULL	NULL	56	Autobusai	56	04		1020	NULL	NULL	NULL
missed	614971	B>A	Centras–Konstitucijos pr.–Šeškinė–Fabijoniškės	1026	NULL	NULL	NULL	NULL	NULL	NULL	NULL	56	Autobusai	56	04		1061	NULL	NULL	NULL
missed	614971	A>B	Fabijoniškės–Šeškinė–Konstitucijos pr.–Centras	1067	NULL	NULL	NULL	NULL	NULL	NULL	NULL	56	Autobusai	56	04		1099	NULL	NULL	NULL
missed	614971	B>A	Centras–Konstitucijos pr.–Šeškinė–Fabijoniškės	1108	NULL	NULL	NULL	NULL	NULL	NULL	NULL	56	Autobusai	56	04		1143	NULL	NULL	NULL
missed	614971	A>B	Fabijoniškės–Šeškinė–Konstitucijos pr.–Centras	1173	NULL	NULL	NULL	NULL	NULL	NULL	NULL	56	Autobusai	56	04		1203	NULL	NULL	NULL
missed	614971	B>A	Centras–Konstitucijos pr.–Šeškinė–Fabijoniškės	1208	NULL	NULL	NULL	NULL	NULL	NULL	NULL	56	Autobusai	56	04		1240	NULL	NULL	NULL
missed	614971	A>B	Fabijoniškės–Šeškinė–Konstitucijos pr.–Centras	1244	NULL	NULL	NULL	NULL	NULL	NULL	NULL	56	Autobusai	56	04		1273	NULL	NULL	NULL
missed	614971	B>A	Centras–Konstitucijos pr.–Šeškinė–Fabijoniškės	1281	NULL	NULL	NULL	NULL	NULL	NULL	NULL	56	Autobusai	56	04		1311	NULL	NULL	NULL
missed	614971	A>B	Fabijoniškės–Šeškinė–Konstitucijos pr.–Centras	1318	NULL	NULL	NULL	NULL	NULL	NULL	NULL	56	Autobusai	56	04		1347	NULL	NULL	NULL
missed	614971	B>A	Centras–Konstitucijos pr.–Šeškinė–Fabijoniškės	1355	NULL	NULL	NULL	NULL	NULL	NULL	NULL	56	Autobusai	56	04		1385	NULL	NULL	NULL
missed	614972	A>B	Fabijoniškės–Šeškinė–Konstitucijos pr.–Centras	426	NULL	NULL	NULL	NULL	NULL	NULL	NULL	56	Autobusai	56	05		462	NULL	NULL	NULL
missed	614972	B>A	Centras–Konstitucijos pr.–Šeškinė–Fabijoniškės	467	NULL	NULL	NULL	NULL	NULL	NULL	NULL	56	Autobusai	56	05		501	NULL	NULL	NULL
missed	614972	A>B	Fabijoniškės–Šeškinė–Konstitucijos pr.–Centras	506	NULL	NULL	NULL	NULL	NULL	NULL	NULL	56	Autobusai	56	05		540	NULL	NULL	NULL
missed	614972	B>A	Centras–Konstitucijos pr.–Šeškinė–Fabijoniškės	546	NULL	NULL	NULL	NULL	NULL	NULL	NULL	56	Autobusai	56	05		580	NULL	NULL	NULL
missed	635421	B>A	Bajorai–Jeruzalė–Ateities g.–Fabijoniškės	320	NULL	NULL	NULL	NULL	NULL	NULL	NULL	57	Autobusai	57	01		345	NULL	NULL	NULL
missed	635421	A>B	Fabijoniškės–Ateities g.–Jeruzalė–Bajorai	354	NULL	NULL	NULL	NULL	NULL	NULL	NULL	57	Autobusai	57	01		377	NULL	NULL	NULL
missed	635421	B>A	Bajorai–Jeruzalė–Ateities g.–Fabijoniškės	377	NULL	NULL	NULL	NULL	NULL	NULL	NULL	57	Autobusai	57	01		402	NULL	NULL	NULL
missed	635421	A>B	Fabijoniškės–Ateities g.–Jeruzalė–Bajorai	412	NULL	NULL	NULL	NULL	NULL	NULL	NULL	57	Autobusai	57	01		435	NULL	NULL	NULL
missed	635421	B>A	Bajorai–Jeruzalė–Ateities g.–Fabijoniškės	435	NULL	NULL	NULL	NULL	NULL	NULL	NULL	57	Autobusai	57	01		461	NULL	NULL	NULL
missed	635421	A>B	Fabijoniškės–Ateities g.–Jeruzalė–Bajorai	469	NULL	NULL	NULL	NULL	NULL	NULL	NULL	57	Autobusai	57	01		493	NULL	NULL	NULL
missed	635421	B>A	Bajorai–Jeruzalė–Ateities g.–Fabijoniškės	493	NULL	NULL	NULL	NULL	NULL	NULL	NULL	57	Autobusai	57	01		519	NULL	NULL	NULL
missed	635421	A>B	Fabijoniškės–Ateities g.–Jeruzalė–Bajorai	526	NULL	NULL	NULL	NULL	NULL	NULL	NULL	57	Autobusai	57	01		550	NULL	NULL	NULL
missed	635421	B>A	Bajorai–Jeruzalė–Ateities g.–Fabijoniškės	550	NULL	NULL	NULL	NULL	NULL	NULL	NULL	57	Autobusai	57	01		576	NULL	NULL	NULL
missed	635421	A>B	Fabijoniškės–Ateities g.–Jeruzalė–Bajorai	606	NULL	NULL	NULL	NULL	NULL	NULL	NULL	57	Autobusai	57	01		630	NULL	NULL	NULL
missed	635421	B>A	Bajorai–Jeruzalė–Ateities g.–Fabijoniškės	630	NULL	NULL	NULL	NULL	NULL	NULL	NULL	57	Autobusai	57	01		656	NULL	NULL	NULL
missed	635421	A>B	Fabijoniškės–Ateities g.–Jeruzalė–Bajorai	663	NULL	NULL	NULL	NULL	NULL	NULL	NULL	57	Autobusai	57	01		687	NULL	NULL	NULL
missed	635421	B>A	Bajorai–Jeruzalė–Ateities g.–Fabijoniškės	687	NULL	NULL	NULL	NULL	NULL	NULL	NULL	57	Autobusai	57	01		713	NULL	NULL	NULL
missed	635421	A>B	Fabijoniškės–Ateities g.–Jeruzalė–Bajorai	720	NULL	NULL	NULL	NULL	NULL	NULL	NULL	57	Autobusai	57	01		744	NULL	NULL	NULL
missed	635421	B>A	Bajorai–Jeruzalė–Ateities g.–Fabijoniškės	744	NULL	NULL	NULL	NULL	NULL	NULL	NULL	57	Autobusai	57	01		770	NULL	NULL	NULL
missed	635421	A>B	Fabijoniškės–Ateities g.–Jeruzalė–Bajorai	780	NULL	NULL	NULL	NULL	NULL	NULL	NULL	57	Autobusai	57	01		804	NULL	NULL	NULL
missed	635421	B>A	Bajorai–Jeruzalė–Ateities g.–Fabijoniškės	804	NULL	NULL	NULL	NULL	NULL	NULL	NULL	57	Autobusai	57	01		830	NULL	NULL	NULL
missed	635421	A>B	Fabijoniškės–Ateities g.–Jeruzalė–Bajorai	847	NULL	NULL	NULL	NULL	NULL	NULL	NULL	57	Autobusai	57	01		871	NULL	NULL	NULL
missed	635421	B>A	Bajorai–Jeruzalė–Ateities g.–Fabijoniškės	871	NULL	NULL	NULL	NULL	NULL	NULL	NULL	57	Autobusai	57	01		897	NULL	NULL	NULL
missed	635421	A>B	Fabijoniškės–Ateities g.–Jeruzalė–Bajorai	905	NULL	NULL	NULL	NULL	NULL	NULL	NULL	57	Autobusai	57	01		929	NULL	NULL	NULL
missed	635421	B>A	Bajorai–Jeruzalė–Ateities g.–Fabijoniškės	929	NULL	NULL	NULL	NULL	NULL	NULL	NULL	57	Autobusai	57	01		955	NULL	NULL	NULL
missed	635421	A>B	Fabijoniškės–Ateities g.–Jeruzalė–Bajorai	963	NULL	NULL	NULL	NULL	NULL	NULL	NULL	57	Autobusai	57	01		987	NULL	NULL	NULL
missed	635421	B>A	Bajorai–Jeruzalė–Ateities g.–Fabijoniškės	987	NULL	NULL	NULL	NULL	NULL	NULL	NULL	57	Autobusai	57	01		1013	NULL	NULL	NULL
missed	635421	A>B	Fabijoniškės–Ateities g.–Jeruzalė–Bajorai	1023	NULL	NULL	NULL	NULL	NULL	NULL	NULL	57	Autobusai	57	01		1047	NULL	NULL	NULL
missed	635421	B>A	Bajorai–Jeruzalė–Ateities g.–Fabijoniškės	1047	NULL	NULL	NULL	NULL	NULL	NULL	NULL	57	Autobusai	57	01		1073	NULL	NULL	NULL
missed	635421	A>B	Fabijoniškės–Ateities g.–Jeruzalė–Bajorai	1088	NULL	NULL	NULL	NULL	NULL	NULL	NULL	57	Autobusai	57	01		1112	NULL	NULL	NULL
missed	635421	B>A	Bajorai–Jeruzalė–Ateities g.–Fabijoniškės	1112	NULL	NULL	NULL	NULL	NULL	NULL	NULL	57	Autobusai	57	01		1138	NULL	NULL	NULL
missed	635421	A>B	Fabijoniškės–Ateities g.–Jeruzalė–Bajorai	1168	NULL	NULL	NULL	NULL	NULL	NULL	NULL	57	Autobusai	57	01		1192	NULL	NULL	NULL
missed	635421	B>A	Bajorai–Jeruzalė–Ateities g.–Fabijoniškės	1192	NULL	NULL	NULL	NULL	NULL	NULL	NULL	57	Autobusai	57	01		1217	NULL	NULL	NULL
missed	635421	A>B	Fabijoniškės–Ateities g.–Jeruzalė–Bajorai	1235	NULL	NULL	NULL	NULL	NULL	NULL	NULL	57	Autobusai	57	01		1258	NULL	NULL	NULL
missed	635421	B>A	Bajorai–Jeruzalė–Ateities g.–Fabijoniškės	1258	NULL	NULL	NULL	NULL	NULL	NULL	NULL	57	Autobusai	57	01		1283	NULL	NULL	NULL
missed	635421	A>B	Fabijoniškės–Ateities g.–Jeruzalė–Bajorai	1302	NULL	NULL	NULL	NULL	NULL	NULL	NULL	57	Autobusai	57	01		1325	NULL	NULL	NULL
missed	635421	B>A	Bajorai–Jeruzalė–Ateities g.–Fabijoniškės	1325	NULL	NULL	NULL	NULL	NULL	NULL	NULL	57	Autobusai	57	01		1350	NULL	NULL	NULL
missed	635421	A>B	Fabijoniškės–Ateities g.–Jeruzalė–Bajorai	1360	NULL	NULL	NULL	NULL	NULL	NULL	NULL	57	Autobusai	57	01		1383	NULL	NULL	NULL
missed	663261	B>A	Guriai–Kalnėnai–Minsko pl.–Dzūkų g.–Stotis	326	NULL	NULL	NULL	NULL	NULL	NULL	NULL	58	Autobusai	58	01		351	NULL	NULL	NULL
missed	663261	A>B	Stotis–Dzūkų g.–Minsko pl.–Kalnėnai–Guriai	358	NULL	NULL	NULL	NULL	NULL	NULL	NULL	58	Autobusai	58	01		384	NULL	NULL	NULL
missed	663261	B>A	Guriai–Kalnėnai–Minsko pl.–Dzūkų g.–Stotis	389	NULL	NULL	NULL	NULL	NULL	NULL	NULL	58	Autobusai	58	01		414	NULL	NULL	NULL
missed	663261	A>B	Stotis–Dzūkų g.–Minsko pl.–Kalnėnai–Guriai	421	NULL	NULL	NULL	NULL	NULL	NULL	NULL	58	Autobusai	58	01		447	NULL	NULL	NULL
missed	663261	B>A	Guriai–Kalnėnai–Minsko pl.–Dzūkų g.–Stotis	452	NULL	NULL	NULL	NULL	NULL	NULL	NULL	58	Autobusai	58	01		481	NULL	NULL	NULL
missed	663261	A>B	Stotis–Dzūkų g.–Minsko pl.–Kalnėnai–Guriai	492	NULL	NULL	NULL	NULL	NULL	NULL	NULL	58	Autobusai	58	01		520	NULL	NULL	NULL
missed	663261	B>A	Guriai–Kalnėnai–Minsko pl.–Dzūkų g.–Stotis	525	NULL	NULL	NULL	NULL	NULL	NULL	NULL	58	Autobusai	58	01		550	NULL	NULL	NULL
missed	663261	A>B	Stotis–Dzūkų g.–Minsko pl.–Kalnėnai–Guriai	583	NULL	NULL	NULL	NULL	NULL	NULL	NULL	58	Autobusai	58	01		609	NULL	NULL	NULL
missed	663261	B>A	Guriai–Kalnėnai–Minsko pl.–Dzūkų g.–Stotis	614	NULL	NULL	NULL	NULL	NULL	NULL	NULL	58	Autobusai	58	01		639	NULL	NULL	NULL
missed	663261	A>B	Stotis–Dzūkų g.–Minsko pl.–Kalnėnai–Guriai	644	NULL	NULL	NULL	NULL	NULL	NULL	NULL	58	Autobusai	58	01		670	NULL	NULL	NULL
missed	663261	B>A	Guriai–Kalnėnai–Minsko pl.–Dzūkų g.–Stotis	675	NULL	NULL	NULL	NULL	NULL	NULL	NULL	58	Autobusai	58	01		700	NULL	NULL	NULL
missed	663261	A>B	Stotis–Dzūkų g.–Minsko pl.–Kalnėnai–Guriai	705	NULL	NULL	NULL	NULL	NULL	NULL	NULL	58	Autobusai	58	01		731	NULL	NULL	NULL
missed	663261	B>A	Guriai–Kalnėnai–Minsko pl.–Dzūkų g.–Stotis	736	NULL	NULL	NULL	NULL	NULL	NULL	NULL	58	Autobusai	58	01		761	NULL	NULL	NULL
missed	663261	A>B	Stotis–Dzūkų g.–Minsko pl.–Kalnėnai–Guriai	766	NULL	NULL	NULL	NULL	NULL	NULL	NULL	58	Autobusai	58	01		792	NULL	NULL	NULL
missed	663261	B>A	Guriai–Kalnėnai–Minsko pl.–Dzūkų g.–Stotis	797	NULL	NULL	NULL	NULL	NULL	NULL	NULL	58	Autobusai	58	01		822	NULL	NULL	NULL
missed	663261	A>B	Stotis–Dzūkų g.–Minsko pl.–Kalnėnai–Guriai	828	NULL	NULL	NULL	NULL	NULL	NULL	NULL	58	Autobusai	58	01		854	NULL	NULL	NULL
missed	663261	B>A	Guriai–Kalnėnai–Minsko pl.–Dzūkų g.–Stotis	864	NULL	NULL	NULL	NULL	NULL	NULL	NULL	58	Autobusai	58	01		889	NULL	NULL	NULL
missed	663261	A>B	Stotis–Dzūkų g.–Minsko pl.–Kalnėnai–Guriai	894	NULL	NULL	NULL	NULL	NULL	NULL	NULL	58	Autobusai	58	01		920	NULL	NULL	NULL
missed	663261	B>A	Guriai–Kalnėnai–Minsko pl.–Dzūkų g.–Stotis	925	NULL	NULL	NULL	NULL	NULL	NULL	NULL	58	Autobusai	58	01		950	NULL	NULL	NULL
missed	663261	A>B	Stotis–Dzūkų g.–Minsko pl.–Kalnėnai–Guriai	957	NULL	NULL	NULL	NULL	NULL	NULL	NULL	58	Autobusai	58	01		983	NULL	NULL	NULL
missed	663261	B>A	Guriai–Kalnėnai–Minsko pl.–Dzūkų g.–Stotis	988	NULL	NULL	NULL	NULL	NULL	NULL	NULL	58	Autobusai	58	01		1013	NULL	NULL	NULL
missed	663261	A>B	Stotis–Dzūkų g.–Minsko pl.–Kalnėnai–Guriai	1023	NULL	NULL	NULL	NULL	NULL	NULL	NULL	58	Autobusai	58	01		1051	NULL	NULL	NULL
missed	663261	B>A	Guriai–Kalnėnai–Minsko pl.–Dzūkų g.–Stotis	1056	NULL	NULL	NULL	NULL	NULL	NULL	NULL	58	Autobusai	58	01		1081	NULL	NULL	NULL
missed	663261	A>B	Stotis–Dzūkų g.–Minsko pl.–Kalnėnai–Guriai	1123	NULL	NULL	NULL	NULL	NULL	NULL	NULL	58	Autobusai	58	01		1151	NULL	NULL	NULL
missed	663261	B>A	Guriai–Kalnėnai–Minsko pl.–Dzūkų g.–Stotis	1156	NULL	NULL	NULL	NULL	NULL	NULL	NULL	58	Autobusai	58	01		1181	NULL	NULL	NULL
missed	663261	A>B	Stotis–Dzūkų g.–Minsko pl.–Kalnėnai–Guriai	1191	NULL	NULL	NULL	NULL	NULL	NULL	NULL	58	Autobusai	58	01		1217	NULL	NULL	NULL
missed	663261	B>A	Guriai–Kalnėnai–Minsko pl.–Dzūkų g.–Stotis	1222	NULL	NULL	NULL	NULL	NULL	NULL	NULL	58	Autobusai	58	01		1247	NULL	NULL	NULL
missed	663261	A>B	Stotis–Dzūkų g.–Minsko pl.–Kalnėnai–Guriai	1257	NULL	NULL	NULL	NULL	NULL	NULL	NULL	58	Autobusai	58	01		1283	NULL	NULL	NULL
missed	663261	B>A	Guriai–Kalnėnai–Minsko pl.–Dzūkų g.–Stotis	1288	NULL	NULL	NULL	NULL	NULL	NULL	NULL	58	Autobusai	58	01		1313	NULL	NULL	NULL
missed	663261	A>B	Stotis–Dzūkų g.–Minsko pl.–Kalnėnai–Guriai	1332	NULL	NULL	NULL	NULL	NULL	NULL	NULL	58	Autobusai	58	01		1358	NULL	NULL	NULL
missed	663261	B>A	Guriai–Kalnėnai–Minsko pl.–Dzūkų g.–Stotis	1363	NULL	NULL	NULL	NULL	NULL	NULL	NULL	58	Autobusai	58	01		1388	NULL	NULL	NULL
missed	663262	A>B	Stotis–Dzūkų g.–Minsko pl.–Kalnėnai–Guriai	327	NULL	NULL	NULL	NULL	NULL	NULL	NULL	58	Autobusai	58	02		353	NULL	NULL	NULL
missed	663262	B>A	Guriai–Kalnėnai–Minsko pl.–Dzūkų g.–Stotis	358	NULL	NULL	NULL	NULL	NULL	NULL	NULL	58	Autobusai	58	02		383	NULL	NULL	NULL
missed	663262	A>B	Stotis–Dzūkų g.–Minsko pl.–Kalnėnai–Guriai	389	NULL	NULL	NULL	NULL	NULL	NULL	NULL	58	Autobusai	58	02		415	NULL	NULL	NULL
missed	663262	B>A	Guriai–Kalnėnai–Minsko pl.–Dzūkų g.–Stotis	420	NULL	NULL	NULL	NULL	NULL	NULL	NULL	58	Autobusai	58	02		449	NULL	NULL	NULL
missed	663262	A>B	Stotis–Dzūkų g.–Minsko pl.–Kalnėnai–Guriai	456	NULL	NULL	NULL	NULL	NULL	NULL	NULL	58	Autobusai	58	02		486	NULL	NULL	NULL
missed	663262	B>A	Guriai–Kalnėnai–Minsko pl.–Dzūkų g.–Stotis	492	NULL	NULL	NULL	NULL	NULL	NULL	NULL	58	Autobusai	58	02		519	NULL	NULL	NULL
missed	663262	A>B	Stotis–Dzūkų g.–Minsko pl.–Kalnėnai–Guriai	526	NULL	NULL	NULL	NULL	NULL	NULL	NULL	58	Autobusai	58	02		552	NULL	NULL	NULL
missed	663262	B>A	Guriai–Kalnėnai–Minsko pl.–Dzūkų g.–Stotis	557	NULL	NULL	NULL	NULL	NULL	NULL	NULL	58	Autobusai	58	02		582	NULL	NULL	NULL
missed	663262	A>B	Stotis–Dzūkų g.–Minsko pl.–Kalnėnai–Guriai	926	NULL	NULL	NULL	NULL	NULL	NULL	NULL	58	Autobusai	58	02		952	NULL	NULL	NULL
missed	663262	B>A	Guriai–Kalnėnai–Minsko pl.–Dzūkų g.–Stotis	957	NULL	NULL	NULL	NULL	NULL	NULL	NULL	58	Autobusai	58	02		982	NULL	NULL	NULL
missed	663262	A>B	Stotis–Dzūkų g.–Minsko pl.–Kalnėnai–Guriai	990	NULL	NULL	NULL	NULL	NULL	NULL	NULL	58	Autobusai	58	02		1016	NULL	NULL	NULL
missed	663262	B>A	Guriai–Kalnėnai–Minsko pl.–Dzūkų g.–Stotis	1022	NULL	NULL	NULL	NULL	NULL	NULL	NULL	58	Autobusai	58	02		1047	NULL	NULL	NULL
missed	663262	A>B	Stotis–Dzūkų g.–Minsko pl.–Kalnėnai–Guriai	1056	NULL	NULL	NULL	NULL	NULL	NULL	NULL	58	Autobusai	58	02		1084	NULL	NULL	NULL
missed	663262	B>A	Guriai–Kalnėnai–Minsko pl.–Dzūkų g.–Stotis	1089	NULL	NULL	NULL	NULL	NULL	NULL	NULL	58	Autobusai	58	02		1114	NULL	NULL	NULL
missed	663083	A>B	Grigiškės–Lazdynai–Laisvės pr.–Žvėrynas	333	NULL	NULL	NULL	NULL	NULL	NULL	NULL	59	Autobusai	59	01-Ž		367	NULL	NULL	NULL
missed	663083	B>A	Žvėrynas–Laisvės pr.–Lazdynai–Grigiškės	375	NULL	NULL	NULL	NULL	NULL	NULL	NULL	59	Autobusai	59	01-Ž		408	NULL	NULL	NULL
missed	663083	A>B	Grigiškės–Lazdynai–Laisvės pr.–Žvėrynas	408	NULL	NULL	NULL	NULL	NULL	NULL	NULL	59	Autobusai	59	01-Ž		445	NULL	NULL	NULL
missed	663083	B>A	Žvėrynas–Laisvės pr.–Lazdynai–Grigiškės	458	NULL	NULL	NULL	NULL	NULL	NULL	NULL	59	Autobusai	59	01-Ž		491	NULL	NULL	NULL
missed	663083	A>B	Grigiškės–Lazdynai–Laisvės pr.–Žvėrynas	491	NULL	NULL	NULL	NULL	NULL	NULL	NULL	59	Autobusai	59	01-Ž		528	NULL	NULL	NULL
missed	663083	B>A	Žvėrynas–Laisvės pr.–Lazdynai–Grigiškės	541	NULL	NULL	NULL	NULL	NULL	NULL	NULL	59	Autobusai	59	01-Ž		574	NULL	NULL	NULL
missed	663083	A>B	Grigiškės–Lazdynai–Laisvės pr.–Žvėrynas	574	NULL	NULL	NULL	NULL	NULL	NULL	NULL	59	Autobusai	59	01-Ž		608	NULL	NULL	NULL
missed	663083	B>A	Žvėrynas–Laisvės pr.–Lazdynai–Grigiškės	643	NULL	NULL	NULL	NULL	NULL	NULL	NULL	59	Autobusai	59	01-Ž		676	NULL	NULL	NULL
missed	663083	A>B	Grigiškės–Lazdynai–Laisvės pr.–Žvėrynas	676	NULL	NULL	NULL	NULL	NULL	NULL	NULL	59	Autobusai	59	01-Ž		710	NULL	NULL	NULL
missed	663083	B>A	Žvėrynas–Laisvės pr.–Lazdynai–Grigiškės	720	NULL	NULL	NULL	NULL	NULL	NULL	NULL	59	Autobusai	59	01-Ž		753	NULL	NULL	NULL
missed	663083	A>B	Grigiškės–Lazdynai–Laisvės pr.–Žvėrynas	753	NULL	NULL	NULL	NULL	NULL	NULL	NULL	59	Autobusai	59	01-Ž		787	NULL	NULL	NULL
missed	663083	B>A	Žvėrynas–Laisvės pr.–Lazdynai–Grigiškės	798	NULL	NULL	NULL	NULL	NULL	NULL	NULL	59	Autobusai	59	01-Ž		831	NULL	NULL	NULL
missed	663083	A>B	Grigiškės–Lazdynai–Laisvės pr.–Žvėrynas	844	NULL	NULL	NULL	NULL	NULL	NULL	NULL	59	Autobusai	59	01-Ž		878	NULL	NULL	NULL
missed	663083	B>A	Žvėrynas–Laisvės pr.–Lazdynai–Grigiškės	888	NULL	NULL	NULL	NULL	NULL	NULL	NULL	59	Autobusai	59	01-Ž		921	NULL	NULL	NULL
missed	663083	A>B	Grigiškės–Lazdynai–Laisvės pr.–Žvėrynas	921	NULL	NULL	NULL	NULL	NULL	NULL	NULL	59	Autobusai	59	01-Ž		955	NULL	NULL	NULL
missed	663083	B>A	Žvėrynas–Laisvės pr.–Lazdynai–Grigiškės	968	NULL	NULL	NULL	NULL	NULL	NULL	NULL	59	Autobusai	59	01-Ž		1001	NULL	NULL	NULL
missed	663083	A>B	Grigiškės–Lazdynai–Laisvės pr.–Žvėrynas	1001	NULL	NULL	NULL	NULL	NULL	NULL	NULL	59	Autobusai	59	01-Ž		1035	NULL	NULL	NULL
missed	663083	B>A	Žvėrynas–Laisvės pr.–Lazdynai–Grigiškės	1052	NULL	NULL	NULL	NULL	NULL	NULL	NULL	59	Autobusai	59	01-Ž		1085	NULL	NULL	NULL
missed	663083	A>B	Grigiškės–Lazdynai–Laisvės pr.–Žvėrynas	1085	NULL	NULL	NULL	NULL	NULL	NULL	NULL	59	Autobusai	59	01-Ž		1119	NULL	NULL	NULL
missed	663083	B>A	Žvėrynas–Laisvės pr.–Lazdynai–Grigiškės	1151	NULL	NULL	NULL	NULL	NULL	NULL	NULL	59	Autobusai	59	01-Ž		1184	NULL	NULL	NULL
missed	663083	A>B	Grigiškės–Lazdynai–Laisvės pr.–Žvėrynas	1184	NULL	NULL	NULL	NULL	NULL	NULL	NULL	59	Autobusai	59	01-Ž		1218	NULL	NULL	NULL
missed	663083	B>A	Žvėrynas–Laisvės pr.–Lazdynai–Grigiškės	1228	NULL	NULL	NULL	NULL	NULL	NULL	NULL	59	Autobusai	59	01-Ž		1261	NULL	NULL	NULL
missed	663083	A>B	Grigiškės–Lazdynai–Laisvės pr.–Žvėrynas	1261	NULL	NULL	NULL	NULL	NULL	NULL	NULL	59	Autobusai	59	01-Ž		1295	NULL	NULL	NULL
missed	663083	B>A	Žvėrynas–Laisvės pr.–Lazdynai–Grigiškės	1312	NULL	NULL	NULL	NULL	NULL	NULL	NULL	59	Autobusai	59	01-Ž		1345	NULL	NULL	NULL
missed	663082	A>B	Grigiškės–Lazdynai–Laisvės pr.–Žvėrynas	383	NULL	NULL	NULL	NULL	NULL	NULL	NULL	59	Autobusai	59	02		417	NULL	NULL	NULL
missed	663082	B>A	Žvėrynas–Laisvės pr.–Lazdynai–Grigiškės	426	NULL	NULL	NULL	NULL	NULL	NULL	NULL	59	Autobusai	59	02		461	NULL	NULL	NULL
missed	663082	A>B	Grigiškės–Lazdynai–Laisvės pr.–Žvėrynas	461	NULL	NULL	NULL	NULL	NULL	NULL	NULL	59	Autobusai	59	02		498	NULL	NULL	NULL
missed	663082	B>A	Žvėrynas–Laisvės pr.–Lazdynai–Grigiškės	510	NULL	NULL	NULL	NULL	NULL	NULL	NULL	59	Autobusai	59	02		545	NULL	NULL	NULL
missed	663082	A>B	Grigiškės–Lazdynai–Laisvės pr.–Žvėrynas	545	NULL	NULL	NULL	NULL	NULL	NULL	NULL	59	Autobusai	59	02		579	NULL	NULL	NULL
missed	663082	B>A	Žvėrynas–Laisvės pr.–Lazdynai–Grigiškės	932	NULL	NULL	NULL	NULL	NULL	NULL	NULL	59	Autobusai	59	02		966	NULL	NULL	NULL
missed	663082	A>B	Grigiškės–Lazdynai–Laisvės pr.–Žvėrynas	966	NULL	NULL	NULL	NULL	NULL	NULL	NULL	59	Autobusai	59	02		1000	NULL	NULL	NULL
missed	663082	B>A	Žvėrynas–Laisvės pr.–Lazdynai–Grigiškės	1018	NULL	NULL	NULL	NULL	NULL	NULL	NULL	59	Autobusai	59	02		1052	NULL	NULL	NULL
missed	663082	A>B	Grigiškės–Lazdynai–Laisvės pr.–Žvėrynas	1052	NULL	NULL	NULL	NULL	NULL	NULL	NULL	59	Autobusai	59	02		1086	NULL	NULL	NULL
missed	663082	B>A	Žvėrynas–Laisvės pr.–Lazdynai–Grigiškės	1105	NULL	NULL	NULL	NULL	NULL	NULL	NULL	59	Autobusai	59	02		1139	NULL	NULL	NULL
missed	663084	B>A	Žvėrynas–Laisvės pr.–Lazdynai–Grigiškės	323	NULL	NULL	NULL	NULL	NULL	NULL	NULL	59	Autobusai	59	03		357	NULL	NULL	NULL
missed	663084	A>B	Grigiškės–Lazdynai–Laisvės pr.–Žvėrynas	357	NULL	NULL	NULL	NULL	NULL	NULL	NULL	59	Autobusai	59	03		391	NULL	NULL	NULL
missed	663084	B>A	Žvėrynas–Laisvės pr.–Lazdynai–Grigiškės	400	NULL	NULL	NULL	NULL	NULL	NULL	NULL	59	Autobusai	59	03		434	NULL	NULL	NULL
missed	663084	A>B	Grigiškės–Lazdynai–Laisvės pr.–Žvėrynas	434	NULL	NULL	NULL	NULL	NULL	NULL	NULL	59	Autobusai	59	03		471	NULL	NULL	NULL
missed	663084	B>A	Žvėrynas–Laisvės pr.–Lazdynai–Grigiškės	479	NULL	NULL	NULL	NULL	NULL	NULL	NULL	59	Autobusai	59	03		512	NULL	NULL	NULL
missed	663084	A>B	Grigiškės–Lazdynai–Laisvės pr.–Žvėrynas	512	NULL	NULL	NULL	NULL	NULL	NULL	NULL	59	Autobusai	59	03		546	NULL	NULL	NULL
missed	663084	B>A	Žvėrynas–Laisvės pr.–Lazdynai–Grigiškės	586	NULL	NULL	NULL	NULL	NULL	NULL	NULL	59	Autobusai	59	03		619	NULL	NULL	NULL
missed	663084	A>B	Grigiškės–Lazdynai–Laisvės pr.–Žvėrynas	619	NULL	NULL	NULL	NULL	NULL	NULL	NULL	59	Autobusai	59	03		653	NULL	NULL	NULL
missed	663084	B>A	Žvėrynas–Laisvės pr.–Lazdynai–Grigiškės	670	NULL	NULL	NULL	NULL	NULL	NULL	NULL	59	Autobusai	59	03		703	NULL	NULL	NULL
missed	663084	A>B	Grigiškės–Lazdynai–Laisvės pr.–Žvėrynas	703	NULL	NULL	NULL	NULL	NULL	NULL	NULL	59	Autobusai	59	03		737	NULL	NULL	NULL
missed	663084	B>A	Žvėrynas–Laisvės pr.–Lazdynai–Grigiškės	748	NULL	NULL	NULL	NULL	NULL	NULL	NULL	59	Autobusai	59	03		781	NULL	NULL	NULL
missed	663084	A>B	Grigiškės–Lazdynai–Laisvės pr.–Žvėrynas	781	NULL	NULL	NULL	NULL	NULL	NULL	NULL	59	Autobusai	59	03		815	NULL	NULL	NULL
missed	663084	B>A	Žvėrynas–Laisvės pr.–Lazdynai–Grigiškės	833	NULL	NULL	NULL	NULL	NULL	NULL	NULL	59	Autobusai	59	03		866	NULL	NULL	NULL
missed	663084	A>B	Grigiškės–Lazdynai–Laisvės pr.–Žvėrynas	866	NULL	NULL	NULL	NULL	NULL	NULL	NULL	59	Autobusai	59	03		900	NULL	NULL	NULL
missed	663084	B>A	Žvėrynas–Laisvės pr.–Lazdynai–Grigiškės	910	NULL	NULL	NULL	NULL	NULL	NULL	NULL	59	Autobusai	59	03		943	NULL	NULL	NULL
missed	663084	A>B	Grigiškės–Lazdynai–Laisvės pr.–Žvėrynas	943	NULL	NULL	NULL	NULL	NULL	NULL	NULL	59	Autobusai	59	03		977	NULL	NULL	NULL
missed	663084	B>A	Žvėrynas–Laisvės pr.–Lazdynai–Grigiškės	988	NULL	NULL	NULL	NULL	NULL	NULL	NULL	59	Autobusai	59	03		1021	NULL	NULL	NULL
missed	663084	A>B	Grigiškės–Lazdynai–Laisvės pr.–Žvėrynas	1021	NULL	NULL	NULL	NULL	NULL	NULL	NULL	59	Autobusai	59	03		1055	NULL	NULL	NULL
missed	663084	B>A	Žvėrynas–Laisvės pr.–Lazdynai–Grigiškės	1085	NULL	NULL	NULL	NULL	NULL	NULL	NULL	59	Autobusai	59	03		1118	NULL	NULL	NULL
missed	663084	A>B	Grigiškės–Lazdynai–Laisvės pr.–Žvėrynas	1118	NULL	NULL	NULL	NULL	NULL	NULL	NULL	59	Autobusai	59	03		1152	NULL	NULL	NULL
missed	663084	B>A	Žvėrynas–Laisvės pr.–Lazdynai–Grigiškės	1182	NULL	NULL	NULL	NULL	NULL	NULL	NULL	59	Autobusai	59	03		1215	NULL	NULL	NULL
missed	663084	A>B	Grigiškės–Lazdynai–Laisvės pr.–Žvėrynas	1215	NULL	NULL	NULL	NULL	NULL	NULL	NULL	59	Autobusai	59	03		1249	NULL	NULL	NULL
missed	663084	B>A	Žvėrynas–Laisvės pr.–Lazdynai–Grigiškės	1267	NULL	NULL	NULL	NULL	NULL	NULL	NULL	59	Autobusai	59	03		1300	NULL	NULL	NULL
missed	663084	A>B	Grigiškės–Lazdynai–Laisvės pr.–Žvėrynas	1300	NULL	NULL	NULL	NULL	NULL	NULL	NULL	59	Autobusai	59	03		1334	NULL	NULL	NULL
missed	663084	B>A	Žvėrynas–Laisvės pr.–Lazdynai–Grigiškės	1348	NULL	NULL	NULL	NULL	NULL	NULL	NULL	59	Autobusai	59	03		1381	NULL	NULL	NULL
missed	614680	B>A	Saulėtekis–Ozo g.–Pašilaičiai	323	NULL	NULL	NULL	NULL	NULL	NULL	NULL	5G	Autobusai	5G	01-ž		356	NULL	NULL	NULL
missed	614680	A>B	Pašilaičiai–Ozo g.–Saulėtekis	366	NULL	NULL	NULL	NULL	NULL	NULL	NULL	5G	Autobusai	5G	01-ž		401	NULL	NULL	NULL
missed	614680	B>A	Saulėtekis–Ozo g.–Pašilaičiai	411	NULL	NULL	NULL	NULL	NULL	NULL	NULL	5G	Autobusai	5G	01-ž		447	NULL	NULL	NULL
missed	614680	A>B	Pašilaičiai–Ozo g.–Saulėtekis	458	NULL	NULL	NULL	NULL	NULL	NULL	NULL	5G	Autobusai	5G	01-ž		501	NULL	NULL	NULL
missed	614680	B>A	Saulėtekis–Ozo g.–Pašilaičiai	511	NULL	NULL	NULL	NULL	NULL	NULL	NULL	5G	Autobusai	5G	01-ž		549	NULL	NULL	NULL
missed	614680	A>B	Pašilaičiai–Ozo g.–Saulėtekis	559	NULL	NULL	NULL	NULL	NULL	NULL	NULL	5G	Autobusai	5G	01-ž		597	NULL	NULL	NULL
missed	614680	B>A	Saulėtekis–Ozo g.–Pašilaičiai	627	NULL	NULL	NULL	NULL	NULL	NULL	NULL	5G	Autobusai	5G	01-ž		662	NULL	NULL	NULL
missed	614680	A>B	Pašilaičiai–Ozo g.–Saulėtekis	672	NULL	NULL	NULL	NULL	NULL	NULL	NULL	5G	Autobusai	5G	01-ž		710	NULL	NULL	NULL
missed	614680	B>A	Saulėtekis–Ozo g.–Pašilaičiai	720	NULL	NULL	NULL	NULL	NULL	NULL	NULL	5G	Autobusai	5G	01-ž		755	NULL	NULL	NULL
missed	614680	A>B	Pašilaičiai–Ozo g.–Saulėtekis	765	NULL	NULL	NULL	NULL	NULL	NULL	NULL	5G	Autobusai	5G	01-ž		803	NULL	NULL	NULL
missed	614680	B>A	Saulėtekis–Ozo g.–Pašilaičiai	813	NULL	NULL	NULL	NULL	NULL	NULL	NULL	5G	Autobusai	5G	01-ž		848	NULL	NULL	NULL
missed	614680	A>B	Pašilaičiai–Ozo g.–Saulėtekis	858	NULL	NULL	NULL	NULL	NULL	NULL	NULL	5G	Autobusai	5G	01-ž		896	NULL	NULL	NULL
missed	614680	B>A	Saulėtekis–Ozo g.–Pašilaičiai	906	NULL	NULL	NULL	NULL	NULL	NULL	NULL	5G	Autobusai	5G	01-ž		941	NULL	NULL	NULL
missed	614680	A>B	Pašilaičiai–Ozo g.–Saulėtekis	951	NULL	NULL	NULL	NULL	NULL	NULL	NULL	5G	Autobusai	5G	01-ž		989	NULL	NULL	NULL
missed	614680	B>A	Saulėtekis–Ozo g.–Pašilaičiai	999	NULL	NULL	NULL	NULL	NULL	NULL	NULL	5G	Autobusai	5G	01-ž		1036	NULL	NULL	NULL
missed	614680	A>B	Pašilaičiai–Ozo g.–Saulėtekis	1048	NULL	NULL	NULL	NULL	NULL	NULL	NULL	5G	Autobusai	5G	01-ž		1087	NULL	NULL	NULL
missed	614680	B>A	Saulėtekis–Ozo g.–Pašilaičiai	1117	NULL	NULL	NULL	NULL	NULL	NULL	NULL	5G	Autobusai	5G	01-ž		1155	NULL	NULL	NULL
missed	614680	A>B	Pašilaičiai–Ozo g.–Saulėtekis	1165	NULL	NULL	NULL	NULL	NULL	NULL	NULL	5G	Autobusai	5G	01-ž		1200	NULL	NULL	NULL
missed	614680	B>A	Saulėtekis–Ozo g.–Pašilaičiai	1210	NULL	NULL	NULL	NULL	NULL	NULL	NULL	5G	Autobusai	5G	01-ž		1246	NULL	NULL	NULL
missed	614680	A>B	Pašilaičiai–Ozo g.–Saulėtekis	1256	NULL	NULL	NULL	NULL	NULL	NULL	NULL	5G	Autobusai	5G	01-ž		1291	NULL	NULL	NULL
missed	614680	B>A	Saulėtekis–Ozo g.–Pašilaičiai	1301	NULL	NULL	NULL	NULL	NULL	NULL	NULL	5G	Autobusai	5G	01-ž		1334	NULL	NULL	NULL
missed	614680	A>B	Pašilaičiai–Ozo g.–Saulėtekis	1344	NULL	NULL	NULL	NULL	NULL	NULL	NULL	5G	Autobusai	5G	01-ž		1379	NULL	NULL	NULL
missed	614682	A>B	Pašilaičiai–Ozo g.–Saulėtekis	401	NULL	NULL	NULL	NULL	NULL	NULL	NULL	5G	Autobusai	5G	02		438	NULL	NULL	NULL
missed	614682	B>A	Saulėtekis–Ozo g.–Pašilaičiai	448	NULL	NULL	NULL	NULL	NULL	NULL	NULL	5G	Autobusai	5G	02		485	NULL	NULL	NULL
missed	614682	A>B	Pašilaičiai–Ozo g.–Saulėtekis	495	NULL	NULL	NULL	NULL	NULL	NULL	NULL	5G	Autobusai	5G	02		539	NULL	NULL	NULL
missed	614682	B>A	Saulėtekis–Ozo g.–Pašilaičiai	549	NULL	NULL	NULL	NULL	NULL	NULL	NULL	5G	Autobusai	5G	02		586	NULL	NULL	NULL
missed	614682	A>B	Pašilaičiai–Ozo g.–Saulėtekis	596	NULL	NULL	NULL	NULL	NULL	NULL	NULL	5G	Autobusai	5G	02		634	NULL	NULL	NULL
missed	614682	B>A	Saulėtekis–Ozo g.–Pašilaičiai	930	NULL	NULL	NULL	NULL	NULL	NULL	NULL	5G	Autobusai	5G	02		965	NULL	NULL	NULL
missed	614682	A>B	Pašilaičiai–Ozo g.–Saulėtekis	975	NULL	NULL	NULL	NULL	NULL	NULL	NULL	5G	Autobusai	5G	02		1014	NULL	NULL	NULL
missed	614682	B>A	Saulėtekis–Ozo g.–Pašilaičiai	1024	NULL	NULL	NULL	NULL	NULL	NULL	NULL	5G	Autobusai	5G	02		1068	NULL	NULL	NULL
missed	614682	A>B	Pašilaičiai–Ozo g.–Saulėtekis	1078	NULL	NULL	NULL	NULL	NULL	NULL	NULL	5G	Autobusai	5G	02		1114	NULL	NULL	NULL
missed	614684	B>A	Saulėtekis–Ozo g.–Pašilaičiai	338	NULL	NULL	NULL	NULL	NULL	NULL	NULL	5G	Autobusai	5G	03		371	NULL	NULL	NULL
missed	614684	A>B	Pašilaičiai–Ozo g.–Saulėtekis	381	NULL	NULL	NULL	NULL	NULL	NULL	NULL	5G	Autobusai	5G	03		416	NULL	NULL	NULL
missed	614684	B>A	Saulėtekis–Ozo g.–Pašilaičiai	426	NULL	NULL	NULL	NULL	NULL	NULL	NULL	5G	Autobusai	5G	03		463	NULL	NULL	NULL
missed	614684	A>B	Pašilaičiai–Ozo g.–Saulėtekis	473	NULL	NULL	NULL	NULL	NULL	NULL	NULL	5G	Autobusai	5G	03		516	NULL	NULL	NULL
missed	614684	B>A	Saulėtekis–Ozo g.–Pašilaičiai	526	NULL	NULL	NULL	NULL	NULL	NULL	NULL	5G	Autobusai	5G	03		563	NULL	NULL	NULL
missed	614684	A>B	Pašilaičiai–Ozo g.–Saulėtekis	573	NULL	NULL	NULL	NULL	NULL	NULL	NULL	5G	Autobusai	5G	03		611	NULL	NULL	NULL
missed	614684	B>A	Saulėtekis–Ozo g.–Pašilaičiai	646	NULL	NULL	NULL	NULL	NULL	NULL	NULL	5G	Autobusai	5G	03		681	NULL	NULL	NULL
missed	614684	A>B	Pašilaičiai–Ozo g.–Saulėtekis	691	NULL	NULL	NULL	NULL	NULL	NULL	NULL	5G	Autobusai	5G	03		729	NULL	NULL	NULL
missed	614684	B>A	Saulėtekis–Ozo g.–Pašilaičiai	739	NULL	NULL	NULL	NULL	NULL	NULL	NULL	5G	Autobusai	5G	03		774	NULL	NULL	NULL
missed	614684	A>B	Pašilaičiai–Ozo g.–Saulėtekis	784	NULL	NULL	NULL	NULL	NULL	NULL	NULL	5G	Autobusai	5G	03		822	NULL	NULL	NULL
missed	614684	B>A	Saulėtekis–Ozo g.–Pašilaičiai	832	NULL	NULL	NULL	NULL	NULL	NULL	NULL	5G	Autobusai	5G	03		867	NULL	NULL	NULL
missed	614684	A>B	Pašilaičiai–Ozo g.–Saulėtekis	877	NULL	NULL	NULL	NULL	NULL	NULL	NULL	5G	Autobusai	5G	03		915	NULL	NULL	NULL
missed	614684	B>A	Saulėtekis–Ozo g.–Pašilaičiai	925	NULL	NULL	NULL	NULL	NULL	NULL	NULL	5G	Autobusai	5G	03		960	NULL	NULL	NULL
missed	614684	A>B	Pašilaičiai–Ozo g.–Saulėtekis	970	NULL	NULL	NULL	NULL	NULL	NULL	NULL	5G	Autobusai	5G	03		1008	NULL	NULL	NULL
missed	614684	B>A	Saulėtekis–Ozo g.–Pašilaičiai	1018	NULL	NULL	NULL	NULL	NULL	NULL	NULL	5G	Autobusai	5G	03		1060	NULL	NULL	NULL
missed	614684	A>B	Pašilaičiai–Ozo g.–Saulėtekis	1070	NULL	NULL	NULL	NULL	NULL	NULL	NULL	5G	Autobusai	5G	03		1106	NULL	NULL	NULL
missed	614684	B>A	Saulėtekis–Ozo g.–Pašilaičiai	1142	NULL	NULL	NULL	NULL	NULL	NULL	NULL	5G	Autobusai	5G	03		1179	NULL	NULL	NULL
missed	614684	A>B	Pašilaičiai–Ozo g.–Saulėtekis	1189	NULL	NULL	NULL	NULL	NULL	NULL	NULL	5G	Autobusai	5G	03		1224	NULL	NULL	NULL
missed	614684	B>A	Saulėtekis–Ozo g.–Pašilaičiai	1238	NULL	NULL	NULL	NULL	NULL	NULL	NULL	5G	Autobusai	5G	03		1273	NULL	NULL	NULL
missed	614684	A>B	Pašilaičiai–Ozo g.–Saulėtekis	1283	NULL	NULL	NULL	NULL	NULL	NULL	NULL	5G	Autobusai	5G	03		1318	NULL	NULL	NULL
missed	614687	A>B	Pašilaičiai–Ozo g.–Saulėtekis	406	NULL	NULL	NULL	NULL	NULL	NULL	NULL	5G	Autobusai	5G	04		444	NULL	NULL	NULL
missed	614687	B>A	Saulėtekis–Ozo g.–Pašilaičiai	454	NULL	NULL	NULL	NULL	NULL	NULL	NULL	5G	Autobusai	5G	04		491	NULL	NULL	NULL
missed	614687	A>B	Pašilaičiai–Ozo g.–Saulėtekis	502	NULL	NULL	NULL	NULL	NULL	NULL	NULL	5G	Autobusai	5G	04		545	NULL	NULL	NULL
missed	614687	B>A	Saulėtekis–Ozo g.–Pašilaičiai	555	NULL	NULL	NULL	NULL	NULL	NULL	NULL	5G	Autobusai	5G	04		592	NULL	NULL	NULL
missed	614687	A>B	Pašilaičiai–Ozo g.–Saulėtekis	602	NULL	NULL	NULL	NULL	NULL	NULL	NULL	5G	Autobusai	5G	04		640	NULL	NULL	NULL
missed	614687	B>A	Saulėtekis–Ozo g.–Pašilaičiai	941	NULL	NULL	NULL	NULL	NULL	NULL	NULL	5G	Autobusai	5G	04		977	NULL	NULL	NULL
missed	614687	A>B	Pašilaičiai–Ozo g.–Saulėtekis	987	NULL	NULL	NULL	NULL	NULL	NULL	NULL	5G	Autobusai	5G	04		1026	NULL	NULL	NULL
missed	614687	B>A	Saulėtekis–Ozo g.–Pašilaičiai	1037	NULL	NULL	NULL	NULL	NULL	NULL	NULL	5G	Autobusai	5G	04		1079	NULL	NULL	NULL
missed	614687	A>B	Pašilaičiai–Ozo g.–Saulėtekis	1092	NULL	NULL	NULL	NULL	NULL	NULL	NULL	5G	Autobusai	5G	04		1128	NULL	NULL	NULL
missed	614685	A>B	Pašilaičiai–Ozo g.–Saulėtekis	320	NULL	NULL	NULL	NULL	NULL	NULL	NULL	5G	Autobusai	5G	05-ž		355	NULL	NULL	NULL
missed	614685	B>A	Saulėtekis–Ozo g.–Pašilaičiai	365	NULL	NULL	NULL	NULL	NULL	NULL	NULL	5G	Autobusai	5G	05-ž		401	NULL	NULL	NULL
missed	614685	A>B	Pašilaičiai–Ozo g.–Saulėtekis	411	NULL	NULL	NULL	NULL	NULL	NULL	NULL	5G	Autobusai	5G	05-ž		453	NULL	NULL	NULL
missed	614685	B>A	Saulėtekis–Ozo g.–Pašilaičiai	463	NULL	NULL	NULL	NULL	NULL	NULL	NULL	5G	Autobusai	5G	05-ž		499	NULL	NULL	NULL
missed	614685	A>B	Pašilaičiai–Ozo g.–Saulėtekis	509	NULL	NULL	NULL	NULL	NULL	NULL	NULL	5G	Autobusai	5G	05-ž		552	NULL	NULL	NULL
missed	614685	B>A	Saulėtekis–Ozo g.–Pašilaičiai	562	NULL	NULL	NULL	NULL	NULL	NULL	NULL	5G	Autobusai	5G	05-ž		599	NULL	NULL	NULL
missed	614685	A>B	Pašilaičiai–Ozo g.–Saulėtekis	609	NULL	NULL	NULL	NULL	NULL	NULL	NULL	5G	Autobusai	5G	05-ž		647	NULL	NULL	NULL
missed	614685	B>A	Saulėtekis–Ozo g.–Pašilaičiai	680	NULL	NULL	NULL	NULL	NULL	NULL	NULL	5G	Autobusai	5G	05-ž		716	NULL	NULL	NULL
missed	614685	A>B	Pašilaičiai–Ozo g.–Saulėtekis	726	NULL	NULL	NULL	NULL	NULL	NULL	NULL	5G	Autobusai	5G	05-ž		764	NULL	NULL	NULL
missed	614685	B>A	Saulėtekis–Ozo g.–Pašilaičiai	774	NULL	NULL	NULL	NULL	NULL	NULL	NULL	5G	Autobusai	5G	05-ž		809	NULL	NULL	NULL
missed	614685	A>B	Pašilaičiai–Ozo g.–Saulėtekis	819	NULL	NULL	NULL	NULL	NULL	NULL	NULL	5G	Autobusai	5G	05-ž		857	NULL	NULL	NULL
missed	614685	B>A	Saulėtekis–Ozo g.–Pašilaičiai	867	NULL	NULL	NULL	NULL	NULL	NULL	NULL	5G	Autobusai	5G	05-ž		903	NULL	NULL	NULL
missed	614685	A>B	Pašilaičiai–Ozo g.–Saulėtekis	912	NULL	NULL	NULL	NULL	NULL	NULL	NULL	5G	Autobusai	5G	05-ž		950	NULL	NULL	NULL
missed	614685	B>A	Saulėtekis–Ozo g.–Pašilaičiai	960	NULL	NULL	NULL	NULL	NULL	NULL	NULL	5G	Autobusai	5G	05-ž		995	NULL	NULL	NULL
missed	614685	A>B	Pašilaičiai–Ozo g.–Saulėtekis	1005	NULL	NULL	NULL	NULL	NULL	NULL	NULL	5G	Autobusai	5G	05-ž		1044	NULL	NULL	NULL
missed	614685	B>A	Saulėtekis–Ozo g.–Pašilaičiai	1054	NULL	NULL	NULL	NULL	NULL	NULL	NULL	5G	Autobusai	5G	05-ž		1097	NULL	NULL	NULL
missed	614685	A>B	Pašilaičiai–Ozo g.–Saulėtekis	1110	NULL	NULL	NULL	NULL	NULL	NULL	NULL	5G	Autobusai	5G	05-ž		1146	NULL	NULL	NULL
missed	614685	B>A	Saulėtekis–Ozo g.–Pašilaičiai	1179	NULL	NULL	NULL	NULL	NULL	NULL	NULL	5G	Autobusai	5G	05-ž		1215	NULL	NULL	NULL
missed	614685	A>B	Pašilaičiai–Ozo g.–Saulėtekis	1225	NULL	NULL	NULL	NULL	NULL	NULL	NULL	5G	Autobusai	5G	05-ž		1260	NULL	NULL	NULL
missed	614685	B>A	Saulėtekis–Ozo g.–Pašilaičiai	1270	NULL	NULL	NULL	NULL	NULL	NULL	NULL	5G	Autobusai	5G	05-ž		1303	NULL	NULL	NULL
missed	614685	A>B	Pašilaičiai–Ozo g.–Saulėtekis	1313	NULL	NULL	NULL	NULL	NULL	NULL	NULL	5G	Autobusai	5G	05-ž		1348	NULL	NULL	NULL
missed	614688	A>B	Pašilaičiai–Ozo g.–Saulėtekis	416	NULL	NULL	NULL	NULL	NULL	NULL	NULL	5G	Autobusai	5G	06		459	NULL	NULL	NULL
missed	614688	B>A	Saulėtekis–Ozo g.–Pašilaičiai	469	NULL	NULL	NULL	NULL	NULL	NULL	NULL	5G	Autobusai	5G	06		507	NULL	NULL	NULL
missed	614688	A>B	Pašilaičiai–Ozo g.–Saulėtekis	517	NULL	NULL	NULL	NULL	NULL	NULL	NULL	5G	Autobusai	5G	06		559	NULL	NULL	NULL
missed	614688	B>A	Saulėtekis–Ozo g.–Pašilaičiai	571	NULL	NULL	NULL	NULL	NULL	NULL	NULL	5G	Autobusai	5G	06		608	NULL	NULL	NULL
missed	614688	A>B	Pašilaičiai–Ozo g.–Saulėtekis	618	NULL	NULL	NULL	NULL	NULL	NULL	NULL	5G	Autobusai	5G	06		656	NULL	NULL	NULL
missed	614688	B>A	Saulėtekis–Ozo g.–Pašilaičiai	953	NULL	NULL	NULL	NULL	NULL	NULL	NULL	5G	Autobusai	5G	06		989	NULL	NULL	NULL
missed	614688	A>B	Pašilaičiai–Ozo g.–Saulėtekis	999	NULL	NULL	NULL	NULL	NULL	NULL	NULL	5G	Autobusai	5G	06		1038	NULL	NULL	NULL
missed	614688	B>A	Saulėtekis–Ozo g.–Pašilaičiai	1048	NULL	NULL	NULL	NULL	NULL	NULL	NULL	5G	Autobusai	5G	06		1091	NULL	NULL	NULL
missed	614688	A>B	Pašilaičiai–Ozo g.–Saulėtekis	1104	NULL	NULL	NULL	NULL	NULL	NULL	NULL	5G	Autobusai	5G	06		1140	NULL	NULL	NULL
missed	614683	A>B	Pašilaičiai–Ozo g.–Saulėtekis	332	NULL	NULL	NULL	NULL	NULL	NULL	NULL	5G	Autobusai	5G	07		367	NULL	NULL	NULL
missed	614683	B>A	Saulėtekis–Ozo g.–Pašilaičiai	377	NULL	NULL	NULL	NULL	NULL	NULL	NULL	5G	Autobusai	5G	07		412	NULL	NULL	NULL
missed	614683	A>B	Pašilaičiai–Ozo g.–Saulėtekis	422	NULL	NULL	NULL	NULL	NULL	NULL	NULL	5G	Autobusai	5G	07		465	NULL	NULL	NULL
missed	614683	B>A	Saulėtekis–Ozo g.–Pašilaičiai	475	NULL	NULL	NULL	NULL	NULL	NULL	NULL	5G	Autobusai	5G	07		513	NULL	NULL	NULL
missed	614683	A>B	Pašilaičiai–Ozo g.–Saulėtekis	523	NULL	NULL	NULL	NULL	NULL	NULL	NULL	5G	Autobusai	5G	07		565	NULL	NULL	NULL
missed	614683	B>A	Saulėtekis–Ozo g.–Pašilaičiai	600	NULL	NULL	NULL	NULL	NULL	NULL	NULL	5G	Autobusai	5G	07		635	NULL	NULL	NULL
missed	614683	A>B	Pašilaičiai–Ozo g.–Saulėtekis	645	NULL	NULL	NULL	NULL	NULL	NULL	NULL	5G	Autobusai	5G	07		683	NULL	NULL	NULL
missed	614683	B>A	Saulėtekis–Ozo g.–Pašilaičiai	692	NULL	NULL	NULL	NULL	NULL	NULL	NULL	5G	Autobusai	5G	07		727	NULL	NULL	NULL
missed	614683	A>B	Pašilaičiai–Ozo g.–Saulėtekis	737	NULL	NULL	NULL	NULL	NULL	NULL	NULL	5G	Autobusai	5G	07		775	NULL	NULL	NULL
missed	614683	B>A	Saulėtekis–Ozo g.–Pašilaičiai	785	NULL	NULL	NULL	NULL	NULL	NULL	NULL	5G	Autobusai	5G	07		820	NULL	NULL	NULL
missed	614683	A>B	Pašilaičiai–Ozo g.–Saulėtekis	830	NULL	NULL	NULL	NULL	NULL	NULL	NULL	5G	Autobusai	5G	07		868	NULL	NULL	NULL
missed	614683	B>A	Saulėtekis–Ozo g.–Pašilaičiai	878	NULL	NULL	NULL	NULL	NULL	NULL	NULL	5G	Autobusai	5G	07		913	NULL	NULL	NULL
missed	614683	A>B	Pašilaičiai–Ozo g.–Saulėtekis	923	NULL	NULL	NULL	NULL	NULL	NULL	NULL	5G	Autobusai	5G	07		961	NULL	NULL	NULL
missed	614683	B>A	Saulėtekis–Ozo g.–Pašilaičiai	971	NULL	NULL	NULL	NULL	NULL	NULL	NULL	5G	Autobusai	5G	07		1008	NULL	NULL	NULL
missed	614683	A>B	Pašilaičiai–Ozo g.–Saulėtekis	1018	NULL	NULL	NULL	NULL	NULL	NULL	NULL	5G	Autobusai	5G	07		1057	NULL	NULL	NULL
missed	614683	B>A	Saulėtekis–Ozo g.–Pašilaičiai	1069	NULL	NULL	NULL	NULL	NULL	NULL	NULL	5G	Autobusai	5G	07		1112	NULL	NULL	NULL
missed	614683	A>B	Pašilaičiai–Ozo g.–Saulėtekis	1123	NULL	NULL	NULL	NULL	NULL	NULL	NULL	5G	Autobusai	5G	07		1158	NULL	NULL	NULL
missed	614683	B>A	Saulėtekis–Ozo g.–Pašilaičiai	1190	NULL	NULL	NULL	NULL	NULL	NULL	NULL	5G	Autobusai	5G	07		1225	NULL	NULL	NULL
missed	614683	A>B	Pašilaičiai–Ozo g.–Saulėtekis	1235	NULL	NULL	NULL	NULL	NULL	NULL	NULL	5G	Autobusai	5G	07		1270	NULL	NULL	NULL
missed	614683	B>A	Saulėtekis–Ozo g.–Pašilaičiai	1280	NULL	NULL	NULL	NULL	NULL	NULL	NULL	5G	Autobusai	5G	07		1313	NULL	NULL	NULL
missed	614683	A>B	Pašilaičiai–Ozo g.–Saulėtekis	1323	NULL	NULL	NULL	NULL	NULL	NULL	NULL	5G	Autobusai	5G	07		1358	NULL	NULL	NULL
missed	614683	B>A	Saulėtekis–Ozo g.–Pašilaičiai	1363	NULL	NULL	NULL	NULL	NULL	NULL	NULL	5G	Autobusai	5G	07		1396	NULL	NULL	NULL
missed	614689	A>B	Pašilaičiai–Ozo g.–Saulėtekis	428	NULL	NULL	NULL	NULL	NULL	NULL	NULL	5G	Autobusai	5G	08		471	NULL	NULL	NULL
missed	614689	B>A	Saulėtekis–Ozo g.–Pašilaičiai	481	NULL	NULL	NULL	NULL	NULL	NULL	NULL	5G	Autobusai	5G	08		519	NULL	NULL	NULL
missed	614689	A>B	Pašilaičiai–Ozo g.–Saulėtekis	529	NULL	NULL	NULL	NULL	NULL	NULL	NULL	5G	Autobusai	5G	08		571	NULL	NULL	NULL
missed	614689	B>A	Saulėtekis–Ozo g.–Pašilaičiai	581	NULL	NULL	NULL	NULL	NULL	NULL	NULL	5G	Autobusai	5G	08		618	NULL	NULL	NULL
missed	614689	A>B	Pašilaičiai–Ozo g.–Saulėtekis	628	NULL	NULL	NULL	NULL	NULL	NULL	NULL	5G	Autobusai	5G	08		666	NULL	NULL	NULL
missed	614689	B>A	Saulėtekis–Ozo g.–Pašilaičiai	966	NULL	NULL	NULL	NULL	NULL	NULL	NULL	5G	Autobusai	5G	08		1001	NULL	NULL	NULL
missed	614689	A>B	Pašilaičiai–Ozo g.–Saulėtekis	1011	NULL	NULL	NULL	NULL	NULL	NULL	NULL	5G	Autobusai	5G	08		1050	NULL	NULL	NULL
missed	614689	B>A	Saulėtekis–Ozo g.–Pašilaičiai	1061	NULL	NULL	NULL	NULL	NULL	NULL	NULL	5G	Autobusai	5G	08		1104	NULL	NULL	NULL
missed	614689	A>B	Pašilaičiai–Ozo g.–Saulėtekis	1116	NULL	NULL	NULL	NULL	NULL	NULL	NULL	5G	Autobusai	5G	08		1151	NULL	NULL	NULL
missed	614686	A>B	Pašilaičiai–Ozo g.–Saulėtekis	344	NULL	NULL	NULL	NULL	NULL	NULL	NULL	5G	Autobusai	5G	09-ž		379	NULL	NULL	NULL
missed	614686	B>A	Saulėtekis–Ozo g.–Pašilaičiai	389	NULL	NULL	NULL	NULL	NULL	NULL	NULL	5G	Autobusai	5G	09-ž		424	NULL	NULL	NULL
missed	614686	A>B	Pašilaičiai–Ozo g.–Saulėtekis	434	NULL	NULL	NULL	NULL	NULL	NULL	NULL	5G	Autobusai	5G	09-ž		477	NULL	NULL	NULL
missed	614686	B>A	Saulėtekis–Ozo g.–Pašilaičiai	487	NULL	NULL	NULL	NULL	NULL	NULL	NULL	5G	Autobusai	5G	09-ž		525	NULL	NULL	NULL
missed	614686	A>B	Pašilaičiai–Ozo g.–Saulėtekis	535	NULL	NULL	NULL	NULL	NULL	NULL	NULL	5G	Autobusai	5G	09-ž		575	NULL	NULL	NULL
missed	614686	B>A	Saulėtekis–Ozo g.–Pašilaičiai	609	NULL	NULL	NULL	NULL	NULL	NULL	NULL	5G	Autobusai	5G	09-ž		645	NULL	NULL	NULL
missed	614686	A>B	Pašilaičiai–Ozo g.–Saulėtekis	654	NULL	NULL	NULL	NULL	NULL	NULL	NULL	5G	Autobusai	5G	09-ž		692	NULL	NULL	NULL
missed	614686	B>A	Saulėtekis–Ozo g.–Pašilaičiai	703	NULL	NULL	NULL	NULL	NULL	NULL	NULL	5G	Autobusai	5G	09-ž		738	NULL	NULL	NULL
missed	614686	A>B	Pašilaičiai–Ozo g.–Saulėtekis	748	NULL	NULL	NULL	NULL	NULL	NULL	NULL	5G	Autobusai	5G	09-ž		786	NULL	NULL	NULL
missed	614686	B>A	Saulėtekis–Ozo g.–Pašilaičiai	796	NULL	NULL	NULL	NULL	NULL	NULL	NULL	5G	Autobusai	5G	09-ž		831	NULL	NULL	NULL
missed	614686	A>B	Pašilaičiai–Ozo g.–Saulėtekis	841	NULL	NULL	NULL	NULL	NULL	NULL	NULL	5G	Autobusai	5G	09-ž		879	NULL	NULL	NULL
missed	614686	B>A	Saulėtekis–Ozo g.–Pašilaičiai	889	NULL	NULL	NULL	NULL	NULL	NULL	NULL	5G	Autobusai	5G	09-ž		924	NULL	NULL	NULL
missed	614686	A>B	Pašilaičiai–Ozo g.–Saulėtekis	934	NULL	NULL	NULL	NULL	NULL	NULL	NULL	5G	Autobusai	5G	09-ž		972	NULL	NULL	NULL
missed	614686	B>A	Saulėtekis–Ozo g.–Pašilaičiai	985	NULL	NULL	NULL	NULL	NULL	NULL	NULL	5G	Autobusai	5G	09-ž		1022	NULL	NULL	NULL
missed	614686	A>B	Pašilaičiai–Ozo g.–Saulėtekis	1032	NULL	NULL	NULL	NULL	NULL	NULL	NULL	5G	Autobusai	5G	09-ž		1071	NULL	NULL	NULL
missed	614686	B>A	Saulėtekis–Ozo g.–Pašilaičiai	1103	NULL	NULL	NULL	NULL	NULL	NULL	NULL	5G	Autobusai	5G	09-ž		1145	NULL	NULL	NULL
missed	614686	A>B	Pašilaičiai–Ozo g.–Saulėtekis	1155	NULL	NULL	NULL	NULL	NULL	NULL	NULL	5G	Autobusai	5G	09-ž		1190	NULL	NULL	NULL
missed	614686	B>A	Saulėtekis–Ozo g.–Pašilaičiai	1200	NULL	NULL	NULL	NULL	NULL	NULL	NULL	5G	Autobusai	5G	09-ž		1236	NULL	NULL	NULL
missed	614686	A>B	Pašilaičiai–Ozo g.–Saulėtekis	1246	NULL	NULL	NULL	NULL	NULL	NULL	NULL	5G	Autobusai	5G	09-ž		1281	NULL	NULL	NULL
missed	614686	B>A	Saulėtekis–Ozo g.–Pašilaičiai	1291	NULL	NULL	NULL	NULL	NULL	NULL	NULL	5G	Autobusai	5G	09-ž		1324	NULL	NULL	NULL
missed	614686	A>B	Pašilaičiai–Ozo g.–Saulėtekis	1334	NULL	NULL	NULL	NULL	NULL	NULL	NULL	5G	Autobusai	5G	09-ž		1369	NULL	NULL	NULL
missed	614686	B>A	Saulėtekis–Ozo g.–Pašilaičiai	1379	NULL	NULL	NULL	NULL	NULL	NULL	NULL	5G	Autobusai	5G	09-ž		1412	NULL	NULL	NULL
missed	614690	A>B	Pašilaičiai–Ozo g.–Saulėtekis	440	NULL	NULL	NULL	NULL	NULL	NULL	NULL	5G	Autobusai	5G	10		483	NULL	NULL	NULL
missed	614690	B>A	Saulėtekis–Ozo g.–Pašilaičiai	493	NULL	NULL	NULL	NULL	NULL	NULL	NULL	5G	Autobusai	5G	10		530	NULL	NULL	NULL
missed	614690	A>B	Pašilaičiai–Ozo g.–Saulėtekis	541	NULL	NULL	NULL	NULL	NULL	NULL	NULL	5G	Autobusai	5G	10		581	NULL	NULL	NULL
missed	614690	B>A	Saulėtekis–Ozo g.–Pašilaičiai	591	NULL	NULL	NULL	NULL	NULL	NULL	NULL	5G	Autobusai	5G	10		626	NULL	NULL	NULL
missed	614690	A>B	Pašilaičiai–Ozo g.–Saulėtekis	636	NULL	NULL	NULL	NULL	NULL	NULL	NULL	5G	Autobusai	5G	10		674	NULL	NULL	NULL
missed	614690	B>A	Saulėtekis–Ozo g.–Pašilaičiai	978	NULL	NULL	NULL	NULL	NULL	NULL	NULL	5G	Autobusai	5G	10		1015	NULL	NULL	NULL
missed	614690	A>B	Pašilaičiai–Ozo g.–Saulėtekis	1025	NULL	NULL	NULL	NULL	NULL	NULL	NULL	5G	Autobusai	5G	10		1064	NULL	NULL	NULL
missed	614690	B>A	Saulėtekis–Ozo g.–Pašilaičiai	1077	NULL	NULL	NULL	NULL	NULL	NULL	NULL	5G	Autobusai	5G	10		1120	NULL	NULL	NULL
missed	614690	A>B	Pašilaičiai–Ozo g.–Saulėtekis	1130	NULL	NULL	NULL	NULL	NULL	NULL	NULL	5G	Autobusai	5G	10		1165	NULL	NULL	NULL
missed	614681	A>B	Pašilaičiai–Ozo g.–Saulėtekis	355	NULL	NULL	NULL	NULL	NULL	NULL	NULL	5G	Autobusai	5G	11		390	NULL	NULL	NULL
missed	614681	B>A	Saulėtekis–Ozo g.–Pašilaičiai	400	NULL	NULL	NULL	NULL	NULL	NULL	NULL	5G	Autobusai	5G	11		435	NULL	NULL	NULL
missed	614681	A>B	Pašilaičiai–Ozo g.–Saulėtekis	446	NULL	NULL	NULL	NULL	NULL	NULL	NULL	5G	Autobusai	5G	11		489	NULL	NULL	NULL
missed	614681	B>A	Saulėtekis–Ozo g.–Pašilaičiai	499	NULL	NULL	NULL	NULL	NULL	NULL	NULL	5G	Autobusai	5G	11		537	NULL	NULL	NULL
missed	614681	A>B	Pašilaičiai–Ozo g.–Saulėtekis	547	NULL	NULL	NULL	NULL	NULL	NULL	NULL	5G	Autobusai	5G	11		587	NULL	NULL	NULL
missed	614681	B>A	Saulėtekis–Ozo g.–Pašilaičiai	617	NULL	NULL	NULL	NULL	NULL	NULL	NULL	5G	Autobusai	5G	11		652	NULL	NULL	NULL
missed	614681	A>B	Pašilaičiai–Ozo g.–Saulėtekis	662	NULL	NULL	NULL	NULL	NULL	NULL	NULL	5G	Autobusai	5G	11		700	NULL	NULL	NULL
missed	614681	B>A	Saulėtekis–Ozo g.–Pašilaičiai	712	NULL	NULL	NULL	NULL	NULL	NULL	NULL	5G	Autobusai	5G	11		747	NULL	NULL	NULL
missed	614681	A>B	Pašilaičiai–Ozo g.–Saulėtekis	757	NULL	NULL	NULL	NULL	NULL	NULL	NULL	5G	Autobusai	5G	11		795	NULL	NULL	NULL
missed	614681	B>A	Saulėtekis–Ozo g.–Pašilaičiai	805	NULL	NULL	NULL	NULL	NULL	NULL	NULL	5G	Autobusai	5G	11		840	NULL	NULL	NULL
missed	614681	A>B	Pašilaičiai–Ozo g.–Saulėtekis	850	NULL	NULL	NULL	NULL	NULL	NULL	NULL	5G	Autobusai	5G	11		888	NULL	NULL	NULL
missed	614681	B>A	Saulėtekis–Ozo g.–Pašilaičiai	898	NULL	NULL	NULL	NULL	NULL	NULL	NULL	5G	Autobusai	5G	11		933	NULL	NULL	NULL
missed	614681	A>B	Pašilaičiai–Ozo g.–Saulėtekis	943	NULL	NULL	NULL	NULL	NULL	NULL	NULL	5G	Autobusai	5G	11		981	NULL	NULL	NULL
missed	614681	B>A	Saulėtekis–Ozo g.–Pašilaičiai	992	NULL	NULL	NULL	NULL	NULL	NULL	NULL	5G	Autobusai	5G	11		1029	NULL	NULL	NULL
missed	614681	A>B	Pašilaičiai–Ozo g.–Saulėtekis	1040	NULL	NULL	NULL	NULL	NULL	NULL	NULL	5G	Autobusai	5G	11		1079	NULL	NULL	NULL
missed	614681	B>A	Saulėtekis–Ozo g.–Pašilaičiai	1090	NULL	NULL	NULL	NULL	NULL	NULL	NULL	5G	Autobusai	5G	11		1131	NULL	NULL	NULL
missed	614681	A>B	Pašilaičiai–Ozo g.–Saulėtekis	1141	NULL	NULL	NULL	NULL	NULL	NULL	NULL	5G	Autobusai	5G	11		1176	NULL	NULL	NULL
missed	614681	B>A	Saulėtekis–Ozo g.–Pašilaičiai	1219	NULL	NULL	NULL	NULL	NULL	NULL	NULL	5G	Autobusai	5G	11		1255	NULL	NULL	NULL
missed	614681	A>B	Pašilaičiai–Ozo g.–Saulėtekis	1265	NULL	NULL	NULL	NULL	NULL	NULL	NULL	5G	Autobusai	5G	11		1300	NULL	NULL	NULL
missed	614681	B>A	Saulėtekis–Ozo g.–Pašilaičiai	1313	NULL	NULL	NULL	NULL	NULL	NULL	NULL	5G	Autobusai	5G	11		1346	NULL	NULL	NULL
missed	614681	A>B	Pašilaičiai–Ozo g.–Saulėtekis	1356	NULL	NULL	NULL	NULL	NULL	NULL	NULL	5G	Autobusai	5G	11		1391	NULL	NULL	NULL
missed	614681	B>A	Saulėtekis–Ozo g.–Pašilaičiai	1398	NULL	NULL	NULL	NULL	NULL	NULL	NULL	5G	Autobusai	5G	11		1431	NULL	NULL	NULL
missed	614691	B>A	Saulėtekis–Ozo g.–Pašilaičiai	350	NULL	NULL	NULL	NULL	NULL	NULL	NULL	5G	Autobusai	5G	12-ž		385	NULL	NULL	NULL
missed	614691	A>B	Pašilaičiai–Ozo g.–Saulėtekis	395	NULL	NULL	NULL	NULL	NULL	NULL	NULL	5G	Autobusai	5G	12-ž		431	NULL	NULL	NULL
missed	614691	B>A	Saulėtekis–Ozo g.–Pašilaičiai	441	NULL	NULL	NULL	NULL	NULL	NULL	NULL	5G	Autobusai	5G	12-ž		478	NULL	NULL	NULL
missed	614691	A>B	Pašilaičiai–Ozo g.–Saulėtekis	488	NULL	NULL	NULL	NULL	NULL	NULL	NULL	5G	Autobusai	5G	12-ž		532	NULL	NULL	NULL
missed	614691	B>A	Saulėtekis–Ozo g.–Pašilaičiai	542	NULL	NULL	NULL	NULL	NULL	NULL	NULL	5G	Autobusai	5G	12-ž		579	NULL	NULL	NULL
missed	614691	A>B	Pašilaičiai–Ozo g.–Saulėtekis	589	NULL	NULL	NULL	NULL	NULL	NULL	NULL	5G	Autobusai	5G	12-ž		627	NULL	NULL	NULL
missed	614691	B>A	Saulėtekis–Ozo g.–Pašilaičiai	668	NULL	NULL	NULL	NULL	NULL	NULL	NULL	5G	Autobusai	5G	12-ž		703	NULL	NULL	NULL
missed	614691	A>B	Pašilaičiai–Ozo g.–Saulėtekis	713	NULL	NULL	NULL	NULL	NULL	NULL	NULL	5G	Autobusai	5G	12-ž		751	NULL	NULL	NULL
missed	614691	B>A	Saulėtekis–Ozo g.–Pašilaičiai	761	NULL	NULL	NULL	NULL	NULL	NULL	NULL	5G	Autobusai	5G	12-ž		796	NULL	NULL	NULL
missed	614691	A>B	Pašilaičiai–Ozo g.–Saulėtekis	806	NULL	NULL	NULL	NULL	NULL	NULL	NULL	5G	Autobusai	5G	12-ž		844	NULL	NULL	NULL
missed	614691	B>A	Saulėtekis–Ozo g.–Pašilaičiai	854	NULL	NULL	NULL	NULL	NULL	NULL	NULL	5G	Autobusai	5G	12-ž		889	NULL	NULL	NULL
missed	614691	A>B	Pašilaičiai–Ozo g.–Saulėtekis	899	NULL	NULL	NULL	NULL	NULL	NULL	NULL	5G	Autobusai	5G	12-ž		937	NULL	NULL	NULL
missed	614691	B>A	Saulėtekis–Ozo g.–Pašilaičiai	947	NULL	NULL	NULL	NULL	NULL	NULL	NULL	5G	Autobusai	5G	12-ž		982	NULL	NULL	NULL
missed	614691	A>B	Pašilaičiai–Ozo g.–Saulėtekis	993	NULL	NULL	NULL	NULL	NULL	NULL	NULL	5G	Autobusai	5G	12-ž		1032	NULL	NULL	NULL
missed	614691	B>A	Saulėtekis–Ozo g.–Pašilaičiai	1043	NULL	NULL	NULL	NULL	NULL	NULL	NULL	5G	Autobusai	5G	12-ž		1085	NULL	NULL	NULL
missed	614691	A>B	Pašilaičiai–Ozo g.–Saulėtekis	1098	NULL	NULL	NULL	NULL	NULL	NULL	NULL	5G	Autobusai	5G	12-ž		1134	NULL	NULL	NULL
missed	614691	B>A	Saulėtekis–Ozo g.–Pašilaičiai	1167	NULL	NULL	NULL	NULL	NULL	NULL	NULL	5G	Autobusai	5G	12-ž		1204	NULL	NULL	NULL
missed	614691	A>B	Pašilaičiai–Ozo g.–Saulėtekis	1214	NULL	NULL	NULL	NULL	NULL	NULL	NULL	5G	Autobusai	5G	12-ž		1249	NULL	NULL	NULL
missed	614691	B>A	Saulėtekis–Ozo g.–Pašilaičiai	1259	NULL	NULL	NULL	NULL	NULL	NULL	NULL	5G	Autobusai	5G	12-ž		1293	NULL	NULL	NULL
missed	614691	A>B	Pašilaičiai–Ozo g.–Saulėtekis	1303	NULL	NULL	NULL	NULL	NULL	NULL	NULL	5G	Autobusai	5G	12-ž		1338	NULL	NULL	NULL
missed	614691	B>A	Saulėtekis–Ozo g.–Pašilaičiai	1348	NULL	NULL	NULL	NULL	NULL	NULL	NULL	5G	Autobusai	5G	12-ž		1381	NULL	NULL	NULL
missed	614691	A>B	Pašilaičiai–Ozo g.–Saulėtekis	1391	NULL	NULL	NULL	NULL	NULL	NULL	NULL	5G	Autobusai	5G	12-ž		1426	NULL	NULL	NULL
missed	614692	A>B	Pašilaičiai–Ozo g.–Saulėtekis	374	NULL	NULL	NULL	NULL	NULL	NULL	NULL	5G	Autobusai	5G	13		409	NULL	NULL	NULL
missed	614692	B>A	Saulėtekis–Ozo g.–Pašilaičiai	419	NULL	NULL	NULL	NULL	NULL	NULL	NULL	5G	Autobusai	5G	13		455	NULL	NULL	NULL
missed	614692	A>B	Pašilaičiai–Ozo g.–Saulėtekis	465	NULL	NULL	NULL	NULL	NULL	NULL	NULL	5G	Autobusai	5G	13		508	NULL	NULL	NULL
missed	614692	B>A	Saulėtekis–Ozo g.–Pašilaičiai	518	NULL	NULL	NULL	NULL	NULL	NULL	NULL	5G	Autobusai	5G	13		556	NULL	NULL	NULL
missed	614692	A>B	Pašilaičiai–Ozo g.–Saulėtekis	566	NULL	NULL	NULL	NULL	NULL	NULL	NULL	5G	Autobusai	5G	13		604	NULL	NULL	NULL
missed	614692	B>A	Saulėtekis–Ozo g.–Pašilaičiai	636	NULL	NULL	NULL	NULL	NULL	NULL	NULL	5G	Autobusai	5G	13		671	NULL	NULL	NULL
missed	614692	A>B	Pašilaičiai–Ozo g.–Saulėtekis	681	NULL	NULL	NULL	NULL	NULL	NULL	NULL	5G	Autobusai	5G	13		719	NULL	NULL	NULL
missed	614692	B>A	Saulėtekis–Ozo g.–Pašilaičiai	729	NULL	NULL	NULL	NULL	NULL	NULL	NULL	5G	Autobusai	5G	13		764	NULL	NULL	NULL
missed	614692	A>B	Pašilaičiai–Ozo g.–Saulėtekis	774	NULL	NULL	NULL	NULL	NULL	NULL	NULL	5G	Autobusai	5G	13		812	NULL	NULL	NULL
missed	614692	B>A	Saulėtekis–Ozo g.–Pašilaičiai	822	NULL	NULL	NULL	NULL	NULL	NULL	NULL	5G	Autobusai	5G	13		857	NULL	NULL	NULL
missed	614692	A>B	Pašilaičiai–Ozo g.–Saulėtekis	867	NULL	NULL	NULL	NULL	NULL	NULL	NULL	5G	Autobusai	5G	13		905	NULL	NULL	NULL
missed	614692	B>A	Saulėtekis–Ozo g.–Pašilaičiai	918	NULL	NULL	NULL	NULL	NULL	NULL	NULL	5G	Autobusai	5G	13		953	NULL	NULL	NULL
missed	614692	A>B	Pašilaičiai–Ozo g.–Saulėtekis	964	NULL	NULL	NULL	NULL	NULL	NULL	NULL	5G	Autobusai	5G	13		1002	NULL	NULL	NULL
missed	614692	B>A	Saulėtekis–Ozo g.–Pašilaičiai	1012	NULL	NULL	NULL	NULL	NULL	NULL	NULL	5G	Autobusai	5G	13		1053	NULL	NULL	NULL
missed	614692	A>B	Pašilaičiai–Ozo g.–Saulėtekis	1063	NULL	NULL	NULL	NULL	NULL	NULL	NULL	5G	Autobusai	5G	13		1101	NULL	NULL	NULL
missed	614692	B>A	Saulėtekis–Ozo g.–Pašilaičiai	1131	NULL	NULL	NULL	NULL	NULL	NULL	NULL	5G	Autobusai	5G	13		1170	NULL	NULL	NULL
missed	614692	A>B	Pašilaičiai–Ozo g.–Saulėtekis	1180	NULL	NULL	NULL	NULL	NULL	NULL	NULL	5G	Autobusai	5G	13		1215	NULL	NULL	NULL
missed	614692	B>A	Saulėtekis–Ozo g.–Pašilaičiai	1229	NULL	NULL	NULL	NULL	NULL	NULL	NULL	5G	Autobusai	5G	13		1266	NULL	NULL	NULL
missed	614692	A>B	Pašilaičiai–Ozo g.–Saulėtekis	1276	NULL	NULL	NULL	NULL	NULL	NULL	NULL	5G	Autobusai	5G	13		1311	NULL	NULL	NULL
missed	614692	B>A	Saulėtekis–Ozo g.–Pašilaičiai	1324	NULL	NULL	NULL	NULL	NULL	NULL	NULL	5G	Autobusai	5G	13		1357	NULL	NULL	NULL
missed	614692	A>B	Pašilaičiai–Ozo g.–Saulėtekis	1367	NULL	NULL	NULL	NULL	NULL	NULL	NULL	5G	Autobusai	5G	13		1402	NULL	NULL	NULL
missed	614693	A>B	Pašilaičiai–Ozo g.–Saulėtekis	452	NULL	NULL	NULL	NULL	NULL	NULL	NULL	5G	Autobusai	5G	14		495	NULL	NULL	NULL
missed	614693	B>A	Saulėtekis–Ozo g.–Pašilaičiai	505	NULL	NULL	NULL	NULL	NULL	NULL	NULL	5G	Autobusai	5G	14		543	NULL	NULL	NULL
missed	614693	A>B	Pašilaičiai–Ozo g.–Saulėtekis	553	NULL	NULL	NULL	NULL	NULL	NULL	NULL	5G	Autobusai	5G	14		591	NULL	NULL	NULL
missed	614693	B>A	Saulėtekis–Ozo g.–Pašilaičiai	911	NULL	NULL	NULL	NULL	NULL	NULL	NULL	5G	Autobusai	5G	14		947	NULL	NULL	NULL
missed	614693	A>B	Pašilaičiai–Ozo g.–Saulėtekis	957	NULL	NULL	NULL	NULL	NULL	NULL	NULL	5G	Autobusai	5G	14		995	NULL	NULL	NULL
missed	614693	B>A	Saulėtekis–Ozo g.–Pašilaičiai	1005	NULL	NULL	NULL	NULL	NULL	NULL	NULL	5G	Autobusai	5G	14		1046	NULL	NULL	NULL
missed	614693	A>B	Pašilaičiai–Ozo g.–Saulėtekis	1056	NULL	NULL	NULL	NULL	NULL	NULL	NULL	5G	Autobusai	5G	14		1095	NULL	NULL	NULL
missed	614694	A>B	Pašilaičiai–Ozo g.–Saulėtekis	388	NULL	NULL	NULL	NULL	NULL	NULL	NULL	5G	Autobusai	5G	15		423	NULL	NULL	NULL
missed	614694	B>A	Saulėtekis–Ozo g.–Pašilaičiai	433	NULL	NULL	NULL	NULL	NULL	NULL	NULL	5G	Autobusai	5G	15		470	NULL	NULL	NULL
missed	614694	A>B	Pašilaičiai–Ozo g.–Saulėtekis	480	NULL	NULL	NULL	NULL	NULL	NULL	NULL	5G	Autobusai	5G	15		524	NULL	NULL	NULL
missed	614694	B>A	Saulėtekis–Ozo g.–Pašilaičiai	534	NULL	NULL	NULL	NULL	NULL	NULL	NULL	5G	Autobusai	5G	15		571	NULL	NULL	NULL
missed	614694	A>B	Pašilaičiai–Ozo g.–Saulėtekis	581	NULL	NULL	NULL	NULL	NULL	NULL	NULL	5G	Autobusai	5G	15		619	NULL	NULL	NULL
missed	614694	B>A	Saulėtekis–Ozo g.–Pašilaičiai	657	NULL	NULL	NULL	NULL	NULL	NULL	NULL	5G	Autobusai	5G	15		692	NULL	NULL	NULL
missed	614694	A>B	Pašilaičiai–Ozo g.–Saulėtekis	702	NULL	NULL	NULL	NULL	NULL	NULL	NULL	5G	Autobusai	5G	15		740	NULL	NULL	NULL
missed	614694	B>A	Saulėtekis–Ozo g.–Pašilaičiai	750	NULL	NULL	NULL	NULL	NULL	NULL	NULL	5G	Autobusai	5G	15		785	NULL	NULL	NULL
missed	614694	A>B	Pašilaičiai–Ozo g.–Saulėtekis	795	NULL	NULL	NULL	NULL	NULL	NULL	NULL	5G	Autobusai	5G	15		833	NULL	NULL	NULL
missed	614694	B>A	Saulėtekis–Ozo g.–Pašilaičiai	843	NULL	NULL	NULL	NULL	NULL	NULL	NULL	5G	Autobusai	5G	15		878	NULL	NULL	NULL
missed	614694	A>B	Pašilaičiai–Ozo g.–Saulėtekis	888	NULL	NULL	NULL	NULL	NULL	NULL	NULL	5G	Autobusai	5G	15		926	NULL	NULL	NULL
missed	614694	B>A	Saulėtekis–Ozo g.–Pašilaičiai	936	NULL	NULL	NULL	NULL	NULL	NULL	NULL	5G	Autobusai	5G	15		971	NULL	NULL	NULL
missed	614694	A>B	Pašilaičiai–Ozo g.–Saulėtekis	981	NULL	NULL	NULL	NULL	NULL	NULL	NULL	5G	Autobusai	5G	15		1020	NULL	NULL	NULL
missed	614694	B>A	Saulėtekis–Ozo g.–Pašilaičiai	1031	NULL	NULL	NULL	NULL	NULL	NULL	NULL	5G	Autobusai	5G	15		1073	NULL	NULL	NULL
missed	614694	A>B	Pašilaičiai–Ozo g.–Saulėtekis	1085	NULL	NULL	NULL	NULL	NULL	NULL	NULL	5G	Autobusai	5G	15		1121	NULL	NULL	NULL
missed	614694	B>A	Saulėtekis–Ozo g.–Pašilaičiai	1154	NULL	NULL	NULL	NULL	NULL	NULL	NULL	5G	Autobusai	5G	15		1191	NULL	NULL	NULL
missed	614694	A>B	Pašilaičiai–Ozo g.–Saulėtekis	1201	NULL	NULL	NULL	NULL	NULL	NULL	NULL	5G	Autobusai	5G	15		1236	NULL	NULL	NULL
missed	614694	B>A	Saulėtekis–Ozo g.–Pašilaičiai	1248	NULL	NULL	NULL	NULL	NULL	NULL	NULL	5G	Autobusai	5G	15		1282	NULL	NULL	NULL
missed	614694	A>B	Pašilaičiai–Ozo g.–Saulėtekis	1292	NULL	NULL	NULL	NULL	NULL	NULL	NULL	5G	Autobusai	5G	15		1327	NULL	NULL	NULL
missed	614694	B>A	Saulėtekis–Ozo g.–Pašilaičiai	1337	NULL	NULL	NULL	NULL	NULL	NULL	NULL	5G	Autobusai	5G	15		1370	NULL	NULL	NULL
missed	614694	A>B	Pašilaičiai–Ozo g.–Saulėtekis	1380	NULL	NULL	NULL	NULL	NULL	NULL	NULL	5G	Autobusai	5G	15		1415	NULL	NULL	NULL
missed	567614	A>B	Stotis–Nemėžis–Kuprioniškės	332	NULL	NULL	NULL	NULL	NULL	NULL	NULL	61	Autobusai	61	01-mt		357	NULL	NULL	NULL
missed	567614	B>A	Kuprioniškės–Stotis	357	NULL	NULL	NULL	NULL	NULL	NULL	NULL	61	Autobusai	61	01-mt		370	NULL	NULL	NULL
missed	567614	A>B	Stotis–Nemėžis–Kuprioniškės	382	NULL	NULL	NULL	NULL	NULL	NULL	NULL	61	Autobusai	61	01-mt		409	NULL	NULL	NULL
missed	567614	B>A	Kuprioniškės–Stotis	409	NULL	NULL	NULL	NULL	NULL	NULL	NULL	61	Autobusai	61	01-mt		423	NULL	NULL	NULL
missed	567614	A>B	Stotis–Nemėžis–Kuprioniškės	435	NULL	NULL	NULL	NULL	NULL	NULL	NULL	61	Autobusai	61	01-mt		462	NULL	NULL	NULL
missed	567614	B>A	Kuprioniškės–Stotis	462	NULL	NULL	NULL	NULL	NULL	NULL	NULL	61	Autobusai	61	01-mt		477	NULL	NULL	NULL
missed	567614	A>B	Stotis–Nemėžis–Kuprioniškės	489	NULL	NULL	NULL	NULL	NULL	NULL	NULL	61	Autobusai	61	01-mt		516	NULL	NULL	NULL
missed	567614	B>A	Kuprioniškės–Stotis	516	NULL	NULL	NULL	NULL	NULL	NULL	NULL	61	Autobusai	61	01-mt		531	NULL	NULL	NULL
missed	567614	A>B	Stotis–Nemėžis–Kuprioniškės	565	NULL	NULL	NULL	NULL	NULL	NULL	NULL	61	Autobusai	61	01-mt		591	NULL	NULL	NULL
missed	567614	B>A	Kuprioniškės–Stotis	591	NULL	NULL	NULL	NULL	NULL	NULL	NULL	61	Autobusai	61	01-mt		604	NULL	NULL	NULL
missed	567614	A>B	Stotis–Nemėžis–Kuprioniškės	618	NULL	NULL	NULL	NULL	NULL	NULL	NULL	61	Autobusai	61	01-mt		644	NULL	NULL	NULL
missed	567614	B>A	Kuprioniškės–Stotis	644	NULL	NULL	NULL	NULL	NULL	NULL	NULL	61	Autobusai	61	01-mt		657	NULL	NULL	NULL
missed	567614	A>B	Stotis–Nemėžis–Kuprioniškės	669	NULL	NULL	NULL	NULL	NULL	NULL	NULL	61	Autobusai	61	01-mt		695	NULL	NULL	NULL
missed	567614	B>A	Kuprioniškės–Stotis	695	NULL	NULL	NULL	NULL	NULL	NULL	NULL	61	Autobusai	61	01-mt		708	NULL	NULL	NULL
missed	567614	A>B	Stotis–Nemėžis–Kuprioniškės	720	NULL	NULL	NULL	NULL	NULL	NULL	NULL	61	Autobusai	61	01-mt		746	NULL	NULL	NULL
missed	567614	B>A	Kuprioniškės–Stotis	746	NULL	NULL	NULL	NULL	NULL	NULL	NULL	61	Autobusai	61	01-mt		759	NULL	NULL	NULL
missed	567614	A>B	Stotis–Nemėžis–Kuprioniškės	771	NULL	NULL	NULL	NULL	NULL	NULL	NULL	61	Autobusai	61	01-mt		797	NULL	NULL	NULL
missed	567614	B>A	Kuprioniškės–Stotis	797	NULL	NULL	NULL	NULL	NULL	NULL	NULL	61	Autobusai	61	01-mt		810	NULL	NULL	NULL
missed	567614	A>B	Stotis–Nemėžis–Kuprioniškės	822	NULL	NULL	NULL	NULL	NULL	NULL	NULL	61	Autobusai	61	01-mt		848	NULL	NULL	NULL
missed	567614	B>A	Kuprioniškės–Stotis	848	NULL	NULL	NULL	NULL	NULL	NULL	NULL	61	Autobusai	61	01-mt		861	NULL	NULL	NULL
missed	567614	A>B	Stotis–Nemėžis–Kuprioniškės	873	NULL	NULL	NULL	NULL	NULL	NULL	NULL	61	Autobusai	61	01-mt		899	NULL	NULL	NULL
missed	567614	B>A	Kuprioniškės–Stotis	899	NULL	NULL	NULL	NULL	NULL	NULL	NULL	61	Autobusai	61	01-mt		912	NULL	NULL	NULL
missed	567614	A>B	Stotis–Nemėžis–Kuprioniškės	924	NULL	NULL	NULL	NULL	NULL	NULL	NULL	61	Autobusai	61	01-mt		950	NULL	NULL	NULL
missed	567614	B>A	Kuprioniškės–Stotis	950	NULL	NULL	NULL	NULL	NULL	NULL	NULL	61	Autobusai	61	01-mt		963	NULL	NULL	NULL
missed	567614	A>B	Stotis–Nemėžis–Kuprioniškės	975	NULL	NULL	NULL	NULL	NULL	NULL	NULL	61	Autobusai	61	01-mt		1001	NULL	NULL	NULL
missed	567614	B>A	Kuprioniškės–Stotis	1001	NULL	NULL	NULL	NULL	NULL	NULL	NULL	61	Autobusai	61	01-mt		1016	NULL	NULL	NULL
missed	567614	A>B	Stotis–Nemėžis–Kuprioniškės	1028	NULL	NULL	NULL	NULL	NULL	NULL	NULL	61	Autobusai	61	01-mt		1054	NULL	NULL	NULL
missed	567614	B>A	Kuprioniškės–Stotis	1054	NULL	NULL	NULL	NULL	NULL	NULL	NULL	61	Autobusai	61	01-mt		1069	NULL	NULL	NULL
missed	567614	A>B	Stotis–Nemėžis–Kuprioniškės	1081	NULL	NULL	NULL	NULL	NULL	NULL	NULL	61	Autobusai	61	01-mt		1107	NULL	NULL	NULL
missed	567614	B>A	Kuprioniškės–Stotis	1107	NULL	NULL	NULL	NULL	NULL	NULL	NULL	61	Autobusai	61	01-mt		1122	NULL	NULL	NULL
missed	567614	A>B	Stotis–Nemėžis–Kuprioniškės	1164	NULL	NULL	NULL	NULL	NULL	NULL	NULL	61	Autobusai	61	01-mt		1189	NULL	NULL	NULL
missed	567614	B>A	Kuprioniškės–Stotis	1189	NULL	NULL	NULL	NULL	NULL	NULL	NULL	61	Autobusai	61	01-mt		1202	NULL	NULL	NULL
missed	567614	A>B	Stotis–Nemėžis–Kuprioniškės	1214	NULL	NULL	NULL	NULL	NULL	NULL	NULL	61	Autobusai	61	01-mt		1239	NULL	NULL	NULL
missed	567614	B>A	Kuprioniškės–Stotis	1239	NULL	NULL	NULL	NULL	NULL	NULL	NULL	61	Autobusai	61	01-mt		1252	NULL	NULL	NULL
missed	567614	A>B	Stotis–Nemėžis–Kuprioniškės	1264	NULL	NULL	NULL	NULL	NULL	NULL	NULL	61	Autobusai	61	01-mt		1289	NULL	NULL	NULL
missed	567614	B>A	Kuprioniškės–Stotis	1289	NULL	NULL	NULL	NULL	NULL	NULL	NULL	61	Autobusai	61	01-mt		1302	NULL	NULL	NULL
missed	567614	A>B	Stotis–Nemėžis–Kuprioniškės	1320	NULL	NULL	NULL	NULL	NULL	NULL	NULL	61	Autobusai	61	01-mt		1345	NULL	NULL	NULL
missed	567614	B>A	Kuprioniškės–Stotis	1345	NULL	NULL	NULL	NULL	NULL	NULL	NULL	61	Autobusai	61	01-mt		1358	NULL	NULL	NULL
missed	567615	A>B	Stotis–Nemėžis–Kuprioniškės	356	NULL	NULL	NULL	NULL	NULL	NULL	NULL	61	Autobusai	61	02-mt		383	NULL	NULL	NULL
missed	567615	B>A	Kuprioniškės–Stotis	383	NULL	NULL	NULL	NULL	NULL	NULL	NULL	61	Autobusai	61	02-mt		397	NULL	NULL	NULL
missed	567615	A>B	Stotis–Nemėžis–Kuprioniškės	408	NULL	NULL	NULL	NULL	NULL	NULL	NULL	61	Autobusai	61	02-mt		435	NULL	NULL	NULL
missed	567615	B>A	Kuprioniškės–Stotis	435	NULL	NULL	NULL	NULL	NULL	NULL	NULL	61	Autobusai	61	02-mt		450	NULL	NULL	NULL
missed	567615	A>B	Stotis–Nemėžis–Kuprioniškės	462	NULL	NULL	NULL	NULL	NULL	NULL	NULL	61	Autobusai	61	02-mt		489	NULL	NULL	NULL
missed	567615	B>A	Kuprioniškės–Stotis	489	NULL	NULL	NULL	NULL	NULL	NULL	NULL	61	Autobusai	61	02-mt		504	NULL	NULL	NULL
missed	567615	A>B	Stotis–Nemėžis–Kuprioniškės	516	NULL	NULL	NULL	NULL	NULL	NULL	NULL	61	Autobusai	61	02-mt		543	NULL	NULL	NULL
missed	567615	B>A	Kuprioniškės–Stotis	543	NULL	NULL	NULL	NULL	NULL	NULL	NULL	61	Autobusai	61	02-mt		556	NULL	NULL	NULL
missed	567615	A>B	Stotis–Nemėžis–Kuprioniškės	910	NULL	NULL	NULL	NULL	NULL	NULL	NULL	61	Autobusai	61	02-mt		936	NULL	NULL	NULL
missed	567615	B>A	Kuprioniškės–Stotis	936	NULL	NULL	NULL	NULL	NULL	NULL	NULL	61	Autobusai	61	02-mt		949	NULL	NULL	NULL
missed	567615	A>B	Stotis–Nemėžis–Kuprioniškės	961	NULL	NULL	NULL	NULL	NULL	NULL	NULL	61	Autobusai	61	02-mt		987	NULL	NULL	NULL
missed	567615	B>A	Kuprioniškės–Stotis	987	NULL	NULL	NULL	NULL	NULL	NULL	NULL	61	Autobusai	61	02-mt		1002	NULL	NULL	NULL
missed	567615	A>B	Stotis–Nemėžis–Kuprioniškės	1014	NULL	NULL	NULL	NULL	NULL	NULL	NULL	61	Autobusai	61	02-mt		1040	NULL	NULL	NULL
missed	567615	B>A	Kuprioniškės–Stotis	1040	NULL	NULL	NULL	NULL	NULL	NULL	NULL	61	Autobusai	61	02-mt		1055	NULL	NULL	NULL
missed	567615	A>B	Stotis–Nemėžis–Kuprioniškės	1067	NULL	NULL	NULL	NULL	NULL	NULL	NULL	61	Autobusai	61	02-mt		1093	NULL	NULL	NULL
missed	567615	B>A	Kuprioniškės–Stotis	1093	NULL	NULL	NULL	NULL	NULL	NULL	NULL	61	Autobusai	61	02-mt		1108	NULL	NULL	NULL
missed	567615	A>B	Stotis–Nemėžis–Kuprioniškės	1125	NULL	NULL	NULL	NULL	NULL	NULL	NULL	61	Autobusai	61	02-mt		1150	NULL	NULL	NULL
missed	567615	B>A	Kuprioniškės–Stotis	1150	NULL	NULL	NULL	NULL	NULL	NULL	NULL	61	Autobusai	61	02-mt		1163	NULL	NULL	NULL
missed	567617	A>B	Stotis–Nemėžis–Kuprioniškės	344	NULL	NULL	NULL	NULL	NULL	NULL	NULL	61	Autobusai	61	03-mt		371	NULL	NULL	NULL
missed	567617	B>A	Kuprioniškės–Stotis	371	NULL	NULL	NULL	NULL	NULL	NULL	NULL	61	Autobusai	61	03-mt		385	NULL	NULL	NULL
missed	567617	A>B	Stotis–Nemėžis–Kuprioniškės	395	NULL	NULL	NULL	NULL	NULL	NULL	NULL	61	Autobusai	61	03-mt		422	NULL	NULL	NULL
missed	567617	B>A	Kuprioniškės–Stotis	422	NULL	NULL	NULL	NULL	NULL	NULL	NULL	61	Autobusai	61	03-mt		437	NULL	NULL	NULL
missed	567617	A>B	Stotis–Nemėžis–Kuprioniškės	449	NULL	NULL	NULL	NULL	NULL	NULL	NULL	61	Autobusai	61	03-mt		476	NULL	NULL	NULL
missed	567617	B>A	Kuprioniškės–Stotis	476	NULL	NULL	NULL	NULL	NULL	NULL	NULL	61	Autobusai	61	03-mt		491	NULL	NULL	NULL
missed	567617	A>B	Stotis–Nemėžis–Kuprioniškės	503	NULL	NULL	NULL	NULL	NULL	NULL	NULL	61	Autobusai	61	03-mt		530	NULL	NULL	NULL
missed	567617	B>A	Kuprioniškės–Stotis	530	NULL	NULL	NULL	NULL	NULL	NULL	NULL	61	Autobusai	61	03-mt		545	NULL	NULL	NULL
missed	567617	A>B	Stotis–Nemėžis–Kuprioniškės	591	NULL	NULL	NULL	NULL	NULL	NULL	NULL	61	Autobusai	61	03-mt		617	NULL	NULL	NULL
missed	567617	B>A	Kuprioniškės–Stotis	617	NULL	NULL	NULL	NULL	NULL	NULL	NULL	61	Autobusai	61	03-mt		630	NULL	NULL	NULL
missed	567617	A>B	Stotis–Nemėžis–Kuprioniškės	642	NULL	NULL	NULL	NULL	NULL	NULL	NULL	61	Autobusai	61	03-mt		668	NULL	NULL	NULL
missed	567617	B>A	Kuprioniškės–Stotis	668	NULL	NULL	NULL	NULL	NULL	NULL	NULL	61	Autobusai	61	03-mt		681	NULL	NULL	NULL
missed	567617	A>B	Stotis–Nemėžis–Kuprioniškės	693	NULL	NULL	NULL	NULL	NULL	NULL	NULL	61	Autobusai	61	03-mt		719	NULL	NULL	NULL
missed	567617	B>A	Kuprioniškės–Stotis	719	NULL	NULL	NULL	NULL	NULL	NULL	NULL	61	Autobusai	61	03-mt		732	NULL	NULL	NULL
missed	567617	A>B	Stotis–Nemėžis–Kuprioniškės	744	NULL	NULL	NULL	NULL	NULL	NULL	NULL	61	Autobusai	61	03-mt		770	NULL	NULL	NULL
missed	567617	B>A	Kuprioniškės–Stotis	770	NULL	NULL	NULL	NULL	NULL	NULL	NULL	61	Autobusai	61	03-mt		783	NULL	NULL	NULL
missed	567617	A>B	Stotis–Nemėžis–Kuprioniškės	795	NULL	NULL	NULL	NULL	NULL	NULL	NULL	61	Autobusai	61	03-mt		821	NULL	NULL	NULL
missed	567617	B>A	Kuprioniškės–Stotis	821	NULL	NULL	NULL	NULL	NULL	NULL	NULL	61	Autobusai	61	03-mt		834	NULL	NULL	NULL
missed	567617	A>B	Stotis–Nemėžis–Kuprioniškės	846	NULL	NULL	NULL	NULL	NULL	NULL	NULL	61	Autobusai	61	03-mt		872	NULL	NULL	NULL
missed	567617	B>A	Kuprioniškės–Stotis	872	NULL	NULL	NULL	NULL	NULL	NULL	NULL	61	Autobusai	61	03-mt		885	NULL	NULL	NULL
missed	567617	A>B	Stotis–Nemėžis–Kuprioniškės	897	NULL	NULL	NULL	NULL	NULL	NULL	NULL	61	Autobusai	61	03-mt		923	NULL	NULL	NULL
missed	567617	B>A	Kuprioniškės–Stotis	923	NULL	NULL	NULL	NULL	NULL	NULL	NULL	61	Autobusai	61	03-mt		936	NULL	NULL	NULL
missed	567617	A>B	Stotis–Nemėžis–Kuprioniškės	948	NULL	NULL	NULL	NULL	NULL	NULL	NULL	61	Autobusai	61	03-mt		974	NULL	NULL	NULL
missed	567617	B>A	Kuprioniškės–Stotis	974	NULL	NULL	NULL	NULL	NULL	NULL	NULL	61	Autobusai	61	03-mt		989	NULL	NULL	NULL
missed	567617	A>B	Stotis–Nemėžis–Kuprioniškės	1001	NULL	NULL	NULL	NULL	NULL	NULL	NULL	61	Autobusai	61	03-mt		1027	NULL	NULL	NULL
missed	567617	B>A	Kuprioniškės–Stotis	1027	NULL	NULL	NULL	NULL	NULL	NULL	NULL	61	Autobusai	61	03-mt		1042	NULL	NULL	NULL
missed	567617	A>B	Stotis–Nemėžis–Kuprioniškės	1054	NULL	NULL	NULL	NULL	NULL	NULL	NULL	61	Autobusai	61	03-mt		1080	NULL	NULL	NULL
missed	567617	B>A	Kuprioniškės–Stotis	1080	NULL	NULL	NULL	NULL	NULL	NULL	NULL	61	Autobusai	61	03-mt		1095	NULL	NULL	NULL
missed	567617	A>B	Stotis–Nemėžis–Kuprioniškės	1107	NULL	NULL	NULL	NULL	NULL	NULL	NULL	61	Autobusai	61	03-mt		1133	NULL	NULL	NULL
missed	567617	B>A	Kuprioniškės–Stotis	1133	NULL	NULL	NULL	NULL	NULL	NULL	NULL	61	Autobusai	61	03-mt		1147	NULL	NULL	NULL
missed	567617	A>B	Stotis–Nemėžis–Kuprioniškės	1189	NULL	NULL	NULL	NULL	NULL	NULL	NULL	61	Autobusai	61	03-mt		1214	NULL	NULL	NULL
missed	567617	B>A	Kuprioniškės–Stotis	1214	NULL	NULL	NULL	NULL	NULL	NULL	NULL	61	Autobusai	61	03-mt		1227	NULL	NULL	NULL
missed	567617	A>B	Stotis–Nemėžis–Kuprioniškės	1239	NULL	NULL	NULL	NULL	NULL	NULL	NULL	61	Autobusai	61	03-mt		1264	NULL	NULL	NULL
missed	567617	B>A	Kuprioniškės–Stotis	1264	NULL	NULL	NULL	NULL	NULL	NULL	NULL	61	Autobusai	61	03-mt		1277	NULL	NULL	NULL
missed	567617	A>B	Stotis–Nemėžis–Kuprioniškės	1289	NULL	NULL	NULL	NULL	NULL	NULL	NULL	61	Autobusai	61	03-mt		1314	NULL	NULL	NULL
missed	567617	B>A	Kuprioniškės–Stotis	1314	NULL	NULL	NULL	NULL	NULL	NULL	NULL	61	Autobusai	61	03-mt		1327	NULL	NULL	NULL
missed	567617	A>B	Stotis–Nemėžis–Kuprioniškės	1350	NULL	NULL	NULL	NULL	NULL	NULL	NULL	61	Autobusai	61	03-mt		1374	NULL	NULL	NULL
missed	567617	B>A	Kuprioniškės–Stotis	1374	NULL	NULL	NULL	NULL	NULL	NULL	NULL	61	Autobusai	61	03-mt		1387	NULL	NULL	NULL
missed	567616	A>B	Stotis–Nemėžis–Kuprioniškės	368	NULL	NULL	NULL	NULL	NULL	NULL	NULL	61	Autobusai	61	04-mt		395	NULL	NULL	NULL
missed	567616	B>A	Kuprioniškės–Stotis	395	NULL	NULL	NULL	NULL	NULL	NULL	NULL	61	Autobusai	61	04-mt		409	NULL	NULL	NULL
missed	567616	A>B	Stotis–Nemėžis–Kuprioniškės	421	NULL	NULL	NULL	NULL	NULL	NULL	NULL	61	Autobusai	61	04-mt		448	NULL	NULL	NULL
missed	567616	B>A	Kuprioniškės–Stotis	448	NULL	NULL	NULL	NULL	NULL	NULL	NULL	61	Autobusai	61	04-mt		463	NULL	NULL	NULL
missed	567616	A>B	Stotis–Nemėžis–Kuprioniškės	475	NULL	NULL	NULL	NULL	NULL	NULL	NULL	61	Autobusai	61	04-mt		502	NULL	NULL	NULL
missed	567616	B>A	Kuprioniškės–Stotis	502	NULL	NULL	NULL	NULL	NULL	NULL	NULL	61	Autobusai	61	04-mt		517	NULL	NULL	NULL
missed	567616	A>B	Stotis–Nemėžis–Kuprioniškės	530	NULL	NULL	NULL	NULL	NULL	NULL	NULL	61	Autobusai	61	04-mt		556	NULL	NULL	NULL
missed	567616	B>A	Kuprioniškės–Stotis	556	NULL	NULL	NULL	NULL	NULL	NULL	NULL	61	Autobusai	61	04-mt		569	NULL	NULL	NULL
missed	567616	A>B	Stotis–Nemėžis–Kuprioniškės	936	NULL	NULL	NULL	NULL	NULL	NULL	NULL	61	Autobusai	61	04-mt		962	NULL	NULL	NULL
missed	567616	B>A	Kuprioniškės–Stotis	962	NULL	NULL	NULL	NULL	NULL	NULL	NULL	61	Autobusai	61	04-mt		976	NULL	NULL	NULL
missed	567616	A>B	Stotis–Nemėžis–Kuprioniškės	988	NULL	NULL	NULL	NULL	NULL	NULL	NULL	61	Autobusai	61	04-mt		1014	NULL	NULL	NULL
missed	567616	B>A	Kuprioniškės–Stotis	1014	NULL	NULL	NULL	NULL	NULL	NULL	NULL	61	Autobusai	61	04-mt		1029	NULL	NULL	NULL
missed	567616	A>B	Stotis–Nemėžis–Kuprioniškės	1041	NULL	NULL	NULL	NULL	NULL	NULL	NULL	61	Autobusai	61	04-mt		1067	NULL	NULL	NULL
missed	567616	B>A	Kuprioniškės–Stotis	1067	NULL	NULL	NULL	NULL	NULL	NULL	NULL	61	Autobusai	61	04-mt		1082	NULL	NULL	NULL
missed	567616	A>B	Stotis–Nemėžis–Kuprioniškės	1094	NULL	NULL	NULL	NULL	NULL	NULL	NULL	61	Autobusai	61	04-mt		1120	NULL	NULL	NULL
missed	567616	B>A	Kuprioniškės–Stotis	1120	NULL	NULL	NULL	NULL	NULL	NULL	NULL	61	Autobusai	61	04-mt		1134	NULL	NULL	NULL
missed	567616	A>B	Stotis–Nemėžis–Kuprioniškės	1146	NULL	NULL	NULL	NULL	NULL	NULL	NULL	61	Autobusai	61	04-mt		1171	NULL	NULL	NULL
missed	567616	B>A	Kuprioniškės–Stotis	1171	NULL	NULL	NULL	NULL	NULL	NULL	NULL	61	Autobusai	61	04-mt		1184	NULL	NULL	NULL
missed	663265	A>B	Žvėrynas–Pilaitės pr.–Karveliškės	338	NULL	NULL	NULL	NULL	NULL	NULL	NULL	63	Autobusai	63	01		359	NULL	NULL	NULL
missed	663265	B>A	Karveliškės–Pilaitės pr.–Žvėrynas	364	NULL	NULL	NULL	NULL	NULL	NULL	NULL	63	Autobusai	63	01		386	NULL	NULL	NULL
missed	663265	A>B	Žvėrynas–Pilaitės pr.–Karveliškės	391	NULL	NULL	NULL	NULL	NULL	NULL	NULL	63	Autobusai	63	01		412	NULL	NULL	NULL
missed	663265	B>A	Karveliškės–Pilaitės pr.–Žvėrynas	417	NULL	NULL	NULL	NULL	NULL	NULL	NULL	63	Autobusai	63	01		439	NULL	NULL	NULL
missed	663265	A>B	Žvėrynas–Pilaitės pr.–Karveliškės	449	NULL	NULL	NULL	NULL	NULL	NULL	NULL	63	Autobusai	63	01		470	NULL	NULL	NULL
missed	663265	B>A	Karveliškės–Pilaitės pr.–Žvėrynas	475	NULL	NULL	NULL	NULL	NULL	NULL	NULL	63	Autobusai	63	01		497	NULL	NULL	NULL
missed	663265	A>B	Žvėrynas–Pilaitės pr.–Karveliškės	507	NULL	NULL	NULL	NULL	NULL	NULL	NULL	63	Autobusai	63	01		528	NULL	NULL	NULL
missed	663265	B>A	Karveliškės–Pilaitės pr.–Žvėrynas	533	NULL	NULL	NULL	NULL	NULL	NULL	NULL	63	Autobusai	63	01		555	NULL	NULL	NULL
missed	663265	A>B	Žvėrynas–Pilaitės pr.–Karveliškės	565	NULL	NULL	NULL	NULL	NULL	NULL	NULL	63	Autobusai	63	01		586	NULL	NULL	NULL
missed	663265	B>A	Karveliškės–Pilaitės pr.–Žvėrynas	591	NULL	NULL	NULL	NULL	NULL	NULL	NULL	63	Autobusai	63	01		613	NULL	NULL	NULL
missed	663265	A>B	Žvėrynas–Pilaitės pr.–Karveliškės	643	NULL	NULL	NULL	NULL	NULL	NULL	NULL	63	Autobusai	63	01		664	NULL	NULL	NULL
missed	663265	B>A	Karveliškės–Pilaitės pr.–Žvėrynas	669	NULL	NULL	NULL	NULL	NULL	NULL	NULL	63	Autobusai	63	01		691	NULL	NULL	NULL
missed	663265	A>B	Žvėrynas–Pilaitės pr.–Karveliškės	698	NULL	NULL	NULL	NULL	NULL	NULL	NULL	63	Autobusai	63	01		719	NULL	NULL	NULL
missed	663265	B>A	Karveliškės–Pilaitės pr.–Žvėrynas	724	NULL	NULL	NULL	NULL	NULL	NULL	NULL	63	Autobusai	63	01		746	NULL	NULL	NULL
missed	663265	A>B	Žvėrynas–Pilaitės pr.–Karveliškės	756	NULL	NULL	NULL	NULL	NULL	NULL	NULL	63	Autobusai	63	01		777	NULL	NULL	NULL
missed	663265	B>A	Karveliškės–Pilaitės pr.–Žvėrynas	789	NULL	NULL	NULL	NULL	NULL	NULL	NULL	63	Autobusai	63	01		811	NULL	NULL	NULL
missed	663265	A>B	Žvėrynas–Pilaitės pr.–Karveliškės	830	NULL	NULL	NULL	NULL	NULL	NULL	NULL	63	Autobusai	63	01		851	NULL	NULL	NULL
missed	663265	B>A	Karveliškės–Pilaitės pr.–Žvėrynas	853	NULL	NULL	NULL	NULL	NULL	NULL	NULL	63	Autobusai	63	01		875	NULL	NULL	NULL
missed	663265	A>B	Žvėrynas–Pilaitės pr.–Karveliškės	880	NULL	NULL	NULL	NULL	NULL	NULL	NULL	63	Autobusai	63	01		901	NULL	NULL	NULL
missed	663265	B>A	Karveliškės–Pilaitės pr.–Žvėrynas	906	NULL	NULL	NULL	NULL	NULL	NULL	NULL	63	Autobusai	63	01		928	NULL	NULL	NULL
missed	663265	A>B	Žvėrynas–Pilaitės pr.–Karveliškės	933	NULL	NULL	NULL	NULL	NULL	NULL	NULL	63	Autobusai	63	01		954	NULL	NULL	NULL
missed	663265	B>A	Karveliškės–Pilaitės pr.–Žvėrynas	959	NULL	NULL	NULL	NULL	NULL	NULL	NULL	63	Autobusai	63	01		980	NULL	NULL	NULL
missed	663265	A>B	Žvėrynas–Pilaitės pr.–Karveliškės	1010	NULL	NULL	NULL	NULL	NULL	NULL	NULL	63	Autobusai	63	01		1031	NULL	NULL	NULL
missed	663265	B>A	Karveliškės–Pilaitės pr.–Žvėrynas	1036	NULL	NULL	NULL	NULL	NULL	NULL	NULL	63	Autobusai	63	01		1058	NULL	NULL	NULL
missed	663265	A>B	Žvėrynas–Pilaitės pr.–Karveliškės	1063	NULL	NULL	NULL	NULL	NULL	NULL	NULL	63	Autobusai	63	01		1084	NULL	NULL	NULL
missed	663265	B>A	Karveliškės–Pilaitės pr.–Žvėrynas	1089	NULL	NULL	NULL	NULL	NULL	NULL	NULL	63	Autobusai	63	01		1111	NULL	NULL	NULL
missed	663265	A>B	Žvėrynas–Pilaitės pr.–Karveliškės	1124	NULL	NULL	NULL	NULL	NULL	NULL	NULL	63	Autobusai	63	01		1145	NULL	NULL	NULL
missed	663265	B>A	Karveliškės–Pilaitės pr.–Žvėrynas	1150	NULL	NULL	NULL	NULL	NULL	NULL	NULL	63	Autobusai	63	01		1172	NULL	NULL	NULL
missed	663265	A>B	Žvėrynas–Pilaitės pr.–Karveliškės	1181	NULL	NULL	NULL	NULL	NULL	NULL	NULL	63	Autobusai	63	01		1202	NULL	NULL	NULL
missed	663265	B>A	Karveliškės–Pilaitės pr.–Žvėrynas	1207	NULL	NULL	NULL	NULL	NULL	NULL	NULL	63	Autobusai	63	01		1229	NULL	NULL	NULL
missed	663265	A>B	Žvėrynas–Pilaitės pr.–Karveliškės	1239	NULL	NULL	NULL	NULL	NULL	NULL	NULL	63	Autobusai	63	01		1260	NULL	NULL	NULL
missed	663265	B>A	Karveliškės–Pilaitės pr.–Žvėrynas	1265	NULL	NULL	NULL	NULL	NULL	NULL	NULL	63	Autobusai	63	01		1287	NULL	NULL	NULL
missed	663266	A>B	Ožkiniai–Naujieji Verkiai–Balsių g.–Pagubė	400	NULL	NULL	NULL	NULL	NULL	NULL	NULL	65	Autobusai	65	01		428	NULL	NULL	NULL
missed	663266	B>A	Pagubė–Balsių g.–Naujieji Verkiai–Ožkiniai	447	NULL	NULL	NULL	NULL	NULL	NULL	NULL	65	Autobusai	65	01		478	NULL	NULL	NULL
missed	663266	A>B	Ožkiniai–Naujieji Verkiai–Balsių g.–Pagubė	506	NULL	NULL	NULL	NULL	NULL	NULL	NULL	65	Autobusai	65	01		534	NULL	NULL	NULL
missed	663266	B>A	Pagubė–Balsių g.–Naujieji Verkiai–Ožkiniai	564	NULL	NULL	NULL	NULL	NULL	NULL	NULL	65	Autobusai	65	01		595	NULL	NULL	NULL
missed	663266	A>B	Ožkiniai–Naujieji Verkiai–Balsių g.–Pagubė	605	NULL	NULL	NULL	NULL	NULL	NULL	NULL	65	Autobusai	65	01		633	NULL	NULL	NULL
missed	663266	B>A	Pagubė–Balsių g.–Naujieji Verkiai–Ožkiniai	643	NULL	NULL	NULL	NULL	NULL	NULL	NULL	65	Autobusai	65	01		674	NULL	NULL	NULL
missed	663266	A>B	Ožkiniai–Naujieji Verkiai–Balsių g.–Pagubė	691	NULL	NULL	NULL	NULL	NULL	NULL	NULL	65	Autobusai	65	01		719	NULL	NULL	NULL
missed	663266	B>A	Pagubė–Balsių g.–Naujieji Verkiai–Ožkiniai	730	NULL	NULL	NULL	NULL	NULL	NULL	NULL	65	Autobusai	65	01		761	NULL	NULL	NULL
missed	663266	A>B	Ožkiniai–Naujieji Verkiai–Balsių g.–Pagubė	765	NULL	NULL	NULL	NULL	NULL	NULL	NULL	65	Autobusai	65	01		793	NULL	NULL	NULL
missed	663266	B>A	Pagubė–Balsių g.–Naujieji Verkiai–Ožkiniai	823	NULL	NULL	NULL	NULL	NULL	NULL	NULL	65	Autobusai	65	01		854	NULL	NULL	NULL
missed	663266	A>B	Ožkiniai–Naujieji Verkiai–Balsių g.–Pagubė	860	NULL	NULL	NULL	NULL	NULL	NULL	NULL	65	Autobusai	65	01		888	NULL	NULL	NULL
missed	663266	B>A	Pagubė–Balsių g.–Naujieji Verkiai–Ožkiniai	892	NULL	NULL	NULL	NULL	NULL	NULL	NULL	65	Autobusai	65	01		923	NULL	NULL	NULL
missed	663266	A>B	Ožkiniai–Naujieji Verkiai–Balsių g.–Pagubė	946	NULL	NULL	NULL	NULL	NULL	NULL	NULL	65	Autobusai	65	01		974	NULL	NULL	NULL
missed	663266	B>A	Pagubė–Balsių g.–Naujieji Verkiai–Ožkiniai	988	NULL	NULL	NULL	NULL	NULL	NULL	NULL	65	Autobusai	65	01		1019	NULL	NULL	NULL
missed	663267	A>B	Ožkiniai–Naujieji Verkiai–Balsių g.–Pagubė	446	NULL	NULL	NULL	NULL	NULL	NULL	NULL	65	Autobusai	65	02		474	NULL	NULL	NULL
missed	663267	B>A	Pagubė–Balsių g.–Naujieji Verkiai–Ožkiniai	500	NULL	NULL	NULL	NULL	NULL	NULL	NULL	65	Autobusai	65	02		531	NULL	NULL	NULL
missed	663267	A>B	Ožkiniai–Naujieji Verkiai–Balsių g.–Pagubė	561	NULL	NULL	NULL	NULL	NULL	NULL	NULL	65	Autobusai	65	02		589	NULL	NULL	NULL
missed	663267	B>A	Pagubė–Balsių g.–Naujieji Verkiai–Ožkiniai	600	NULL	NULL	NULL	NULL	NULL	NULL	NULL	65	Autobusai	65	02		631	NULL	NULL	NULL
missed	663267	A>B	Ožkiniai–Naujieji Verkiai–Balsių g.–Pagubė	641	NULL	NULL	NULL	NULL	NULL	NULL	NULL	65	Autobusai	65	02		669	NULL	NULL	NULL
missed	663267	B>A	Pagubė–Balsių g.–Naujieji Verkiai–Ožkiniai	677	NULL	NULL	NULL	NULL	NULL	NULL	NULL	65	Autobusai	65	02		708	NULL	NULL	NULL
missed	663267	A>B	Ožkiniai–Naujieji Verkiai–Balsių g.–Pagubė	717	NULL	NULL	NULL	NULL	NULL	NULL	NULL	65	Autobusai	65	02		745	NULL	NULL	NULL
missed	663267	B>A	Pagubė–Balsių g.–Naujieji Verkiai–Ožkiniai	760	NULL	NULL	NULL	NULL	NULL	NULL	NULL	65	Autobusai	65	02		791	NULL	NULL	NULL
missed	663267	A>B	Ožkiniai–Naujieji Verkiai–Balsių g.–Pagubė	821	NULL	NULL	NULL	NULL	NULL	NULL	NULL	65	Autobusai	65	02		849	NULL	NULL	NULL
missed	663267	B>A	Pagubė–Balsių g.–Naujieji Verkiai–Ožkiniai	859	NULL	NULL	NULL	NULL	NULL	NULL	NULL	65	Autobusai	65	02		890	NULL	NULL	NULL
missed	663267	A>B	Ožkiniai–Naujieji Verkiai–Balsių g.–Pagubė	897	NULL	NULL	NULL	NULL	NULL	NULL	NULL	65	Autobusai	65	02		925	NULL	NULL	NULL
missed	663267	B>A	Pagubė–Balsių g.–Naujieji Verkiai–Ožkiniai	933	NULL	NULL	NULL	NULL	NULL	NULL	NULL	65	Autobusai	65	02		964	NULL	NULL	NULL
missed	663267	A>B	Ožkiniai–Naujieji Verkiai–Balsių g.–Pagubė	985	NULL	NULL	NULL	NULL	NULL	NULL	NULL	65	Autobusai	65	02		1013	NULL	NULL	NULL
missed	663267	B>A	Pagubė–Balsių g.–Naujieji Verkiai–Ožkiniai	1018	NULL	NULL	NULL	NULL	NULL	NULL	NULL	65	Autobusai	65	02		1049	NULL	NULL	NULL
missed	635425	B>A	Skirgiškės–Europos parkas–Žaliųjų Ežerų–Kalvarijų–Žalgirio g.	340	NULL	NULL	NULL	NULL	NULL	NULL	NULL	66	Autobusai	66	01		385	NULL	NULL	NULL
missed	635425	A>B	Žalgirio–Kalvarijų–Žaliųjų Ežerų g.–Europos parkas–Skirgiškės	390	NULL	NULL	NULL	NULL	NULL	NULL	NULL	66	Autobusai	66	01		429	NULL	NULL	NULL
missed	635425	B>A	Skirgiškės–Europos parkas–Žaliųjų Ežerų–Kalvarijų–Žalgirio g.	435	NULL	NULL	NULL	NULL	NULL	NULL	NULL	66	Autobusai	66	01		484	NULL	NULL	NULL
missed	635425	A>B	Žalgirio–Kalvarijų–Žaliųjų Ežerų g.–Europos parkas–Skirgiškės	489	NULL	NULL	NULL	NULL	NULL	NULL	NULL	66	Autobusai	66	01		530	NULL	NULL	NULL
missed	635425	B>A	Skirgiškės–Europos parkas–Žaliųjų Ežerų–Kalvarijų–Žalgirio g.	535	NULL	NULL	NULL	NULL	NULL	NULL	NULL	66	Autobusai	66	01		580	NULL	NULL	NULL
missed	635425	A>B	Žalgirio–Kalvarijų–Žaliųjų Ežerų g.–Europos parkas–Skirgiškės	610	NULL	NULL	NULL	NULL	NULL	NULL	NULL	66	Autobusai	66	01		649	NULL	NULL	NULL
missed	635425	B>A	Skirgiškės–Europos parkas–Žaliųjų Ežerų–Kalvarijų–Žalgirio g.	654	NULL	NULL	NULL	NULL	NULL	NULL	NULL	66	Autobusai	66	01		699	NULL	NULL	NULL
missed	635425	A>B	Žalgirio–Kalvarijų–Žaliųjų Ežerų g.–Europos parkas–Skirgiškės	704	NULL	NULL	NULL	NULL	NULL	NULL	NULL	66	Autobusai	66	01		743	NULL	NULL	NULL
missed	635425	B>A	Skirgiškės–Europos parkas–Žaliųjų Ežerų–Kalvarijų–Žalgirio g.	748	NULL	NULL	NULL	NULL	NULL	NULL	NULL	66	Autobusai	66	01		793	NULL	NULL	NULL
missed	635425	A>B	Žalgirio–Kalvarijų–Žaliųjų Ežerų g.–Europos parkas–Skirgiškės	798	NULL	NULL	NULL	NULL	NULL	NULL	NULL	66	Autobusai	66	01		837	NULL	NULL	NULL
missed	635425	B>A	Skirgiškės–Europos parkas–Žaliųjų Ežerų–Kalvarijų–Žalgirio g.	845	NULL	NULL	NULL	NULL	NULL	NULL	NULL	66	Autobusai	66	01		890	NULL	NULL	NULL
missed	635425	A>B	Žalgirio–Kalvarijų–Žaliųjų Ežerų g.–Europos parkas–Skirgiškės	895	NULL	NULL	NULL	NULL	NULL	NULL	NULL	66	Autobusai	66	01		934	NULL	NULL	NULL
missed	635425	B>A	Skirgiškės–Europos parkas–Žaliųjų Ežerų–Kalvarijų–Žalgirio g.	939	NULL	NULL	NULL	NULL	NULL	NULL	NULL	66	Autobusai	66	01		984	NULL	NULL	NULL
missed	635425	A>B	Žalgirio–Kalvarijų–Žaliųjų Ežerų g.–Europos parkas–Skirgiškės	998	NULL	NULL	NULL	NULL	NULL	NULL	NULL	66	Autobusai	66	01		1041	NULL	NULL	NULL
missed	635425	B>A	Skirgiškės–Europos parkas–Žaliųjų Ežerų–Kalvarijų–Žalgirio g.	1046	NULL	NULL	NULL	NULL	NULL	NULL	NULL	66	Autobusai	66	01		1091	NULL	NULL	NULL
missed	635425	A>B	Žalgirio–Kalvarijų–Žaliųjų Ežerų g.–Europos parkas–Skirgiškės	1126	NULL	NULL	NULL	NULL	NULL	NULL	NULL	66	Autobusai	66	01		1169	NULL	NULL	NULL
missed	635425	B>A	Skirgiškės–Europos parkas–Žaliųjų Ežerų–Kalvarijų–Žalgirio g.	1174	NULL	NULL	NULL	NULL	NULL	NULL	NULL	66	Autobusai	66	01		1219	NULL	NULL	NULL
missed	635425	A>B	Žalgirio–Kalvarijų–Žaliųjų Ežerų g.–Europos parkas–Skirgiškės	1227	NULL	NULL	NULL	NULL	NULL	NULL	NULL	66	Autobusai	66	01		1265	NULL	NULL	NULL
missed	635425	B>A	Skirgiškės–Europos parkas–Žaliųjų Ežerų–Kalvarijų–Žalgirio g.	1270	NULL	NULL	NULL	NULL	NULL	NULL	NULL	66	Autobusai	66	01		1315	NULL	NULL	NULL
missed	635425	A>B	Žalgirio–Kalvarijų–Žaliųjų Ežerų g.–Europos parkas–Skirgiškės	1320	NULL	NULL	NULL	NULL	NULL	NULL	NULL	66	Autobusai	66	01		1358	NULL	NULL	NULL
missed	635425	B>A	Skirgiškės–Europos parkas–Žaliųjų Ežerų–Kalvarijų–Žalgirio g.	1363	NULL	NULL	NULL	NULL	NULL	NULL	NULL	66	Autobusai	66	01		1408	NULL	NULL	NULL
missed	635424	A>B	Žalgirio–Kalvarijų–Žaliųjų Ežerų g.–Europos parkas–Skirgiškės	348	NULL	NULL	NULL	NULL	NULL	NULL	NULL	66	Autobusai	66	02		387	NULL	NULL	NULL
missed	635424	B>A	Skirgiškės–Europos parkas–Žaliųjų Ežerų–Kalvarijų–Žalgirio g.	392	NULL	NULL	NULL	NULL	NULL	NULL	NULL	66	Autobusai	66	02		441	NULL	NULL	NULL
missed	635424	A>B	Žalgirio–Kalvarijų–Žaliųjų Ežerų g.–Europos parkas–Skirgiškės	448	NULL	NULL	NULL	NULL	NULL	NULL	NULL	66	Autobusai	66	02		489	NULL	NULL	NULL
missed	635424	B>A	Skirgiškės–Europos parkas–Žaliųjų Ežerų–Kalvarijų–Žalgirio g.	494	NULL	NULL	NULL	NULL	NULL	NULL	NULL	66	Autobusai	66	02		539	NULL	NULL	NULL
missed	635424	A>B	Žalgirio–Kalvarijų–Žaliųjų Ežerų g.–Europos parkas–Skirgiškės	548	NULL	NULL	NULL	NULL	NULL	NULL	NULL	66	Autobusai	66	02		587	NULL	NULL	NULL
missed	635424	B>A	Skirgiškės–Europos parkas–Žaliųjų Ežerų–Kalvarijų–Žalgirio g.	593	NULL	NULL	NULL	NULL	NULL	NULL	NULL	66	Autobusai	66	02		638	NULL	NULL	NULL
missed	635424	A>B	Žalgirio–Kalvarijų–Žaliųjų Ežerų g.–Europos parkas–Skirgiškės	967	NULL	NULL	NULL	NULL	NULL	NULL	NULL	66	Autobusai	66	02		1006	NULL	NULL	NULL
missed	635424	B>A	Skirgiškės–Europos parkas–Žaliųjų Ežerų–Kalvarijų–Žalgirio g.	1020	NULL	NULL	NULL	NULL	NULL	NULL	NULL	66	Autobusai	66	02		1065	NULL	NULL	NULL
missed	635424	A>B	Žalgirio–Kalvarijų–Žaliųjų Ežerų g.–Europos parkas–Skirgiškės	1074	NULL	NULL	NULL	NULL	NULL	NULL	NULL	66	Autobusai	66	02		1117	NULL	NULL	NULL
missed	635424	B>A	Skirgiškės–Europos parkas–Žaliųjų Ežerų–Kalvarijų–Žalgirio g.	1122	NULL	NULL	NULL	NULL	NULL	NULL	NULL	66	Autobusai	66	02		1167	NULL	NULL	NULL
missed	635426	B>A	Skirgiškės–Europos parkas–Žaliųjų Ežerų–Kalvarijų–Žalgirio g.	364	NULL	NULL	NULL	NULL	NULL	NULL	NULL	66	Autobusai	66	03		409	NULL	NULL	NULL
missed	635426	A>B	Žalgirio–Kalvarijų–Žaliųjų Ežerų g.–Europos parkas–Skirgiškės	414	NULL	NULL	NULL	NULL	NULL	NULL	NULL	66	Autobusai	66	03		455	NULL	NULL	NULL
missed	635426	B>A	Skirgiškės–Europos parkas–Žaliųjų Ežerų–Kalvarijų–Žalgirio g.	462	NULL	NULL	NULL	NULL	NULL	NULL	NULL	66	Autobusai	66	03		511	NULL	NULL	NULL
missed	635426	A>B	Žalgirio–Kalvarijų–Žaliųjų Ežerų g.–Europos parkas–Skirgiškės	516	NULL	NULL	NULL	NULL	NULL	NULL	NULL	66	Autobusai	66	03		557	NULL	NULL	NULL
missed	635426	B>A	Skirgiškės–Europos parkas–Žaliųjų Ežerų–Kalvarijų–Žalgirio g.	562	NULL	NULL	NULL	NULL	NULL	NULL	NULL	66	Autobusai	66	03		607	NULL	NULL	NULL
missed	635426	A>B	Žalgirio–Kalvarijų–Žaliųjų Ežerų g.–Europos parkas–Skirgiškės	652	NULL	NULL	NULL	NULL	NULL	NULL	NULL	66	Autobusai	66	03		691	NULL	NULL	NULL
missed	635426	B>A	Skirgiškės–Europos parkas–Žaliųjų Ežerų–Kalvarijų–Žalgirio g.	696	NULL	NULL	NULL	NULL	NULL	NULL	NULL	66	Autobusai	66	03		741	NULL	NULL	NULL
missed	635426	A>B	Žalgirio–Kalvarijų–Žaliųjų Ežerų g.–Europos parkas–Skirgiškės	757	NULL	NULL	NULL	NULL	NULL	NULL	NULL	66	Autobusai	66	03		796	NULL	NULL	NULL
missed	635426	B>A	Skirgiškės–Europos parkas–Žaliųjų Ežerų–Kalvarijų–Žalgirio g.	801	NULL	NULL	NULL	NULL	NULL	NULL	NULL	66	Autobusai	66	03		846	NULL	NULL	NULL
missed	635426	A>B	Žalgirio–Kalvarijų–Žaliųjų Ežerų g.–Europos parkas–Skirgiškės	855	NULL	NULL	NULL	NULL	NULL	NULL	NULL	66	Autobusai	66	03		894	NULL	NULL	NULL
missed	635426	B>A	Skirgiškės–Europos parkas–Žaliųjų Ežerų–Kalvarijų–Žalgirio g.	899	NULL	NULL	NULL	NULL	NULL	NULL	NULL	66	Autobusai	66	03		944	NULL	NULL	NULL
missed	635426	A>B	Žalgirio–Kalvarijų–Žaliųjų Ežerų g.–Europos parkas–Skirgiškės	949	NULL	NULL	NULL	NULL	NULL	NULL	NULL	66	Autobusai	66	03		988	NULL	NULL	NULL
missed	635426	B>A	Skirgiškės–Europos parkas–Žaliųjų Ežerų–Kalvarijų–Žalgirio g.	993	NULL	NULL	NULL	NULL	NULL	NULL	NULL	66	Autobusai	66	03		1038	NULL	NULL	NULL
missed	635426	A>B	Žalgirio–Kalvarijų–Žaliųjų Ežerų g.–Europos parkas–Skirgiškės	1048	NULL	NULL	NULL	NULL	NULL	NULL	NULL	66	Autobusai	66	03		1091	NULL	NULL	NULL
missed	635426	B>A	Skirgiškės–Europos parkas–Žaliųjų Ežerų–Kalvarijų–Žalgirio g.	1096	NULL	NULL	NULL	NULL	NULL	NULL	NULL	66	Autobusai	66	03		1141	NULL	NULL	NULL
missed	635426	A>B	Žalgirio–Kalvarijų–Žaliųjų Ežerų g.–Europos parkas–Skirgiškės	1175	NULL	NULL	NULL	NULL	NULL	NULL	NULL	66	Autobusai	66	03		1214	NULL	NULL	NULL
missed	635426	B>A	Skirgiškės–Europos parkas–Žaliųjų Ežerų–Kalvarijų–Žalgirio g.	1219	NULL	NULL	NULL	NULL	NULL	NULL	NULL	66	Autobusai	66	03		1264	NULL	NULL	NULL
missed	635426	A>B	Žalgirio–Kalvarijų–Žaliųjų Ežerų g.–Europos parkas–Skirgiškės	1271	NULL	NULL	NULL	NULL	NULL	NULL	NULL	66	Autobusai	66	03		1309	NULL	NULL	NULL
missed	635426	B>A	Skirgiškės–Europos parkas–Žaliųjų Ežerų–Kalvarijų–Žalgirio g.	1314	NULL	NULL	NULL	NULL	NULL	NULL	NULL	66	Autobusai	66	03		1359	NULL	NULL	NULL
missed	579593	B>A	Mickūnai–Pramonės–Parko g.	324	NULL	NULL	NULL	NULL	NULL	NULL	NULL	67	Autobusai	67	01		343	NULL	NULL	NULL
missed	579593	A>B	Parko–Pramonės g.–Mickūnai	348	NULL	NULL	NULL	NULL	NULL	NULL	NULL	67	Autobusai	67	01		367	NULL	NULL	NULL
missed	579593	B>A	Mickūnai–Pramonės–Parko g.	372	NULL	NULL	NULL	NULL	NULL	NULL	NULL	67	Autobusai	67	01		391	NULL	NULL	NULL
missed	579593	A>B	Parko–Pramonės g.–Mickūnai	396	NULL	NULL	NULL	NULL	NULL	NULL	NULL	67	Autobusai	67	01		415	NULL	NULL	NULL
missed	579593	B>A	Mickūnai–Pramonės–Parko g.	421	NULL	NULL	NULL	NULL	NULL	NULL	NULL	67	Autobusai	67	01		440	NULL	NULL	NULL
missed	579593	A>B	Parko–Pramonės g.–Mickūnai	450	NULL	NULL	NULL	NULL	NULL	NULL	NULL	67	Autobusai	67	01		469	NULL	NULL	NULL
missed	579593	B>A	Mickūnai–Pramonės–Parko g.	479	NULL	NULL	NULL	NULL	NULL	NULL	NULL	67	Autobusai	67	01		498	NULL	NULL	NULL
missed	579593	A>B	Parko–Pramonės g.–Mickūnai	508	NULL	NULL	NULL	NULL	NULL	NULL	NULL	67	Autobusai	67	01		527	NULL	NULL	NULL
missed	579593	B>A	Mickūnai–Pramonės–Parko g.	537	NULL	NULL	NULL	NULL	NULL	NULL	NULL	67	Autobusai	67	01		556	NULL	NULL	NULL
missed	579593	A>B	Parko–Pramonės g.–Mickūnai	586	NULL	NULL	NULL	NULL	NULL	NULL	NULL	67	Autobusai	67	01		605	NULL	NULL	NULL
missed	579593	B>A	Mickūnai–Pramonės–Parko g.	615	NULL	NULL	NULL	NULL	NULL	NULL	NULL	67	Autobusai	67	01		634	NULL	NULL	NULL
missed	579593	A>B	Parko–Pramonės g.–Mickūnai	664	NULL	NULL	NULL	NULL	NULL	NULL	NULL	67	Autobusai	67	01		683	NULL	NULL	NULL
missed	579593	B>A	Mickūnai–Pramonės–Parko g.	698	NULL	NULL	NULL	NULL	NULL	NULL	NULL	67	Autobusai	67	01		717	NULL	NULL	NULL
missed	579593	A>B	Parko–Pramonės g.–Mickūnai	732	NULL	NULL	NULL	NULL	NULL	NULL	NULL	67	Autobusai	67	01		751	NULL	NULL	NULL
missed	579593	B>A	Mickūnai–Pramonės–Parko g.	766	NULL	NULL	NULL	NULL	NULL	NULL	NULL	67	Autobusai	67	01		785	NULL	NULL	NULL
missed	579593	A>B	Parko–Pramonės g.–Mickūnai	797	NULL	NULL	NULL	NULL	NULL	NULL	NULL	67	Autobusai	67	01		816	NULL	NULL	NULL
missed	579593	B>A	Mickūnai–Pramonės–Parko g.	828	NULL	NULL	NULL	NULL	NULL	NULL	NULL	67	Autobusai	67	01		847	NULL	NULL	NULL
missed	579593	A>B	Parko–Pramonės g.–Mickūnai	857	NULL	NULL	NULL	NULL	NULL	NULL	NULL	67	Autobusai	67	01		876	NULL	NULL	NULL
missed	579593	B>A	Mickūnai–Pramonės–Parko g.	891	NULL	NULL	NULL	NULL	NULL	NULL	NULL	67	Autobusai	67	01		910	NULL	NULL	NULL
missed	579593	A>B	Parko–Pramonės g.–Mickūnai	919	NULL	NULL	NULL	NULL	NULL	NULL	NULL	67	Autobusai	67	01		938	NULL	NULL	NULL
missed	579593	B>A	Mickūnai–Pramonės–Parko g.	949	NULL	NULL	NULL	NULL	NULL	NULL	NULL	67	Autobusai	67	01		968	NULL	NULL	NULL
missed	579593	A>B	Parko–Pramonės g.–Mickūnai	988	NULL	NULL	NULL	NULL	NULL	NULL	NULL	67	Autobusai	67	01		1007	NULL	NULL	NULL
missed	579593	B>A	Mickūnai–Pramonės–Parko g.	1020	NULL	NULL	NULL	NULL	NULL	NULL	NULL	67	Autobusai	67	01		1039	NULL	NULL	NULL
missed	579593	A>B	Parko–Pramonės g.–Mickūnai	1052	NULL	NULL	NULL	NULL	NULL	NULL	NULL	67	Autobusai	67	01		1071	NULL	NULL	NULL
missed	579593	B>A	Mickūnai–Pramonės–Parko g.	1081	NULL	NULL	NULL	NULL	NULL	NULL	NULL	67	Autobusai	67	01		1100	NULL	NULL	NULL
missed	579593	A>B	Parko–Pramonės g.–Mickūnai	1130	NULL	NULL	NULL	NULL	NULL	NULL	NULL	67	Autobusai	67	01		1149	NULL	NULL	NULL
missed	579593	B>A	Mickūnai–Pramonės–Parko g.	1161	NULL	NULL	NULL	NULL	NULL	NULL	NULL	67	Autobusai	67	01		1180	NULL	NULL	NULL
missed	579593	A>B	Parko–Pramonės g.–Mickūnai	1210	NULL	NULL	NULL	NULL	NULL	NULL	NULL	67	Autobusai	67	01		1229	NULL	NULL	NULL
missed	579593	B>A	Mickūnai–Pramonės–Parko g.	1242	NULL	NULL	NULL	NULL	NULL	NULL	NULL	67	Autobusai	67	01		1261	NULL	NULL	NULL
missed	579593	A>B	Parko–Pramonės g.–Mickūnai	1275	NULL	NULL	NULL	NULL	NULL	NULL	NULL	67	Autobusai	67	01		1294	NULL	NULL	NULL
missed	579593	B>A	Mickūnai–Pramonės–Parko g.	1305	NULL	NULL	NULL	NULL	NULL	NULL	NULL	67	Autobusai	67	01		1324	NULL	NULL	NULL
missed	635427	A>B	Lazdynai–Mūrinė Vokė–Lentvaris–Grigiškės	307	NULL	NULL	NULL	NULL	NULL	NULL	NULL	68	Autobusai	68	01		339	NULL	NULL	NULL
missed	635427	B>A	Grigiškės–Lentvaris–Mūrinė Vokė–Lazdynai	343	NULL	NULL	NULL	NULL	NULL	NULL	NULL	68	Autobusai	68	01		383	NULL	NULL	NULL
missed	635427	A>B	Lazdynai–Mūrinė Vokė–Lentvaris–Grigiškės	392	NULL	NULL	NULL	NULL	NULL	NULL	NULL	68	Autobusai	68	01		425	NULL	NULL	NULL
missed	635427	B>A	Grigiškės–Lentvaris–Mūrinė Vokė–Lazdynai	431	NULL	NULL	NULL	NULL	NULL	NULL	NULL	68	Autobusai	68	01		471	NULL	NULL	NULL
missed	635427	A>B	Lazdynai–Mūrinė Vokė–Lentvaris–Grigiškės	477	NULL	NULL	NULL	NULL	NULL	NULL	NULL	68	Autobusai	68	01		510	NULL	NULL	NULL
missed	635427	B>A	Grigiškės–Lentvaris–Mūrinė Vokė–Lazdynai	515	NULL	NULL	NULL	NULL	NULL	NULL	NULL	68	Autobusai	68	01		554	NULL	NULL	NULL
missed	635427	A>B	Lazdynai–Mūrinė Vokė–Lentvaris–Grigiškės	586	NULL	NULL	NULL	NULL	NULL	NULL	NULL	68	Autobusai	68	01		618	NULL	NULL	NULL
missed	635427	B>A	Grigiškės–Lentvaris–Mūrinė Vokė–Lazdynai	624	NULL	NULL	NULL	NULL	NULL	NULL	NULL	68	Autobusai	68	01		663	NULL	NULL	NULL
missed	635427	A>B	Lazdynai–Mūrinė Vokė–Lentvaris–Grigiškės	669	NULL	NULL	NULL	NULL	NULL	NULL	NULL	68	Autobusai	68	01		701	NULL	NULL	NULL
missed	635427	B>A	Grigiškės–Lentvaris–Mūrinė Vokė–Lazdynai	709	NULL	NULL	NULL	NULL	NULL	NULL	NULL	68	Autobusai	68	01		748	NULL	NULL	NULL
missed	635427	A>B	Lazdynai–Mūrinė Vokė–Lentvaris–Grigiškės	754	NULL	NULL	NULL	NULL	NULL	NULL	NULL	68	Autobusai	68	01		786	NULL	NULL	NULL
missed	635427	B>A	Grigiškės–Lentvaris–Mūrinė Vokė–Lazdynai	794	NULL	NULL	NULL	NULL	NULL	NULL	NULL	68	Autobusai	68	01		833	NULL	NULL	NULL
missed	635427	A>B	Lazdynai–Mūrinė Vokė–Lentvaris–Grigiškės	843	NULL	NULL	NULL	NULL	NULL	NULL	NULL	68	Autobusai	68	01		875	NULL	NULL	NULL
missed	635427	B>A	Grigiškės–Lentvaris–Mūrinė Vokė–Lazdynai	881	NULL	NULL	NULL	NULL	NULL	NULL	NULL	68	Autobusai	68	01		921	NULL	NULL	NULL
missed	635427	A>B	Lazdynai–Mūrinė Vokė–Lentvaris–Grigiškės	927	NULL	NULL	NULL	NULL	NULL	NULL	NULL	68	Autobusai	68	01		960	NULL	NULL	NULL
missed	635427	B>A	Grigiškės–Lentvaris–Mūrinė Vokė–Lazdynai	966	NULL	NULL	NULL	NULL	NULL	NULL	NULL	68	Autobusai	68	01		1006	NULL	NULL	NULL
missed	635427	A>B	Lazdynai–Mūrinė Vokė–Lentvaris–Grigiškės	1021	NULL	NULL	NULL	NULL	NULL	NULL	NULL	68	Autobusai	68	01		1054	NULL	NULL	NULL
missed	635427	B>A	Grigiškės–Lentvaris–Mūrinė Vokė–Lazdynai	1060	NULL	NULL	NULL	NULL	NULL	NULL	NULL	68	Autobusai	68	01		1100	NULL	NULL	NULL
missed	635427	A>B	Lazdynai–Mūrinė Vokė–Lentvaris–Grigiškės	1130	NULL	NULL	NULL	NULL	NULL	NULL	NULL	68	Autobusai	68	01		1162	NULL	NULL	NULL
missed	635427	B>A	Grigiškės–Lentvaris–Mūrinė Vokė–Lazdynai	1168	NULL	NULL	NULL	NULL	NULL	NULL	NULL	68	Autobusai	68	01		1207	NULL	NULL	NULL
missed	635427	A>B	Lazdynai–Mūrinė Vokė–Lentvaris–Grigiškės	1212	NULL	NULL	NULL	NULL	NULL	NULL	NULL	68	Autobusai	68	01		1244	NULL	NULL	NULL
missed	635427	B>A	Grigiškės–Lentvaris–Mūrinė Vokė–Lazdynai	1249	NULL	NULL	NULL	NULL	NULL	NULL	NULL	68	Autobusai	68	01		1288	NULL	NULL	NULL
missed	635427	A>B	Lazdynai–Mūrinė Vokė–Lentvaris–Grigiškės	1294	NULL	NULL	NULL	NULL	NULL	NULL	NULL	68	Autobusai	68	01		1326	NULL	NULL	NULL
missed	635427	B>A	Grigiškės–Lentvaris–Mūrinė Vokė–Lazdynai	1331	NULL	NULL	NULL	NULL	NULL	NULL	NULL	68	Autobusai	68	01		1370	NULL	NULL	NULL
missed	635428	A>B	Lazdynai–Mūrinė Vokė–Lentvaris–Grigiškės	364	NULL	NULL	NULL	NULL	NULL	NULL	NULL	68	Autobusai	68	02		397	NULL	NULL	NULL
missed	635428	B>A	Grigiškės–Lentvaris–Mūrinė Vokė–Lazdynai	403	NULL	NULL	NULL	NULL	NULL	NULL	NULL	68	Autobusai	68	02		443	NULL	NULL	NULL
missed	635428	A>B	Lazdynai–Mūrinė Vokė–Lentvaris–Grigiškės	450	NULL	NULL	NULL	NULL	NULL	NULL	NULL	68	Autobusai	68	02		483	NULL	NULL	NULL
missed	635428	B>A	Grigiškės–Lentvaris–Mūrinė Vokė–Lazdynai	489	NULL	NULL	NULL	NULL	NULL	NULL	NULL	68	Autobusai	68	02		529	NULL	NULL	NULL
missed	635428	A>B	Lazdynai–Mūrinė Vokė–Lentvaris–Grigiškės	536	NULL	NULL	NULL	NULL	NULL	NULL	NULL	68	Autobusai	68	02		568	NULL	NULL	NULL
missed	635428	B>A	Grigiškės–Lentvaris–Mūrinė Vokė–Lazdynai	578	NULL	NULL	NULL	NULL	NULL	NULL	NULL	68	Autobusai	68	02		617	NULL	NULL	NULL
missed	635428	A>B	Lazdynai–Mūrinė Vokė–Lentvaris–Grigiškės	995	NULL	NULL	NULL	NULL	NULL	NULL	NULL	68	Autobusai	68	02		1028	NULL	NULL	NULL
missed	635428	B>A	Grigiškės–Lentvaris–Mūrinė Vokė–Lazdynai	1034	NULL	NULL	NULL	NULL	NULL	NULL	NULL	68	Autobusai	68	02		1074	NULL	NULL	NULL
missed	635428	A>B	Lazdynai–Mūrinė Vokė–Lentvaris–Grigiškės	1086	NULL	NULL	NULL	NULL	NULL	NULL	NULL	68	Autobusai	68	02		1119	NULL	NULL	NULL
missed	635428	B>A	Grigiškės–Lentvaris–Mūrinė Vokė–Lazdynai	1125	NULL	NULL	NULL	NULL	NULL	NULL	NULL	68	Autobusai	68	02		1164	NULL	NULL	NULL
missed	635429	A>B	Lazdynai–Mūrinė Vokė–Lentvaris–Grigiškės	333	NULL	NULL	NULL	NULL	NULL	NULL	NULL	68	Autobusai	68	03		365	NULL	NULL	NULL
missed	635429	B>A	Grigiškės–Lentvaris–Mūrinė Vokė–Lazdynai	370	NULL	NULL	NULL	NULL	NULL	NULL	NULL	68	Autobusai	68	03		410	NULL	NULL	NULL
missed	635429	A>B	Lazdynai–Mūrinė Vokė–Lentvaris–Grigiškės	420	NULL	NULL	NULL	NULL	NULL	NULL	NULL	68	Autobusai	68	03		453	NULL	NULL	NULL
missed	635429	B>A	Grigiškės–Lentvaris–Mūrinė Vokė–Lazdynai	461	NULL	NULL	NULL	NULL	NULL	NULL	NULL	68	Autobusai	68	03		501	NULL	NULL	NULL
missed	635429	A>B	Lazdynai–Mūrinė Vokė–Lentvaris–Grigiškės	506	NULL	NULL	NULL	NULL	NULL	NULL	NULL	68	Autobusai	68	03		539	NULL	NULL	NULL
missed	635429	B>A	Grigiškės–Lentvaris–Mūrinė Vokė–Lazdynai	548	NULL	NULL	NULL	NULL	NULL	NULL	NULL	68	Autobusai	68	03		587	NULL	NULL	NULL
missed	635429	A>B	Lazdynai–Mūrinė Vokė–Lentvaris–Grigiškės	626	NULL	NULL	NULL	NULL	NULL	NULL	NULL	68	Autobusai	68	03		658	NULL	NULL	NULL
missed	635429	B>A	Grigiškės–Lentvaris–Mūrinė Vokė–Lazdynai	665	NULL	NULL	NULL	NULL	NULL	NULL	NULL	68	Autobusai	68	03		704	NULL	NULL	NULL
missed	635429	A>B	Lazdynai–Mūrinė Vokė–Lentvaris–Grigiškės	710	NULL	NULL	NULL	NULL	NULL	NULL	NULL	68	Autobusai	68	03		742	NULL	NULL	NULL
missed	635429	B>A	Grigiškės–Lentvaris–Mūrinė Vokė–Lazdynai	751	NULL	NULL	NULL	NULL	NULL	NULL	NULL	68	Autobusai	68	03		790	NULL	NULL	NULL
missed	635429	A>B	Lazdynai–Mūrinė Vokė–Lentvaris–Grigiškės	795	NULL	NULL	NULL	NULL	NULL	NULL	NULL	68	Autobusai	68	03		827	NULL	NULL	NULL
missed	635429	B>A	Grigiškės–Lentvaris–Mūrinė Vokė–Lazdynai	835	NULL	NULL	NULL	NULL	NULL	NULL	NULL	68	Autobusai	68	03		874	NULL	NULL	NULL
missed	635429	A>B	Lazdynai–Mūrinė Vokė–Lentvaris–Grigiškės	884	NULL	NULL	NULL	NULL	NULL	NULL	NULL	68	Autobusai	68	03		917	NULL	NULL	NULL
missed	635429	B>A	Grigiškės–Lentvaris–Mūrinė Vokė–Lazdynai	923	NULL	NULL	NULL	NULL	NULL	NULL	NULL	68	Autobusai	68	03		963	NULL	NULL	NULL
missed	635429	A>B	Lazdynai–Mūrinė Vokė–Lentvaris–Grigiškės	968	NULL	NULL	NULL	NULL	NULL	NULL	NULL	68	Autobusai	68	03		1001	NULL	NULL	NULL
missed	635429	B>A	Grigiškės–Lentvaris–Mūrinė Vokė–Lazdynai	1007	NULL	NULL	NULL	NULL	NULL	NULL	NULL	68	Autobusai	68	03		1047	NULL	NULL	NULL
missed	635429	A>B	Lazdynai–Mūrinė Vokė–Lentvaris–Grigiškės	1058	NULL	NULL	NULL	NULL	NULL	NULL	NULL	68	Autobusai	68	03		1091	NULL	NULL	NULL
missed	635429	B>A	Grigiškės–Lentvaris–Mūrinė Vokė–Lazdynai	1096	NULL	NULL	NULL	NULL	NULL	NULL	NULL	68	Autobusai	68	03		1135	NULL	NULL	NULL
missed	635429	A>B	Lazdynai–Mūrinė Vokė–Lentvaris–Grigiškės	1165	NULL	NULL	NULL	NULL	NULL	NULL	NULL	68	Autobusai	68	03		1197	NULL	NULL	NULL
missed	635429	B>A	Grigiškės–Lentvaris–Mūrinė Vokė–Lazdynai	1202	NULL	NULL	NULL	NULL	NULL	NULL	NULL	68	Autobusai	68	03		1241	NULL	NULL	NULL
missed	635429	A>B	Lazdynai–Mūrinė Vokė–Lentvaris–Grigiškės	1251	NULL	NULL	NULL	NULL	NULL	NULL	NULL	68	Autobusai	68	03		1283	NULL	NULL	NULL
missed	635429	B>A	Grigiškės–Lentvaris–Mūrinė Vokė–Lazdynai	1288	NULL	NULL	NULL	NULL	NULL	NULL	NULL	68	Autobusai	68	03		1327	NULL	NULL	NULL
missed	635429	A>B	Lazdynai–Mūrinė Vokė–Lentvaris–Grigiškės	1332	NULL	NULL	NULL	NULL	NULL	NULL	NULL	68	Autobusai	68	03		1364	NULL	NULL	NULL
missed	635429	B>A	Grigiškės–Lentvaris–Mūrinė Vokė–Lazdynai	1369	NULL	NULL	NULL	NULL	NULL	NULL	NULL	68	Autobusai	68	03		1408	NULL	NULL	NULL
missed	663269	A>B	Ateities–Didlaukio–Žalgirio g.–Lazdynai–Šiltnamių g.	310	NULL	NULL	NULL	NULL	NULL	NULL	NULL	69	Autobusai	69	01-Ž		355	NULL	NULL	NULL
missed	663269	B>A	Šiltnamių g.–Lazdynai–Žalgirio–Didlaukio–Ateities g.	362	NULL	NULL	NULL	NULL	NULL	NULL	NULL	69	Autobusai	69	01-Ž		409	NULL	NULL	NULL
missed	663269	A>B	Ateities–Didlaukio–Žalgirio g.–Lazdynai–Šiltnamių g.	414	NULL	NULL	NULL	NULL	NULL	NULL	NULL	69	Autobusai	69	01-Ž		465	NULL	NULL	NULL
missed	663269	B>A	Šiltnamių g.–Lazdynai–Žalgirio–Didlaukio–Ateities g.	476	NULL	NULL	NULL	NULL	NULL	NULL	NULL	69	Autobusai	69	01-Ž		526	NULL	NULL	NULL
missed	663269	A>B	Ateities–Didlaukio–Žalgirio g.–Lazdynai–Šiltnamių g.	564	NULL	NULL	NULL	NULL	NULL	NULL	NULL	69	Autobusai	69	01-Ž		612	NULL	NULL	NULL
missed	663269	B>A	Šiltnamių g.–Lazdynai–Žalgirio–Didlaukio–Ateities g.	622	NULL	NULL	NULL	NULL	NULL	NULL	NULL	69	Autobusai	69	01-Ž		671	NULL	NULL	NULL
missed	663269	A>B	Ateities–Didlaukio–Žalgirio g.–Lazdynai–Šiltnamių g.	680	NULL	NULL	NULL	NULL	NULL	NULL	NULL	69	Autobusai	69	01-Ž		728	NULL	NULL	NULL
missed	663269	B>A	Šiltnamių g.–Lazdynai–Žalgirio–Didlaukio–Ateities g.	739	NULL	NULL	NULL	NULL	NULL	NULL	NULL	69	Autobusai	69	01-Ž		788	NULL	NULL	NULL
missed	663269	A>B	Ateities–Didlaukio–Žalgirio g.–Lazdynai–Šiltnamių g.	796	NULL	NULL	NULL	NULL	NULL	NULL	NULL	69	Autobusai	69	01-Ž		844	NULL	NULL	NULL
missed	663269	B>A	Šiltnamių g.–Lazdynai–Žalgirio–Didlaukio–Ateities g.	862	NULL	NULL	NULL	NULL	NULL	NULL	NULL	69	Autobusai	69	01-Ž		911	NULL	NULL	NULL
missed	663269	A>B	Ateities–Didlaukio–Žalgirio g.–Lazdynai–Šiltnamių g.	922	NULL	NULL	NULL	NULL	NULL	NULL	NULL	69	Autobusai	69	01-Ž		970	NULL	NULL	NULL
missed	663269	B>A	Šiltnamių g.–Lazdynai–Žalgirio–Didlaukio–Ateities g.	982	NULL	NULL	NULL	NULL	NULL	NULL	NULL	69	Autobusai	69	01-Ž		1037	NULL	NULL	NULL
missed	663269	A>B	Ateities–Didlaukio–Žalgirio g.–Lazdynai–Šiltnamių g.	1042	NULL	NULL	NULL	NULL	NULL	NULL	NULL	69	Autobusai	69	01-Ž		1097	NULL	NULL	NULL
missed	663269	B>A	Šiltnamių g.–Lazdynai–Žalgirio–Didlaukio–Ateities g.	1107	NULL	NULL	NULL	NULL	NULL	NULL	NULL	69	Autobusai	69	01-Ž		1160	NULL	NULL	NULL
missed	663269	A>B	Ateities–Didlaukio–Žalgirio g.–Lazdynai–Šiltnamių g.	1196	NULL	NULL	NULL	NULL	NULL	NULL	NULL	69	Autobusai	69	01-Ž		1243	NULL	NULL	NULL
missed	663269	B>A	Šiltnamių g.–Lazdynai–Žalgirio–Didlaukio–Ateities g.	1258	NULL	NULL	NULL	NULL	NULL	NULL	NULL	69	Autobusai	69	01-Ž		1304	NULL	NULL	NULL
missed	663269	A>B	Ateities–Didlaukio–Žalgirio g.–Lazdynai–Šiltnamių g.	1309	NULL	NULL	NULL	NULL	NULL	NULL	NULL	69	Autobusai	69	01-Ž		1356	NULL	NULL	NULL
missed	663269	B>A	Šiltnamių g.–Lazdynai–Žalgirio–Didlaukio–Ateities g.	1364	NULL	NULL	NULL	NULL	NULL	NULL	NULL	69	Autobusai	69	01-Ž		1410	NULL	NULL	NULL
missed	663270	A>B	Ateities–Didlaukio–Žalgirio g.–Lazdynai–Šiltnamių g.	376	NULL	NULL	NULL	NULL	NULL	NULL	NULL	69	Autobusai	69	02		423	NULL	NULL	NULL
missed	663270	B>A	Šiltnamių g.–Lazdynai–Žalgirio–Didlaukio–Ateities g.	436	NULL	NULL	NULL	NULL	NULL	NULL	NULL	69	Autobusai	69	02		486	NULL	NULL	NULL
missed	663270	A>B	Ateities–Didlaukio–Žalgirio g.–Lazdynai–Šiltnamių g.	508	NULL	NULL	NULL	NULL	NULL	NULL	NULL	69	Autobusai	69	02		558	NULL	NULL	NULL
missed	663270	B>A	Šiltnamių g.–Lazdynai–Žalgirio–Didlaukio–Ateities g.	570	NULL	NULL	NULL	NULL	NULL	NULL	NULL	69	Autobusai	69	02		619	NULL	NULL	NULL
missed	663270	A>B	Ateities–Didlaukio–Žalgirio g.–Lazdynai–Šiltnamių g.	943	NULL	NULL	NULL	NULL	NULL	NULL	NULL	69	Autobusai	69	02		992	NULL	NULL	NULL
missed	663270	B>A	Šiltnamių g.–Lazdynai–Žalgirio–Didlaukio–Ateities g.	1005	NULL	NULL	NULL	NULL	NULL	NULL	NULL	69	Autobusai	69	02		1060	NULL	NULL	NULL
missed	663270	A>B	Ateities–Didlaukio–Žalgirio g.–Lazdynai–Šiltnamių g.	1070	NULL	NULL	NULL	NULL	NULL	NULL	NULL	69	Autobusai	69	02		1125	NULL	NULL	NULL
missed	663270	B>A	Šiltnamių g.–Lazdynai–Žalgirio–Didlaukio–Ateities g.	1136	NULL	NULL	NULL	NULL	NULL	NULL	NULL	69	Autobusai	69	02		1186	NULL	NULL	NULL
missed	663268	A>B	Ateities–Didlaukio–Žalgirio g.–Lazdynai–Šiltnamių g.	333	NULL	NULL	NULL	NULL	NULL	NULL	NULL	69	Autobusai	69	03		378	NULL	NULL	NULL
missed	663268	B>A	Šiltnamių g.–Lazdynai–Žalgirio–Didlaukio–Ateities g.	395	NULL	NULL	NULL	NULL	NULL	NULL	NULL	69	Autobusai	69	03		445	NULL	NULL	NULL
missed	663268	A>B	Ateities–Didlaukio–Žalgirio g.–Lazdynai–Šiltnamių g.	455	NULL	NULL	NULL	NULL	NULL	NULL	NULL	69	Autobusai	69	03		507	NULL	NULL	NULL
missed	663268	B>A	Šiltnamių g.–Lazdynai–Žalgirio–Didlaukio–Ateities g.	517	NULL	NULL	NULL	NULL	NULL	NULL	NULL	69	Autobusai	69	03		566	NULL	NULL	NULL
missed	663268	A>B	Ateities–Didlaukio–Žalgirio g.–Lazdynai–Šiltnamių g.	599	NULL	NULL	NULL	NULL	NULL	NULL	NULL	69	Autobusai	69	03		647	NULL	NULL	NULL
missed	663268	B>A	Šiltnamių g.–Lazdynai–Žalgirio–Didlaukio–Ateities g.	658	NULL	NULL	NULL	NULL	NULL	NULL	NULL	69	Autobusai	69	03		707	NULL	NULL	NULL
missed	663268	A>B	Ateities–Didlaukio–Žalgirio g.–Lazdynai–Šiltnamių g.	737	NULL	NULL	NULL	NULL	NULL	NULL	NULL	69	Autobusai	69	03		785	NULL	NULL	NULL
missed	663268	B>A	Šiltnamių g.–Lazdynai–Žalgirio–Didlaukio–Ateities g.	793	NULL	NULL	NULL	NULL	NULL	NULL	NULL	69	Autobusai	69	03		842	NULL	NULL	NULL
missed	663268	A>B	Ateities–Didlaukio–Žalgirio g.–Lazdynai–Šiltnamių g.	852	NULL	NULL	NULL	NULL	NULL	NULL	NULL	69	Autobusai	69	03		900	NULL	NULL	NULL
missed	663268	B>A	Šiltnamių g.–Lazdynai–Žalgirio–Didlaukio–Ateities g.	905	NULL	NULL	NULL	NULL	NULL	NULL	NULL	69	Autobusai	69	03		954	NULL	NULL	NULL
missed	663268	A>B	Ateities–Didlaukio–Žalgirio g.–Lazdynai–Šiltnamių g.	964	NULL	NULL	NULL	NULL	NULL	NULL	NULL	69	Autobusai	69	03		1015	NULL	NULL	NULL
missed	663268	B>A	Šiltnamių g.–Lazdynai–Žalgirio–Didlaukio–Ateities g.	1029	NULL	NULL	NULL	NULL	NULL	NULL	NULL	69	Autobusai	69	03		1084	NULL	NULL	NULL
missed	663268	A>B	Ateities–Didlaukio–Žalgirio g.–Lazdynai–Šiltnamių g.	1117	NULL	NULL	NULL	NULL	NULL	NULL	NULL	69	Autobusai	69	03		1171	NULL	NULL	NULL
missed	663268	B>A	Šiltnamių g.–Lazdynai–Žalgirio–Didlaukio–Ateities g.	1180	NULL	NULL	NULL	NULL	NULL	NULL	NULL	69	Autobusai	69	03		1226	NULL	NULL	NULL
missed	663268	A>B	Ateities–Didlaukio–Žalgirio g.–Lazdynai–Šiltnamių g.	1233	NULL	NULL	NULL	NULL	NULL	NULL	NULL	69	Autobusai	69	03		1280	NULL	NULL	NULL
missed	663268	B>A	Šiltnamių g.–Lazdynai–Žalgirio–Didlaukio–Ateities g.	1286	NULL	NULL	NULL	NULL	NULL	NULL	NULL	69	Autobusai	69	03		1332	NULL	NULL	NULL
missed	663271	A>B	Ateities–Didlaukio–Žalgirio g.–Lazdynai–Šiltnamių g.	352	NULL	NULL	NULL	NULL	NULL	NULL	NULL	69	Autobusai	69	04		399	NULL	NULL	NULL
missed	663271	B>A	Šiltnamių g.–Lazdynai–Žalgirio–Didlaukio–Ateities g.	414	NULL	NULL	NULL	NULL	NULL	NULL	NULL	69	Autobusai	69	04		464	NULL	NULL	NULL
missed	663271	A>B	Ateities–Didlaukio–Žalgirio g.–Lazdynai–Šiltnamių g.	477	NULL	NULL	NULL	NULL	NULL	NULL	NULL	69	Autobusai	69	04		529	NULL	NULL	NULL
missed	663271	B>A	Šiltnamių g.–Lazdynai–Žalgirio–Didlaukio–Ateities g.	540	NULL	NULL	NULL	NULL	NULL	NULL	NULL	69	Autobusai	69	04		589	NULL	NULL	NULL
missed	663271	A>B	Ateities–Didlaukio–Žalgirio g.–Lazdynai–Šiltnamių g.	622	NULL	NULL	NULL	NULL	NULL	NULL	NULL	69	Autobusai	69	04		670	NULL	NULL	NULL
missed	663271	B>A	Šiltnamių g.–Lazdynai–Žalgirio–Didlaukio–Ateities g.	681	NULL	NULL	NULL	NULL	NULL	NULL	NULL	69	Autobusai	69	04		730	NULL	NULL	NULL
missed	663271	A>B	Ateities–Didlaukio–Žalgirio g.–Lazdynai–Šiltnamių g.	767	NULL	NULL	NULL	NULL	NULL	NULL	NULL	69	Autobusai	69	04		815	NULL	NULL	NULL
missed	663271	B>A	Šiltnamių g.–Lazdynai–Žalgirio–Didlaukio–Ateities g.	823	NULL	NULL	NULL	NULL	NULL	NULL	NULL	69	Autobusai	69	04		872	NULL	NULL	NULL
missed	663271	A>B	Ateities–Didlaukio–Žalgirio g.–Lazdynai–Šiltnamių g.	882	NULL	NULL	NULL	NULL	NULL	NULL	NULL	69	Autobusai	69	04		930	NULL	NULL	NULL
missed	663271	B>A	Šiltnamių g.–Lazdynai–Žalgirio–Didlaukio–Ateities g.	943	NULL	NULL	NULL	NULL	NULL	NULL	NULL	69	Autobusai	69	04		993	NULL	NULL	NULL
missed	663271	A>B	Ateities–Didlaukio–Žalgirio g.–Lazdynai–Šiltnamių g.	1009	NULL	NULL	NULL	NULL	NULL	NULL	NULL	69	Autobusai	69	04		1064	NULL	NULL	NULL
missed	663271	B>A	Šiltnamių g.–Lazdynai–Žalgirio–Didlaukio–Ateities g.	1076	NULL	NULL	NULL	NULL	NULL	NULL	NULL	69	Autobusai	69	04		1131	NULL	NULL	NULL
missed	663271	A>B	Ateities–Didlaukio–Žalgirio g.–Lazdynai–Šiltnamių g.	1163	NULL	NULL	NULL	NULL	NULL	NULL	NULL	69	Autobusai	69	04		1211	NULL	NULL	NULL
missed	663271	B>A	Šiltnamių g.–Lazdynai–Žalgirio–Didlaukio–Ateities g.	1227	NULL	NULL	NULL	NULL	NULL	NULL	NULL	69	Autobusai	69	04		1273	NULL	NULL	NULL
missed	663271	A>B	Ateities–Didlaukio–Žalgirio g.–Lazdynai–Šiltnamių g.	1278	NULL	NULL	NULL	NULL	NULL	NULL	NULL	69	Autobusai	69	04		1325	NULL	NULL	NULL
missed	663271	B>A	Šiltnamių g.–Lazdynai–Žalgirio–Didlaukio–Ateities g.	1333	NULL	NULL	NULL	NULL	NULL	NULL	NULL	69	Autobusai	69	04		1379	NULL	NULL	NULL
missed	663208	A>B	Parko–Olandų g.–Žaliasis tiltas	314	NULL	NULL	NULL	NULL	NULL	NULL	NULL	6G	Autobusai	6G	01-ž		341	NULL	NULL	NULL
missed	663208	B>A	Žaliasis tiltas–Olandų–Parko g.	341	NULL	NULL	NULL	NULL	NULL	NULL	NULL	6G	Autobusai	6G	01-ž		369	NULL	NULL	NULL
missed	663208	A>B	Parko–Olandų g.–Žaliasis tiltas	379	NULL	NULL	NULL	NULL	NULL	NULL	NULL	6G	Autobusai	6G	01-ž		406	NULL	NULL	NULL
missed	663208	B>A	Žaliasis tiltas–Olandų–Parko g.	406	NULL	NULL	NULL	NULL	NULL	NULL	NULL	6G	Autobusai	6G	01-ž		436	NULL	NULL	NULL
missed	663208	A>B	Parko–Olandų g.–Žaliasis tiltas	446	NULL	NULL	NULL	NULL	NULL	NULL	NULL	6G	Autobusai	6G	01-ž		477	NULL	NULL	NULL
missed	663208	B>A	Žaliasis tiltas–Olandų–Parko g.	477	NULL	NULL	NULL	NULL	NULL	NULL	NULL	6G	Autobusai	6G	01-ž		509	NULL	NULL	NULL
missed	663208	A>B	Parko–Olandų g.–Žaliasis tiltas	548	NULL	NULL	NULL	NULL	NULL	NULL	NULL	6G	Autobusai	6G	01-ž		578	NULL	NULL	NULL
missed	663208	B>A	Žaliasis tiltas–Olandų–Parko g.	578	NULL	NULL	NULL	NULL	NULL	NULL	NULL	6G	Autobusai	6G	01-ž		608	NULL	NULL	NULL
missed	663208	A>B	Parko–Olandų g.–Žaliasis tiltas	619	NULL	NULL	NULL	NULL	NULL	NULL	NULL	6G	Autobusai	6G	01-ž		649	NULL	NULL	NULL
missed	663208	B>A	Žaliasis tiltas–Olandų–Parko g.	649	NULL	NULL	NULL	NULL	NULL	NULL	NULL	6G	Autobusai	6G	01-ž		679	NULL	NULL	NULL
missed	663208	A>B	Parko–Olandų g.–Žaliasis tiltas	689	NULL	NULL	NULL	NULL	NULL	NULL	NULL	6G	Autobusai	6G	01-ž		719	NULL	NULL	NULL
missed	663208	B>A	Žaliasis tiltas–Olandų–Parko g.	719	NULL	NULL	NULL	NULL	NULL	NULL	NULL	6G	Autobusai	6G	01-ž		749	NULL	NULL	NULL
missed	663208	A>B	Parko–Olandų g.–Žaliasis tiltas	759	NULL	NULL	NULL	NULL	NULL	NULL	NULL	6G	Autobusai	6G	01-ž		789	NULL	NULL	NULL
missed	663208	B>A	Žaliasis tiltas–Olandų–Parko g.	789	NULL	NULL	NULL	NULL	NULL	NULL	NULL	6G	Autobusai	6G	01-ž		819	NULL	NULL	NULL
missed	663208	A>B	Parko–Olandų g.–Žaliasis tiltas	829	NULL	NULL	NULL	NULL	NULL	NULL	NULL	6G	Autobusai	6G	01-ž		859	NULL	NULL	NULL
missed	663208	B>A	Žaliasis tiltas–Olandų–Parko g.	859	NULL	NULL	NULL	NULL	NULL	NULL	NULL	6G	Autobusai	6G	01-ž		889	NULL	NULL	NULL
missed	663208	A>B	Parko–Olandų g.–Žaliasis tiltas	901	NULL	NULL	NULL	NULL	NULL	NULL	NULL	6G	Autobusai	6G	01-ž		931	NULL	NULL	NULL
missed	663208	B>A	Žaliasis tiltas–Olandų–Parko g.	931	NULL	NULL	NULL	NULL	NULL	NULL	NULL	6G	Autobusai	6G	01-ž		961	NULL	NULL	NULL
missed	663208	A>B	Parko–Olandų g.–Žaliasis tiltas	971	NULL	NULL	NULL	NULL	NULL	NULL	NULL	6G	Autobusai	6G	01-ž		1002	NULL	NULL	NULL
missed	663208	B>A	Žaliasis tiltas–Olandų–Parko g.	1002	NULL	NULL	NULL	NULL	NULL	NULL	NULL	6G	Autobusai	6G	01-ž		1036	NULL	NULL	NULL
missed	663208	A>B	Parko–Olandų g.–Žaliasis tiltas	1051	NULL	NULL	NULL	NULL	NULL	NULL	NULL	6G	Autobusai	6G	01-ž		1082	NULL	NULL	NULL
missed	663208	B>A	Žaliasis tiltas–Olandų–Parko g.	1082	NULL	NULL	NULL	NULL	NULL	NULL	NULL	6G	Autobusai	6G	01-ž		1116	NULL	NULL	NULL
missed	663208	A>B	Parko–Olandų g.–Žaliasis tiltas	1146	NULL	NULL	NULL	NULL	NULL	NULL	NULL	6G	Autobusai	6G	01-ž		1174	NULL	NULL	NULL
missed	663208	B>A	Žaliasis tiltas–Olandų–Parko g.	1174	NULL	NULL	NULL	NULL	NULL	NULL	NULL	6G	Autobusai	6G	01-ž		1204	NULL	NULL	NULL
missed	663208	A>B	Parko–Olandų g.–Žaliasis tiltas	1216	NULL	NULL	NULL	NULL	NULL	NULL	NULL	6G	Autobusai	6G	01-ž		1244	NULL	NULL	NULL
missed	663208	B>A	Žaliasis tiltas–Olandų–Parko g.	1244	NULL	NULL	NULL	NULL	NULL	NULL	NULL	6G	Autobusai	6G	01-ž		1272	NULL	NULL	NULL
missed	663208	A>B	Parko–Olandų g.–Žaliasis tiltas	1282	NULL	NULL	NULL	NULL	NULL	NULL	NULL	6G	Autobusai	6G	01-ž		1310	NULL	NULL	NULL
missed	663208	B>A	Žaliasis tiltas–Olandų–Parko g.	1310	NULL	NULL	NULL	NULL	NULL	NULL	NULL	6G	Autobusai	6G	01-ž		1338	NULL	NULL	NULL
missed	663210	A>B	Parko–Olandų g.–Žaliasis tiltas	326	NULL	NULL	NULL	NULL	NULL	NULL	NULL	6G	Autobusai	6G	02		353	NULL	NULL	NULL
missed	663210	B>A	Žaliasis tiltas–Olandų–Parko g.	353	NULL	NULL	NULL	NULL	NULL	NULL	NULL	6G	Autobusai	6G	02		381	NULL	NULL	NULL
missed	663210	A>B	Parko–Olandų g.–Žaliasis tiltas	394	NULL	NULL	NULL	NULL	NULL	NULL	NULL	6G	Autobusai	6G	02		422	NULL	NULL	NULL
missed	663210	B>A	Žaliasis tiltas–Olandų–Parko g.	422	NULL	NULL	NULL	NULL	NULL	NULL	NULL	6G	Autobusai	6G	02		454	NULL	NULL	NULL
missed	663210	A>B	Parko–Olandų g.–Žaliasis tiltas	464	NULL	NULL	NULL	NULL	NULL	NULL	NULL	6G	Autobusai	6G	02		495	NULL	NULL	NULL
missed	663210	B>A	Žaliasis tiltas–Olandų–Parko g.	495	NULL	NULL	NULL	NULL	NULL	NULL	NULL	6G	Autobusai	6G	02		527	NULL	NULL	NULL
missed	663210	A>B	Parko–Olandų g.–Žaliasis tiltas	872	NULL	NULL	NULL	NULL	NULL	NULL	NULL	6G	Autobusai	6G	02		902	NULL	NULL	NULL
missed	663210	B>A	Žaliasis tiltas–Olandų–Parko g.	902	NULL	NULL	NULL	NULL	NULL	NULL	NULL	6G	Autobusai	6G	02		932	NULL	NULL	NULL
missed	663210	A>B	Parko–Olandų g.–Žaliasis tiltas	944	NULL	NULL	NULL	NULL	NULL	NULL	NULL	6G	Autobusai	6G	02		975	NULL	NULL	NULL
missed	663210	B>A	Žaliasis tiltas–Olandų–Parko g.	975	NULL	NULL	NULL	NULL	NULL	NULL	NULL	6G	Autobusai	6G	02		1009	NULL	NULL	NULL
missed	663210	A>B	Parko–Olandų g.–Žaliasis tiltas	1024	NULL	NULL	NULL	NULL	NULL	NULL	NULL	6G	Autobusai	6G	02		1055	NULL	NULL	NULL
missed	663210	B>A	Žaliasis tiltas–Olandų–Parko g.	1055	NULL	NULL	NULL	NULL	NULL	NULL	NULL	6G	Autobusai	6G	02		1089	NULL	NULL	NULL
missed	663209	A>B	Parko–Olandų g.–Žaliasis tiltas	336	NULL	NULL	NULL	NULL	NULL	NULL	NULL	6G	Autobusai	6G	03		363	NULL	NULL	NULL
missed	663209	B>A	Žaliasis tiltas–Olandų–Parko g.	363	NULL	NULL	NULL	NULL	NULL	NULL	NULL	6G	Autobusai	6G	03		391	NULL	NULL	NULL
missed	663209	A>B	Parko–Olandų g.–Žaliasis tiltas	402	NULL	NULL	NULL	NULL	NULL	NULL	NULL	6G	Autobusai	6G	03		432	NULL	NULL	NULL
missed	663209	B>A	Žaliasis tiltas–Olandų–Parko g.	432	NULL	NULL	NULL	NULL	NULL	NULL	NULL	6G	Autobusai	6G	03		464	NULL	NULL	NULL
missed	663209	A>B	Parko–Olandų g.–Žaliasis tiltas	474	NULL	NULL	NULL	NULL	NULL	NULL	NULL	6G	Autobusai	6G	03		505	NULL	NULL	NULL
missed	663209	B>A	Žaliasis tiltas–Olandų–Parko g.	505	NULL	NULL	NULL	NULL	NULL	NULL	NULL	6G	Autobusai	6G	03		537	NULL	NULL	NULL
missed	663209	A>B	Parko–Olandų g.–Žaliasis tiltas	567	NULL	NULL	NULL	NULL	NULL	NULL	NULL	6G	Autobusai	6G	03		597	NULL	NULL	NULL
missed	663209	B>A	Žaliasis tiltas–Olandų–Parko g.	597	NULL	NULL	NULL	NULL	NULL	NULL	NULL	6G	Autobusai	6G	03		627	NULL	NULL	NULL
missed	663209	A>B	Parko–Olandų g.–Žaliasis tiltas	637	NULL	NULL	NULL	NULL	NULL	NULL	NULL	6G	Autobusai	6G	03		667	NULL	NULL	NULL
missed	663209	B>A	Žaliasis tiltas–Olandų–Parko g.	667	NULL	NULL	NULL	NULL	NULL	NULL	NULL	6G	Autobusai	6G	03		697	NULL	NULL	NULL
missed	663209	A>B	Parko–Olandų g.–Žaliasis tiltas	707	NULL	NULL	NULL	NULL	NULL	NULL	NULL	6G	Autobusai	6G	03		737	NULL	NULL	NULL
missed	663209	B>A	Žaliasis tiltas–Olandų–Parko g.	737	NULL	NULL	NULL	NULL	NULL	NULL	NULL	6G	Autobusai	6G	03		767	NULL	NULL	NULL
missed	663209	A>B	Parko–Olandų g.–Žaliasis tiltas	777	NULL	NULL	NULL	NULL	NULL	NULL	NULL	6G	Autobusai	6G	03		807	NULL	NULL	NULL
missed	663209	B>A	Žaliasis tiltas–Olandų–Parko g.	807	NULL	NULL	NULL	NULL	NULL	NULL	NULL	6G	Autobusai	6G	03		837	NULL	NULL	NULL
missed	663209	A>B	Parko–Olandų g.–Žaliasis tiltas	847	NULL	NULL	NULL	NULL	NULL	NULL	NULL	6G	Autobusai	6G	03		877	NULL	NULL	NULL
missed	663209	B>A	Žaliasis tiltas–Olandų–Parko g.	877	NULL	NULL	NULL	NULL	NULL	NULL	NULL	6G	Autobusai	6G	03		907	NULL	NULL	NULL
missed	663209	A>B	Parko–Olandų g.–Žaliasis tiltas	919	NULL	NULL	NULL	NULL	NULL	NULL	NULL	6G	Autobusai	6G	03		949	NULL	NULL	NULL
missed	663209	B>A	Žaliasis tiltas–Olandų–Parko g.	949	NULL	NULL	NULL	NULL	NULL	NULL	NULL	6G	Autobusai	6G	03		979	NULL	NULL	NULL
missed	663209	A>B	Parko–Olandų g.–Žaliasis tiltas	991	NULL	NULL	NULL	NULL	NULL	NULL	NULL	6G	Autobusai	6G	03		1022	NULL	NULL	NULL
missed	663209	B>A	Žaliasis tiltas–Olandų–Parko g.	1022	NULL	NULL	NULL	NULL	NULL	NULL	NULL	6G	Autobusai	6G	03		1056	NULL	NULL	NULL
missed	663209	A>B	Parko–Olandų g.–Žaliasis tiltas	1072	NULL	NULL	NULL	NULL	NULL	NULL	NULL	6G	Autobusai	6G	03		1103	NULL	NULL	NULL
missed	663209	B>A	Žaliasis tiltas–Olandų–Parko g.	1103	NULL	NULL	NULL	NULL	NULL	NULL	NULL	6G	Autobusai	6G	03		1136	NULL	NULL	NULL
missed	663209	A>B	Parko–Olandų g.–Žaliasis tiltas	1166	NULL	NULL	NULL	NULL	NULL	NULL	NULL	6G	Autobusai	6G	03		1194	NULL	NULL	NULL
missed	663209	B>A	Žaliasis tiltas–Olandų–Parko g.	1194	NULL	NULL	NULL	NULL	NULL	NULL	NULL	6G	Autobusai	6G	03		1222	NULL	NULL	NULL
missed	663209	A>B	Parko–Olandų g.–Žaliasis tiltas	1232	NULL	NULL	NULL	NULL	NULL	NULL	NULL	6G	Autobusai	6G	03		1260	NULL	NULL	NULL
missed	663209	B>A	Žaliasis tiltas–Olandų–Parko g.	1260	NULL	NULL	NULL	NULL	NULL	NULL	NULL	6G	Autobusai	6G	03		1288	NULL	NULL	NULL
missed	663209	A>B	Parko–Olandų g.–Žaliasis tiltas	1297	NULL	NULL	NULL	NULL	NULL	NULL	NULL	6G	Autobusai	6G	03		1325	NULL	NULL	NULL
missed	663209	B>A	Žaliasis tiltas–Olandų–Parko g.	1325	NULL	NULL	NULL	NULL	NULL	NULL	NULL	6G	Autobusai	6G	03		1353	NULL	NULL	NULL
missed	663209	A>B	Parko–Olandų g.–Žaliasis tiltas	1361	NULL	NULL	NULL	NULL	NULL	NULL	NULL	6G	Autobusai	6G	03		1388	NULL	NULL	NULL
missed	663209	B>A	Žaliasis tiltas–Olandų–Parko g.	1388	NULL	NULL	NULL	NULL	NULL	NULL	NULL	6G	Autobusai	6G	03		1414	NULL	NULL	NULL
missed	663212	A>B	Parko–Olandų g.–Žaliasis tiltas	363	NULL	NULL	NULL	NULL	NULL	NULL	NULL	6G	Autobusai	6G	04		390	NULL	NULL	NULL
missed	663212	B>A	Žaliasis tiltas–Olandų–Parko g.	390	NULL	NULL	NULL	NULL	NULL	NULL	NULL	6G	Autobusai	6G	04		420	NULL	NULL	NULL
missed	663212	A>B	Parko–Olandų g.–Žaliasis tiltas	429	NULL	NULL	NULL	NULL	NULL	NULL	NULL	6G	Autobusai	6G	04		460	NULL	NULL	NULL
missed	663212	B>A	Žaliasis tiltas–Olandų–Parko g.	460	NULL	NULL	NULL	NULL	NULL	NULL	NULL	6G	Autobusai	6G	04		492	NULL	NULL	NULL
missed	663212	A>B	Parko–Olandų g.–Žaliasis tiltas	503	NULL	NULL	NULL	NULL	NULL	NULL	NULL	6G	Autobusai	6G	04		534	NULL	NULL	NULL
missed	663212	B>A	Žaliasis tiltas–Olandų–Parko g.	534	NULL	NULL	NULL	NULL	NULL	NULL	NULL	6G	Autobusai	6G	04		565	NULL	NULL	NULL
missed	663212	A>B	Parko–Olandų g.–Žaliasis tiltas	891	NULL	NULL	NULL	NULL	NULL	NULL	NULL	6G	Autobusai	6G	04		921	NULL	NULL	NULL
missed	663212	B>A	Žaliasis tiltas–Olandų–Parko g.	921	NULL	NULL	NULL	NULL	NULL	NULL	NULL	6G	Autobusai	6G	04		951	NULL	NULL	NULL
missed	663212	A>B	Parko–Olandų g.–Žaliasis tiltas	962	NULL	NULL	NULL	NULL	NULL	NULL	NULL	6G	Autobusai	6G	04		993	NULL	NULL	NULL
missed	663212	B>A	Žaliasis tiltas–Olandų–Parko g.	993	NULL	NULL	NULL	NULL	NULL	NULL	NULL	6G	Autobusai	6G	04		1027	NULL	NULL	NULL
missed	663212	A>B	Parko–Olandų g.–Žaliasis tiltas	1042	NULL	NULL	NULL	NULL	NULL	NULL	NULL	6G	Autobusai	6G	04		1073	NULL	NULL	NULL
missed	663212	B>A	Žaliasis tiltas–Olandų–Parko g.	1073	NULL	NULL	NULL	NULL	NULL	NULL	NULL	6G	Autobusai	6G	04		1107	NULL	NULL	NULL
missed	663211	A>B	Parko–Olandų g.–Žaliasis tiltas	347	NULL	NULL	NULL	NULL	NULL	NULL	NULL	6G	Autobusai	6G	05-Ž		374	NULL	NULL	NULL
missed	663211	B>A	Žaliasis tiltas–Olandų–Parko g.	374	NULL	NULL	NULL	NULL	NULL	NULL	NULL	6G	Autobusai	6G	05-Ž		402	NULL	NULL	NULL
missed	663211	A>B	Parko–Olandų g.–Žaliasis tiltas	412	NULL	NULL	NULL	NULL	NULL	NULL	NULL	6G	Autobusai	6G	05-Ž		442	NULL	NULL	NULL
missed	663211	B>A	Žaliasis tiltas–Olandų–Parko g.	442	NULL	NULL	NULL	NULL	NULL	NULL	NULL	6G	Autobusai	6G	05-Ž		474	NULL	NULL	NULL
missed	663211	A>B	Parko–Olandų g.–Žaliasis tiltas	484	NULL	NULL	NULL	NULL	NULL	NULL	NULL	6G	Autobusai	6G	05-Ž		515	NULL	NULL	NULL
missed	663211	B>A	Žaliasis tiltas–Olandų–Parko g.	515	NULL	NULL	NULL	NULL	NULL	NULL	NULL	6G	Autobusai	6G	05-Ž		547	NULL	NULL	NULL
missed	663211	A>B	Parko–Olandų g.–Žaliasis tiltas	583	NULL	NULL	NULL	NULL	NULL	NULL	NULL	6G	Autobusai	6G	05-Ž		613	NULL	NULL	NULL
missed	663211	B>A	Žaliasis tiltas–Olandų–Parko g.	613	NULL	NULL	NULL	NULL	NULL	NULL	NULL	6G	Autobusai	6G	05-Ž		643	NULL	NULL	NULL
missed	663211	A>B	Parko–Olandų g.–Žaliasis tiltas	653	NULL	NULL	NULL	NULL	NULL	NULL	NULL	6G	Autobusai	6G	05-Ž		683	NULL	NULL	NULL
missed	663211	B>A	Žaliasis tiltas–Olandų–Parko g.	683	NULL	NULL	NULL	NULL	NULL	NULL	NULL	6G	Autobusai	6G	05-Ž		713	NULL	NULL	NULL
missed	663211	A>B	Parko–Olandų g.–Žaliasis tiltas	723	NULL	NULL	NULL	NULL	NULL	NULL	NULL	6G	Autobusai	6G	05-Ž		753	NULL	NULL	NULL
missed	663211	B>A	Žaliasis tiltas–Olandų–Parko g.	753	NULL	NULL	NULL	NULL	NULL	NULL	NULL	6G	Autobusai	6G	05-Ž		783	NULL	NULL	NULL
missed	663211	A>B	Parko–Olandų g.–Žaliasis tiltas	793	NULL	NULL	NULL	NULL	NULL	NULL	NULL	6G	Autobusai	6G	05-Ž		823	NULL	NULL	NULL
missed	663211	B>A	Žaliasis tiltas–Olandų–Parko g.	823	NULL	NULL	NULL	NULL	NULL	NULL	NULL	6G	Autobusai	6G	05-Ž		853	NULL	NULL	NULL
missed	663211	A>B	Parko–Olandų g.–Žaliasis tiltas	863	NULL	NULL	NULL	NULL	NULL	NULL	NULL	6G	Autobusai	6G	05-Ž		893	NULL	NULL	NULL
missed	663211	B>A	Žaliasis tiltas–Olandų–Parko g.	893	NULL	NULL	NULL	NULL	NULL	NULL	NULL	6G	Autobusai	6G	05-Ž		923	NULL	NULL	NULL
missed	663211	A>B	Parko–Olandų g.–Žaliasis tiltas	936	NULL	NULL	NULL	NULL	NULL	NULL	NULL	6G	Autobusai	6G	05-Ž		967	NULL	NULL	NULL
missed	663211	B>A	Žaliasis tiltas–Olandų–Parko g.	967	NULL	NULL	NULL	NULL	NULL	NULL	NULL	6G	Autobusai	6G	05-Ž		999	NULL	NULL	NULL
missed	663211	A>B	Parko–Olandų g.–Žaliasis tiltas	1012	NULL	NULL	NULL	NULL	NULL	NULL	NULL	6G	Autobusai	6G	05-Ž		1043	NULL	NULL	NULL
missed	663211	B>A	Žaliasis tiltas–Olandų–Parko g.	1043	NULL	NULL	NULL	NULL	NULL	NULL	NULL	6G	Autobusai	6G	05-Ž		1077	NULL	NULL	NULL
missed	663211	A>B	Parko–Olandų g.–Žaliasis tiltas	1107	NULL	NULL	NULL	NULL	NULL	NULL	NULL	6G	Autobusai	6G	05-Ž		1138	NULL	NULL	NULL
missed	663211	B>A	Žaliasis tiltas–Olandų–Parko g.	1138	NULL	NULL	NULL	NULL	NULL	NULL	NULL	6G	Autobusai	6G	05-Ž		1168	NULL	NULL	NULL
missed	663211	A>B	Parko–Olandų g.–Žaliasis tiltas	1183	NULL	NULL	NULL	NULL	NULL	NULL	NULL	6G	Autobusai	6G	05-Ž		1211	NULL	NULL	NULL
missed	663211	B>A	Žaliasis tiltas–Olandų–Parko g.	1211	NULL	NULL	NULL	NULL	NULL	NULL	NULL	6G	Autobusai	6G	05-Ž		1239	NULL	NULL	NULL
missed	663211	A>B	Parko–Olandų g.–Žaliasis tiltas	1249	NULL	NULL	NULL	NULL	NULL	NULL	NULL	6G	Autobusai	6G	05-Ž		1277	NULL	NULL	NULL
missed	663211	B>A	Žaliasis tiltas–Olandų–Parko g.	1277	NULL	NULL	NULL	NULL	NULL	NULL	NULL	6G	Autobusai	6G	05-Ž		1305	NULL	NULL	NULL
missed	663211	A>B	Parko–Olandų g.–Žaliasis tiltas	1316	NULL	NULL	NULL	NULL	NULL	NULL	NULL	6G	Autobusai	6G	05-Ž		1344	NULL	NULL	NULL
missed	663211	B>A	Žaliasis tiltas–Olandų–Parko g.	1344	NULL	NULL	NULL	NULL	NULL	NULL	NULL	6G	Autobusai	6G	05-Ž		1372	NULL	NULL	NULL
missed	663213	A>B	Parko–Olandų g.–Žaliasis tiltas	371	NULL	NULL	NULL	NULL	NULL	NULL	NULL	6G	Autobusai	6G	06		398	NULL	NULL	NULL
missed	663213	B>A	Žaliasis tiltas–Olandų–Parko g.	398	NULL	NULL	NULL	NULL	NULL	NULL	NULL	6G	Autobusai	6G	06		428	NULL	NULL	NULL
missed	663213	A>B	Parko–Olandų g.–Žaliasis tiltas	438	NULL	NULL	NULL	NULL	NULL	NULL	NULL	6G	Autobusai	6G	06		469	NULL	NULL	NULL
missed	663213	B>A	Žaliasis tiltas–Olandų–Parko g.	469	NULL	NULL	NULL	NULL	NULL	NULL	NULL	6G	Autobusai	6G	06		501	NULL	NULL	NULL
missed	663213	A>B	Parko–Olandų g.–Žaliasis tiltas	517	NULL	NULL	NULL	NULL	NULL	NULL	NULL	6G	Autobusai	6G	06		547	NULL	NULL	NULL
missed	663213	B>A	Žaliasis tiltas–Olandų–Parko g.	547	NULL	NULL	NULL	NULL	NULL	NULL	NULL	6G	Autobusai	6G	06		577	NULL	NULL	NULL
missed	663213	A>B	Parko–Olandų g.–Žaliasis tiltas	910	NULL	NULL	NULL	NULL	NULL	NULL	NULL	6G	Autobusai	6G	06		940	NULL	NULL	NULL
missed	663213	B>A	Žaliasis tiltas–Olandų–Parko g.	940	NULL	NULL	NULL	NULL	NULL	NULL	NULL	6G	Autobusai	6G	06		970	NULL	NULL	NULL
missed	663213	A>B	Parko–Olandų g.–Žaliasis tiltas	980	NULL	NULL	NULL	NULL	NULL	NULL	NULL	6G	Autobusai	6G	06		1011	NULL	NULL	NULL
missed	663213	B>A	Žaliasis tiltas–Olandų–Parko g.	1011	NULL	NULL	NULL	NULL	NULL	NULL	NULL	6G	Autobusai	6G	06		1045	NULL	NULL	NULL
missed	663213	A>B	Parko–Olandų g.–Žaliasis tiltas	1060	NULL	NULL	NULL	NULL	NULL	NULL	NULL	6G	Autobusai	6G	06		1091	NULL	NULL	NULL
missed	663213	B>A	Žaliasis tiltas–Olandų–Parko g.	1091	NULL	NULL	NULL	NULL	NULL	NULL	NULL	6G	Autobusai	6G	06		1124	NULL	NULL	NULL
missed	663214	A>B	Parko–Olandų g.–Žaliasis tiltas	355	NULL	NULL	NULL	NULL	NULL	NULL	NULL	6G	Autobusai	6G	07		382	NULL	NULL	NULL
missed	663214	B>A	Žaliasis tiltas–Olandų–Parko g.	382	NULL	NULL	NULL	NULL	NULL	NULL	NULL	6G	Autobusai	6G	07		411	NULL	NULL	NULL
missed	663214	A>B	Parko–Olandų g.–Žaliasis tiltas	420	NULL	NULL	NULL	NULL	NULL	NULL	NULL	6G	Autobusai	6G	07		450	NULL	NULL	NULL
missed	663214	B>A	Žaliasis tiltas–Olandų–Parko g.	450	NULL	NULL	NULL	NULL	NULL	NULL	NULL	6G	Autobusai	6G	07		482	NULL	NULL	NULL
missed	663214	A>B	Parko–Olandų g.–Žaliasis tiltas	492	NULL	NULL	NULL	NULL	NULL	NULL	NULL	6G	Autobusai	6G	07		523	NULL	NULL	NULL
missed	663214	B>A	Žaliasis tiltas–Olandų–Parko g.	523	NULL	NULL	NULL	NULL	NULL	NULL	NULL	6G	Autobusai	6G	07		555	NULL	NULL	NULL
missed	663214	A>B	Parko–Olandų g.–Žaliasis tiltas	600	NULL	NULL	NULL	NULL	NULL	NULL	NULL	6G	Autobusai	6G	07		630	NULL	NULL	NULL
missed	663214	B>A	Žaliasis tiltas–Olandų–Parko g.	630	NULL	NULL	NULL	NULL	NULL	NULL	NULL	6G	Autobusai	6G	07		660	NULL	NULL	NULL
missed	663214	A>B	Parko–Olandų g.–Žaliasis tiltas	670	NULL	NULL	NULL	NULL	NULL	NULL	NULL	6G	Autobusai	6G	07		700	NULL	NULL	NULL
missed	663214	B>A	Žaliasis tiltas–Olandų–Parko g.	700	NULL	NULL	NULL	NULL	NULL	NULL	NULL	6G	Autobusai	6G	07		730	NULL	NULL	NULL
missed	663214	A>B	Parko–Olandų g.–Žaliasis tiltas	740	NULL	NULL	NULL	NULL	NULL	NULL	NULL	6G	Autobusai	6G	07		770	NULL	NULL	NULL
missed	663214	B>A	Žaliasis tiltas–Olandų–Parko g.	770	NULL	NULL	NULL	NULL	NULL	NULL	NULL	6G	Autobusai	6G	07		800	NULL	NULL	NULL
missed	663214	A>B	Parko–Olandų g.–Žaliasis tiltas	810	NULL	NULL	NULL	NULL	NULL	NULL	NULL	6G	Autobusai	6G	07		840	NULL	NULL	NULL
missed	663214	B>A	Žaliasis tiltas–Olandų–Parko g.	840	NULL	NULL	NULL	NULL	NULL	NULL	NULL	6G	Autobusai	6G	07		870	NULL	NULL	NULL
missed	663214	A>B	Parko–Olandų g.–Žaliasis tiltas	881	NULL	NULL	NULL	NULL	NULL	NULL	NULL	6G	Autobusai	6G	07		911	NULL	NULL	NULL
missed	663214	B>A	Žaliasis tiltas–Olandų–Parko g.	911	NULL	NULL	NULL	NULL	NULL	NULL	NULL	6G	Autobusai	6G	07		941	NULL	NULL	NULL
missed	663214	A>B	Parko–Olandų g.–Žaliasis tiltas	953	NULL	NULL	NULL	NULL	NULL	NULL	NULL	6G	Autobusai	6G	07		984	NULL	NULL	NULL
missed	663214	B>A	Žaliasis tiltas–Olandų–Parko g.	984	NULL	NULL	NULL	NULL	NULL	NULL	NULL	6G	Autobusai	6G	07		1018	NULL	NULL	NULL
missed	663214	A>B	Parko–Olandų g.–Žaliasis tiltas	1033	NULL	NULL	NULL	NULL	NULL	NULL	NULL	6G	Autobusai	6G	07		1064	NULL	NULL	NULL
missed	663214	B>A	Žaliasis tiltas–Olandų–Parko g.	1064	NULL	NULL	NULL	NULL	NULL	NULL	NULL	6G	Autobusai	6G	07		1098	NULL	NULL	NULL
missed	663214	A>B	Parko–Olandų g.–Žaliasis tiltas	1128	NULL	NULL	NULL	NULL	NULL	NULL	NULL	6G	Autobusai	6G	07		1156	NULL	NULL	NULL
missed	663214	B>A	Žaliasis tiltas–Olandų–Parko g.	1156	NULL	NULL	NULL	NULL	NULL	NULL	NULL	6G	Autobusai	6G	07		1186	NULL	NULL	NULL
missed	663214	A>B	Parko–Olandų g.–Žaliasis tiltas	1199	NULL	NULL	NULL	NULL	NULL	NULL	NULL	6G	Autobusai	6G	07		1227	NULL	NULL	NULL
missed	663214	B>A	Žaliasis tiltas–Olandų–Parko g.	1227	NULL	NULL	NULL	NULL	NULL	NULL	NULL	6G	Autobusai	6G	07		1255	NULL	NULL	NULL
missed	663214	A>B	Parko–Olandų g.–Žaliasis tiltas	1265	NULL	NULL	NULL	NULL	NULL	NULL	NULL	6G	Autobusai	6G	07		1293	NULL	NULL	NULL
missed	663214	B>A	Žaliasis tiltas–Olandų–Parko g.	1293	NULL	NULL	NULL	NULL	NULL	NULL	NULL	6G	Autobusai	6G	07		1321	NULL	NULL	NULL
missed	663214	A>B	Parko–Olandų g.–Žaliasis tiltas	1337	NULL	NULL	NULL	NULL	NULL	NULL	NULL	6G	Autobusai	6G	07		1365	NULL	NULL	NULL
missed	663214	B>A	Žaliasis tiltas–Olandų–Parko g.	1365	NULL	NULL	NULL	NULL	NULL	NULL	NULL	6G	Autobusai	6G	07		1393	NULL	NULL	NULL
missed	663215	A>B	Parko–Olandų g.–Žaliasis tiltas	387	NULL	NULL	NULL	NULL	NULL	NULL	NULL	6G	Autobusai	6G	08		414	NULL	NULL	NULL
missed	663215	B>A	Žaliasis tiltas–Olandų–Parko g.	414	NULL	NULL	NULL	NULL	NULL	NULL	NULL	6G	Autobusai	6G	08		444	NULL	NULL	NULL
missed	663215	A>B	Parko–Olandų g.–Žaliasis tiltas	454	NULL	NULL	NULL	NULL	NULL	NULL	NULL	6G	Autobusai	6G	08		485	NULL	NULL	NULL
missed	663215	B>A	Žaliasis tiltas–Olandų–Parko g.	485	NULL	NULL	NULL	NULL	NULL	NULL	NULL	6G	Autobusai	6G	08		517	NULL	NULL	NULL
missed	663215	A>B	Parko–Olandų g.–Žaliasis tiltas	531	NULL	NULL	NULL	NULL	NULL	NULL	NULL	6G	Autobusai	6G	08		560	NULL	NULL	NULL
missed	663215	B>A	Žaliasis tiltas–Olandų–Parko g.	560	NULL	NULL	NULL	NULL	NULL	NULL	NULL	6G	Autobusai	6G	08		590	NULL	NULL	NULL
missed	663215	A>B	Parko–Olandų g.–Žaliasis tiltas	928	NULL	NULL	NULL	NULL	NULL	NULL	NULL	6G	Autobusai	6G	08		958	NULL	NULL	NULL
missed	663215	B>A	Žaliasis tiltas–Olandų–Parko g.	958	NULL	NULL	NULL	NULL	NULL	NULL	NULL	6G	Autobusai	6G	08		989	NULL	NULL	NULL
missed	663215	A>B	Parko–Olandų g.–Žaliasis tiltas	1001	NULL	NULL	NULL	NULL	NULL	NULL	NULL	6G	Autobusai	6G	08		1031	NULL	NULL	NULL
missed	663215	B>A	Žaliasis tiltas–Olandų–Parko g.	1031	NULL	NULL	NULL	NULL	NULL	NULL	NULL	6G	Autobusai	6G	08		1065	NULL	NULL	NULL
missed	663215	A>B	Parko–Olandų g.–Žaliasis tiltas	1086	NULL	NULL	NULL	NULL	NULL	NULL	NULL	6G	Autobusai	6G	08		1117	NULL	NULL	NULL
missed	663215	B>A	Žaliasis tiltas–Olandų–Parko g.	1117	NULL	NULL	NULL	NULL	NULL	NULL	NULL	6G	Autobusai	6G	08		1150	NULL	NULL	NULL
missed	614734	B>A	Lazdynai–Viršuliškės–Verkių g.–Šiaurės miestelis	322	NULL	NULL	NULL	NULL	NULL	NULL	NULL	7	Autobusai	7	01		361	NULL	NULL	NULL
missed	614734	A>B	Šiaurės miestelis–Verkių g.–Viršuliškės–Lazdynai	373	NULL	NULL	NULL	NULL	NULL	NULL	NULL	7	Autobusai	7	01		413	NULL	NULL	NULL
missed	614734	B>A	Lazdynai–Viršuliškės–Verkių g.–Šiaurės miestelis	416	NULL	NULL	NULL	NULL	NULL	NULL	NULL	7	Autobusai	7	01		459	NULL	NULL	NULL
missed	614734	A>B	Šiaurės miestelis–Verkių g.–Viršuliškės–Lazdynai	475	NULL	NULL	NULL	NULL	NULL	NULL	NULL	7	Autobusai	7	01		519	NULL	NULL	NULL
missed	614734	B>A	Lazdynai–Viršuliškės–Verkių g.–Šiaurės miestelis	522	NULL	NULL	NULL	NULL	NULL	NULL	NULL	7	Autobusai	7	01		564	NULL	NULL	NULL
missed	614734	A>B	Šiaurės miestelis–Verkių g.–Viršuliškės–Lazdynai	594	NULL	NULL	NULL	NULL	NULL	NULL	NULL	7	Autobusai	7	01		637	NULL	NULL	NULL
missed	614734	B>A	Lazdynai–Viršuliškės–Verkių g.–Šiaurės miestelis	640	NULL	NULL	NULL	NULL	NULL	NULL	NULL	7	Autobusai	7	01		679	NULL	NULL	NULL
missed	614734	A>B	Šiaurės miestelis–Verkių g.–Viršuliškės–Lazdynai	689	NULL	NULL	NULL	NULL	NULL	NULL	NULL	7	Autobusai	7	01		732	NULL	NULL	NULL
missed	614734	B>A	Lazdynai–Viršuliškės–Verkių g.–Šiaurės miestelis	735	NULL	NULL	NULL	NULL	NULL	NULL	NULL	7	Autobusai	7	01		774	NULL	NULL	NULL
missed	614734	A>B	Šiaurės miestelis–Verkių g.–Viršuliškės–Lazdynai	784	NULL	NULL	NULL	NULL	NULL	NULL	NULL	7	Autobusai	7	01		827	NULL	NULL	NULL
missed	614734	B>A	Lazdynai–Viršuliškės–Verkių g.–Šiaurės miestelis	837	NULL	NULL	NULL	NULL	NULL	NULL	NULL	7	Autobusai	7	01		876	NULL	NULL	NULL
missed	614734	A>B	Šiaurės miestelis–Verkių g.–Viršuliškės–Lazdynai	883	NULL	NULL	NULL	NULL	NULL	NULL	NULL	7	Autobusai	7	01		926	NULL	NULL	NULL
missed	614734	B>A	Lazdynai–Viršuliškės–Verkių g.–Šiaurės miestelis	929	NULL	NULL	NULL	NULL	NULL	NULL	NULL	7	Autobusai	7	01		969	NULL	NULL	NULL
missed	614734	A>B	Šiaurės miestelis–Verkių g.–Viršuliškės–Lazdynai	980	NULL	NULL	NULL	NULL	NULL	NULL	NULL	7	Autobusai	7	01		1029	NULL	NULL	NULL
missed	614734	B>A	Lazdynai–Viršuliškės–Verkių g.–Šiaurės miestelis	1032	NULL	NULL	NULL	NULL	NULL	NULL	NULL	7	Autobusai	7	01		1077	NULL	NULL	NULL
missed	614734	A>B	Šiaurės miestelis–Verkių g.–Viršuliškės–Lazdynai	1122	NULL	NULL	NULL	NULL	NULL	NULL	NULL	7	Autobusai	7	01		1166	NULL	NULL	NULL
missed	614734	B>A	Lazdynai–Viršuliškės–Verkių g.–Šiaurės miestelis	1169	NULL	NULL	NULL	NULL	NULL	NULL	NULL	7	Autobusai	7	01		1208	NULL	NULL	NULL
missed	614734	A>B	Šiaurės miestelis–Verkių g.–Viršuliškės–Lazdynai	1218	NULL	NULL	NULL	NULL	NULL	NULL	NULL	7	Autobusai	7	01		1259	NULL	NULL	NULL
missed	614734	B>A	Lazdynai–Viršuliškės–Verkių g.–Šiaurės miestelis	1262	NULL	NULL	NULL	NULL	NULL	NULL	NULL	7	Autobusai	7	01		1301	NULL	NULL	NULL
missed	614734	A>B	Šiaurės miestelis–Verkių g.–Viršuliškės–Lazdynai	1318	NULL	NULL	NULL	NULL	NULL	NULL	NULL	7	Autobusai	7	01		1359	NULL	NULL	NULL
missed	614734	B>A	Lazdynai–Viršuliškės–Verkių g.–Šiaurės miestelis	1359	NULL	NULL	NULL	NULL	NULL	NULL	NULL	7	Autobusai	7	01		1397	NULL	NULL	NULL
missed	614733	A>B	Šiaurės miestelis–Verkių g.–Viršuliškės–Lazdynai	343	NULL	NULL	NULL	NULL	NULL	NULL	NULL	7	Autobusai	7	02		384	NULL	NULL	NULL
missed	614733	B>A	Lazdynai–Viršuliškės–Verkių g.–Šiaurės miestelis	387	NULL	NULL	NULL	NULL	NULL	NULL	NULL	7	Autobusai	7	02		427	NULL	NULL	NULL
missed	614733	A>B	Šiaurės miestelis–Verkių g.–Viršuliškės–Lazdynai	439	NULL	NULL	NULL	NULL	NULL	NULL	NULL	7	Autobusai	7	02		486	NULL	NULL	NULL
missed	614733	B>A	Lazdynai–Viršuliškės–Verkių g.–Šiaurės miestelis	489	NULL	NULL	NULL	NULL	NULL	NULL	NULL	7	Autobusai	7	02		532	NULL	NULL	NULL
missed	614733	A>B	Šiaurės miestelis–Verkių g.–Viršuliškės–Lazdynai	546	NULL	NULL	NULL	NULL	NULL	NULL	NULL	7	Autobusai	7	02		589	NULL	NULL	NULL
missed	614733	B>A	Lazdynai–Viršuliškės–Verkių g.–Šiaurės miestelis	592	NULL	NULL	NULL	NULL	NULL	NULL	NULL	7	Autobusai	7	02		631	NULL	NULL	NULL
missed	614733	A>B	Šiaurės miestelis–Verkių g.–Viršuliškės–Lazdynai	963	NULL	NULL	NULL	NULL	NULL	NULL	NULL	7	Autobusai	7	02		1011	NULL	NULL	NULL
missed	614733	B>A	Lazdynai–Viršuliškės–Verkių g.–Šiaurės miestelis	1014	NULL	NULL	NULL	NULL	NULL	NULL	NULL	7	Autobusai	7	02		1059	NULL	NULL	NULL
missed	614733	A>B	Šiaurės miestelis–Verkių g.–Viršuliškės–Lazdynai	1079	NULL	NULL	NULL	NULL	NULL	NULL	NULL	7	Autobusai	7	02		1126	NULL	NULL	NULL
missed	614733	B>A	Lazdynai–Viršuliškės–Verkių g.–Šiaurės miestelis	1129	NULL	NULL	NULL	NULL	NULL	NULL	NULL	7	Autobusai	7	02		1168	NULL	NULL	NULL
missed	614736	A>B	Šiaurės miestelis–Verkių g.–Viršuliškės–Lazdynai	314	NULL	NULL	NULL	NULL	NULL	NULL	NULL	7	Autobusai	7	03		353	NULL	NULL	NULL
missed	614736	B>A	Lazdynai–Viršuliškės–Verkių g.–Šiaurės miestelis	356	NULL	NULL	NULL	NULL	NULL	NULL	NULL	7	Autobusai	7	03		395	NULL	NULL	NULL
missed	614736	A>B	Šiaurės miestelis–Verkių g.–Viršuliškės–Lazdynai	407	NULL	NULL	NULL	NULL	NULL	NULL	NULL	7	Autobusai	7	03		449	NULL	NULL	NULL
missed	614736	B>A	Lazdynai–Viršuliškės–Verkių g.–Šiaurės miestelis	452	NULL	NULL	NULL	NULL	NULL	NULL	NULL	7	Autobusai	7	03		495	NULL	NULL	NULL
missed	614736	A>B	Šiaurės miestelis–Verkių g.–Viršuliškės–Lazdynai	510	NULL	NULL	NULL	NULL	NULL	NULL	NULL	7	Autobusai	7	03		554	NULL	NULL	NULL
missed	614736	B>A	Lazdynai–Viršuliškės–Verkių g.–Šiaurės miestelis	557	NULL	NULL	NULL	NULL	NULL	NULL	NULL	7	Autobusai	7	03		596	NULL	NULL	NULL
missed	614736	A>B	Šiaurės miestelis–Verkių g.–Viršuliškės–Lazdynai	636	NULL	NULL	NULL	NULL	NULL	NULL	NULL	7	Autobusai	7	03		679	NULL	NULL	NULL
missed	614736	B>A	Lazdynai–Viršuliškės–Verkių g.–Šiaurės miestelis	682	NULL	NULL	NULL	NULL	NULL	NULL	NULL	7	Autobusai	7	03		721	NULL	NULL	NULL
missed	614736	A>B	Šiaurės miestelis–Verkių g.–Viršuliškės–Lazdynai	735	NULL	NULL	NULL	NULL	NULL	NULL	NULL	7	Autobusai	7	03		778	NULL	NULL	NULL
missed	614736	B>A	Lazdynai–Viršuliškės–Verkių g.–Šiaurės miestelis	781	NULL	NULL	NULL	NULL	NULL	NULL	NULL	7	Autobusai	7	03		820	NULL	NULL	NULL
missed	614736	A>B	Šiaurės miestelis–Verkių g.–Viršuliškės–Lazdynai	830	NULL	NULL	NULL	NULL	NULL	NULL	NULL	7	Autobusai	7	03		873	NULL	NULL	NULL
missed	614736	B>A	Lazdynai–Viršuliškės–Verkių g.–Šiaurės miestelis	883	NULL	NULL	NULL	NULL	NULL	NULL	NULL	7	Autobusai	7	03		922	NULL	NULL	NULL
missed	614736	A>B	Šiaurės miestelis–Verkių g.–Viršuliškės–Lazdynai	930	NULL	NULL	NULL	NULL	NULL	NULL	NULL	7	Autobusai	7	03		973	NULL	NULL	NULL
missed	614736	B>A	Lazdynai–Viršuliškės–Verkių g.–Šiaurės miestelis	976	NULL	NULL	NULL	NULL	NULL	NULL	NULL	7	Autobusai	7	03		1021	NULL	NULL	NULL
missed	614736	A>B	Šiaurės miestelis–Verkių g.–Viršuliškės–Lazdynai	1037	NULL	NULL	NULL	NULL	NULL	NULL	NULL	7	Autobusai	7	03		1086	NULL	NULL	NULL
missed	614736	B>A	Lazdynai–Viršuliškės–Verkių g.–Šiaurės miestelis	1089	NULL	NULL	NULL	NULL	NULL	NULL	NULL	7	Autobusai	7	03		1128	NULL	NULL	NULL
missed	614736	A>B	Šiaurės miestelis–Verkių g.–Viršuliškės–Lazdynai	1170	NULL	NULL	NULL	NULL	NULL	NULL	NULL	7	Autobusai	7	03		1212	NULL	NULL	NULL
missed	614736	B>A	Lazdynai–Viršuliškės–Verkių g.–Šiaurės miestelis	1215	NULL	NULL	NULL	NULL	NULL	NULL	NULL	7	Autobusai	7	03		1254	NULL	NULL	NULL
missed	614736	A>B	Šiaurės miestelis–Verkių g.–Viršuliškės–Lazdynai	1267	NULL	NULL	NULL	NULL	NULL	NULL	NULL	7	Autobusai	7	03		1308	NULL	NULL	NULL
missed	614736	B>A	Lazdynai–Viršuliškės–Verkių g.–Šiaurės miestelis	1311	NULL	NULL	NULL	NULL	NULL	NULL	NULL	7	Autobusai	7	03		1350	NULL	NULL	NULL
missed	614736	A>B	Šiaurės miestelis–Verkių g.–Viršuliškės–Lazdynai	1376	NULL	NULL	NULL	NULL	NULL	NULL	NULL	7	Autobusai	7	03		1417	NULL	NULL	NULL
missed	614737	A>B	Šiaurės miestelis–Verkių g.–Viršuliškės–Lazdynai	326	NULL	NULL	NULL	NULL	NULL	NULL	NULL	7	Autobusai	7	04		368	NULL	NULL	NULL
missed	614737	B>A	Lazdynai–Viršuliškės–Verkių g.–Šiaurės miestelis	371	NULL	NULL	NULL	NULL	NULL	NULL	NULL	7	Autobusai	7	04		410	NULL	NULL	NULL
missed	614737	A>B	Šiaurės miestelis–Verkių g.–Viršuliškės–Lazdynai	423	NULL	NULL	NULL	NULL	NULL	NULL	NULL	7	Autobusai	7	04		470	NULL	NULL	NULL
missed	614737	B>A	Lazdynai–Viršuliškės–Verkių g.–Šiaurės miestelis	473	NULL	NULL	NULL	NULL	NULL	NULL	NULL	7	Autobusai	7	04		516	NULL	NULL	NULL
missed	614737	A>B	Šiaurės miestelis–Verkių g.–Viršuliškės–Lazdynai	528	NULL	NULL	NULL	NULL	NULL	NULL	NULL	7	Autobusai	7	04		571	NULL	NULL	NULL
missed	614737	B>A	Lazdynai–Viršuliškės–Verkių g.–Šiaurės miestelis	574	NULL	NULL	NULL	NULL	NULL	NULL	NULL	7	Autobusai	7	04		613	NULL	NULL	NULL
missed	614737	A>B	Šiaurės miestelis–Verkių g.–Viršuliškės–Lazdynai	658	NULL	NULL	NULL	NULL	NULL	NULL	NULL	7	Autobusai	7	04		701	NULL	NULL	NULL
missed	614737	B>A	Lazdynai–Viršuliškės–Verkių g.–Šiaurės miestelis	704	NULL	NULL	NULL	NULL	NULL	NULL	NULL	7	Autobusai	7	04		743	NULL	NULL	NULL
missed	614737	A>B	Šiaurės miestelis–Verkių g.–Viršuliškės–Lazdynai	758	NULL	NULL	NULL	NULL	NULL	NULL	NULL	7	Autobusai	7	04		801	NULL	NULL	NULL
missed	614737	B>A	Lazdynai–Viršuliškės–Verkių g.–Šiaurės miestelis	804	NULL	NULL	NULL	NULL	NULL	NULL	NULL	7	Autobusai	7	04		843	NULL	NULL	NULL
missed	614737	A>B	Šiaurės miestelis–Verkių g.–Viršuliškės–Lazdynai	853	NULL	NULL	NULL	NULL	NULL	NULL	NULL	7	Autobusai	7	04		896	NULL	NULL	NULL
missed	614737	B>A	Lazdynai–Viršuliškės–Verkių g.–Šiaurės miestelis	901	NULL	NULL	NULL	NULL	NULL	NULL	NULL	7	Autobusai	7	04		940	NULL	NULL	NULL
missed	614737	A>B	Šiaurės miestelis–Verkių g.–Viršuliškės–Lazdynai	945	NULL	NULL	NULL	NULL	NULL	NULL	NULL	7	Autobusai	7	04		989	NULL	NULL	NULL
missed	614737	B>A	Lazdynai–Viršuliškės–Verkių g.–Šiaurės miestelis	992	NULL	NULL	NULL	NULL	NULL	NULL	NULL	7	Autobusai	7	04		1037	NULL	NULL	NULL
missed	614737	A>B	Šiaurės miestelis–Verkių g.–Viršuliškės–Lazdynai	1058	NULL	NULL	NULL	NULL	NULL	NULL	NULL	7	Autobusai	7	04		1107	NULL	NULL	NULL
missed	614737	B>A	Lazdynai–Viršuliškės–Verkių g.–Šiaurės miestelis	1110	NULL	NULL	NULL	NULL	NULL	NULL	NULL	7	Autobusai	7	04		1149	NULL	NULL	NULL
missed	614737	A>B	Šiaurės miestelis–Verkių g.–Viršuliškės–Lazdynai	1193	NULL	NULL	NULL	NULL	NULL	NULL	NULL	7	Autobusai	7	04		1235	NULL	NULL	NULL
missed	614737	B>A	Lazdynai–Viršuliškės–Verkių g.–Šiaurės miestelis	1238	NULL	NULL	NULL	NULL	NULL	NULL	NULL	7	Autobusai	7	04		1277	NULL	NULL	NULL
missed	614737	A>B	Šiaurės miestelis–Verkių g.–Viršuliškės–Lazdynai	1293	NULL	NULL	NULL	NULL	NULL	NULL	NULL	7	Autobusai	7	04		1334	NULL	NULL	NULL
missed	614737	B>A	Lazdynai–Viršuliškės–Verkių g.–Šiaurės miestelis	1337	NULL	NULL	NULL	NULL	NULL	NULL	NULL	7	Autobusai	7	04		1376	NULL	NULL	NULL
missed	614735	B>A	Lazdynai–Viršuliškės–Verkių g.–Šiaurės miestelis	339	NULL	NULL	NULL	NULL	NULL	NULL	NULL	7	Autobusai	7	05-Ž		378	NULL	NULL	NULL
missed	614735	A>B	Šiaurės miestelis–Verkių g.–Viršuliškės–Lazdynai	389	NULL	NULL	NULL	NULL	NULL	NULL	NULL	7	Autobusai	7	05-Ž		431	NULL	NULL	NULL
missed	614735	B>A	Lazdynai–Viršuliškės–Verkių g.–Šiaurės miestelis	434	NULL	NULL	NULL	NULL	NULL	NULL	NULL	7	Autobusai	7	05-Ž		479	NULL	NULL	NULL
missed	614735	A>B	Šiaurės miestelis–Verkių g.–Viršuliškės–Lazdynai	492	NULL	NULL	NULL	NULL	NULL	NULL	NULL	7	Autobusai	7	05-Ž		536	NULL	NULL	NULL
missed	614735	B>A	Lazdynai–Viršuliškės–Verkių g.–Šiaurės miestelis	539	NULL	NULL	NULL	NULL	NULL	NULL	NULL	7	Autobusai	7	05-Ž		581	NULL	NULL	NULL
missed	614735	A>B	Šiaurės miestelis–Verkių g.–Viršuliškės–Lazdynai	615	NULL	NULL	NULL	NULL	NULL	NULL	NULL	7	Autobusai	7	05-Ž		658	NULL	NULL	NULL
missed	614735	B>A	Lazdynai–Viršuliškės–Verkių g.–Šiaurės miestelis	661	NULL	NULL	NULL	NULL	NULL	NULL	NULL	7	Autobusai	7	05-Ž		700	NULL	NULL	NULL
missed	614735	A>B	Šiaurės miestelis–Verkių g.–Viršuliškės–Lazdynai	711	NULL	NULL	NULL	NULL	NULL	NULL	NULL	7	Autobusai	7	05-Ž		754	NULL	NULL	NULL
missed	614735	B>A	Lazdynai–Viršuliškės–Verkių g.–Šiaurės miestelis	757	NULL	NULL	NULL	NULL	NULL	NULL	NULL	7	Autobusai	7	05-Ž		796	NULL	NULL	NULL
missed	614735	A>B	Šiaurės miestelis–Verkių g.–Viršuliškės–Lazdynai	807	NULL	NULL	NULL	NULL	NULL	NULL	NULL	7	Autobusai	7	05-Ž		850	NULL	NULL	NULL
missed	614735	B>A	Lazdynai–Viršuliškės–Verkių g.–Šiaurės miestelis	860	NULL	NULL	NULL	NULL	NULL	NULL	NULL	7	Autobusai	7	05-Ž		899	NULL	NULL	NULL
missed	614735	A>B	Šiaurės miestelis–Verkių g.–Viršuliškės–Lazdynai	909	NULL	NULL	NULL	NULL	NULL	NULL	NULL	7	Autobusai	7	05-Ž		952	NULL	NULL	NULL
missed	614735	B>A	Lazdynai–Viršuliškės–Verkių g.–Šiaurės miestelis	955	NULL	NULL	NULL	NULL	NULL	NULL	NULL	7	Autobusai	7	05-Ž		998	NULL	NULL	NULL
missed	614735	A>B	Šiaurės miestelis–Verkių g.–Viršuliškės–Lazdynai	1016	NULL	NULL	NULL	NULL	NULL	NULL	NULL	7	Autobusai	7	05-Ž		1065	NULL	NULL	NULL
missed	614735	B>A	Lazdynai–Viršuliškės–Verkių g.–Šiaurės miestelis	1068	NULL	NULL	NULL	NULL	NULL	NULL	NULL	7	Autobusai	7	05-Ž		1111	NULL	NULL	NULL
missed	614735	A>B	Šiaurės miestelis–Verkių g.–Viršuliškės–Lazdynai	1146	NULL	NULL	NULL	NULL	NULL	NULL	NULL	7	Autobusai	7	05-Ž		1188	NULL	NULL	NULL
missed	614735	B>A	Lazdynai–Viršuliškės–Verkių g.–Šiaurės miestelis	1191	NULL	NULL	NULL	NULL	NULL	NULL	NULL	7	Autobusai	7	05-Ž		1230	NULL	NULL	NULL
missed	614735	A>B	Šiaurės miestelis–Verkių g.–Viršuliškės–Lazdynai	1242	NULL	NULL	NULL	NULL	NULL	NULL	NULL	7	Autobusai	7	05-Ž		1283	NULL	NULL	NULL
missed	614735	B>A	Lazdynai–Viršuliškės–Verkių g.–Šiaurės miestelis	1286	NULL	NULL	NULL	NULL	NULL	NULL	NULL	7	Autobusai	7	05-Ž		1325	NULL	NULL	NULL
missed	614735	A>B	Šiaurės miestelis–Verkių g.–Viršuliškės–Lazdynai	1347	NULL	NULL	NULL	NULL	NULL	NULL	NULL	7	Autobusai	7	05-Ž		1388	NULL	NULL	NULL
missed	614738	A>B	Šiaurės miestelis–Verkių g.–Viršuliškės–Lazdynai	358	NULL	NULL	NULL	NULL	NULL	NULL	NULL	7	Autobusai	7	06		400	NULL	NULL	NULL
missed	614738	B>A	Lazdynai–Viršuliškės–Verkių g.–Šiaurės miestelis	404	NULL	NULL	NULL	NULL	NULL	NULL	NULL	7	Autobusai	7	06		445	NULL	NULL	NULL
missed	614738	A>B	Šiaurės miestelis–Verkių g.–Viršuliškės–Lazdynai	457	NULL	NULL	NULL	NULL	NULL	NULL	NULL	7	Autobusai	7	06		503	NULL	NULL	NULL
missed	614738	B>A	Lazdynai–Viršuliškės–Verkių g.–Šiaurės miestelis	506	NULL	NULL	NULL	NULL	NULL	NULL	NULL	7	Autobusai	7	06		549	NULL	NULL	NULL
missed	614738	A>B	Šiaurės miestelis–Verkių g.–Viršuliškės–Lazdynai	567	NULL	NULL	NULL	NULL	NULL	NULL	NULL	7	Autobusai	7	06		610	NULL	NULL	NULL
missed	614738	B>A	Lazdynai–Viršuliškės–Verkių g.–Šiaurės miestelis	613	NULL	NULL	NULL	NULL	NULL	NULL	NULL	7	Autobusai	7	06		652	NULL	NULL	NULL
missed	614738	A>B	Šiaurės miestelis–Verkių g.–Viršuliškės–Lazdynai	997	NULL	NULL	NULL	NULL	NULL	NULL	NULL	7	Autobusai	7	06		1046	NULL	NULL	NULL
missed	614738	B>A	Lazdynai–Viršuliškės–Verkių g.–Šiaurės miestelis	1049	NULL	NULL	NULL	NULL	NULL	NULL	NULL	7	Autobusai	7	06		1094	NULL	NULL	NULL
missed	614738	A>B	Šiaurės miestelis–Verkių g.–Viršuliškės–Lazdynai	1101	NULL	NULL	NULL	NULL	NULL	NULL	NULL	7	Autobusai	7	06		1145	NULL	NULL	NULL
missed	614738	B>A	Lazdynai–Viršuliškės–Verkių g.–Šiaurės miestelis	1148	NULL	NULL	NULL	NULL	NULL	NULL	NULL	7	Autobusai	7	06		1187	NULL	NULL	NULL
missed	663116	A>B	Justiniškės–Centras–Naugarduko g.–Vilkpėdė	324	NULL	NULL	NULL	NULL	NULL	NULL	NULL	73	Autobusai	73	01		362	NULL	NULL	NULL
missed	663116	B>A	Vilkpėdė–Naugarduko g.–Centras–Justiniškės	368	NULL	NULL	NULL	NULL	NULL	NULL	NULL	73	Autobusai	73	01		406	NULL	NULL	NULL
missed	663116	A>B	Justiniškės–Centras–Naugarduko g.–Vilkpėdė	416	NULL	NULL	NULL	NULL	NULL	NULL	NULL	73	Autobusai	73	01		465	NULL	NULL	NULL
missed	663116	B>A	Vilkpėdė–Naugarduko g.–Centras–Justiniškės	475	NULL	NULL	NULL	NULL	NULL	NULL	NULL	73	Autobusai	73	01		517	NULL	NULL	NULL
missed	663116	A>B	Justiniškės–Centras–Naugarduko g.–Vilkpėdė	528	NULL	NULL	NULL	NULL	NULL	NULL	NULL	73	Autobusai	73	01		573	NULL	NULL	NULL
missed	663116	B>A	Vilkpėdė–Naugarduko g.–Centras–Justiniškės	580	NULL	NULL	NULL	NULL	NULL	NULL	NULL	73	Autobusai	73	01		619	NULL	NULL	NULL
missed	663116	A>B	Justiniškės–Centras–Naugarduko g.–Vilkpėdė	650	NULL	NULL	NULL	NULL	NULL	NULL	NULL	73	Autobusai	73	01		688	NULL	NULL	NULL
missed	663116	B>A	Vilkpėdė–Naugarduko g.–Centras–Justiniškės	695	NULL	NULL	NULL	NULL	NULL	NULL	NULL	73	Autobusai	73	01		734	NULL	NULL	NULL
missed	663116	A>B	Justiniškės–Centras–Naugarduko g.–Vilkpėdė	740	NULL	NULL	NULL	NULL	NULL	NULL	NULL	73	Autobusai	73	01		778	NULL	NULL	NULL
missed	663116	B>A	Vilkpėdė–Naugarduko g.–Centras–Justiniškės	783	NULL	NULL	NULL	NULL	NULL	NULL	NULL	73	Autobusai	73	01		822	NULL	NULL	NULL
missed	663116	A>B	Justiniškės–Centras–Naugarduko g.–Vilkpėdė	827	NULL	NULL	NULL	NULL	NULL	NULL	NULL	73	Autobusai	73	01		865	NULL	NULL	NULL
missed	663116	B>A	Vilkpėdė–Naugarduko g.–Centras–Justiniškės	878	NULL	NULL	NULL	NULL	NULL	NULL	NULL	73	Autobusai	73	01		917	NULL	NULL	NULL
missed	663116	A>B	Justiniškės–Centras–Naugarduko g.–Vilkpėdė	924	NULL	NULL	NULL	NULL	NULL	NULL	NULL	73	Autobusai	73	01		962	NULL	NULL	NULL
missed	663116	B>A	Vilkpėdė–Naugarduko g.–Centras–Justiniškės	969	NULL	NULL	NULL	NULL	NULL	NULL	NULL	73	Autobusai	73	01		1020	NULL	NULL	NULL
missed	663116	A>B	Justiniškės–Centras–Naugarduko g.–Vilkpėdė	1030	NULL	NULL	NULL	NULL	NULL	NULL	NULL	73	Autobusai	73	01		1072	NULL	NULL	NULL
missed	663116	B>A	Vilkpėdė–Naugarduko g.–Centras–Justiniškės	1082	NULL	NULL	NULL	NULL	NULL	NULL	NULL	73	Autobusai	73	01		1132	NULL	NULL	NULL
missed	663116	A>B	Justiniškės–Centras–Naugarduko g.–Vilkpėdė	1163	NULL	NULL	NULL	NULL	NULL	NULL	NULL	73	Autobusai	73	01		1202	NULL	NULL	NULL
missed	663116	B>A	Vilkpėdė–Naugarduko g.–Centras–Justiniškės	1209	NULL	NULL	NULL	NULL	NULL	NULL	NULL	73	Autobusai	73	01		1247	NULL	NULL	NULL
missed	663116	A>B	Justiniškės–Centras–Naugarduko g.–Vilkpėdė	1253	NULL	NULL	NULL	NULL	NULL	NULL	NULL	73	Autobusai	73	01		1291	NULL	NULL	NULL
missed	663116	B>A	Vilkpėdė–Naugarduko g.–Centras–Justiniškės	1299	NULL	NULL	NULL	NULL	NULL	NULL	NULL	73	Autobusai	73	01		1337	NULL	NULL	NULL
missed	663116	A>B	Justiniškės–Centras–Naugarduko g.–Vilkpėdė	1344	NULL	NULL	NULL	NULL	NULL	NULL	NULL	73	Autobusai	73	01		1382	NULL	NULL	NULL
missed	663116	B>A	Vilkpėdė–Naugarduko g.–Centras–Justiniškės	1391	NULL	NULL	NULL	NULL	NULL	NULL	NULL	73	Autobusai	73	01		1429	NULL	NULL	NULL
missed	663115	A>B	Justiniškės–Centras–Naugarduko g.–Vilkpėdė	434	NULL	NULL	NULL	NULL	NULL	NULL	NULL	73	Autobusai	73	02		485	NULL	NULL	NULL
missed	663115	B>A	Vilkpėdė–Naugarduko g.–Centras–Justiniškės	497	NULL	NULL	NULL	NULL	NULL	NULL	NULL	73	Autobusai	73	02		539	NULL	NULL	NULL
missed	663115	A>B	Justiniškės–Centras–Naugarduko g.–Vilkpėdė	549	NULL	NULL	NULL	NULL	NULL	NULL	NULL	73	Autobusai	73	02		592	NULL	NULL	NULL
missed	663115	B>A	Vilkpėdė–Naugarduko g.–Centras–Justiniškės	602	NULL	NULL	NULL	NULL	NULL	NULL	NULL	73	Autobusai	73	02		641	NULL	NULL	NULL
missed	663115	A>B	Justiniškės–Centras–Naugarduko g.–Vilkpėdė	908	NULL	NULL	NULL	NULL	NULL	NULL	NULL	73	Autobusai	73	02		946	NULL	NULL	NULL
missed	663115	B>A	Vilkpėdė–Naugarduko g.–Centras–Justiniškės	952	NULL	NULL	NULL	NULL	NULL	NULL	NULL	73	Autobusai	73	02		999	NULL	NULL	NULL
missed	663115	A>B	Justiniškės–Centras–Naugarduko g.–Vilkpėdė	1006	NULL	NULL	NULL	NULL	NULL	NULL	NULL	73	Autobusai	73	02		1047	NULL	NULL	NULL
missed	663115	B>A	Vilkpėdė–Naugarduko g.–Centras–Justiniškės	1057	NULL	NULL	NULL	NULL	NULL	NULL	NULL	73	Autobusai	73	02		1109	NULL	NULL	NULL
missed	663115	A>B	Justiniškės–Centras–Naugarduko g.–Vilkpėdė	1119	NULL	NULL	NULL	NULL	NULL	NULL	NULL	73	Autobusai	73	02		1158	NULL	NULL	NULL
missed	663115	B>A	Vilkpėdė–Naugarduko g.–Centras–Justiniškės	1168	NULL	NULL	NULL	NULL	NULL	NULL	NULL	73	Autobusai	73	02		1210	NULL	NULL	NULL
missed	663114	A>B	Justiniškės–Centras–Naugarduko g.–Vilkpėdė	355	NULL	NULL	NULL	NULL	NULL	NULL	NULL	73	Autobusai	73	03		393	NULL	NULL	NULL
missed	663114	B>A	Vilkpėdė–Naugarduko g.–Centras–Justiniškės	401	NULL	NULL	NULL	NULL	NULL	NULL	NULL	73	Autobusai	73	03		442	NULL	NULL	NULL
missed	663114	A>B	Justiniškės–Centras–Naugarduko g.–Vilkpėdė	453	NULL	NULL	NULL	NULL	NULL	NULL	NULL	73	Autobusai	73	03		504	NULL	NULL	NULL
missed	663114	B>A	Vilkpėdė–Naugarduko g.–Centras–Justiniškės	515	NULL	NULL	NULL	NULL	NULL	NULL	NULL	73	Autobusai	73	03		556	NULL	NULL	NULL
missed	663114	A>B	Justiniškės–Centras–Naugarduko g.–Vilkpėdė	588	NULL	NULL	NULL	NULL	NULL	NULL	NULL	73	Autobusai	73	03		626	NULL	NULL	NULL
missed	663114	B>A	Vilkpėdė–Naugarduko g.–Centras–Justiniškės	631	NULL	NULL	NULL	NULL	NULL	NULL	NULL	73	Autobusai	73	03		670	NULL	NULL	NULL
missed	663114	A>B	Justiniškės–Centras–Naugarduko g.–Vilkpėdė	675	NULL	NULL	NULL	NULL	NULL	NULL	NULL	73	Autobusai	73	03		713	NULL	NULL	NULL
missed	663114	B>A	Vilkpėdė–Naugarduko g.–Centras–Justiniškės	718	NULL	NULL	NULL	NULL	NULL	NULL	NULL	73	Autobusai	73	03		757	NULL	NULL	NULL
missed	663114	A>B	Justiniškės–Centras–Naugarduko g.–Vilkpėdė	762	NULL	NULL	NULL	NULL	NULL	NULL	NULL	73	Autobusai	73	03		800	NULL	NULL	NULL
missed	663114	B>A	Vilkpėdė–Naugarduko g.–Centras–Justiniškės	805	NULL	NULL	NULL	NULL	NULL	NULL	NULL	73	Autobusai	73	03		844	NULL	NULL	NULL
missed	663114	A>B	Justiniškės–Centras–Naugarduko g.–Vilkpėdė	849	NULL	NULL	NULL	NULL	NULL	NULL	NULL	73	Autobusai	73	03		887	NULL	NULL	NULL
missed	663114	B>A	Vilkpėdė–Naugarduko g.–Centras–Justiniškės	897	NULL	NULL	NULL	NULL	NULL	NULL	NULL	73	Autobusai	73	03		936	NULL	NULL	NULL
missed	663114	A>B	Justiniškės–Centras–Naugarduko g.–Vilkpėdė	941	NULL	NULL	NULL	NULL	NULL	NULL	NULL	73	Autobusai	73	03		981	NULL	NULL	NULL
missed	663114	B>A	Vilkpėdė–Naugarduko g.–Centras–Justiniškės	986	NULL	NULL	NULL	NULL	NULL	NULL	NULL	73	Autobusai	73	03		1037	NULL	NULL	NULL
missed	663114	A>B	Justiniškės–Centras–Naugarduko g.–Vilkpėdė	1047	NULL	NULL	NULL	NULL	NULL	NULL	NULL	73	Autobusai	73	03		1089	NULL	NULL	NULL
missed	663114	B>A	Vilkpėdė–Naugarduko g.–Centras–Justiniškės	1105	NULL	NULL	NULL	NULL	NULL	NULL	NULL	73	Autobusai	73	03		1153	NULL	NULL	NULL
missed	663114	A>B	Justiniškės–Centras–Naugarduko g.–Vilkpėdė	1190	NULL	NULL	NULL	NULL	NULL	NULL	NULL	73	Autobusai	73	03		1228	NULL	NULL	NULL
missed	663114	B>A	Vilkpėdė–Naugarduko g.–Centras–Justiniškės	1234	NULL	NULL	NULL	NULL	NULL	NULL	NULL	73	Autobusai	73	03		1272	NULL	NULL	NULL
missed	663114	A>B	Justiniškės–Centras–Naugarduko g.–Vilkpėdė	1277	NULL	NULL	NULL	NULL	NULL	NULL	NULL	73	Autobusai	73	03		1315	NULL	NULL	NULL
missed	663114	B>A	Vilkpėdė–Naugarduko g.–Centras–Justiniškės	1322	NULL	NULL	NULL	NULL	NULL	NULL	NULL	73	Autobusai	73	03		1360	NULL	NULL	NULL
missed	663114	A>B	Justiniškės–Centras–Naugarduko g.–Vilkpėdė	1365	NULL	NULL	NULL	NULL	NULL	NULL	NULL	73	Autobusai	73	03		1403	NULL	NULL	NULL
missed	663118	A>B	Justiniškės–Centras–Naugarduko g.–Vilkpėdė	404	NULL	NULL	NULL	NULL	NULL	NULL	NULL	73	Autobusai	73	04		447	NULL	NULL	NULL
missed	663118	B>A	Vilkpėdė–Naugarduko g.–Centras–Justiniškės	452	NULL	NULL	NULL	NULL	NULL	NULL	NULL	73	Autobusai	73	04		494	NULL	NULL	NULL
missed	663118	A>B	Justiniškės–Centras–Naugarduko g.–Vilkpėdė	504	NULL	NULL	NULL	NULL	NULL	NULL	NULL	73	Autobusai	73	04		552	NULL	NULL	NULL
missed	663118	B>A	Vilkpėdė–Naugarduko g.–Centras–Justiniškės	564	NULL	NULL	NULL	NULL	NULL	NULL	NULL	73	Autobusai	73	04		603	NULL	NULL	NULL
missed	663118	A>B	Justiniškės–Centras–Naugarduko g.–Vilkpėdė	959	NULL	NULL	NULL	NULL	NULL	NULL	NULL	73	Autobusai	73	04		1000	NULL	NULL	NULL
missed	663118	B>A	Vilkpėdė–Naugarduko g.–Centras–Justiniškės	1006	NULL	NULL	NULL	NULL	NULL	NULL	NULL	73	Autobusai	73	04		1057	NULL	NULL	NULL
missed	663118	A>B	Justiniškės–Centras–Naugarduko g.–Vilkpėdė	1068	NULL	NULL	NULL	NULL	NULL	NULL	NULL	73	Autobusai	73	04		1110	NULL	NULL	NULL
missed	663118	B>A	Vilkpėdė–Naugarduko g.–Centras–Justiniškės	1124	NULL	NULL	NULL	NULL	NULL	NULL	NULL	73	Autobusai	73	04		1166	NULL	NULL	NULL
missed	663117	B>A	Vilkpėdė–Naugarduko g.–Centras–Justiniškės	331	NULL	NULL	NULL	NULL	NULL	NULL	NULL	73	Autobusai	73	05		369	NULL	NULL	NULL
missed	663117	A>B	Justiniškės–Centras–Naugarduko g.–Vilkpėdė	374	NULL	NULL	NULL	NULL	NULL	NULL	NULL	73	Autobusai	73	05		412	NULL	NULL	NULL
missed	663117	B>A	Vilkpėdė–Naugarduko g.–Centras–Justiniškės	426	NULL	NULL	NULL	NULL	NULL	NULL	NULL	73	Autobusai	73	05		468	NULL	NULL	NULL
missed	663117	A>B	Justiniškės–Centras–Naugarduko g.–Vilkpėdė	478	NULL	NULL	NULL	NULL	NULL	NULL	NULL	73	Autobusai	73	05		529	NULL	NULL	NULL
missed	663117	B>A	Vilkpėdė–Naugarduko g.–Centras–Justiniškės	543	NULL	NULL	NULL	NULL	NULL	NULL	NULL	73	Autobusai	73	05		584	NULL	NULL	NULL
missed	663117	A>B	Justiniškės–Centras–Naugarduko g.–Vilkpėdė	619	NULL	NULL	NULL	NULL	NULL	NULL	NULL	73	Autobusai	73	05		657	NULL	NULL	NULL
missed	663117	B>A	Vilkpėdė–Naugarduko g.–Centras–Justiniškės	662	NULL	NULL	NULL	NULL	NULL	NULL	NULL	73	Autobusai	73	05		701	NULL	NULL	NULL
missed	663117	A>B	Justiniškės–Centras–Naugarduko g.–Vilkpėdė	707	NULL	NULL	NULL	NULL	NULL	NULL	NULL	73	Autobusai	73	05		745	NULL	NULL	NULL
missed	663117	B>A	Vilkpėdė–Naugarduko g.–Centras–Justiniškės	750	NULL	NULL	NULL	NULL	NULL	NULL	NULL	73	Autobusai	73	05		789	NULL	NULL	NULL
missed	663117	A>B	Justiniškės–Centras–Naugarduko g.–Vilkpėdė	794	NULL	NULL	NULL	NULL	NULL	NULL	NULL	73	Autobusai	73	05		832	NULL	NULL	NULL
missed	663117	B>A	Vilkpėdė–Naugarduko g.–Centras–Justiniškės	842	NULL	NULL	NULL	NULL	NULL	NULL	NULL	73	Autobusai	73	05		881	NULL	NULL	NULL
missed	663117	A>B	Justiniškės–Centras–Naugarduko g.–Vilkpėdė	886	NULL	NULL	NULL	NULL	NULL	NULL	NULL	73	Autobusai	73	05		924	NULL	NULL	NULL
missed	663117	B>A	Vilkpėdė–Naugarduko g.–Centras–Justiniškės	930	NULL	NULL	NULL	NULL	NULL	NULL	NULL	73	Autobusai	73	05		970	NULL	NULL	NULL
missed	663117	A>B	Justiniškės–Centras–Naugarduko g.–Vilkpėdė	978	NULL	NULL	NULL	NULL	NULL	NULL	NULL	73	Autobusai	73	05		1019	NULL	NULL	NULL
missed	663117	B>A	Vilkpėdė–Naugarduko g.–Centras–Justiniškės	1028	NULL	NULL	NULL	NULL	NULL	NULL	NULL	73	Autobusai	73	05		1080	NULL	NULL	NULL
missed	663117	A>B	Justiniškės–Centras–Naugarduko g.–Vilkpėdė	1090	NULL	NULL	NULL	NULL	NULL	NULL	NULL	73	Autobusai	73	05		1132	NULL	NULL	NULL
missed	663117	B>A	Vilkpėdė–Naugarduko g.–Centras–Justiniškės	1143	NULL	NULL	NULL	NULL	NULL	NULL	NULL	73	Autobusai	73	05		1185	NULL	NULL	NULL
missed	663117	A>B	Justiniškės–Centras–Naugarduko g.–Vilkpėdė	1220	NULL	NULL	NULL	NULL	NULL	NULL	NULL	73	Autobusai	73	05		1258	NULL	NULL	NULL
missed	663117	B>A	Vilkpėdė–Naugarduko g.–Centras–Justiniškės	1269	NULL	NULL	NULL	NULL	NULL	NULL	NULL	73	Autobusai	73	05		1307	NULL	NULL	NULL
missed	663117	A>B	Justiniškės–Centras–Naugarduko g.–Vilkpėdė	1314	NULL	NULL	NULL	NULL	NULL	NULL	NULL	73	Autobusai	73	05		1352	NULL	NULL	NULL
missed	663117	B>A	Vilkpėdė–Naugarduko g.–Centras–Justiniškės	1359	NULL	NULL	NULL	NULL	NULL	NULL	NULL	73	Autobusai	73	05		1397	NULL	NULL	NULL
missed	614988	A>B	Stotis–Subačiaus–Parko g.	318	NULL	NULL	NULL	NULL	NULL	NULL	NULL	74	Autobusai	74	01		350	NULL	NULL	NULL
missed	614988	B>A	Parko–Subačiaus g.–Stotis	354	NULL	NULL	NULL	NULL	NULL	NULL	NULL	74	Autobusai	74	01		381	NULL	NULL	NULL
missed	614988	B>A	Parko–Subačiaus g.–Stotis	1038	NULL	NULL	NULL	NULL	NULL	NULL	NULL	74	Autobusai	74	01		1066	NULL	NULL	NULL
missed	614988	A>B	Stotis–Subačiaus–Parko g.	1079	NULL	NULL	NULL	NULL	NULL	NULL	NULL	74	Autobusai	74	01		1111	NULL	NULL	NULL
missed	614988	B>A	Parko–Subačiaus g.–Stotis	1115	NULL	NULL	NULL	NULL	NULL	NULL	NULL	74	Autobusai	74	01		1143	NULL	NULL	NULL
missed	614988	B>A	Parko–Subačiaus g.–Stotis	1211	NULL	NULL	NULL	NULL	NULL	NULL	NULL	74	Autobusai	74	01		1238	NULL	NULL	NULL
missed	614988	A>B	Stotis–Subačiaus–Parko g.	1242	NULL	NULL	NULL	NULL	NULL	NULL	NULL	74	Autobusai	74	01		1273	NULL	NULL	NULL
missed	614988	B>A	Parko–Subačiaus g.–Stotis	1278	NULL	NULL	NULL	NULL	NULL	NULL	NULL	74	Autobusai	74	01		1305	NULL	NULL	NULL
missed	614988	A>B	Stotis–Subačiaus–Parko g.	1308	NULL	NULL	NULL	NULL	NULL	NULL	NULL	74	Autobusai	74	01		1339	NULL	NULL	NULL
missed	614988	B>A	Parko–Subačiaus g.–Stotis	1343	NULL	NULL	NULL	NULL	NULL	NULL	NULL	74	Autobusai	74	01		1370	NULL	NULL	NULL
missed	614990	A>B	Stotis–Subačiaus–Parko g.	339	NULL	NULL	NULL	NULL	NULL	NULL	NULL	74	Autobusai	74	02		371	NULL	NULL	NULL
missed	614990	B>A	Parko–Subačiaus g.–Stotis	375	NULL	NULL	NULL	NULL	NULL	NULL	NULL	74	Autobusai	74	02		402	NULL	NULL	NULL
missed	614990	A>B	Stotis–Subačiaus–Parko g.	406	NULL	NULL	NULL	NULL	NULL	NULL	NULL	74	Autobusai	74	02		438	NULL	NULL	NULL
missed	614990	B>A	Parko–Subačiaus g.–Stotis	442	NULL	NULL	NULL	NULL	NULL	NULL	NULL	74	Autobusai	74	02		470	NULL	NULL	NULL
missed	614990	A>B	Stotis–Subačiaus–Parko g.	476	NULL	NULL	NULL	NULL	NULL	NULL	NULL	74	Autobusai	74	02		508	NULL	NULL	NULL
missed	614990	B>A	Parko–Subačiaus g.–Stotis	512	NULL	NULL	NULL	NULL	NULL	NULL	NULL	74	Autobusai	74	02		540	NULL	NULL	NULL
missed	614990	A>B	Stotis–Subačiaus–Parko g.	549	NULL	NULL	NULL	NULL	NULL	NULL	NULL	74	Autobusai	74	02		581	NULL	NULL	NULL
missed	614990	B>A	Parko–Subačiaus g.–Stotis	592	NULL	NULL	NULL	NULL	NULL	NULL	NULL	74	Autobusai	74	02		619	NULL	NULL	NULL
missed	614990	A>B	Stotis–Subačiaus–Parko g.	633	NULL	NULL	NULL	NULL	NULL	NULL	NULL	74	Autobusai	74	02		665	NULL	NULL	NULL
missed	614990	B>A	Parko–Subačiaus g.–Stotis	1016	NULL	NULL	NULL	NULL	NULL	NULL	NULL	74	Autobusai	74	02		1044	NULL	NULL	NULL
missed	614990	A>B	Stotis–Subačiaus–Parko g.	1048	NULL	NULL	NULL	NULL	NULL	NULL	NULL	74	Autobusai	74	02		1082	NULL	NULL	NULL
missed	614990	B>A	Parko–Subačiaus g.–Stotis	1088	NULL	NULL	NULL	NULL	NULL	NULL	NULL	74	Autobusai	74	02		1116	NULL	NULL	NULL
missed	614989	B>A	Parko–Subačiaus g.–Stotis	323	NULL	NULL	NULL	NULL	NULL	NULL	NULL	74	Autobusai	74	03		350	NULL	NULL	NULL
missed	614989	A>B	Stotis–Subačiaus–Parko g.	355	NULL	NULL	NULL	NULL	NULL	NULL	NULL	74	Autobusai	74	03		387	NULL	NULL	NULL
missed	614989	B>A	Parko–Subačiaus g.–Stotis	397	NULL	NULL	NULL	NULL	NULL	NULL	NULL	74	Autobusai	74	03		425	NULL	NULL	NULL
missed	614989	A>B	Stotis–Subačiaus–Parko g.	430	NULL	NULL	NULL	NULL	NULL	NULL	NULL	74	Autobusai	74	03		462	NULL	NULL	NULL
missed	614989	B>A	Parko–Subačiaus g.–Stotis	466	NULL	NULL	NULL	NULL	NULL	NULL	NULL	74	Autobusai	74	03		494	NULL	NULL	NULL
missed	614989	A>B	Stotis–Subačiaus–Parko g.	499	NULL	NULL	NULL	NULL	NULL	NULL	NULL	74	Autobusai	74	03		531	NULL	NULL	NULL
missed	614989	B>A	Parko–Subačiaus g.–Stotis	534	NULL	NULL	NULL	NULL	NULL	NULL	NULL	74	Autobusai	74	03		562	NULL	NULL	NULL
missed	614989	B>A	Parko–Subačiaus g.–Stotis	630	NULL	NULL	NULL	NULL	NULL	NULL	NULL	74	Autobusai	74	03		657	NULL	NULL	NULL
missed	614989	A>B	Stotis–Subačiaus–Parko g.	662	NULL	NULL	NULL	NULL	NULL	NULL	NULL	74	Autobusai	74	03		694	NULL	NULL	NULL
missed	614989	B>A	Parko–Subačiaus g.–Stotis	699	NULL	NULL	NULL	NULL	NULL	NULL	NULL	74	Autobusai	74	03		727	NULL	NULL	NULL
missed	614989	A>B	Stotis–Subačiaus–Parko g.	730	NULL	NULL	NULL	NULL	NULL	NULL	NULL	74	Autobusai	74	03		762	NULL	NULL	NULL
missed	614989	B>A	Parko–Subačiaus g.–Stotis	766	NULL	NULL	NULL	NULL	NULL	NULL	NULL	74	Autobusai	74	03		793	NULL	NULL	NULL
missed	614989	A>B	Stotis–Subačiaus–Parko g.	798	NULL	NULL	NULL	NULL	NULL	NULL	NULL	74	Autobusai	74	03		830	NULL	NULL	NULL
missed	614989	B>A	Parko–Subačiaus g.–Stotis	839	NULL	NULL	NULL	NULL	NULL	NULL	NULL	74	Autobusai	74	03		866	NULL	NULL	NULL
missed	614989	A>B	Stotis–Subačiaus–Parko g.	871	NULL	NULL	NULL	NULL	NULL	NULL	NULL	74	Autobusai	74	03		903	NULL	NULL	NULL
missed	614989	B>A	Parko–Subačiaus g.–Stotis	907	NULL	NULL	NULL	NULL	NULL	NULL	NULL	74	Autobusai	74	03		934	NULL	NULL	NULL
missed	614989	A>B	Stotis–Subačiaus–Parko g.	939	NULL	NULL	NULL	NULL	NULL	NULL	NULL	74	Autobusai	74	03		971	NULL	NULL	NULL
missed	614989	B>A	Parko–Subačiaus g.–Stotis	976	NULL	NULL	NULL	NULL	NULL	NULL	NULL	74	Autobusai	74	03		1004	NULL	NULL	NULL
missed	614989	A>B	Stotis–Subačiaus–Parko g.	1009	NULL	NULL	NULL	NULL	NULL	NULL	NULL	74	Autobusai	74	03		1041	NULL	NULL	NULL
missed	614989	B>A	Parko–Subačiaus g.–Stotis	1050	NULL	NULL	NULL	NULL	NULL	NULL	NULL	74	Autobusai	74	03		1078	NULL	NULL	NULL
missed	614989	B>A	Parko–Subačiaus g.–Stotis	1151	NULL	NULL	NULL	NULL	NULL	NULL	NULL	74	Autobusai	74	03		1179	NULL	NULL	NULL
missed	614989	A>B	Stotis–Subačiaus–Parko g.	1195	NULL	NULL	NULL	NULL	NULL	NULL	NULL	74	Autobusai	74	03		1226	NULL	NULL	NULL
missed	614989	B>A	Parko–Subačiaus g.–Stotis	1233	NULL	NULL	NULL	NULL	NULL	NULL	NULL	74	Autobusai	74	03		1260	NULL	NULL	NULL
missed	614989	A>B	Stotis–Subačiaus–Parko g.	1266	NULL	NULL	NULL	NULL	NULL	NULL	NULL	74	Autobusai	74	03		1297	NULL	NULL	NULL
missed	614989	B>A	Parko–Subačiaus g.–Stotis	1301	NULL	NULL	NULL	NULL	NULL	NULL	NULL	74	Autobusai	74	03		1328	NULL	NULL	NULL
missed	614989	A>B	Stotis–Subačiaus–Parko g.	1337	NULL	NULL	NULL	NULL	NULL	NULL	NULL	74	Autobusai	74	03		1368	NULL	NULL	NULL
missed	614991	B>A	Parko–Subačiaus g.–Stotis	362	NULL	NULL	NULL	NULL	NULL	NULL	NULL	74	Autobusai	74	04		389	NULL	NULL	NULL
missed	614991	A>B	Stotis–Subačiaus–Parko g.	393	NULL	NULL	NULL	NULL	NULL	NULL	NULL	74	Autobusai	74	04		425	NULL	NULL	NULL
missed	614991	B>A	Parko–Subačiaus g.–Stotis	429	NULL	NULL	NULL	NULL	NULL	NULL	NULL	74	Autobusai	74	04		457	NULL	NULL	NULL
missed	614991	A>B	Stotis–Subačiaus–Parko g.	462	NULL	NULL	NULL	NULL	NULL	NULL	NULL	74	Autobusai	74	04		494	NULL	NULL	NULL
missed	614991	B>A	Parko–Subačiaus g.–Stotis	498	NULL	NULL	NULL	NULL	NULL	NULL	NULL	74	Autobusai	74	04		526	NULL	NULL	NULL
missed	614991	A>B	Stotis–Subačiaus–Parko g.	535	NULL	NULL	NULL	NULL	NULL	NULL	NULL	74	Autobusai	74	04		567	NULL	NULL	NULL
missed	614991	B>A	Parko–Subačiaus g.–Stotis	889	NULL	NULL	NULL	NULL	NULL	NULL	NULL	74	Autobusai	74	04		916	NULL	NULL	NULL
missed	614991	A>B	Stotis–Subačiaus–Parko g.	921	NULL	NULL	NULL	NULL	NULL	NULL	NULL	74	Autobusai	74	04		953	NULL	NULL	NULL
missed	614991	B>A	Parko–Subačiaus g.–Stotis	957	NULL	NULL	NULL	NULL	NULL	NULL	NULL	74	Autobusai	74	04		985	NULL	NULL	NULL
missed	614991	A>B	Stotis–Subačiaus–Parko g.	990	NULL	NULL	NULL	NULL	NULL	NULL	NULL	74	Autobusai	74	04		1022	NULL	NULL	NULL
missed	614991	B>A	Parko–Subačiaus g.–Stotis	1027	NULL	NULL	NULL	NULL	NULL	NULL	NULL	74	Autobusai	74	04		1055	NULL	NULL	NULL
missed	614991	A>B	Stotis–Subačiaus–Parko g.	1063	NULL	NULL	NULL	NULL	NULL	NULL	NULL	74	Autobusai	74	04		1097	NULL	NULL	NULL
missed	614991	B>A	Parko–Subačiaus g.–Stotis	1101	NULL	NULL	NULL	NULL	NULL	NULL	NULL	74	Autobusai	74	04		1129	NULL	NULL	NULL
missed	614992	B>A	Parko–Subačiaus g.–Stotis	338	NULL	NULL	NULL	NULL	NULL	NULL	NULL	74	Autobusai	74	05		365	NULL	NULL	NULL
missed	614992	A>B	Stotis–Subačiaus–Parko g.	369	NULL	NULL	NULL	NULL	NULL	NULL	NULL	74	Autobusai	74	05		401	NULL	NULL	NULL
missed	614992	B>A	Parko–Subačiaus g.–Stotis	412	NULL	NULL	NULL	NULL	NULL	NULL	NULL	74	Autobusai	74	05		440	NULL	NULL	NULL
missed	614992	A>B	Stotis–Subačiaus–Parko g.	446	NULL	NULL	NULL	NULL	NULL	NULL	NULL	74	Autobusai	74	05		478	NULL	NULL	NULL
missed	614992	B>A	Parko–Subačiaus g.–Stotis	482	NULL	NULL	NULL	NULL	NULL	NULL	NULL	74	Autobusai	74	05		510	NULL	NULL	NULL
missed	614992	A>B	Stotis–Subačiaus–Parko g.	515	NULL	NULL	NULL	NULL	NULL	NULL	NULL	74	Autobusai	74	05		547	NULL	NULL	NULL
missed	614992	B>A	Parko–Subačiaus g.–Stotis	554	NULL	NULL	NULL	NULL	NULL	NULL	NULL	74	Autobusai	74	05		582	NULL	NULL	NULL
missed	614992	B>A	Parko–Subačiaus g.–Stotis	652	NULL	NULL	NULL	NULL	NULL	NULL	NULL	74	Autobusai	74	05		679	NULL	NULL	NULL
missed	614992	A>B	Stotis–Subačiaus–Parko g.	696	NULL	NULL	NULL	NULL	NULL	NULL	NULL	74	Autobusai	74	05		728	NULL	NULL	NULL
missed	614992	B>A	Parko–Subačiaus g.–Stotis	732	NULL	NULL	NULL	NULL	NULL	NULL	NULL	74	Autobusai	74	05		759	NULL	NULL	NULL
missed	614992	A>B	Stotis–Subačiaus–Parko g.	763	NULL	NULL	NULL	NULL	NULL	NULL	NULL	74	Autobusai	74	05		795	NULL	NULL	NULL
missed	614992	B>A	Parko–Subačiaus g.–Stotis	799	NULL	NULL	NULL	NULL	NULL	NULL	NULL	74	Autobusai	74	05		826	NULL	NULL	NULL
missed	614992	A>B	Stotis–Subačiaus–Parko g.	830	NULL	NULL	NULL	NULL	NULL	NULL	NULL	74	Autobusai	74	05		862	NULL	NULL	NULL
missed	614992	B>A	Parko–Subačiaus g.–Stotis	871	NULL	NULL	NULL	NULL	NULL	NULL	NULL	74	Autobusai	74	05		898	NULL	NULL	NULL
missed	614992	A>B	Stotis–Subačiaus–Parko g.	903	NULL	NULL	NULL	NULL	NULL	NULL	NULL	74	Autobusai	74	05		935	NULL	NULL	NULL
missed	614992	B>A	Parko–Subačiaus g.–Stotis	939	NULL	NULL	NULL	NULL	NULL	NULL	NULL	74	Autobusai	74	05		966	NULL	NULL	NULL
missed	614992	A>B	Stotis–Subačiaus–Parko g.	970	NULL	NULL	NULL	NULL	NULL	NULL	NULL	74	Autobusai	74	05		1002	NULL	NULL	NULL
missed	614992	B>A	Parko–Subačiaus g.–Stotis	1006	NULL	NULL	NULL	NULL	NULL	NULL	NULL	74	Autobusai	74	05		1034	NULL	NULL	NULL
missed	614992	A>B	Stotis–Subačiaus–Parko g.	1038	NULL	NULL	NULL	NULL	NULL	NULL	NULL	74	Autobusai	74	05		1072	NULL	NULL	NULL
missed	614992	B>A	Parko–Subačiaus g.–Stotis	1076	NULL	NULL	NULL	NULL	NULL	NULL	NULL	74	Autobusai	74	05		1104	NULL	NULL	NULL
missed	614992	B>A	Parko–Subačiaus g.–Stotis	1182	NULL	NULL	NULL	NULL	NULL	NULL	NULL	74	Autobusai	74	05		1210	NULL	NULL	NULL
missed	614992	A>B	Stotis–Subačiaus–Parko g.	1220	NULL	NULL	NULL	NULL	NULL	NULL	NULL	74	Autobusai	74	05		1251	NULL	NULL	NULL
missed	614992	B>A	Parko–Subačiaus g.–Stotis	1255	NULL	NULL	NULL	NULL	NULL	NULL	NULL	74	Autobusai	74	05		1282	NULL	NULL	NULL
missed	614992	A>B	Stotis–Subačiaus–Parko g.	1288	NULL	NULL	NULL	NULL	NULL	NULL	NULL	74	Autobusai	74	05		1319	NULL	NULL	NULL
missed	614992	B>A	Parko–Subačiaus g.–Stotis	1328	NULL	NULL	NULL	NULL	NULL	NULL	NULL	74	Autobusai	74	05		1355	NULL	NULL	NULL
missed	614992	A>B	Stotis–Subačiaus–Parko g.	1376	NULL	NULL	NULL	NULL	NULL	NULL	NULL	74	Autobusai	74	05		1407	NULL	NULL	NULL
missed	614993	B>A	Parko–Subačiaus g.–Stotis	386	NULL	NULL	NULL	NULL	NULL	NULL	NULL	74	Autobusai	74	06		414	NULL	NULL	NULL
missed	614993	A>B	Stotis–Subačiaus–Parko g.	418	NULL	NULL	NULL	NULL	NULL	NULL	NULL	74	Autobusai	74	06		450	NULL	NULL	NULL
missed	614993	B>A	Parko–Subačiaus g.–Stotis	454	NULL	NULL	NULL	NULL	NULL	NULL	NULL	74	Autobusai	74	06		482	NULL	NULL	NULL
missed	614993	A>B	Stotis–Subačiaus–Parko g.	487	NULL	NULL	NULL	NULL	NULL	NULL	NULL	74	Autobusai	74	06		519	NULL	NULL	NULL
missed	614993	B>A	Parko–Subačiaus g.–Stotis	523	NULL	NULL	NULL	NULL	NULL	NULL	NULL	74	Autobusai	74	06		551	NULL	NULL	NULL
missed	614993	A>B	Stotis–Subačiaus–Parko g.	565	NULL	NULL	NULL	NULL	NULL	NULL	NULL	74	Autobusai	74	06		597	NULL	NULL	NULL
missed	614993	B>A	Parko–Subačiaus g.–Stotis	923	NULL	NULL	NULL	NULL	NULL	NULL	NULL	74	Autobusai	74	06		950	NULL	NULL	NULL
missed	614993	A>B	Stotis–Subačiaus–Parko g.	955	NULL	NULL	NULL	NULL	NULL	NULL	NULL	74	Autobusai	74	06		987	NULL	NULL	NULL
missed	614993	B>A	Parko–Subačiaus g.–Stotis	991	NULL	NULL	NULL	NULL	NULL	NULL	NULL	74	Autobusai	74	06		1019	NULL	NULL	NULL
missed	614993	A>B	Stotis–Subačiaus–Parko g.	1023	NULL	NULL	NULL	NULL	NULL	NULL	NULL	74	Autobusai	74	06		1057	NULL	NULL	NULL
missed	614993	B>A	Parko–Subačiaus g.–Stotis	1063	NULL	NULL	NULL	NULL	NULL	NULL	NULL	74	Autobusai	74	06		1091	NULL	NULL	NULL
missed	614993	A>B	Stotis–Subačiaus–Parko g.	1095	NULL	NULL	NULL	NULL	NULL	NULL	NULL	74	Autobusai	74	06		1127	NULL	NULL	NULL
missed	614993	B>A	Parko–Subačiaus g.–Stotis	1131	NULL	NULL	NULL	NULL	NULL	NULL	NULL	74	Autobusai	74	06		1159	NULL	NULL	NULL
missed	663119	B>A	Pilaitė–Šeškinė–Santariškės	297	NULL	NULL	NULL	NULL	NULL	NULL	NULL	75	Autobusai	75	01-Ž		348	NULL	NULL	NULL
missed	663119	A>B	Santariškės–Šeškinė–Pilaitė	353	NULL	NULL	NULL	NULL	NULL	NULL	NULL	75	Autobusai	75	01-Ž		405	NULL	NULL	NULL
missed	663119	B>A	Pilaitė–Šeškinė–Santariškės	411	NULL	NULL	NULL	NULL	NULL	NULL	NULL	75	Autobusai	75	01-Ž		474	NULL	NULL	NULL
missed	663119	A>B	Santariškės–Šeškinė–Pilaitė	484	NULL	NULL	NULL	NULL	NULL	NULL	NULL	75	Autobusai	75	01-Ž		536	NULL	NULL	NULL
missed	663119	B>A	Pilaitė–Šeškinė–Santariškės	580	NULL	NULL	NULL	NULL	NULL	NULL	NULL	75	Autobusai	75	01-Ž		633	NULL	NULL	NULL
missed	663119	A>B	Santariškės–Šeškinė–Pilaitė	640	NULL	NULL	NULL	NULL	NULL	NULL	NULL	75	Autobusai	75	01-Ž		691	NULL	NULL	NULL
missed	663119	B>A	Pilaitė–Šeškinė–Santariškės	699	NULL	NULL	NULL	NULL	NULL	NULL	NULL	75	Autobusai	75	01-Ž		752	NULL	NULL	NULL
missed	663119	A>B	Santariškės–Šeškinė–Pilaitė	767	NULL	NULL	NULL	NULL	NULL	NULL	NULL	75	Autobusai	75	01-Ž		818	NULL	NULL	NULL
missed	663119	B>A	Pilaitė–Šeškinė–Santariškės	828	NULL	NULL	NULL	NULL	NULL	NULL	NULL	75	Autobusai	75	01-Ž		881	NULL	NULL	NULL
missed	663119	A>B	Santariškės–Šeškinė–Pilaitė	887	NULL	NULL	NULL	NULL	NULL	NULL	NULL	75	Autobusai	75	01-Ž		940	NULL	NULL	NULL
missed	663119	B>A	Pilaitė–Šeškinė–Santariškės	952	NULL	NULL	NULL	NULL	NULL	NULL	NULL	75	Autobusai	75	01-Ž		1005	NULL	NULL	NULL
missed	663119	A>B	Santariškės–Šeškinė–Pilaitė	1026	NULL	NULL	NULL	NULL	NULL	NULL	NULL	75	Autobusai	75	01-Ž		1080	NULL	NULL	NULL
missed	663119	B>A	Pilaitė–Šeškinė–Santariškės	1114	NULL	NULL	NULL	NULL	NULL	NULL	NULL	75	Autobusai	75	01-Ž		1168	NULL	NULL	NULL
missed	663119	A>B	Santariškės–Šeškinė–Pilaitė	1174	NULL	NULL	NULL	NULL	NULL	NULL	NULL	75	Autobusai	75	01-Ž		1225	NULL	NULL	NULL
missed	663119	B>A	Pilaitė–Šeškinė–Santariškės	1231	NULL	NULL	NULL	NULL	NULL	NULL	NULL	75	Autobusai	75	01-Ž		1281	NULL	NULL	NULL
missed	663119	A>B	Santariškės–Šeškinė–Pilaitė	1288	NULL	NULL	NULL	NULL	NULL	NULL	NULL	75	Autobusai	75	01-Ž		1337	NULL	NULL	NULL
missed	663121	B>A	Pilaitė–Šeškinė–Santariškės	341	NULL	NULL	NULL	NULL	NULL	NULL	NULL	75	Autobusai	75	02		394	NULL	NULL	NULL
missed	663121	A>B	Santariškės–Šeškinė–Pilaitė	399	NULL	NULL	NULL	NULL	NULL	NULL	NULL	75	Autobusai	75	02		457	NULL	NULL	NULL
missed	663121	B>A	Pilaitė–Šeškinė–Santariškės	467	NULL	NULL	NULL	NULL	NULL	NULL	NULL	75	Autobusai	75	02		528	NULL	NULL	NULL
missed	663121	A>B	Santariškės–Šeškinė–Pilaitė	538	NULL	NULL	NULL	NULL	NULL	NULL	NULL	75	Autobusai	75	02		589	NULL	NULL	NULL
missed	663121	B>A	Pilaitė–Šeškinė–Santariškės	881	NULL	NULL	NULL	NULL	NULL	NULL	NULL	75	Autobusai	75	02		934	NULL	NULL	NULL
missed	663121	A>B	Santariškės–Šeškinė–Pilaitė	944	NULL	NULL	NULL	NULL	NULL	NULL	NULL	75	Autobusai	75	02		997	NULL	NULL	NULL
missed	663121	B>A	Pilaitė–Šeškinė–Santariškės	1007	NULL	NULL	NULL	NULL	NULL	NULL	NULL	75	Autobusai	75	02		1061	NULL	NULL	NULL
missed	663121	A>B	Santariškės–Šeškinė–Pilaitė	1075	NULL	NULL	NULL	NULL	NULL	NULL	NULL	75	Autobusai	75	02		1129	NULL	NULL	NULL
missed	663120	A>B	Santariškės–Šeškinė–Pilaitė	315	NULL	NULL	NULL	NULL	NULL	NULL	NULL	75	Autobusai	75	03		365	NULL	NULL	NULL
missed	663120	B>A	Pilaitė–Šeškinė–Santariškės	385	NULL	NULL	NULL	NULL	NULL	NULL	NULL	75	Autobusai	75	03		438	NULL	NULL	NULL
missed	663120	A>B	Santariškės–Šeškinė–Pilaitė	454	NULL	NULL	NULL	NULL	NULL	NULL	NULL	75	Autobusai	75	03		512	NULL	NULL	NULL
missed	663120	B>A	Pilaitė–Šeškinė–Santariškės	546	NULL	NULL	NULL	NULL	NULL	NULL	NULL	75	Autobusai	75	03		599	NULL	NULL	NULL
missed	663120	A>B	Santariškės–Šeškinė–Pilaitė	604	NULL	NULL	NULL	NULL	NULL	NULL	NULL	75	Autobusai	75	03		655	NULL	NULL	NULL
missed	663120	B>A	Pilaitė–Šeškinė–Santariškės	660	NULL	NULL	NULL	NULL	NULL	NULL	NULL	75	Autobusai	75	03		713	NULL	NULL	NULL
missed	663120	A>B	Santariškės–Šeškinė–Pilaitė	719	NULL	NULL	NULL	NULL	NULL	NULL	NULL	75	Autobusai	75	03		770	NULL	NULL	NULL
missed	663120	B>A	Pilaitė–Šeškinė–Santariškės	780	NULL	NULL	NULL	NULL	NULL	NULL	NULL	75	Autobusai	75	03		833	NULL	NULL	NULL
missed	663120	A>B	Santariškės–Šeškinė–Pilaitė	843	NULL	NULL	NULL	NULL	NULL	NULL	NULL	75	Autobusai	75	03		894	NULL	NULL	NULL
missed	663120	B>A	Pilaitė–Šeškinė–Santariškės	904	NULL	NULL	NULL	NULL	NULL	NULL	NULL	75	Autobusai	75	03		957	NULL	NULL	NULL
missed	663120	A>B	Santariškės–Šeškinė–Pilaitė	967	NULL	NULL	NULL	NULL	NULL	NULL	NULL	75	Autobusai	75	03		1021	NULL	NULL	NULL
missed	663120	B>A	Pilaitė–Šeškinė–Santariškės	1034	NULL	NULL	NULL	NULL	NULL	NULL	NULL	75	Autobusai	75	03		1088	NULL	NULL	NULL
missed	663120	A>B	Santariškės–Šeškinė–Pilaitė	1101	NULL	NULL	NULL	NULL	NULL	NULL	NULL	75	Autobusai	75	03		1155	NULL	NULL	NULL
missed	663120	B>A	Pilaitė–Šeškinė–Santariškės	1192	NULL	NULL	NULL	NULL	NULL	NULL	NULL	75	Autobusai	75	03		1242	NULL	NULL	NULL
missed	663120	A>B	Santariškės–Šeškinė–Pilaitė	1250	NULL	NULL	NULL	NULL	NULL	NULL	NULL	75	Autobusai	75	03		1299	NULL	NULL	NULL
missed	663120	B>A	Pilaitė–Šeškinė–Santariškės	1310	NULL	NULL	NULL	NULL	NULL	NULL	NULL	75	Autobusai	75	03		1360	NULL	NULL	NULL
missed	663122	B>A	Pilaitė–Šeškinė–Santariškės	365	NULL	NULL	NULL	NULL	NULL	NULL	NULL	75	Autobusai	75	04		418	NULL	NULL	NULL
missed	663122	A>B	Santariškės–Šeškinė–Pilaitė	427	NULL	NULL	NULL	NULL	NULL	NULL	NULL	75	Autobusai	75	04		485	NULL	NULL	NULL
missed	663122	B>A	Pilaitė–Šeškinė–Santariškės	495	NULL	NULL	NULL	NULL	NULL	NULL	NULL	75	Autobusai	75	04		556	NULL	NULL	NULL
missed	663122	A>B	Santariškės–Šeškinė–Pilaitė	562	NULL	NULL	NULL	NULL	NULL	NULL	NULL	75	Autobusai	75	04		613	NULL	NULL	NULL
missed	663122	B>A	Pilaitė–Šeškinė–Santariškės	933	NULL	NULL	NULL	NULL	NULL	NULL	NULL	75	Autobusai	75	04		986	NULL	NULL	NULL
missed	663122	A>B	Santariškės–Šeškinė–Pilaitė	996	NULL	NULL	NULL	NULL	NULL	NULL	NULL	75	Autobusai	75	04		1050	NULL	NULL	NULL
missed	663122	B>A	Pilaitė–Šeškinė–Santariškės	1064	NULL	NULL	NULL	NULL	NULL	NULL	NULL	75	Autobusai	75	04		1118	NULL	NULL	NULL
missed	663122	A>B	Santariškės–Šeškinė–Pilaitė	1128	NULL	NULL	NULL	NULL	NULL	NULL	NULL	75	Autobusai	75	04		1181	NULL	NULL	NULL
missed	663123	B>A	Pilaitė–Šeškinė–Santariškės	317	NULL	NULL	NULL	NULL	NULL	NULL	NULL	75	Autobusai	75	05		368	NULL	NULL	NULL
missed	663123	A>B	Santariškės–Šeškinė–Pilaitė	373	NULL	NULL	NULL	NULL	NULL	NULL	NULL	75	Autobusai	75	05		426	NULL	NULL	NULL
missed	663123	B>A	Pilaitė–Šeškinė–Santariškės	438	NULL	NULL	NULL	NULL	NULL	NULL	NULL	75	Autobusai	75	05		501	NULL	NULL	NULL
missed	663123	A>B	Santariškės–Šeškinė–Pilaitė	512	NULL	NULL	NULL	NULL	NULL	NULL	NULL	75	Autobusai	75	05		563	NULL	NULL	NULL
missed	663123	B>A	Pilaitė–Šeškinė–Santariškės	608	NULL	NULL	NULL	NULL	NULL	NULL	NULL	75	Autobusai	75	05		661	NULL	NULL	NULL
missed	663123	A>B	Santariškės–Šeškinė–Pilaitė	677	NULL	NULL	NULL	NULL	NULL	NULL	NULL	75	Autobusai	75	05		728	NULL	NULL	NULL
missed	663123	B>A	Pilaitė–Šeškinė–Santariškės	736	NULL	NULL	NULL	NULL	NULL	NULL	NULL	75	Autobusai	75	05		789	NULL	NULL	NULL
missed	663123	A>B	Santariškės–Šeškinė–Pilaitė	796	NULL	NULL	NULL	NULL	NULL	NULL	NULL	75	Autobusai	75	05		847	NULL	NULL	NULL
missed	663123	B>A	Pilaitė–Šeškinė–Santariškės	857	NULL	NULL	NULL	NULL	NULL	NULL	NULL	75	Autobusai	75	05		910	NULL	NULL	NULL
missed	663123	A>B	Santariškės–Šeškinė–Pilaitė	917	NULL	NULL	NULL	NULL	NULL	NULL	NULL	75	Autobusai	75	05		970	NULL	NULL	NULL
missed	663123	B>A	Pilaitė–Šeškinė–Santariškės	982	NULL	NULL	NULL	NULL	NULL	NULL	NULL	75	Autobusai	75	05		1036	NULL	NULL	NULL
missed	663123	A>B	Santariškės–Šeškinė–Pilaitė	1057	NULL	NULL	NULL	NULL	NULL	NULL	NULL	75	Autobusai	75	05		1111	NULL	NULL	NULL
missed	663123	B>A	Pilaitė–Šeškinė–Santariškės	1154	NULL	NULL	NULL	NULL	NULL	NULL	NULL	75	Autobusai	75	05		1207	NULL	NULL	NULL
missed	663123	A>B	Santariškės–Šeškinė–Pilaitė	1212	NULL	NULL	NULL	NULL	NULL	NULL	NULL	75	Autobusai	75	05		1261	NULL	NULL	NULL
missed	663123	B>A	Pilaitė–Šeškinė–Santariškės	1270	NULL	NULL	NULL	NULL	NULL	NULL	NULL	75	Autobusai	75	05		1320	NULL	NULL	NULL
missed	663123	A>B	Santariškės–Šeškinė–Pilaitė	1325	NULL	NULL	NULL	NULL	NULL	NULL	NULL	75	Autobusai	75	05		1374	NULL	NULL	NULL
missed	663272	B>A	Bireliai–Sakališkės–Balsių g.–Ateities st.	343	NULL	NULL	NULL	NULL	NULL	NULL	NULL	76	Autobusai	76	01		381	NULL	NULL	NULL
missed	663272	A>B	Ateities–Balsių g.–Sakališkės-Bireliai	390	NULL	NULL	NULL	NULL	NULL	NULL	NULL	76	Autobusai	76	01		427	NULL	NULL	NULL
missed	663272	B>A	Bireliai–Sakališkės–Balsių g.–Ateities st.	434	NULL	NULL	NULL	NULL	NULL	NULL	NULL	76	Autobusai	76	01		472	NULL	NULL	NULL
missed	663272	A>B	Ateities–Balsių g.–Sakališkės-Bireliai	475	NULL	NULL	NULL	NULL	NULL	NULL	NULL	76	Autobusai	76	01		512	NULL	NULL	NULL
missed	663272	B>A	Bireliai–Sakališkės–Balsių g.–Ateities st.	517	NULL	NULL	NULL	NULL	NULL	NULL	NULL	76	Autobusai	76	01		555	NULL	NULL	NULL
missed	663272	A>B	Ateities–Balsių g.–Sakališkės-Bireliai	563	NULL	NULL	NULL	NULL	NULL	NULL	NULL	76	Autobusai	76	01		600	NULL	NULL	NULL
missed	663272	B>A	Bireliai–Sakališkės–Balsių g.–Ateities st.	605	NULL	NULL	NULL	NULL	NULL	NULL	NULL	76	Autobusai	76	01		643	NULL	NULL	NULL
missed	663272	A>B	Ateities–Balsių g.–Sakališkės-Bireliai	673	NULL	NULL	NULL	NULL	NULL	NULL	NULL	76	Autobusai	76	01		710	NULL	NULL	NULL
missed	663272	B>A	Bireliai–Sakališkės–Balsių g.–Ateities st.	715	NULL	NULL	NULL	NULL	NULL	NULL	NULL	76	Autobusai	76	01		753	NULL	NULL	NULL
missed	663272	A>B	Ateities–Balsių g.–Sakališkės-Bireliai	765	NULL	NULL	NULL	NULL	NULL	NULL	NULL	76	Autobusai	76	01		802	NULL	NULL	NULL
missed	663272	B>A	Bireliai–Sakališkės–Balsių g.–Ateities st.	821	NULL	NULL	NULL	NULL	NULL	NULL	NULL	76	Autobusai	76	01		859	NULL	NULL	NULL
missed	663272	A>B	Ateities–Balsių g.–Sakališkės-Bireliai	873	NULL	NULL	NULL	NULL	NULL	NULL	NULL	76	Autobusai	76	01		910	NULL	NULL	NULL
missed	663272	B>A	Bireliai–Sakališkės–Balsių g.–Ateities st.	918	NULL	NULL	NULL	NULL	NULL	NULL	NULL	76	Autobusai	76	01		956	NULL	NULL	NULL
missed	663272	A>B	Ateities–Balsių g.–Sakališkės-Bireliai	968	NULL	NULL	NULL	NULL	NULL	NULL	NULL	76	Autobusai	76	01		1005	NULL	NULL	NULL
missed	663272	B>A	Bireliai–Sakališkės–Balsių g.–Ateities st.	1010	NULL	NULL	NULL	NULL	NULL	NULL	NULL	76	Autobusai	76	01		1048	NULL	NULL	NULL
missed	663272	A>B	Ateities–Balsių g.–Sakališkės-Bireliai	1056	NULL	NULL	NULL	NULL	NULL	NULL	NULL	76	Autobusai	76	01		1093	NULL	NULL	NULL
missed	663272	B>A	Bireliai–Sakališkės–Balsių g.–Ateities st.	1098	NULL	NULL	NULL	NULL	NULL	NULL	NULL	76	Autobusai	76	01		1136	NULL	NULL	NULL
missed	663272	A>B	Ateities–Balsių g.–Sakališkės-Bireliai	1166	NULL	NULL	NULL	NULL	NULL	NULL	NULL	76	Autobusai	76	01		1203	NULL	NULL	NULL
missed	663272	B>A	Bireliai–Sakališkės–Balsių g.–Ateities st.	1209	NULL	NULL	NULL	NULL	NULL	NULL	NULL	76	Autobusai	76	01		1247	NULL	NULL	NULL
missed	663272	A>B	Ateities–Balsių g.–Sakališkės-Bireliai	1252	NULL	NULL	NULL	NULL	NULL	NULL	NULL	76	Autobusai	76	01		1289	NULL	NULL	NULL
missed	663272	B>A	Bireliai–Sakališkės–Balsių g.–Ateities st.	1293	NULL	NULL	NULL	NULL	NULL	NULL	NULL	76	Autobusai	76	01		1331	NULL	NULL	NULL
missed	663272	A>B	Ateities–Balsių g.–Sakališkės-Bireliai	1337	NULL	NULL	NULL	NULL	NULL	NULL	NULL	76	Autobusai	76	01		1374	NULL	NULL	NULL
missed	663272	B>A	Bireliai–Sakališkės–Balsių g.–Ateities st.	1379	NULL	NULL	NULL	NULL	NULL	NULL	NULL	76	Autobusai	76	01		1417	NULL	NULL	NULL
missed	663273	A>B	Ateities–Balsių g.–Sakališkės-Bireliai	350	NULL	NULL	NULL	NULL	NULL	NULL	NULL	76	Autobusai	76	02		387	NULL	NULL	NULL
missed	663273	B>A	Bireliai–Sakališkės–Balsių g.–Ateities st.	392	NULL	NULL	NULL	NULL	NULL	NULL	NULL	76	Autobusai	76	02		430	NULL	NULL	NULL
missed	663273	A>B	Ateities–Balsių g.–Sakališkės-Bireliai	444	NULL	NULL	NULL	NULL	NULL	NULL	NULL	76	Autobusai	76	02		481	NULL	NULL	NULL
missed	663273	B>A	Bireliai–Sakališkės–Balsių g.–Ateities st.	486	NULL	NULL	NULL	NULL	NULL	NULL	NULL	76	Autobusai	76	02		524	NULL	NULL	NULL
missed	663273	A>B	Ateities–Balsių g.–Sakališkės-Bireliai	529	NULL	NULL	NULL	NULL	NULL	NULL	NULL	76	Autobusai	76	02		566	NULL	NULL	NULL
missed	663273	B>A	Bireliai–Sakališkės–Balsių g.–Ateities st.	572	NULL	NULL	NULL	NULL	NULL	NULL	NULL	76	Autobusai	76	02		610	NULL	NULL	NULL
missed	663273	A>B	Ateities–Balsių g.–Sakališkės-Bireliai	640	NULL	NULL	NULL	NULL	NULL	NULL	NULL	76	Autobusai	76	02		677	NULL	NULL	NULL
missed	663273	B>A	Bireliai–Sakališkės–Balsių g.–Ateities st.	682	NULL	NULL	NULL	NULL	NULL	NULL	NULL	76	Autobusai	76	02		720	NULL	NULL	NULL
missed	663273	A>B	Ateities–Balsių g.–Sakališkės-Bireliai	724	NULL	NULL	NULL	NULL	NULL	NULL	NULL	76	Autobusai	76	02		761	NULL	NULL	NULL
missed	663273	B>A	Bireliai–Sakališkės–Balsių g.–Ateities st.	766	NULL	NULL	NULL	NULL	NULL	NULL	NULL	76	Autobusai	76	02		804	NULL	NULL	NULL
missed	663273	A>B	Ateities–Balsių g.–Sakališkės-Bireliai	820	NULL	NULL	NULL	NULL	NULL	NULL	NULL	76	Autobusai	76	02		857	NULL	NULL	NULL
missed	663273	B>A	Bireliai–Sakališkės–Balsių g.–Ateities st.	881	NULL	NULL	NULL	NULL	NULL	NULL	NULL	76	Autobusai	76	02		919	NULL	NULL	NULL
missed	663273	A>B	Ateities–Balsių g.–Sakališkės-Bireliai	933	NULL	NULL	NULL	NULL	NULL	NULL	NULL	76	Autobusai	76	02		970	NULL	NULL	NULL
missed	663273	B>A	Bireliai–Sakališkės–Balsių g.–Ateities st.	975	NULL	NULL	NULL	NULL	NULL	NULL	NULL	76	Autobusai	76	02		1013	NULL	NULL	NULL
missed	663273	A>B	Ateities–Balsių g.–Sakališkės-Bireliai	1019	NULL	NULL	NULL	NULL	NULL	NULL	NULL	76	Autobusai	76	02		1056	NULL	NULL	NULL
missed	663273	B>A	Bireliai–Sakališkės–Balsių g.–Ateities st.	1064	NULL	NULL	NULL	NULL	NULL	NULL	NULL	76	Autobusai	76	02		1102	NULL	NULL	NULL
missed	663273	A>B	Ateities–Balsių g.–Sakališkės-Bireliai	1106	NULL	NULL	NULL	NULL	NULL	NULL	NULL	76	Autobusai	76	02		1143	NULL	NULL	NULL
missed	663273	B>A	Bireliai–Sakališkės–Balsių g.–Ateities st.	1148	NULL	NULL	NULL	NULL	NULL	NULL	NULL	76	Autobusai	76	02		1186	NULL	NULL	NULL
missed	663273	A>B	Ateities–Balsių g.–Sakališkės-Bireliai	1216	NULL	NULL	NULL	NULL	NULL	NULL	NULL	76	Autobusai	76	02		1252	NULL	NULL	NULL
missed	663273	B>A	Bireliai–Sakališkės–Balsių g.–Ateities st.	1260	NULL	NULL	NULL	NULL	NULL	NULL	NULL	76	Autobusai	76	02		1298	NULL	NULL	NULL
missed	663273	A>B	Ateities–Balsių g.–Sakališkės-Bireliai	1303	NULL	NULL	NULL	NULL	NULL	NULL	NULL	76	Autobusai	76	02		1339	NULL	NULL	NULL
missed	663273	B>A	Bireliai–Sakališkės–Balsių g.–Ateities st.	1344	NULL	NULL	NULL	NULL	NULL	NULL	NULL	76	Autobusai	76	02		1382	NULL	NULL	NULL
missed	615003	A>B	Stotis–Eišiškių pl.–Pagiriai	315	NULL	NULL	NULL	NULL	NULL	NULL	NULL	78	Autobusai	78	01		349	NULL	NULL	NULL
missed	615003	B>A	Pagiriai–Eišiškių pl.–Stotis	355	NULL	NULL	NULL	NULL	NULL	NULL	NULL	78	Autobusai	78	01		391	NULL	NULL	NULL
missed	615003	A>B	Stotis–Eišiškių pl.–Pagiriai	399	NULL	NULL	NULL	NULL	NULL	NULL	NULL	78	Autobusai	78	01		435	NULL	NULL	NULL
missed	615003	B>A	Pagiriai–Eišiškių pl.–Stotis	440	NULL	NULL	NULL	NULL	NULL	NULL	NULL	78	Autobusai	78	01		476	NULL	NULL	NULL
missed	615003	A>B	Stotis–Eišiškių pl.–Pagiriai	481	NULL	NULL	NULL	NULL	NULL	NULL	NULL	78	Autobusai	78	01		515	NULL	NULL	NULL
missed	615003	B>A	Pagiriai–Eišiškių pl.–Stotis	524	NULL	NULL	NULL	NULL	NULL	NULL	NULL	78	Autobusai	78	01		558	NULL	NULL	NULL
missed	615003	A>B	Stotis–Eišiškių pl.–Pagiriai	591	NULL	NULL	NULL	NULL	NULL	NULL	NULL	78	Autobusai	78	01		625	NULL	NULL	NULL
missed	615003	B>A	Pagiriai–Eišiškių pl.–Stotis	631	NULL	NULL	NULL	NULL	NULL	NULL	NULL	78	Autobusai	78	01		665	NULL	NULL	NULL
missed	615003	A>B	Stotis–Eišiškių pl.–Pagiriai	670	NULL	NULL	NULL	NULL	NULL	NULL	NULL	78	Autobusai	78	01		704	NULL	NULL	NULL
missed	615003	B>A	Pagiriai–Eišiškių pl.–Stotis	709	NULL	NULL	NULL	NULL	NULL	NULL	NULL	78	Autobusai	78	01		743	NULL	NULL	NULL
missed	615003	A>B	Stotis–Eišiškių pl.–Pagiriai	748	NULL	NULL	NULL	NULL	NULL	NULL	NULL	78	Autobusai	78	01		782	NULL	NULL	NULL
missed	615003	B>A	Pagiriai–Eišiškių pl.–Stotis	787	NULL	NULL	NULL	NULL	NULL	NULL	NULL	78	Autobusai	78	01		821	NULL	NULL	NULL
missed	615003	A>B	Stotis–Eišiškių pl.–Pagiriai	833	NULL	NULL	NULL	NULL	NULL	NULL	NULL	78	Autobusai	78	01		867	NULL	NULL	NULL
missed	615003	B>A	Pagiriai–Eišiškių pl.–Stotis	872	NULL	NULL	NULL	NULL	NULL	NULL	NULL	78	Autobusai	78	01		908	NULL	NULL	NULL
missed	615003	A>B	Stotis–Eišiškių pl.–Pagiriai	922	NULL	NULL	NULL	NULL	NULL	NULL	NULL	78	Autobusai	78	01		958	NULL	NULL	NULL
missed	615003	B>A	Pagiriai–Eišiškių pl.–Stotis	965	NULL	NULL	NULL	NULL	NULL	NULL	NULL	78	Autobusai	78	01		1001	NULL	NULL	NULL
missed	615003	A>B	Stotis–Eišiškių pl.–Pagiriai	1012	NULL	NULL	NULL	NULL	NULL	NULL	NULL	78	Autobusai	78	01		1048	NULL	NULL	NULL
missed	615003	B>A	Pagiriai–Eišiškių pl.–Stotis	1053	NULL	NULL	NULL	NULL	NULL	NULL	NULL	78	Autobusai	78	01		1089	NULL	NULL	NULL
missed	615003	A>B	Stotis–Eišiškių pl.–Pagiriai	1136	NULL	NULL	NULL	NULL	NULL	NULL	NULL	78	Autobusai	78	01		1172	NULL	NULL	NULL
missed	615003	B>A	Pagiriai–Eišiškių pl.–Stotis	1180	NULL	NULL	NULL	NULL	NULL	NULL	NULL	78	Autobusai	78	01		1214	NULL	NULL	NULL
missed	615003	A>B	Stotis–Eišiškių pl.–Pagiriai	1219	NULL	NULL	NULL	NULL	NULL	NULL	NULL	78	Autobusai	78	01		1253	NULL	NULL	NULL
missed	615003	B>A	Pagiriai–Eišiškių pl.–Stotis	1261	NULL	NULL	NULL	NULL	NULL	NULL	NULL	78	Autobusai	78	01		1295	NULL	NULL	NULL
missed	615003	A>B	Stotis–Eišiškių pl.–Pagiriai	1305	NULL	NULL	NULL	NULL	NULL	NULL	NULL	78	Autobusai	78	01		1339	NULL	NULL	NULL
missed	615003	B>A	Pagiriai–Eišiškių pl.–Stotis	1345	NULL	NULL	NULL	NULL	NULL	NULL	NULL	78	Autobusai	78	01		1379	NULL	NULL	NULL
missed	615002	A>B	Stotis–Eišiškių pl.–Pagiriai	368	NULL	NULL	NULL	NULL	NULL	NULL	NULL	78	Autobusai	78	02		404	NULL	NULL	NULL
missed	615002	B>A	Pagiriai–Eišiškių pl.–Stotis	412	NULL	NULL	NULL	NULL	NULL	NULL	NULL	78	Autobusai	78	02		448	NULL	NULL	NULL
missed	615002	A>B	Stotis–Eišiškių pl.–Pagiriai	453	NULL	NULL	NULL	NULL	NULL	NULL	NULL	78	Autobusai	78	02		489	NULL	NULL	NULL
missed	615002	B>A	Pagiriai–Eišiškių pl.–Stotis	497	NULL	NULL	NULL	NULL	NULL	NULL	NULL	78	Autobusai	78	02		531	NULL	NULL	NULL
missed	615002	A>B	Stotis–Eišiškių pl.–Pagiriai	539	NULL	NULL	NULL	NULL	NULL	NULL	NULL	78	Autobusai	78	02		573	NULL	NULL	NULL
missed	615002	B>A	Pagiriai–Eišiškių pl.–Stotis	588	NULL	NULL	NULL	NULL	NULL	NULL	NULL	78	Autobusai	78	02		622	NULL	NULL	NULL
missed	615002	A>B	Stotis–Eišiškių pl.–Pagiriai	957	NULL	NULL	NULL	NULL	NULL	NULL	NULL	78	Autobusai	78	02		993	NULL	NULL	NULL
missed	615002	B>A	Pagiriai–Eišiškių pl.–Stotis	1001	NULL	NULL	NULL	NULL	NULL	NULL	NULL	78	Autobusai	78	02		1037	NULL	NULL	NULL
missed	615002	A>B	Stotis–Eišiškių pl.–Pagiriai	1058	NULL	NULL	NULL	NULL	NULL	NULL	NULL	78	Autobusai	78	02		1094	NULL	NULL	NULL
missed	615002	B>A	Pagiriai–Eišiškių pl.–Stotis	1102	NULL	NULL	NULL	NULL	NULL	NULL	NULL	78	Autobusai	78	02		1138	NULL	NULL	NULL
missed	615004	A>B	Stotis–Eišiškių pl.–Pagiriai	333	NULL	NULL	NULL	NULL	NULL	NULL	NULL	78	Autobusai	78	03		367	NULL	NULL	NULL
missed	615004	B>A	Pagiriai–Eišiškių pl.–Stotis	375	NULL	NULL	NULL	NULL	NULL	NULL	NULL	78	Autobusai	78	03		411	NULL	NULL	NULL
missed	615004	A>B	Stotis–Eišiškių pl.–Pagiriai	417	NULL	NULL	NULL	NULL	NULL	NULL	NULL	78	Autobusai	78	03		453	NULL	NULL	NULL
missed	615004	B>A	Pagiriai–Eišiškių pl.–Stotis	458	NULL	NULL	NULL	NULL	NULL	NULL	NULL	78	Autobusai	78	03		492	NULL	NULL	NULL
missed	615004	A>B	Stotis–Eišiškių pl.–Pagiriai	508	NULL	NULL	NULL	NULL	NULL	NULL	NULL	78	Autobusai	78	03		542	NULL	NULL	NULL
missed	615004	B>A	Pagiriai–Eišiškių pl.–Stotis	555	NULL	NULL	NULL	NULL	NULL	NULL	NULL	78	Autobusai	78	03		589	NULL	NULL	NULL
missed	615004	A>B	Stotis–Eišiškių pl.–Pagiriai	630	NULL	NULL	NULL	NULL	NULL	NULL	NULL	78	Autobusai	78	03		664	NULL	NULL	NULL
missed	615004	B>A	Pagiriai–Eišiškių pl.–Stotis	671	NULL	NULL	NULL	NULL	NULL	NULL	NULL	78	Autobusai	78	03		705	NULL	NULL	NULL
missed	615004	A>B	Stotis–Eišiškių pl.–Pagiriai	711	NULL	NULL	NULL	NULL	NULL	NULL	NULL	78	Autobusai	78	03		745	NULL	NULL	NULL
missed	615004	B>A	Pagiriai–Eišiškių pl.–Stotis	753	NULL	NULL	NULL	NULL	NULL	NULL	NULL	78	Autobusai	78	03		787	NULL	NULL	NULL
missed	615004	A>B	Stotis–Eišiškių pl.–Pagiriai	798	NULL	NULL	NULL	NULL	NULL	NULL	NULL	78	Autobusai	78	03		832	NULL	NULL	NULL
missed	615004	B>A	Pagiriai–Eišiškių pl.–Stotis	841	NULL	NULL	NULL	NULL	NULL	NULL	NULL	78	Autobusai	78	03		875	NULL	NULL	NULL
missed	615004	A>B	Stotis–Eišiškių pl.–Pagiriai	885	NULL	NULL	NULL	NULL	NULL	NULL	NULL	78	Autobusai	78	03		921	NULL	NULL	NULL
missed	615004	B>A	Pagiriai–Eišiškių pl.–Stotis	930	NULL	NULL	NULL	NULL	NULL	NULL	NULL	78	Autobusai	78	03		966	NULL	NULL	NULL
missed	615004	A>B	Stotis–Eišiškių pl.–Pagiriai	984	NULL	NULL	NULL	NULL	NULL	NULL	NULL	78	Autobusai	78	03		1020	NULL	NULL	NULL
missed	615004	B>A	Pagiriai–Eišiškių pl.–Stotis	1025	NULL	NULL	NULL	NULL	NULL	NULL	NULL	78	Autobusai	78	03		1061	NULL	NULL	NULL
missed	615004	A>B	Stotis–Eišiškių pl.–Pagiriai	1094	NULL	NULL	NULL	NULL	NULL	NULL	NULL	78	Autobusai	78	03		1130	NULL	NULL	NULL
missed	615004	B>A	Pagiriai–Eišiškių pl.–Stotis	1138	NULL	NULL	NULL	NULL	NULL	NULL	NULL	78	Autobusai	78	03		1174	NULL	NULL	NULL
missed	615004	A>B	Stotis–Eišiškių pl.–Pagiriai	1179	NULL	NULL	NULL	NULL	NULL	NULL	NULL	78	Autobusai	78	03		1215	NULL	NULL	NULL
missed	615004	B>A	Pagiriai–Eišiškių pl.–Stotis	1227	NULL	NULL	NULL	NULL	NULL	NULL	NULL	78	Autobusai	78	03		1261	NULL	NULL	NULL
missed	615004	A>B	Stotis–Eišiškių pl.–Pagiriai	1267	NULL	NULL	NULL	NULL	NULL	NULL	NULL	78	Autobusai	78	03		1301	NULL	NULL	NULL
missed	615004	B>A	Pagiriai–Eišiškių pl.–Stotis	1310	NULL	NULL	NULL	NULL	NULL	NULL	NULL	78	Autobusai	78	03		1344	NULL	NULL	NULL
missed	615004	A>B	Stotis–Eišiškių pl.–Pagiriai	1350	NULL	NULL	NULL	NULL	NULL	NULL	NULL	78	Autobusai	78	03		1384	NULL	NULL	NULL
missed	615004	B>A	Pagiriai–Eišiškių pl.–Stotis	1389	NULL	NULL	NULL	NULL	NULL	NULL	NULL	78	Autobusai	78	03		1420	NULL	NULL	NULL
missed	260301	B>A	Vaidotai–Aukštieji Paneriai–Žemieji Paneriai	332	NULL	NULL	NULL	NULL	NULL	NULL	NULL	8	Autobusai	8	01		359	NULL	NULL	NULL
missed	260301	A>B2	Žemieji Paneriai–Aukštieji Paneriai(Granito g.)–A.V.Graičiūno g.–Vaidotai	363	NULL	NULL	NULL	NULL	NULL	NULL	NULL	8	Autobusai	8	01		408	NULL	NULL	NULL
missed	260301	B>A	Vaidotai–Aukštieji Paneriai–Žemieji Paneriai	411	NULL	NULL	NULL	NULL	NULL	NULL	NULL	8	Autobusai	8	01		438	NULL	NULL	NULL
missed	260301	A>B	Žemieji Paneriai–Aukštieji Paneriai–Vaidotai	460	NULL	NULL	NULL	NULL	NULL	NULL	NULL	8	Autobusai	8	01		489	NULL	NULL	NULL
missed	260301	B>A	Vaidotai–Aukštieji Paneriai–Žemieji Paneriai	500	NULL	NULL	NULL	NULL	NULL	NULL	NULL	8	Autobusai	8	01		527	NULL	NULL	NULL
missed	260301	A>B	Žemieji Paneriai–Aukštieji Paneriai–Vaidotai	563	NULL	NULL	NULL	NULL	NULL	NULL	NULL	8	Autobusai	8	01		592	NULL	NULL	NULL
missed	260301	B>A	Vaidotai–Aukštieji Paneriai–Žemieji Paneriai	598	NULL	NULL	NULL	NULL	NULL	NULL	NULL	8	Autobusai	8	01		625	NULL	NULL	NULL
missed	260301	A>B	Žemieji Paneriai–Aukštieji Paneriai–Vaidotai	630	NULL	NULL	NULL	NULL	NULL	NULL	NULL	8	Autobusai	8	01		659	NULL	NULL	NULL
missed	260301	B>A	Vaidotai–Aukštieji Paneriai–Žemieji Paneriai	665	NULL	NULL	NULL	NULL	NULL	NULL	NULL	8	Autobusai	8	01		692	NULL	NULL	NULL
missed	260301	A>B	Žemieji Paneriai–Aukštieji Paneriai–Vaidotai	705	NULL	NULL	NULL	NULL	NULL	NULL	NULL	8	Autobusai	8	01		734	NULL	NULL	NULL
missed	260301	B>A	Vaidotai–Aukštieji Paneriai–Žemieji Paneriai	740	NULL	NULL	NULL	NULL	NULL	NULL	NULL	8	Autobusai	8	01		767	NULL	NULL	NULL
missed	260301	A>B	Žemieji Paneriai–Aukštieji Paneriai–Vaidotai	774	NULL	NULL	NULL	NULL	NULL	NULL	NULL	8	Autobusai	8	01		803	NULL	NULL	NULL
missed	260301	B>A	Vaidotai–Aukštieji Paneriai–Žemieji Paneriai	809	NULL	NULL	NULL	NULL	NULL	NULL	NULL	8	Autobusai	8	01		836	NULL	NULL	NULL
missed	260301	A>B	Žemieji Paneriai–Aukštieji Paneriai–Vaidotai	846	NULL	NULL	NULL	NULL	NULL	NULL	NULL	8	Autobusai	8	01		875	NULL	NULL	NULL
missed	260301	B>A	Vaidotai–Aukštieji Paneriai–Žemieji Paneriai	881	NULL	NULL	NULL	NULL	NULL	NULL	NULL	8	Autobusai	8	01		908	NULL	NULL	NULL
missed	260301	A>B	Žemieji Paneriai–Aukštieji Paneriai–Vaidotai	913	NULL	NULL	NULL	NULL	NULL	NULL	NULL	8	Autobusai	8	01		942	NULL	NULL	NULL
missed	260301	B1>A1	Vaidotai–Aukštieji Paneriai(Granito g.)–Žemieji Paneriai	947	NULL	NULL	NULL	NULL	NULL	NULL	NULL	8	Autobusai	8	01		979	NULL	NULL	NULL
missed	260301	A>B	Žemieji Paneriai–Aukštieji Paneriai–Vaidotai	984	NULL	NULL	NULL	NULL	NULL	NULL	NULL	8	Autobusai	8	01		1013	NULL	NULL	NULL
missed	260301	B1>A1	Vaidotai–Aukštieji Paneriai(Granito g.)–Žemieji Paneriai	1027	NULL	NULL	NULL	NULL	NULL	NULL	NULL	8	Autobusai	8	01		1059	NULL	NULL	NULL
missed	260301	A>B	Žemieji Paneriai–Aukštieji Paneriai–Vaidotai	1067	NULL	NULL	NULL	NULL	NULL	NULL	NULL	8	Autobusai	8	01		1096	NULL	NULL	NULL
missed	260301	B1>A1	Vaidotai–Aukštieji Paneriai(Granito g.)–Žemieji Paneriai	1102	NULL	NULL	NULL	NULL	NULL	NULL	NULL	8	Autobusai	8	01		1134	NULL	NULL	NULL
missed	260301	A>B	Žemieji Paneriai–Aukštieji Paneriai–Vaidotai	1168	NULL	NULL	NULL	NULL	NULL	NULL	NULL	8	Autobusai	8	01		1197	NULL	NULL	NULL
missed	260301	B>A	Vaidotai–Aukštieji Paneriai–Žemieji Paneriai	1203	NULL	NULL	NULL	NULL	NULL	NULL	NULL	8	Autobusai	8	01		1230	NULL	NULL	NULL
missed	260301	A>B	Žemieji Paneriai–Aukštieji Paneriai–Vaidotai	1241	NULL	NULL	NULL	NULL	NULL	NULL	NULL	8	Autobusai	8	01		1270	NULL	NULL	NULL
missed	260301	B>A	Vaidotai–Aukštieji Paneriai–Žemieji Paneriai	1276	NULL	NULL	NULL	NULL	NULL	NULL	NULL	8	Autobusai	8	01		1303	NULL	NULL	NULL
missed	260301	A>B	Žemieji Paneriai–Aukštieji Paneriai–Vaidotai	1310	NULL	NULL	NULL	NULL	NULL	NULL	NULL	8	Autobusai	8	01		1339	NULL	NULL	NULL
missed	260301	B>A	Vaidotai–Aukštieji Paneriai–Žemieji Paneriai	1345	NULL	NULL	NULL	NULL	NULL	NULL	NULL	8	Autobusai	8	01		1371	NULL	NULL	NULL
missed	260300	A>B2	Žemieji Paneriai–Aukštieji Paneriai(Granito g.)–A.V.Graičiūno g.–Vaidotai	328	NULL	NULL	NULL	NULL	NULL	NULL	NULL	8	Autobusai	8	02		373	NULL	NULL	NULL
missed	260300	B>A	Vaidotai–Aukštieji Paneriai–Žemieji Paneriai	379	NULL	NULL	NULL	NULL	NULL	NULL	NULL	8	Autobusai	8	02		406	NULL	NULL	NULL
missed	260300	A1>B1	Žemieji Paneriai–Aukštieji Paneriai(Granito g.)–Vaidotai	413	NULL	NULL	NULL	NULL	NULL	NULL	NULL	8	Autobusai	8	02		448	NULL	NULL	NULL
missed	260300	B>A	Vaidotai–Aukštieji Paneriai–Žemieji Paneriai	455	NULL	NULL	NULL	NULL	NULL	NULL	NULL	8	Autobusai	8	02		482	NULL	NULL	NULL
missed	260300	A>B	Žemieji Paneriai–Aukštieji Paneriai–Vaidotai	499	NULL	NULL	NULL	NULL	NULL	NULL	NULL	8	Autobusai	8	02		528	NULL	NULL	NULL
missed	260300	B>A	Vaidotai–Aukštieji Paneriai–Žemieji Paneriai	538	NULL	NULL	NULL	NULL	NULL	NULL	NULL	8	Autobusai	8	02		565	NULL	NULL	NULL
missed	260300	A>B	Žemieji Paneriai–Aukštieji Paneriai–Vaidotai	946	NULL	NULL	NULL	NULL	NULL	NULL	NULL	8	Autobusai	8	02		975	NULL	NULL	NULL
missed	260300	B1>A1	Vaidotai–Aukštieji Paneriai(Granito g.)–Žemieji Paneriai	991	NULL	NULL	NULL	NULL	NULL	NULL	NULL	8	Autobusai	8	02		1023	NULL	NULL	NULL
missed	260300	A>B	Žemieji Paneriai–Aukštieji Paneriai–Vaidotai	1032	NULL	NULL	NULL	NULL	NULL	NULL	NULL	8	Autobusai	8	02		1061	NULL	NULL	NULL
missed	260300	B1>A1	Vaidotai–Aukštieji Paneriai(Granito g.)–Žemieji Paneriai	1067	NULL	NULL	NULL	NULL	NULL	NULL	NULL	8	Autobusai	8	02		1099	NULL	NULL	NULL
missed	260300	A>B	Žemieji Paneriai–Aukštieji Paneriai–Vaidotai	1112	NULL	NULL	NULL	NULL	NULL	NULL	NULL	8	Autobusai	8	02		1141	NULL	NULL	NULL
missed	260300	B>A	Vaidotai–Aukštieji Paneriai–Žemieji Paneriai	1147	NULL	NULL	NULL	NULL	NULL	NULL	NULL	8	Autobusai	8	02		1173	NULL	NULL	NULL
missed	567620	A>B	Stotis–Salininkai–Miškiniai–Juodšiliai	309	NULL	NULL	NULL	NULL	NULL	NULL	NULL	82	Autobusai	82	01		345	NULL	NULL	NULL
missed	567620	B>A	Juodšiliai–Avinėlių g.–Stotis	346	NULL	NULL	NULL	NULL	NULL	NULL	NULL	82	Autobusai	82	01		373	NULL	NULL	NULL
missed	567620	A>B	Stotis–Salininkai–Miškiniai–Juodšiliai	383	NULL	NULL	NULL	NULL	NULL	NULL	NULL	82	Autobusai	82	01		419	NULL	NULL	NULL
missed	567620	B>A	Juodšiliai–Avinėlių g.–Stotis	420	NULL	NULL	NULL	NULL	NULL	NULL	NULL	82	Autobusai	82	01		447	NULL	NULL	NULL
missed	567620	A>B	Stotis–Salininkai–Miškiniai–Juodšiliai	455	NULL	NULL	NULL	NULL	NULL	NULL	NULL	82	Autobusai	82	01		491	NULL	NULL	NULL
missed	567620	B>A	Juodšiliai–Avinėlių g.–Stotis	492	NULL	NULL	NULL	NULL	NULL	NULL	NULL	82	Autobusai	82	01		519	NULL	NULL	NULL
missed	567620	A>B	Stotis–Salininkai–Miškiniai–Juodšiliai	554	NULL	NULL	NULL	NULL	NULL	NULL	NULL	82	Autobusai	82	01		590	NULL	NULL	NULL
missed	567620	B>A	Juodšiliai–Avinėlių g.–Stotis	591	NULL	NULL	NULL	NULL	NULL	NULL	NULL	82	Autobusai	82	01		618	NULL	NULL	NULL
missed	567620	A>B	Stotis–Salininkai–Miškiniai–Juodšiliai	629	NULL	NULL	NULL	NULL	NULL	NULL	NULL	82	Autobusai	82	01		665	NULL	NULL	NULL
missed	567620	B>A	Juodšiliai–Avinėlių g.–Stotis	666	NULL	NULL	NULL	NULL	NULL	NULL	NULL	82	Autobusai	82	01		693	NULL	NULL	NULL
missed	567620	A>B	Stotis–Salininkai–Miškiniai–Juodšiliai	704	NULL	NULL	NULL	NULL	NULL	NULL	NULL	82	Autobusai	82	01		740	NULL	NULL	NULL
missed	567620	B>A	Juodšiliai–Avinėlių g.–Stotis	741	NULL	NULL	NULL	NULL	NULL	NULL	NULL	82	Autobusai	82	01		768	NULL	NULL	NULL
missed	567620	A>B	Stotis–Salininkai–Miškiniai–Juodšiliai	776	NULL	NULL	NULL	NULL	NULL	NULL	NULL	82	Autobusai	82	01		812	NULL	NULL	NULL
missed	567620	B>A	Juodšiliai–Avinėlių g.–Stotis	813	NULL	NULL	NULL	NULL	NULL	NULL	NULL	82	Autobusai	82	01		840	NULL	NULL	NULL
missed	567620	A>B	Stotis–Salininkai–Miškiniai–Juodšiliai	852	NULL	NULL	NULL	NULL	NULL	NULL	NULL	82	Autobusai	82	01		888	NULL	NULL	NULL
missed	567620	B>A	Juodšiliai–Avinėlių g.–Stotis	889	NULL	NULL	NULL	NULL	NULL	NULL	NULL	82	Autobusai	82	01		916	NULL	NULL	NULL
missed	567620	A>B	Stotis–Salininkai–Miškiniai–Juodšiliai	926	NULL	NULL	NULL	NULL	NULL	NULL	NULL	82	Autobusai	82	01		962	NULL	NULL	NULL
missed	567620	B>A	Juodšiliai–Avinėlių g.–Stotis	963	NULL	NULL	NULL	NULL	NULL	NULL	NULL	82	Autobusai	82	01		990	NULL	NULL	NULL
missed	567620	A>B	Stotis–Salininkai–Miškiniai–Juodšiliai	1000	NULL	NULL	NULL	NULL	NULL	NULL	NULL	82	Autobusai	82	01		1036	NULL	NULL	NULL
missed	567620	B>A	Juodšiliai–Avinėlių g.–Stotis	1037	NULL	NULL	NULL	NULL	NULL	NULL	NULL	82	Autobusai	82	01		1064	NULL	NULL	NULL
missed	567620	A>B	Stotis–Salininkai–Miškiniai–Juodšiliai	1100	NULL	NULL	NULL	NULL	NULL	NULL	NULL	82	Autobusai	82	01		1136	NULL	NULL	NULL
missed	567620	B>A	Juodšiliai–Avinėlių g.–Stotis	1137	NULL	NULL	NULL	NULL	NULL	NULL	NULL	82	Autobusai	82	01		1164	NULL	NULL	NULL
missed	567620	A>B	Stotis–Salininkai–Miškiniai–Juodšiliai	1174	NULL	NULL	NULL	NULL	NULL	NULL	NULL	82	Autobusai	82	01		1210	NULL	NULL	NULL
missed	567620	B>A	Juodšiliai–Avinėlių g.–Stotis	1211	NULL	NULL	NULL	NULL	NULL	NULL	NULL	82	Autobusai	82	01		1238	NULL	NULL	NULL
missed	567620	A>B	Stotis–Salininkai–Miškiniai–Juodšiliai	1252	NULL	NULL	NULL	NULL	NULL	NULL	NULL	82	Autobusai	82	01		1288	NULL	NULL	NULL
missed	567620	B>A	Juodšiliai–Avinėlių g.–Stotis	1289	NULL	NULL	NULL	NULL	NULL	NULL	NULL	82	Autobusai	82	01		1316	NULL	NULL	NULL
missed	567620	A>B	Stotis–Salininkai–Miškiniai–Juodšiliai	1326	NULL	NULL	NULL	NULL	NULL	NULL	NULL	82	Autobusai	82	01		1362	NULL	NULL	NULL
missed	567620	B>A	Juodšiliai–Avinėlių g.–Stotis	1363	NULL	NULL	NULL	NULL	NULL	NULL	NULL	82	Autobusai	82	01		1390	NULL	NULL	NULL
missed	567621	A1>B1	Stotis–Avinėlių g.–Juodšiliai	344	NULL	NULL	NULL	NULL	NULL	NULL	NULL	82	Autobusai	82	02		367	NULL	NULL	NULL
missed	567621	B1>A1	Juodšiliai–Miškiniai–Salininkai–Stotis	368	NULL	NULL	NULL	NULL	NULL	NULL	NULL	82	Autobusai	82	02		408	NULL	NULL	NULL
missed	567621	A1>B1	Stotis–Avinėlių g.–Juodšiliai	415	NULL	NULL	NULL	NULL	NULL	NULL	NULL	82	Autobusai	82	02		438	NULL	NULL	NULL
missed	567621	B1>A1	Juodšiliai–Miškiniai–Salininkai–Stotis	439	NULL	NULL	NULL	NULL	NULL	NULL	NULL	82	Autobusai	82	02		479	NULL	NULL	NULL
missed	567621	A1>B1	Stotis–Avinėlių g.–Juodšiliai	497	NULL	NULL	NULL	NULL	NULL	NULL	NULL	82	Autobusai	82	02		520	NULL	NULL	NULL
missed	567621	B1>A1	Juodšiliai–Miškiniai–Salininkai–Stotis	521	NULL	NULL	NULL	NULL	NULL	NULL	NULL	82	Autobusai	82	02		561	NULL	NULL	NULL
missed	567621	A1>B1	Stotis–Avinėlių g.–Juodšiliai	601	NULL	NULL	NULL	NULL	NULL	NULL	NULL	82	Autobusai	82	02		624	NULL	NULL	NULL
missed	567621	B1>A1	Juodšiliai–Miškiniai–Salininkai–Stotis	625	NULL	NULL	NULL	NULL	NULL	NULL	NULL	82	Autobusai	82	02		665	NULL	NULL	NULL
missed	567621	A1>B1	Stotis–Avinėlių g.–Juodšiliai	674	NULL	NULL	NULL	NULL	NULL	NULL	NULL	82	Autobusai	82	02		697	NULL	NULL	NULL
missed	567621	B1>A1	Juodšiliai–Miškiniai–Salininkai–Stotis	698	NULL	NULL	NULL	NULL	NULL	NULL	NULL	82	Autobusai	82	02		738	NULL	NULL	NULL
missed	567621	A1>B1	Stotis–Avinėlių g.–Juodšiliai	745	NULL	NULL	NULL	NULL	NULL	NULL	NULL	82	Autobusai	82	02		768	NULL	NULL	NULL
missed	567621	B1>A1	Juodšiliai–Miškiniai–Salininkai–Stotis	769	NULL	NULL	NULL	NULL	NULL	NULL	NULL	82	Autobusai	82	02		809	NULL	NULL	NULL
missed	567621	A1>B1	Stotis–Avinėlių g.–Juodšiliai	818	NULL	NULL	NULL	NULL	NULL	NULL	NULL	82	Autobusai	82	02		841	NULL	NULL	NULL
missed	567621	B1>A1	Juodšiliai–Miškiniai–Salininkai–Stotis	842	NULL	NULL	NULL	NULL	NULL	NULL	NULL	82	Autobusai	82	02		882	NULL	NULL	NULL
missed	567621	A1>B1	Stotis–Avinėlių g.–Juodšiliai	890	NULL	NULL	NULL	NULL	NULL	NULL	NULL	82	Autobusai	82	02		913	NULL	NULL	NULL
missed	567621	B1>A1	Juodšiliai–Miškiniai–Salininkai–Stotis	914	NULL	NULL	NULL	NULL	NULL	NULL	NULL	82	Autobusai	82	02		954	NULL	NULL	NULL
missed	567621	A1>B1	Stotis–Avinėlių g.–Juodšiliai	966	NULL	NULL	NULL	NULL	NULL	NULL	NULL	82	Autobusai	82	02		989	NULL	NULL	NULL
missed	567621	B1>A1	Juodšiliai–Miškiniai–Salininkai–Stotis	990	NULL	NULL	NULL	NULL	NULL	NULL	NULL	82	Autobusai	82	02		1030	NULL	NULL	NULL
missed	567621	A1>B1	Stotis–Avinėlių g.–Juodšiliai	1040	NULL	NULL	NULL	NULL	NULL	NULL	NULL	82	Autobusai	82	02		1063	NULL	NULL	NULL
missed	567621	B1>A1	Juodšiliai–Miškiniai–Salininkai–Stotis	1064	NULL	NULL	NULL	NULL	NULL	NULL	NULL	82	Autobusai	82	02		1104	NULL	NULL	NULL
missed	567621	A1>B1	Stotis–Avinėlių g.–Juodšiliai	1137	NULL	NULL	NULL	NULL	NULL	NULL	NULL	82	Autobusai	82	02		1160	NULL	NULL	NULL
missed	567621	B1>A1	Juodšiliai–Miškiniai–Salininkai–Stotis	1161	NULL	NULL	NULL	NULL	NULL	NULL	NULL	82	Autobusai	82	02		1201	NULL	NULL	NULL
missed	567621	A1>B1	Stotis–Avinėlių g.–Juodšiliai	1208	NULL	NULL	NULL	NULL	NULL	NULL	NULL	82	Autobusai	82	02		1231	NULL	NULL	NULL
missed	567621	B1>A1	Juodšiliai–Miškiniai–Salininkai–Stotis	1232	NULL	NULL	NULL	NULL	NULL	NULL	NULL	82	Autobusai	82	02		1272	NULL	NULL	NULL
missed	567621	A1>B1	Stotis–Avinėlių g.–Juodšiliai	1282	NULL	NULL	NULL	NULL	NULL	NULL	NULL	82	Autobusai	82	02		1305	NULL	NULL	NULL
missed	567621	B1>A1	Juodšiliai–Miškiniai–Salininkai–Stotis	1306	NULL	NULL	NULL	NULL	NULL	NULL	NULL	82	Autobusai	82	02		1346	NULL	NULL	NULL
missed	663278	A>B	Ateities g.–Molėtų pl.–Riešė–Bendorėliai–Šeškinė	297	NULL	NULL	NULL	NULL	NULL	NULL	NULL	87	Autobusai	87	01		355	NULL	NULL	NULL
missed	663278	B>A	Šeškinė–Bendorėliai–Riešė–Molėtų pl.–Ateities g.	363	NULL	NULL	NULL	NULL	NULL	NULL	NULL	87	Autobusai	87	01		424	NULL	NULL	NULL
missed	663278	A>B	Ateities g.–Molėtų pl.–Riešė–Bendorėliai–Šeškinė	434	NULL	NULL	NULL	NULL	NULL	NULL	NULL	87	Autobusai	87	01		496	NULL	NULL	NULL
missed	663278	B>A	Šeškinė–Bendorėliai–Riešė–Molėtų pl.–Ateities g.	502	NULL	NULL	NULL	NULL	NULL	NULL	NULL	87	Autobusai	87	01		561	NULL	NULL	NULL
missed	663278	A>B	Ateities g.–Molėtų pl.–Riešė–Bendorėliai–Šeškinė	591	NULL	NULL	NULL	NULL	NULL	NULL	NULL	87	Autobusai	87	01		649	NULL	NULL	NULL
missed	663278	B>A	Šeškinė–Bendorėliai–Riešė–Molėtų pl.–Ateities g.	656	NULL	NULL	NULL	NULL	NULL	NULL	NULL	87	Autobusai	87	01		715	NULL	NULL	NULL
missed	663278	A>B	Ateities g.–Molėtų pl.–Riešė–Bendorėliai–Šeškinė	724	NULL	NULL	NULL	NULL	NULL	NULL	NULL	87	Autobusai	87	01		782	NULL	NULL	NULL
missed	663278	B>A	Šeškinė–Bendorėliai–Riešė–Molėtų pl.–Ateities g.	805	NULL	NULL	NULL	NULL	NULL	NULL	NULL	87	Autobusai	87	01		864	NULL	NULL	NULL
missed	663278	A>B	Ateities g.–Molėtų pl.–Riešė–Bendorėliai–Šeškinė	869	NULL	NULL	NULL	NULL	NULL	NULL	NULL	87	Autobusai	87	01		927	NULL	NULL	NULL
missed	663278	B>A	Šeškinė–Bendorėliai–Riešė–Molėtų pl.–Ateities g.	936	NULL	NULL	NULL	NULL	NULL	NULL	NULL	87	Autobusai	87	01		997	NULL	NULL	NULL
missed	663278	A>B	Ateities g.–Molėtų pl.–Riešė–Bendorėliai–Šeškinė	1002	NULL	NULL	NULL	NULL	NULL	NULL	NULL	87	Autobusai	87	01		1060	NULL	NULL	NULL
missed	663278	B>A	Šeškinė–Bendorėliai–Riešė–Molėtų pl.–Ateities g.	1066	NULL	NULL	NULL	NULL	NULL	NULL	NULL	87	Autobusai	87	01		1127	NULL	NULL	NULL
missed	663278	A>B	Ateities g.–Molėtų pl.–Riešė–Bendorėliai–Šeškinė	1160	NULL	NULL	NULL	NULL	NULL	NULL	NULL	87	Autobusai	87	01		1218	NULL	NULL	NULL
missed	663278	B>A	Šeškinė–Bendorėliai–Riešė–Molėtų pl.–Ateities g.	1228	NULL	NULL	NULL	NULL	NULL	NULL	NULL	87	Autobusai	87	01		1287	NULL	NULL	NULL
missed	663278	A>B	Ateities g.–Molėtų pl.–Riešė–Bendorėliai–Šeškinė	1317	NULL	NULL	NULL	NULL	NULL	NULL	NULL	87	Autobusai	87	01		1375	NULL	NULL	NULL
missed	663279	A>B	Ateities g.–Molėtų pl.–Riešė–Bendorėliai–Šeškinė	318	NULL	NULL	NULL	NULL	NULL	NULL	NULL	87	Autobusai	87	02		376	NULL	NULL	NULL
missed	663279	B>A	Šeškinė–Bendorėliai–Riešė–Molėtų pl.–Ateities g.	397	NULL	NULL	NULL	NULL	NULL	NULL	NULL	87	Autobusai	87	02		458	NULL	NULL	NULL
missed	663279	A>B	Ateities g.–Molėtų pl.–Riešė–Bendorėliai–Šeškinė	466	NULL	NULL	NULL	NULL	NULL	NULL	NULL	87	Autobusai	87	02		524	NULL	NULL	NULL
missed	663279	B>A	Šeškinė–Bendorėliai–Riešė–Molėtų pl.–Ateities g.	533	NULL	NULL	NULL	NULL	NULL	NULL	NULL	87	Autobusai	87	02		592	NULL	NULL	NULL
missed	663279	A>B	Ateities g.–Molėtų pl.–Riešė–Bendorėliai–Šeškinė	625	NULL	NULL	NULL	NULL	NULL	NULL	NULL	87	Autobusai	87	02		683	NULL	NULL	NULL
missed	663279	B>A	Šeškinė–Bendorėliai–Riešė–Molėtų pl.–Ateities g.	691	NULL	NULL	NULL	NULL	NULL	NULL	NULL	87	Autobusai	87	02		750	NULL	NULL	NULL
missed	663279	A>B	Ateities g.–Molėtų pl.–Riešė–Bendorėliai–Šeškinė	757	NULL	NULL	NULL	NULL	NULL	NULL	NULL	87	Autobusai	87	02		815	NULL	NULL	NULL
missed	663279	B>A	Šeškinė–Bendorėliai–Riešė–Molėtų pl.–Ateities g.	827	NULL	NULL	NULL	NULL	NULL	NULL	NULL	87	Autobusai	87	02		886	NULL	NULL	NULL
missed	663279	A>B	Ateities g.–Molėtų pl.–Riešė–Bendorėliai–Šeškinė	904	NULL	NULL	NULL	NULL	NULL	NULL	NULL	87	Autobusai	87	02		962	NULL	NULL	NULL
missed	663279	B>A	Šeškinė–Bendorėliai–Riešė–Molėtų pl.–Ateities g.	972	NULL	NULL	NULL	NULL	NULL	NULL	NULL	87	Autobusai	87	02		1033	NULL	NULL	NULL
missed	663279	A>B	Ateities g.–Molėtų pl.–Riešė–Bendorėliai–Šeškinė	1042	NULL	NULL	NULL	NULL	NULL	NULL	NULL	87	Autobusai	87	02		1100	NULL	NULL	NULL
missed	663279	B>A	Šeškinė–Bendorėliai–Riešė–Molėtų pl.–Ateities g.	1105	NULL	NULL	NULL	NULL	NULL	NULL	NULL	87	Autobusai	87	02		1166	NULL	NULL	NULL
missed	663279	A>B	Ateities g.–Molėtų pl.–Riešė–Bendorėliai–Šeškinė	1196	NULL	NULL	NULL	NULL	NULL	NULL	NULL	87	Autobusai	87	02		1254	NULL	NULL	NULL
missed	663279	B>A	Šeškinė–Bendorėliai–Riešė–Molėtų pl.–Ateities g.	1259	NULL	NULL	NULL	NULL	NULL	NULL	NULL	87	Autobusai	87	02		1318	NULL	NULL	NULL
missed	663279	A>B	Ateities g.–Molėtų pl.–Riešė–Bendorėliai–Šeškinė	1348	NULL	NULL	NULL	NULL	NULL	NULL	NULL	87	Autobusai	87	02		1406	NULL	NULL	NULL
missed	663280	B>A	Šeškinė–Bendorėliai–Riešė–Molėtų pl.–Ateities g.	300	NULL	NULL	NULL	NULL	NULL	NULL	NULL	87	Autobusai	87	03		359	NULL	NULL	NULL
missed	663280	A>B	Ateities g.–Molėtų pl.–Riešė–Bendorėliai–Šeškinė	364	NULL	NULL	NULL	NULL	NULL	NULL	NULL	87	Autobusai	87	03		422	NULL	NULL	NULL
missed	663280	B>A	Šeškinė–Bendorėliai–Riešė–Molėtų pl.–Ateities g.	434	NULL	NULL	NULL	NULL	NULL	NULL	NULL	87	Autobusai	87	03		495	NULL	NULL	NULL
missed	663280	A>B	Ateities g.–Molėtų pl.–Riešė–Bendorėliai–Šeškinė	500	NULL	NULL	NULL	NULL	NULL	NULL	NULL	87	Autobusai	87	03		558	NULL	NULL	NULL
missed	663280	B>A	Šeškinė–Bendorėliai–Riešė–Molėtų pl.–Ateities g.	563	NULL	NULL	NULL	NULL	NULL	NULL	NULL	87	Autobusai	87	03		622	NULL	NULL	NULL
missed	663280	A>B	Ateities g.–Molėtų pl.–Riešė–Bendorėliai–Šeškinė	657	NULL	NULL	NULL	NULL	NULL	NULL	NULL	87	Autobusai	87	03		715	NULL	NULL	NULL
missed	663280	B>A	Šeškinė–Bendorėliai–Riešė–Molėtų pl.–Ateities g.	721	NULL	NULL	NULL	NULL	NULL	NULL	NULL	87	Autobusai	87	03		780	NULL	NULL	NULL
missed	663280	A>B	Ateities g.–Molėtų pl.–Riešė–Bendorėliai–Šeškinė	788	NULL	NULL	NULL	NULL	NULL	NULL	NULL	87	Autobusai	87	03		846	NULL	NULL	NULL
missed	663280	B>A	Šeškinė–Bendorėliai–Riešė–Molėtų pl.–Ateities g.	860	NULL	NULL	NULL	NULL	NULL	NULL	NULL	87	Autobusai	87	03		919	NULL	NULL	NULL
missed	663280	A>B	Ateities g.–Molėtų pl.–Riešė–Bendorėliai–Šeškinė	929	NULL	NULL	NULL	NULL	NULL	NULL	NULL	87	Autobusai	87	03		987	NULL	NULL	NULL
missed	663280	B>A	Šeškinė–Bendorėliai–Riešė–Molėtų pl.–Ateities g.	1000	NULL	NULL	NULL	NULL	NULL	NULL	NULL	87	Autobusai	87	03		1061	NULL	NULL	NULL
missed	663280	A>B	Ateities g.–Molėtų pl.–Riešė–Bendorėliai–Šeškinė	1091	NULL	NULL	NULL	NULL	NULL	NULL	NULL	87	Autobusai	87	03		1149	NULL	NULL	NULL
missed	663280	B>A	Šeškinė–Bendorėliai–Riešė–Molėtų pl.–Ateities g.	1155	NULL	NULL	NULL	NULL	NULL	NULL	NULL	87	Autobusai	87	03		1214	NULL	NULL	NULL
missed	663280	A>B	Ateities g.–Molėtų pl.–Riešė–Bendorėliai–Šeškinė	1244	NULL	NULL	NULL	NULL	NULL	NULL	NULL	87	Autobusai	87	03		1302	NULL	NULL	NULL
missed	663280	B>A	Šeškinė–Bendorėliai–Riešė–Molėtų pl.–Ateities g.	1307	NULL	NULL	NULL	NULL	NULL	NULL	NULL	87	Autobusai	87	03		1366	NULL	NULL	NULL
missed	663280	A>B	Ateities g.–Molėtų pl.–Riešė–Bendorėliai–Šeškinė	1371	NULL	NULL	NULL	NULL	NULL	NULL	NULL	87	Autobusai	87	03		1429	NULL	NULL	NULL
missed	663281	B>A	Šeškinė–Bendorėliai–Riešė–Molėtų pl.–Ateities g.	333	NULL	NULL	NULL	NULL	NULL	NULL	NULL	87	Autobusai	87	04		394	NULL	NULL	NULL
missed	663281	A>B	Ateities g.–Molėtų pl.–Riešė–Bendorėliai–Šeškinė	401	NULL	NULL	NULL	NULL	NULL	NULL	NULL	87	Autobusai	87	04		463	NULL	NULL	NULL
missed	663281	B>A	Šeškinė–Bendorėliai–Riešė–Molėtų pl.–Ateities g.	470	NULL	NULL	NULL	NULL	NULL	NULL	NULL	87	Autobusai	87	04		531	NULL	NULL	NULL
missed	663281	A>B	Ateities g.–Molėtų pl.–Riešė–Bendorėliai–Šeškinė	536	NULL	NULL	NULL	NULL	NULL	NULL	NULL	87	Autobusai	87	04		594	NULL	NULL	NULL
missed	663281	B>A	Šeškinė–Bendorėliai–Riešė–Molėtų pl.–Ateities g.	599	NULL	NULL	NULL	NULL	NULL	NULL	NULL	87	Autobusai	87	04		658	NULL	NULL	NULL
missed	663281	A>B	Ateities g.–Molėtų pl.–Riešė–Bendorėliai–Šeškinė	688	NULL	NULL	NULL	NULL	NULL	NULL	NULL	87	Autobusai	87	04		746	NULL	NULL	NULL
missed	663281	B>A	Šeškinė–Bendorėliai–Riešė–Molėtų pl.–Ateities g.	751	NULL	NULL	NULL	NULL	NULL	NULL	NULL	87	Autobusai	87	04		810	NULL	NULL	NULL
missed	663281	A>B	Ateities g.–Molėtų pl.–Riešė–Bendorėliai–Šeškinė	815	NULL	NULL	NULL	NULL	NULL	NULL	NULL	87	Autobusai	87	04		873	NULL	NULL	NULL
missed	663281	B>A	Šeškinė–Bendorėliai–Riešė–Molėtų pl.–Ateities g.	891	NULL	NULL	NULL	NULL	NULL	NULL	NULL	87	Autobusai	87	04		950	NULL	NULL	NULL
missed	663281	A>B	Ateities g.–Molėtų pl.–Riešė–Bendorėliai–Šeškinė	965	NULL	NULL	NULL	NULL	NULL	NULL	NULL	87	Autobusai	87	04		1023	NULL	NULL	NULL
missed	663281	B>A	Šeškinė–Bendorėliai–Riešė–Molėtų pl.–Ateities g.	1032	NULL	NULL	NULL	NULL	NULL	NULL	NULL	87	Autobusai	87	04		1093	NULL	NULL	NULL
missed	663281	A>B	Ateities g.–Molėtų pl.–Riešė–Bendorėliai–Šeškinė	1124	NULL	NULL	NULL	NULL	NULL	NULL	NULL	87	Autobusai	87	04		1182	NULL	NULL	NULL
missed	663281	B>A	Šeškinė–Bendorėliai–Riešė–Molėtų pl.–Ateities g.	1194	NULL	NULL	NULL	NULL	NULL	NULL	NULL	87	Autobusai	87	04		1253	NULL	NULL	NULL
missed	663281	A>B	Ateities g.–Molėtų pl.–Riešė–Bendorėliai–Šeškinė	1283	NULL	NULL	NULL	NULL	NULL	NULL	NULL	87	Autobusai	87	04		1341	NULL	NULL	NULL
missed	663281	B>A	Šeškinė–Bendorėliai–Riešė–Molėtų pl.–Ateities g.	1368	NULL	NULL	NULL	NULL	NULL	NULL	NULL	87	Autobusai	87	04		1427	NULL	NULL	NULL
missed	670874	A>B	Oro uostas–Stotis–Senamiestis–Nepriklausomybės a.	300	NULL	NULL	NULL	NULL	NULL	NULL	NULL	88	Autobusai	88	01		344	NULL	NULL	NULL
missed	670874	B>A	Nepriklausomybės a.–Senamiestis–Stotis–Oro uostas	354	NULL	NULL	NULL	NULL	NULL	NULL	NULL	88	Autobusai	88	01		404	NULL	NULL	NULL
missed	670874	A>B	Oro uostas–Stotis–Senamiestis–Nepriklausomybės a.	412	NULL	NULL	NULL	NULL	NULL	NULL	NULL	88	Autobusai	88	01		457	NULL	NULL	NULL
missed	670874	B>A	Nepriklausomybės a.–Senamiestis–Stotis–Oro uostas	467	NULL	NULL	NULL	NULL	NULL	NULL	NULL	88	Autobusai	88	01		517	NULL	NULL	NULL
missed	670874	A1>B1	Oro uostas–Stotis–Senamiestis–Lvovo st.	525	NULL	NULL	NULL	NULL	NULL	NULL	NULL	88	Autobusai	88	01		563	NULL	NULL	NULL
missed	670874	B>A	Nepriklausomybės a.–Senamiestis–Stotis–Oro uostas	618	NULL	NULL	NULL	NULL	NULL	NULL	NULL	88	Autobusai	88	01		668	NULL	NULL	NULL
missed	670874	A>B	Oro uostas–Stotis–Senamiestis–Nepriklausomybės a.	680	NULL	NULL	NULL	NULL	NULL	NULL	NULL	88	Autobusai	88	01		724	NULL	NULL	NULL
missed	670874	B>A	Nepriklausomybės a.–Senamiestis–Stotis–Oro uostas	734	NULL	NULL	NULL	NULL	NULL	NULL	NULL	88	Autobusai	88	01		784	NULL	NULL	NULL
missed	670874	A>B	Oro uostas–Stotis–Senamiestis–Nepriklausomybės a.	790	NULL	NULL	NULL	NULL	NULL	NULL	NULL	88	Autobusai	88	01		834	NULL	NULL	NULL
missed	670874	B>A	Nepriklausomybės a.–Senamiestis–Stotis–Oro uostas	844	NULL	NULL	NULL	NULL	NULL	NULL	NULL	88	Autobusai	88	01		894	NULL	NULL	NULL
missed	670874	A>B	Oro uostas–Stotis–Senamiestis–Nepriklausomybės a.	900	NULL	NULL	NULL	NULL	NULL	NULL	NULL	88	Autobusai	88	01		944	NULL	NULL	NULL
missed	670874	B>A	Nepriklausomybės a.–Senamiestis–Stotis–Oro uostas	960	NULL	NULL	NULL	NULL	NULL	NULL	NULL	88	Autobusai	88	01		1011	NULL	NULL	NULL
missed	670874	A>B	Oro uostas–Stotis–Senamiestis–Nepriklausomybės a.	1020	NULL	NULL	NULL	NULL	NULL	NULL	NULL	88	Autobusai	88	01		1065	NULL	NULL	NULL
missed	670874	B>A	Nepriklausomybės a.–Senamiestis–Stotis–Oro uostas	1075	NULL	NULL	NULL	NULL	NULL	NULL	NULL	88	Autobusai	88	01		1125	NULL	NULL	NULL
missed	670874	A1>B1	Oro uostas–Stotis–Senamiestis–Lvovo st.	1130	NULL	NULL	NULL	NULL	NULL	NULL	NULL	88	Autobusai	88	01		1169	NULL	NULL	NULL
missed	670874	B>A	Nepriklausomybės a.–Senamiestis–Stotis–Oro uostas	1224	NULL	NULL	NULL	NULL	NULL	NULL	NULL	88	Autobusai	88	01		1273	NULL	NULL	NULL
missed	670874	A>B	Oro uostas–Stotis–Senamiestis–Nepriklausomybės a.	1277	NULL	NULL	NULL	NULL	NULL	NULL	NULL	88	Autobusai	88	01		1321	NULL	NULL	NULL
missed	670874	B>A	Nepriklausomybės a.–Senamiestis–Stotis–Oro uostas	1326	NULL	NULL	NULL	NULL	NULL	NULL	NULL	88	Autobusai	88	01		1375	NULL	NULL	NULL
missed	670874	A>B	Oro uostas–Stotis–Senamiestis–Nepriklausomybės a.	1380	NULL	NULL	NULL	NULL	NULL	NULL	NULL	88	Autobusai	88	01		1424	NULL	NULL	NULL
missed	670873	A>B	Oro uostas–Stotis–Senamiestis–Nepriklausomybės a.	330	NULL	NULL	NULL	NULL	NULL	NULL	NULL	88	Autobusai	88	02		374	NULL	NULL	NULL
missed	670873	B>A	Nepriklausomybės a.–Senamiestis–Stotis–Oro uostas	384	NULL	NULL	NULL	NULL	NULL	NULL	NULL	88	Autobusai	88	02		434	NULL	NULL	NULL
missed	670873	A>B	Oro uostas–Stotis–Senamiestis–Nepriklausomybės a.	450	NULL	NULL	NULL	NULL	NULL	NULL	NULL	88	Autobusai	88	02		495	NULL	NULL	NULL
missed	670873	B>A	Nepriklausomybės a.–Senamiestis–Stotis–Oro uostas	505	NULL	NULL	NULL	NULL	NULL	NULL	NULL	88	Autobusai	88	02		555	NULL	NULL	NULL
missed	670873	A1>B1	Oro uostas–Stotis–Senamiestis–Lvovo st.	570	NULL	NULL	NULL	NULL	NULL	NULL	NULL	88	Autobusai	88	02		608	NULL	NULL	NULL
missed	670873	B>A	Nepriklausomybės a.–Senamiestis–Stotis–Oro uostas	663	NULL	NULL	NULL	NULL	NULL	NULL	NULL	88	Autobusai	88	02		713	NULL	NULL	NULL
missed	670873	A>B	Oro uostas–Stotis–Senamiestis–Nepriklausomybės a.	720	NULL	NULL	NULL	NULL	NULL	NULL	NULL	88	Autobusai	88	02		764	NULL	NULL	NULL
missed	670873	B>A	Nepriklausomybės a.–Senamiestis–Stotis–Oro uostas	772	NULL	NULL	NULL	NULL	NULL	NULL	NULL	88	Autobusai	88	02		822	NULL	NULL	NULL
missed	670873	A>B	Oro uostas–Stotis–Senamiestis–Nepriklausomybės a.	830	NULL	NULL	NULL	NULL	NULL	NULL	NULL	88	Autobusai	88	02		874	NULL	NULL	NULL
missed	670873	B>A	Nepriklausomybės a.–Senamiestis–Stotis–Oro uostas	882	NULL	NULL	NULL	NULL	NULL	NULL	NULL	88	Autobusai	88	02		932	NULL	NULL	NULL
missed	670873	A>B	Oro uostas–Stotis–Senamiestis–Nepriklausomybės a.	940	NULL	NULL	NULL	NULL	NULL	NULL	NULL	88	Autobusai	88	02		985	NULL	NULL	NULL
missed	670873	B>A	Nepriklausomybės a.–Senamiestis–Stotis–Oro uostas	994	NULL	NULL	NULL	NULL	NULL	NULL	NULL	88	Autobusai	88	02		1045	NULL	NULL	NULL
missed	670873	A1>B1	Oro uostas–Stotis–Senamiestis–Lvovo st.	1050	NULL	NULL	NULL	NULL	NULL	NULL	NULL	88	Autobusai	88	02		1089	NULL	NULL	NULL
missed	670873	B>A	Nepriklausomybės a.–Senamiestis–Stotis–Oro uostas	1144	NULL	NULL	NULL	NULL	NULL	NULL	NULL	88	Autobusai	88	02		1193	NULL	NULL	NULL
missed	670873	A>B	Oro uostas–Stotis–Senamiestis–Nepriklausomybės a.	1200	NULL	NULL	NULL	NULL	NULL	NULL	NULL	88	Autobusai	88	02		1244	NULL	NULL	NULL
missed	670873	B>A	Nepriklausomybės a.–Senamiestis–Stotis–Oro uostas	1265	NULL	NULL	NULL	NULL	NULL	NULL	NULL	88	Autobusai	88	02		1314	NULL	NULL	NULL
missed	670873	A>B	Oro uostas–Stotis–Senamiestis–Nepriklausomybės a.	1320	NULL	NULL	NULL	NULL	NULL	NULL	NULL	88	Autobusai	88	02		1364	NULL	NULL	NULL
missed	670872	B>A	Nepriklausomybės a.–Senamiestis–Stotis–Oro uostas	315	NULL	NULL	NULL	NULL	NULL	NULL	NULL	88	Autobusai	88	03		365	NULL	NULL	NULL
missed	670872	A>B	Oro uostas–Stotis–Senamiestis–Nepriklausomybės a.	368	NULL	NULL	NULL	NULL	NULL	NULL	NULL	88	Autobusai	88	03		412	NULL	NULL	NULL
missed	670872	B>A	Nepriklausomybės a.–Senamiestis–Stotis–Oro uostas	422	NULL	NULL	NULL	NULL	NULL	NULL	NULL	88	Autobusai	88	03		472	NULL	NULL	NULL
missed	670872	A>B	Oro uostas–Stotis–Senamiestis–Nepriklausomybės a.	480	NULL	NULL	NULL	NULL	NULL	NULL	NULL	88	Autobusai	88	03		525	NULL	NULL	NULL
missed	670872	B>A	Nepriklausomybės a.–Senamiestis–Stotis–Oro uostas	535	NULL	NULL	NULL	NULL	NULL	NULL	NULL	88	Autobusai	88	03		585	NULL	NULL	NULL
missed	670872	A1>B1	Oro uostas–Stotis–Senamiestis–Lvovo st.	600	NULL	NULL	NULL	NULL	NULL	NULL	NULL	88	Autobusai	88	03		638	NULL	NULL	NULL
missed	670872	B>A	Nepriklausomybės a.–Senamiestis–Stotis–Oro uostas	693	NULL	NULL	NULL	NULL	NULL	NULL	NULL	88	Autobusai	88	03		743	NULL	NULL	NULL
missed	670872	A>B	Oro uostas–Stotis–Senamiestis–Nepriklausomybės a.	750	NULL	NULL	NULL	NULL	NULL	NULL	NULL	88	Autobusai	88	03		794	NULL	NULL	NULL
missed	670872	B>A	Nepriklausomybės a.–Senamiestis–Stotis–Oro uostas	810	NULL	NULL	NULL	NULL	NULL	NULL	NULL	88	Autobusai	88	03		860	NULL	NULL	NULL
missed	670872	A>B	Oro uostas–Stotis–Senamiestis–Nepriklausomybės a.	870	NULL	NULL	NULL	NULL	NULL	NULL	NULL	88	Autobusai	88	03		914	NULL	NULL	NULL
missed	670872	B>A	Nepriklausomybės a.–Senamiestis–Stotis–Oro uostas	922	NULL	NULL	NULL	NULL	NULL	NULL	NULL	88	Autobusai	88	03		972	NULL	NULL	NULL
missed	670872	A>B	Oro uostas–Stotis–Senamiestis–Nepriklausomybės a.	980	NULL	NULL	NULL	NULL	NULL	NULL	NULL	88	Autobusai	88	03		1025	NULL	NULL	NULL
missed	670872	B>A	Nepriklausomybės a.–Senamiestis–Stotis–Oro uostas	1035	NULL	NULL	NULL	NULL	NULL	NULL	NULL	88	Autobusai	88	03		1086	NULL	NULL	NULL
missed	670872	A1>B1	Oro uostas–Stotis–Senamiestis–Lvovo st.	1095	NULL	NULL	NULL	NULL	NULL	NULL	NULL	88	Autobusai	88	03		1134	NULL	NULL	NULL
missed	670872	B>A	Nepriklausomybės a.–Senamiestis–Stotis–Oro uostas	1189	NULL	NULL	NULL	NULL	NULL	NULL	NULL	88	Autobusai	88	03		1238	NULL	NULL	NULL
missed	670872	A>B	Oro uostas–Stotis–Senamiestis–Nepriklausomybės a.	1245	NULL	NULL	NULL	NULL	NULL	NULL	NULL	88	Autobusai	88	03		1289	NULL	NULL	NULL
missed	670872	B>A	Nepriklausomybės a.–Senamiestis–Stotis–Oro uostas	1297	NULL	NULL	NULL	NULL	NULL	NULL	NULL	88	Autobusai	88	03		1346	NULL	NULL	NULL
missed	670872	A>B	Oro uostas–Stotis–Senamiestis–Nepriklausomybės a.	1351	NULL	NULL	NULL	NULL	NULL	NULL	NULL	88	Autobusai	88	03		1395	NULL	NULL	NULL
missed	670881	A>B	Oro uostas–Stotis–Senamiestis–Nepriklausomybės a.	1470	NULL	NULL	NULL	NULL	NULL	NULL	NULL	88N	Autobusai	88N	04		1510	NULL	NULL	NULL
missed	670881	B>A	Nepriklausomybės a.–Senamiestis–Stotis–Oro uostas	1524	NULL	NULL	NULL	NULL	NULL	NULL	NULL	88N	Autobusai	88N	04		1574	NULL	NULL	NULL
missed	670881	A>B	Oro uostas–Stotis–Senamiestis–Nepriklausomybės a.	1590	NULL	NULL	NULL	NULL	NULL	NULL	NULL	88N	Autobusai	88N	04		1630	NULL	NULL	NULL
missed	670881	B>A	Nepriklausomybės a.–Senamiestis–Stotis–Oro uostas	1644	NULL	NULL	NULL	NULL	NULL	NULL	NULL	88N	Autobusai	88N	04		1694	NULL	NULL	NULL
missed	670881	A>B	Oro uostas–Stotis–Senamiestis–Nepriklausomybės a.	1710	NULL	NULL	NULL	NULL	NULL	NULL	NULL	88N	Autobusai	88N	04		1750	NULL	NULL	NULL
missed	670882	A>B	Oro uostas–Stotis–Senamiestis–Nepriklausomybės a.	1410	NULL	NULL	NULL	NULL	NULL	NULL	NULL	88N	Autobusai	88N	05		1450	NULL	NULL	NULL
missed	670882	B>A	Nepriklausomybės a.–Senamiestis–Stotis–Oro uostas	1464	NULL	NULL	NULL	NULL	NULL	NULL	NULL	88N	Autobusai	88N	05		1514	NULL	NULL	NULL
missed	670882	A>B	Oro uostas–Stotis–Senamiestis–Nepriklausomybės a.	1530	NULL	NULL	NULL	NULL	NULL	NULL	NULL	88N	Autobusai	88N	05		1570	NULL	NULL	NULL
missed	670882	B>A	Nepriklausomybės a.–Senamiestis–Stotis–Oro uostas	1584	NULL	NULL	NULL	NULL	NULL	NULL	NULL	88N	Autobusai	88N	05		1634	NULL	NULL	NULL
missed	670882	A>B	Oro uostas–Stotis–Senamiestis–Nepriklausomybės a.	1650	NULL	NULL	NULL	NULL	NULL	NULL	NULL	88N	Autobusai	88N	05		1690	NULL	NULL	NULL
missed	614739	B>A	Baltoji Vokė–Agrastų–Zuikių g.	325	NULL	NULL	NULL	NULL	NULL	NULL	NULL	9	Autobusai	9	01		342	NULL	NULL	NULL
missed	614739	A>B	Zuikių–Agrastų g.–Baltoji Vokė	352	NULL	NULL	NULL	NULL	NULL	NULL	NULL	9	Autobusai	9	01		370	NULL	NULL	NULL
missed	614739	B>A	Baltoji Vokė–Agrastų–Zuikių g.	370	NULL	NULL	NULL	NULL	NULL	NULL	NULL	9	Autobusai	9	01		387	NULL	NULL	NULL
missed	614739	A>B	Zuikių–Agrastų g.–Baltoji Vokė	395	NULL	NULL	NULL	NULL	NULL	NULL	NULL	9	Autobusai	9	01		413	NULL	NULL	NULL
missed	614739	B>A	Baltoji Vokė–Agrastų–Zuikių g.	413	NULL	NULL	NULL	NULL	NULL	NULL	NULL	9	Autobusai	9	01		430	NULL	NULL	NULL
missed	614739	A>B	Zuikių–Agrastų g.–Baltoji Vokė	438	NULL	NULL	NULL	NULL	NULL	NULL	NULL	9	Autobusai	9	01		456	NULL	NULL	NULL
missed	614739	B>A	Baltoji Vokė–Agrastų–Zuikių g.	456	NULL	NULL	NULL	NULL	NULL	NULL	NULL	9	Autobusai	9	01		473	NULL	NULL	NULL
missed	614739	A>B	Zuikių–Agrastų g.–Baltoji Vokė	478	NULL	NULL	NULL	NULL	NULL	NULL	NULL	9	Autobusai	9	01		496	NULL	NULL	NULL
missed	614739	B>A	Baltoji Vokė–Agrastų–Zuikių g.	496	NULL	NULL	NULL	NULL	NULL	NULL	NULL	9	Autobusai	9	01		513	NULL	NULL	NULL
missed	614739	A>B	Zuikių–Agrastų g.–Baltoji Vokė	534	NULL	NULL	NULL	NULL	NULL	NULL	NULL	9	Autobusai	9	01		552	NULL	NULL	NULL
missed	614739	B>A	Baltoji Vokė–Agrastų–Zuikių g.	926	NULL	NULL	NULL	NULL	NULL	NULL	NULL	9	Autobusai	9	01		943	NULL	NULL	NULL
missed	614739	A>B	Zuikių–Agrastų g.–Baltoji Vokė	948	NULL	NULL	NULL	NULL	NULL	NULL	NULL	9	Autobusai	9	01		966	NULL	NULL	NULL
missed	614739	B>A	Baltoji Vokė–Agrastų–Zuikių g.	966	NULL	NULL	NULL	NULL	NULL	NULL	NULL	9	Autobusai	9	01		983	NULL	NULL	NULL
missed	614739	A>B	Zuikių–Agrastų g.–Baltoji Vokė	1001	NULL	NULL	NULL	NULL	NULL	NULL	NULL	9	Autobusai	9	01		1019	NULL	NULL	NULL
missed	614739	B>A	Baltoji Vokė–Agrastų–Zuikių g.	1019	NULL	NULL	NULL	NULL	NULL	NULL	NULL	9	Autobusai	9	01		1036	NULL	NULL	NULL
missed	614739	A>B	Zuikių–Agrastų g.–Baltoji Vokė	1041	NULL	NULL	NULL	NULL	NULL	NULL	NULL	9	Autobusai	9	01		1059	NULL	NULL	NULL
missed	614739	B>A	Baltoji Vokė–Agrastų–Zuikių g.	1059	NULL	NULL	NULL	NULL	NULL	NULL	NULL	9	Autobusai	9	01		1076	NULL	NULL	NULL
missed	614739	A>B	Zuikių–Agrastų g.–Baltoji Vokė	1086	NULL	NULL	NULL	NULL	NULL	NULL	NULL	9	Autobusai	9	01		1104	NULL	NULL	NULL
delay	727348	A>B	Karoliniškės–Žvėrynas–Stotis	318	317	-1.3	Gėlių st.	345.89999	0	Liubarto tiltas	335.10001	1	Troleibusai	1	01	3-2331	350	349	0	0
delay	727348	B>A	Stotis–Žvėrynas–Karoliniškės	351	351	0.2	Islandijos st.	361.60001	2	Sietyno st.	378.20001	1	Troleibusai	1	01	3-2331	384	386	0	0
delay	727348	A>B	Karoliniškės–Žvėrynas–Stotis	392	402	9.5	Gėlių st.	430.70001	11.4	Žvėrynas	415.39999	1	Troleibusai	1	01	3-2331	424	433	1	1
delay	727348	B>A	Stotis–Žvėrynas–Karoliniškės	426	436	10.8	Stotis	436.89999	12.3	Pamėnkalnio st.	450.10001	1	Troleibusai	1	01	3-2331	461	473	1	1
delay	727348	A>B	Karoliniškės–Žvėrynas–Stotis	468	488	20.1	Atminties st.	489.79999	22.6	Trakų st.	518.90002	1	Troleibusai	1	01	3-2331	503	525	1	1
delay	727348	B>A	Stotis–Žvėrynas–Karoliniškės	505	526	19.299999	Atminties st.	556.20001	21.299999	Pamėnkalnio st.	538	1	Troleibusai	1	01	3-2331	540	559	1	1
delay	727348	A>B	Karoliniškės–Žvėrynas–Stotis	580	603	22.200001	Pamėnkalnio st.	624.59998	23.4	Laisvės prospektas	610.90002	1	Troleibusai	1	01	3-2331	613	636	1	1
delay	727348	B>A	Stotis–Žvėrynas–Karoliniškės	614	638	23.700001	Islandijos st.	648.09998	24.5	Atminties st.	669.40002	1	Troleibusai	1	01	3-2331	647	672	1	1
delay	727348	A>B	Karoliniškės–Žvėrynas–Stotis	667	684	17.4	Atminties st.	686	19	Trakų st.	712.59998	1	Troleibusai	1	01	3-2331	700	718	1	1
delay	727348	B>A	Stotis–Žvėrynas–Karoliniškės	701	720	17.4	Islandijos st.	728.79999	20.200001	Ugniagesių st.	750.90002	1	Troleibusai	1	01	3-2331	734	754	1	1
delay	727348	A>B	Karoliniškės–Žvėrynas–Stotis	749	766	15.1	Jokūbo Jasinskio st.	784.5	16.4	Trakų st.	792	1	Troleibusai	1	01	3-2331	782	798	1	1
delay	727348	B>A	Stotis–Žvėrynas–Karoliniškės	783	800	16.200001	Islandijos st.	809.59998	17.4	Atminties st.	831.29999	1	Troleibusai	1	01	3-2331	816	834	1	1
delay	727348	A>B	Karoliniškės–Žvėrynas–Stotis	827	846	19.1	Centro poliklinika	871.09998	20.200001	Liubarto tiltas	865.29999	1	Troleibusai	1	01	3-2331	860	879	1	1
delay	727348	B>A	Stotis–Žvėrynas–Karoliniškės	861	882	20.6	Stotis	881.70001	23	Pamėnkalnio st.	895.70001	1	Troleibusai	1	01	3-2331	894	917	1	1
delay	727348	A>B	Karoliniškės–Žvėrynas–Stotis	901	928	25.5	Jokūbo Jasinskio st.	946.90002	26.799999	Sėlių st.	942	1	Troleibusai	1	01	3-2331	934	960	1	1
delay	727348	B>A	Stotis–Žvėrynas–Karoliniškės	935	963	27.9	Islandijos st.	973.20001	30.6	Ugniagesių st.	996.29999	1	Troleibusai	1	01	3-2331	970	1001	1	1
delay	727348	A>B	Karoliniškės–Žvėrynas–Stotis	981	1012	30.4	Jokūbo Jasinskio st.	1031.9	33.599998	Trakų st.	1041.2	1	Troleibusai	1	01	3-2331	1014	1047	1	1
delay	727348	B>A	Stotis–Žvėrynas–Karoliniškės	1015	1050	34.200001	Stotis	1049.3	38.700001	Latvių st.	1071.1	1	Troleibusai	1	01	3-2331	1053	1088	1	1
delay	727348	A>B	Karoliniškės–Žvėrynas–Stotis	1092	1125	32.799999	Atminties st.	1126.4	35.099998	Trakų st.	1153.7	1	Troleibusai	1	01	3-2331	1125	1160	1	1
delay	727348	B>A	Stotis–Žvėrynas–Karoliniškės	1126	1161	34.200001	Rūdninkų st.	1163.8	38.700001	Atminties st.	1196.6	1	Troleibusai	1	01	3-2331	1160	1199	1	1
delay	727348	A>B	Karoliniškės–Žvėrynas–Stotis	1176	1205	29.1	Atminties st.	1206.7	30.200001	Trakų st.	1231.7	1	Troleibusai	1	01	3-2331	1208	1238	1	1
delay	727348	A>B	Karoliniškės–Žvėrynas–Stotis	1176	1285	1440	NULL	0	-1440	NULL	0	1	Troleibusai	1	01	3-2331	1208	1315	0	1
delay	727348	B>A	Stotis–Žvėrynas–Karoliniškės	1209	1241	31.4	Rūdninkų st.	1243.9	32.700001	Latvių st.	1258.2	1	Troleibusai	1	01	3-2331	1242	1274	1	1
delay	727348	B>A	Stotis–Žvėrynas–Karoliniškės	1209	1319	1440	NULL	0	-1440	NULL	0	1	Troleibusai	1	01	3-2331	1242	1351	0	1
delay	727498	A>B	Karoliniškės–Žvėrynas–Stotis	432	434	2.5999999	Pasakų parkas	435	7	Kęstučio st.	456.89999	1	Troleibusai	1	02Ž	3-10605	467	472	1	1
delay	727498	B>A	Stotis–Žvėrynas–Karoliniškės	469	472	3.0999999	Atminties st.	504.10001	5.6999998	Reformatų st.	482.10001	1	Troleibusai	1	02Ž	3-10605	504	507	1	1
delay	727498	A>B	Karoliniškės–Žvėrynas–Stotis	516	509	-6.4000001	Pasakų parkas	510	2.5999999	Trakų st.	545.79999	1	Troleibusai	1	02Ž	3-10605	550	552	1	1
delay	727498	B>A	Stotis–Žvėrynas–Karoliniškės	551	553	-0.30000001	Laisvės prospektas	576.79999	1.8	Pamėnkalnio st.	564.59998	1	Troleibusai	1	02Ž	3-10605	584	584	0	0
delay	727498	A>B	Karoliniškės–Žvėrynas–Stotis	596	594	-2.2	Atminties st.	595.5	-0.60000002	Liubarto tiltas	613.5	1	Troleibusai	1	02Ž	3-10605	629	628	0	0
delay	727498	B>A	Stotis–Žvėrynas–Karoliniškės	630	630	-0.89999998	Trakų st.	635.29999	0.80000001	Latvių st.	647.29999	1	Troleibusai	1	02Ž	3-10605	663	663	0	0
delay	727498	A>B	Karoliniškės–Žvėrynas–Stotis	703	699	-4	Jokūbo Jasinskio st.	719.5	-3.4000001	Laisvės prospektas	707.09998	1	Troleibusai	1	02Ž	3-10605	736	732	1	1
delay	727498	B>A	Stotis–Žvėrynas–Karoliniškės	737	734	-2.7	Stotis	734.40002	-0.69999999	Latvių st.	752.79999	1	Troleibusai	1	02Ž	3-10605	770	769	0	0
delay	727498	A>B	Karoliniškės–Žvėrynas–Stotis	780	780	0.1	Pasakų parkas	780.5	2	Latvių st.	797.40002	1	Troleibusai	1	02Ž	3-10605	813	815	0	0
delay	727498	B>A	Stotis–Žvėrynas–Karoliniškės	814	816	1.4	Islandijos st.	825.79999	2.8	Latvių st.	833.29999	1	Troleibusai	1	02Ž	3-10605	847	850	0	0
delay	727498	A>B	Karoliniškės–Žvėrynas–Stotis	856	862	6	Pasakų parkas	862.29999	7	Trakų st.	889.59998	1	Troleibusai	1	02Ž	3-10605	889	896	1	1
delay	727498	B>A	Stotis–Žvėrynas–Karoliniškės	890	898	7.4000001	Stotis	897.59998	11.7	Latvių st.	918.20001	1	Troleibusai	1	02Ž	3-10605	923	934	1	1
delay	727498	A>B	Karoliniškės–Žvėrynas–Stotis	937	942	5.6999998	Atminties st.	944.40002	8.5	Trakų st.	972.09998	1	Troleibusai	1	02Ž	3-10605	970	978	1	1
delay	727498	B>A	Stotis–Žvėrynas–Karoliniškės	971	982	10.2	Rūdninkų st.	984.90002	13.5	Teodoro Narbuto st.	1008.7	1	Troleibusai	1	02Ž	3-10605	1008	1021	1	1
delay	727498	A>B	Karoliniškės–Žvėrynas–Stotis	1021	1026	4.3000002	Ugniagesių st.	1028.3	8.5	Trakų st.	1056.1	1	Troleibusai	1	02Ž	3-10605	1054	1062	1	1
delay	727498	B>A	Stotis–Žvėrynas–Karoliniškės	1055	1064	6.6999998	Atminties st.	1096.1	9.1999998	Latvių st.	1081.7	1	Troleibusai	1	02Ž	3-10605	1093	1099	1	1
delay	727498	A>B	Karoliniškės–Žvėrynas–Stotis	1109	1111	2.2	Atminties st.	1112.8	3	Trakų st.	1138.5	1	Troleibusai	1	02Ž	3-10605	1142	1145	0	0
delay	727498	B>A	Stotis–Žvėrynas–Karoliniškės	1143	1146	2.5	Islandijos st.	1155.8	7.9000001	Karoliniškių poliklinika	1180.1	1	Troleibusai	1	02Ž	3-10605	1177	1185	1	1
delay	727498	A>B	Karoliniškės–Žvėrynas–Stotis	1216	1219	3.2	Pamėnkalnio st.	1240.5	4.5	Žvėrynas	1232.4	1	Troleibusai	1	02Ž	3-10605	1248	1253	1	1
delay	727498	B>A	Stotis–Žvėrynas–Karoliniškės	1249	1255	4.6999998	Trakų st.	1259.9	5.5	Latvių st.	1271	1	Troleibusai	1	02Ž	3-10605	1282	1287	1	1
delay	727498	A>B	Karoliniškės–Žvėrynas–Stotis	1292	1297	4.9000001	Gėlių st.	1326	6.5999999	Žvėrynas	1310.5	1	Troleibusai	1	02Ž	3-10605	1324	1329	1	1
delay	727498	B>A	Stotis–Žvėrynas–Karoliniškės	1325	1331	5.5999999	Ugniagesių st.	1360.3	6.5999999	Latvių st.	1348	1	Troleibusai	1	02Ž	3-10605	1358	1364	1	1
delay	727498	A>B	Karoliniškės–Žvėrynas–Stotis	1367	1375	7	Gėlių st.	1403.1	7.8000002	Pasakų parkas	1375	1	Troleibusai	1	02Ž	3-10605	1399	1406	1	1
delay	727498	B>A	Stotis–Žvėrynas–Karoliniškės	1400	1409	8.3000002	Reformatų st.	1415.8	10.7	Pamėnkalnio st.	1422.5	1	Troleibusai	1	02Ž	3-10605	1433	1433	1	1
delay	727328	B>A	Stotis–Žvėrynas–Karoliniškės	334	335	0.2	Trakų st.	340.39999	1.5	Latvių st.	352	1	Troleibusai	1	03	3-1569	367	368	0	0
delay	727328	A>B	Karoliniškės–Žvėrynas–Stotis	376	376	0	Karoliniškių poliklinika	380.39999	1.2	Žvėrynas	389.10001	1	Troleibusai	1	03	3-1569	408	408	0	0
delay	727328	B>A	Stotis–Žvėrynas–Karoliniškės	409	411	0.89999998	Islandijos st.	420.20001	4	Sietyno st.	438.29999	1	Troleibusai	1	03	3-1569	444	447	1	0
delay	727328	A>B	Karoliniškės–Žvėrynas–Stotis	457	461	4.0999999	Atminties st.	462.60001	13.2	Trakų st.	497.89999	1	Troleibusai	1	03	3-1569	492	504	1	1
delay	727328	B>A	Stotis–Žvėrynas–Karoliniškės	494	505	10.2	Stotis	504.29999	12.3	Pamėnkalnio st.	518.09998	1	Troleibusai	1	03	3-1569	529	540	1	1
delay	727328	A>B	Karoliniškės–Žvėrynas–Stotis	570	577	5.5999999	Pamėnkalnio st.	597.90002	7.3000002	Ugniagesių st.	580.29999	1	Troleibusai	1	03	3-1569	603	609	1	1
delay	727328	B>A	Stotis–Žvėrynas–Karoliniškės	604	611	6.9000001	Trakų st.	617.09998	10.1	Pamėnkalnio st.	625.79999	1	Troleibusai	1	03	3-1569	637	647	1	1
delay	727328	A>B	Karoliniškės–Žvėrynas–Stotis	650	659	7.6999998	Jokūbo Jasinskio st.	678	9.3000002	Pasakų parkas	659.59998	1	Troleibusai	1	03	3-1569	683	692	1	1
delay	727328	B>A	Stotis–Žvėrynas–Karoliniškės	684	694	9.3999996	Trakų st.	699.5	12.2	Latvių st.	712.70001	1	Troleibusai	1	03	3-1569	717	729	1	1
delay	727328	A>B	Karoliniškės–Žvėrynas–Stotis	732	738	5.5999999	Jokūbo Jasinskio st.	757.90002	6.5999999	Pasakų parkas	738.79999	1	Troleibusai	1	03	3-1569	765	771	1	1
delay	727328	B>A	Stotis–Žvėrynas–Karoliniškės	766	774	7.8000002	Stotis	773.90002	10.8	Ugniagesių st.	806.5	1	Troleibusai	1	03	3-1569	799	810	1	1
delay	727328	A>B	Karoliniškės–Žvėrynas–Stotis	809	822	13.3	Atminties st.	823.90002	15	Trakų st.	850.59998	1	Troleibusai	1	03	3-1569	842	857	1	1
delay	727328	B>A	Stotis–Žvėrynas–Karoliniškės	843	858	14.5	Stotis	857.59998	17.4	Latvių st.	876.90002	1	Troleibusai	1	03	3-1569	876	892	1	1
delay	727328	A>B	Karoliniškės–Žvėrynas–Stotis	887	902	14.7	Atminties st.	903.20001	15.3	Liubarto tiltas	920.29999	1	Troleibusai	1	03	3-1569	920	935	1	1
delay	727328	B>A	Stotis–Žvėrynas–Karoliniškės	921	937	16.1	Stotis	937.09998	18.200001	Atminties st.	970.09998	1	Troleibusai	1	03	3-1569	954	972	1	1
delay	727328	A>B	Karoliniškės–Žvėrynas–Stotis	965	986	21	Atminties st.	987.70001	24	Trakų st.	1015.6	1	Troleibusai	1	03	3-1569	998	1021	1	1
delay	727328	B>A	Stotis–Žvėrynas–Karoliniškės	999	1023	24.5	Stotis	1023.7	29.4	Teodoro Narbuto st.	1052.6	1	Troleibusai	1	03	3-1569	1036	1065	1	1
delay	727328	A>B	Karoliniškės–Žvėrynas–Stotis	1055	1102	46.400002	Jokūbo Jasinskio st.	1122	48.099998	Trakų st.	1129.6	1	Troleibusai	1	03	3-1569	1088	1136	1	1
delay	727328	B>A	Stotis–Žvėrynas–Karoliniškės	1089	1137	47.599998	Islandijos st.	1146.9	51	Teodoro Narbuto st.	1164.7	1	Troleibusai	1	03	3-1569	1127	1177	1	1
delay	727328	A>B	Karoliniškės–Žvėrynas–Stotis	1162	1185	22.799999	Karoliniškių poliklinika	1189.3	26.200001	Trakų st.	1213.8	1	Troleibusai	1	03	3-1569	1194	1220	1	1
delay	727328	B>A	Stotis–Žvėrynas–Karoliniškės	1195	1222	26.1	Stotis	1221.3	27.4	Karoliniškių poliklinika	1250.6	1	Troleibusai	1	03	3-1569	1228	1255	1	1
delay	727328	A>B	Karoliniškės–Žvėrynas–Stotis	1250	1265	15.6	Atminties st.	1267.2	17.4	Latvių st.	1281.7	1	Troleibusai	1	03	3-1569	1282	1298	1	1
delay	727328	B>A	Stotis–Žvėrynas–Karoliniškės	1283	1300	16.5	Rūdninkų st.	1303	18.700001	Pamėnkalnio st.	1313.5	1	Troleibusai	1	03	3-1569	1316	1335	1	1
missed	662890	A>B	Karoliniškės–Žvėrynas–Stotis	1335	NULL	NULL	NULL	NULL	NULL	NULL	NULL	1	Troleibusai	1	03		1367	NULL	NULL	NULL
missed	662890	B>A	Stotis–Žvėrynas–Karoliniškės	1368	NULL	NULL	NULL	NULL	NULL	NULL	NULL	1	Troleibusai	1	03		1401	NULL	NULL	NULL
delay	727452	A>B	Karoliniškės–Žvėrynas–Stotis	403	388	-15.1	Ugniagesių st.	390.89999	-13.7	Liubarto tiltas	406.39999	1	Troleibusai	1	04	3-2000	435	420	1	1
delay	727452	B>A	Stotis–Žvėrynas–Karoliniškės	437	424	-14.9	Liubarto tiltas	436.70001	-14.3	Karoliniškių poliklinika	451.89999	1	Troleibusai	1	04	3-2000	472	458	1	1
delay	727452	A>B	Karoliniškės–Žvėrynas–Stotis	483	471	-11.6	Ugniagesių st.	474.5	-6.4000001	Trakų st.	503.79999	1	Troleibusai	1	04	3-2000	517	510	1	1
delay	727452	B>A	Stotis–Žvėrynas–Karoliniškės	518	510	-8.8000002	Islandijos st.	519.59998	-7.5999999	Latvių st.	526.90002	1	Troleibusai	1	04	3-2000	551	543	1	1
delay	727452	A>B	Karoliniškės–Žvėrynas–Stotis	558	558	-1.5	Centro poliklinika	581.5	0.2	Laisvės prospektas	565.70001	1	Troleibusai	1	04	3-2000	591	590	0	0
delay	727452	B>A	Stotis–Žvėrynas–Karoliniškės	592	591	-2.8	Sietyno st.	614.5	-1.7	Latvių st.	606.79999	1	Troleibusai	1	04	3-2000	625	623	0	0
delay	727452	A>B	Karoliniškės–Žvėrynas–Stotis	913	916	2.4000001	Karoliniškių poliklinika	919.90002	4	Trakų st.	943.59998	1	Troleibusai	1	04	3-2000	946	950	1	1
delay	727452	B>A	Stotis–Žvėrynas–Karoliniškės	947	951	3.5999999	Stotis	950.79999	5.5	Pamėnkalnio st.	964.20001	1	Troleibusai	1	04	3-2000	982	986	1	1
delay	727452	A>B	Karoliniškės–Žvėrynas–Stotis	994	998	4	Pasakų parkas	998.5	7.0999999	Trakų st.	1027.6	1	Troleibusai	1	04	3-2000	1027	1034	1	1
delay	727452	B>A	Stotis–Žvėrynas–Karoliniškės	1028	1036	8	Stotis	1036.1	13	Pamėnkalnio st.	1053.7	1	Troleibusai	1	04	3-2000	1066	1076	1	1
delay	727452	A>B	Karoliniškės–Žvėrynas–Stotis	1077	1082	4.0999999	Jokūbo Jasinskio st.	1101.6	6.1999998	Trakų st.	1109.8	1	Troleibusai	1	04	3-2000	1110	1116	1	1
delay	727452	B>A	Stotis–Žvėrynas–Karoliniškės	1111	1117	6	Liubarto tiltas	1132.4	9.5	Teodoro Narbuto st.	1145.2	1	Troleibusai	1	04	3-2000	1147	1155	1	1
delay	727380	A>B	Karoliniškės–Žvėrynas–Stotis	341	340	-0.89999998	Atminties st.	341.70001	0.5	Žvėrynas	353.39999	1	Troleibusai	1	05	3-2466	373	373	0	0
delay	727380	B>A	Stotis–Žvėrynas–Karoliniškės	374	376	1.2	Islandijos st.	385.5	3	Ugniagesių st.	406.70001	1	Troleibusai	1	05	3-2466	407	410	0	0
delay	727380	A>B	Karoliniškės–Žvėrynas–Stotis	418	419	1.2	Atminties st.	420.79999	3.3	Žvėrynas	435.29999	1	Troleibusai	1	05	3-2466	453	454	1	0
delay	727380	B>A	Stotis–Žvėrynas–Karoliniškės	455	456	0.69999999	Stotis	455.79999	4.9000001	Laisvės prospektas	485.89999	1	Troleibusai	1	05	3-2466	490	494	1	1
delay	727380	A>B	Karoliniškės–Žvėrynas–Stotis	499	505	6.3000002	Atminties st.	507	8.6000004	Sėlių st.	521.79999	1	Troleibusai	1	05	3-2466	533	540	1	1
delay	727380	B>A	Stotis–Žvėrynas–Karoliniškės	534	542	7.6999998	Stotis	541.79999	10	Pamėnkalnio st.	555.70001	1	Troleibusai	1	05	3-2466	567	576	1	1
delay	727380	A>B	Karoliniškės–Žvėrynas–Stotis	608	620	12.1	Atminties st.	621.59998	13.9	Liubarto tiltas	639.90002	1	Troleibusai	1	05	3-2466	641	654	1	1
delay	727380	B>A	Stotis–Žvėrynas–Karoliniškės	642	656	14	Rūdninkų st.	659.59998	17.6	Ugniagesių st.	689.29999	1	Troleibusai	1	05	3-2466	675	693	1	1
delay	727380	A>B	Karoliniškės–Žvėrynas–Stotis	688	711	23.200001	Atminties st.	712.70001	24.9	Trakų st.	739.5	1	Troleibusai	1	05	3-2466	721	746	1	1
delay	727380	B>A	Stotis–Žvėrynas–Karoliniškės	722	748	25.1	Islandijos st.	757.5	26.6	Ugniagesių st.	778.29999	1	Troleibusai	1	05	3-2466	755	782	1	1
delay	727380	A>B	Karoliniškės–Žvėrynas–Stotis	765	794	28.799999	Gėlių st.	824	30.700001	Žvėrynas	808.59998	1	Troleibusai	1	05	3-2466	798	827	1	1
delay	727380	B>A	Stotis–Žvėrynas–Karoliniškės	799	829	30.299999	Islandijos st.	839.59998	32.700001	Karoliniškių poliklinika	859.90002	1	Troleibusai	1	05	3-2466	832	865	1	1
delay	727380	A>B	Karoliniškės–Žvėrynas–Stotis	842	876	33.599998	Atminties st.	877.20001	36	Trakų st.	904.59998	1	Troleibusai	1	05	3-2466	875	911	1	1
delay	727380	B>A	Stotis–Žvėrynas–Karoliniškės	876	912	35.900002	Stotis	912	39	Ugniagesių st.	944.59998	1	Troleibusai	1	05	3-2466	909	948	1	1
delay	727380	A>B	Karoliniškės–Žvėrynas–Stotis	923	958	34.299999	Gėlių st.	987.40002	35.299999	Latvių st.	973.70001	1	Troleibusai	1	05	3-2466	956	990	1	1
delay	727380	B>A	Stotis–Žvėrynas–Karoliniškės	957	993	34.799999	Stotis	991.90002	42	Teodoro Narbuto st.	1022.2	1	Troleibusai	1	05	3-2466	993	1035	1	1
delay	727380	A>B	Karoliniškės–Žvėrynas–Stotis	1006	1045	38.200001	Teodoro Narbuto st.	1054.7	44.599998	Trakų st.	1077.2	1	Troleibusai	1	05	3-2466	1039	1083	1	1
delay	727380	B>A	Stotis–Žvėrynas–Karoliniškės	1040	1084	41.400002	Atminties st.	1115.8	44.5	Latvių st.	1102	1	Troleibusai	1	05	3-2466	1078	1119	1	1
delay	727380	A>B	Karoliniškės–Žvėrynas–Stotis	1122	1152	28.9	Centro poliklinika	1176.1	30	Žvėrynas	1165	1	Troleibusai	1	05	3-2466	1155	1184	1	1
delay	727380	B>A	Stotis–Žvėrynas–Karoliniškės	1156	1185	28.4	Sėlių st.	1204.3	29.5	Atminties st.	1217.4	1	Troleibusai	1	05	3-2466	1190	1220	1	1
delay	727380	A>B	Karoliniškės–Žvėrynas–Stotis	1197	1236	37.700001	Vingriai	1262.1	39.299999	Žvėrynas	1248.2	1	Troleibusai	1	05	3-2466	1229	1267	1	1
delay	727380	B>A	Stotis–Žvėrynas–Karoliniškės	1230	1271	40	Laisvės prospektas	1296.1	41.299999	Pamėnkalnio st.	1283	1	Troleibusai	1	05	3-2466	1263	1303	1	1
delay	727380	A>B	Karoliniškės–Žvėrynas–Stotis	1271	1319	47.799999	Jokūbo Jasinskio st.	1338.3	48.900002	Teodoro Narbuto st.	1329.3	1	Troleibusai	1	05	3-2466	1303	1351	1	1
delay	727380	B>A	Stotis–Žvėrynas–Karoliniškės	1304	1352	45.200001	Ugniagesių st.	1378.9	47.5	Pamėnkalnio st.	1363.2	1	Troleibusai	1	05	3-2466	1337	1382	1	1
delay	727400	A>B	Karoliniškės–Žvėrynas–Stotis	364	359	-7	Gėlių st.	386.29999	-4.8000002	Žvėrynas	371.10001	1	Troleibusai	1	06	3-263	396	389	1	1
delay	727400	B>A	Stotis–Žvėrynas–Karoliniškės	397	392	-7	Islandijos st.	400.29999	-5.5	Laisvės prospektas	417.5	1	Troleibusai	1	06	3-263	432	426	1	1
delay	727400	A>B	Karoliniškės–Žvėrynas–Stotis	446	445	-0.69999999	Atminties st.	446.89999	6.4000001	Trakų st.	480.10001	1	Troleibusai	1	06	3-263	481	486	1	1
delay	727400	B>A	Stotis–Žvėrynas–Karoliniškės	483	485	3.0999999	Stotis	486.10001	5.4000001	Pamėnkalnio st.	500.10001	1	Troleibusai	1	06	3-263	518	522	1	1
delay	727400	A>B	Karoliniškės–Žvėrynas–Stotis	538	530	-8.3000002	Sėlių st.	543.90002	-6.5	Trakų st.	558	1	Troleibusai	1	06	3-263	571	564	1	1
delay	727400	B>A	Stotis–Žvėrynas–Karoliniškės	572	565	-7.3000002	Trakų st.	571	-5.9000001	Latvių st.	582.59998	1	Troleibusai	1	06	3-263	605	599	1	1
delay	727400	A>B	Karoliniškės–Žvėrynas–Stotis	638	638	-1.7	Pamėnkalnio st.	658.70001	0	Laisvės prospektas	645.5	1	Troleibusai	1	06	3-263	671	669	0	0
delay	727400	B>A	Stotis–Žvėrynas–Karoliniškės	672	671	-1.6	Stotis	670.5	2.2	Latvių st.	690.70001	1	Troleibusai	1	06	3-263	705	706	0	0
delay	727400	A>B	Karoliniškės–Žvėrynas–Stotis	717	727	8.8000002	Jokūbo Jasinskio st.	746.20001	10.1	Laisvės prospektas	734.59998	1	Troleibusai	1	06	3-263	750	759	1	1
delay	727400	B>A	Stotis–Žvėrynas–Karoliniškės	751	762	8.8999996	Reformatų st.	767.40002	11.7	Jokūbo Jasinskio st.	775.59998	1	Troleibusai	1	06	3-263	784	794	1	1
delay	727400	A>B	Karoliniškės–Žvėrynas–Stotis	793	810	14.8	Gėlių st.	837.90002	17.4	Laisvės prospektas	817.90002	1	Troleibusai	1	06	3-263	826	841	1	1
delay	727400	B>A	Stotis–Žvėrynas–Karoliniškės	827	846	18.9	Stotis	846.09998	22.200001	Atminties st.	880.09998	1	Troleibusai	1	06	3-263	860	882	1	1
delay	727400	A>B	Karoliniškės–Žvėrynas–Stotis	871	893	21	Pamėnkalnio st.	914.5	22.4	Ugniagesių st.	896.40002	1	Troleibusai	1	06	3-263	904	925	1	1
delay	727400	B>A	Stotis–Žvėrynas–Karoliniškės	905	928	21.799999	Stotis	927	24.9	Pamėnkalnio st.	941.59998	1	Troleibusai	1	06	3-263	938	961	1	1
delay	727400	A>B	Karoliniškės–Žvėrynas–Stotis	949	971	20.9	Jokūbo Jasinskio st.	990.40002	21.9	Trakų st.	997.5	1	Troleibusai	1	06	3-263	982	1004	1	1
delay	727400	B>A	Stotis–Žvėrynas–Karoliniškės	983	1008	24.5	Stotis	1007.7	30	Sėlių st.	1032.8	1	Troleibusai	1	06	3-263	1020	1049	1	1
delay	727400	A>B	Karoliniškės–Žvėrynas–Stotis	1037	1060	21.700001	Jokūbo Jasinskio st.	1079.2	24.200001	Trakų st.	1087.8	1	Troleibusai	1	06	3-263	1070	1094	1	1
delay	727400	B>A	Stotis–Žvėrynas–Karoliniškės	1071	1097	24.5	Ugniagesių st.	1128.8	26.200001	Reformatų st.	1104.6	1	Troleibusai	1	06	3-263	1109	1133	1	1
delay	727400	A>B	Karoliniškės–Žvėrynas–Stotis	1144	1173	27.5	Jokūbo Jasinskio st.	1190.8	28.9	Sėlių st.	1186	1	Troleibusai	1	06	3-263	1176	1203	1	1
delay	727400	B>A	Stotis–Žvėrynas–Karoliniškės	1177	1207	29.4	Stotis	1206.5	31	Atminties st.	1239.8	1	Troleibusai	1	06	3-263	1211	1242	1	1
delay	727400	A>B	Karoliniškės–Žvėrynas–Stotis	1231	1253	21.6	Jokūbo Jasinskio st.	1272	22.799999	Teodoro Narbuto st.	1263.2	1	Troleibusai	1	06	3-263	1263	1285	1	1
delay	727400	B>A	Stotis–Žvėrynas–Karoliniškės	1264	1289	23.700001	Islandijos st.	1298	25	Latvių st.	1305.5	1	Troleibusai	1	06	3-263	1297	1322	1	1
delay	727400	A>B	Karoliniškės–Žvėrynas–Stotis	1314	1338	23.6	Jokūbo Jasinskio st.	1357.1	24.6	Teodoro Narbuto st.	1348	1	Troleibusai	1	06	3-263	1346	1370	1	1
delay	727400	B>A	Stotis–Žvėrynas–Karoliniškės	1347	1374	26.299999	Sėlių st.	1392.2	26.799999	Pamėnkalnio st.	1385.5	1	Troleibusai	1	06	3-263	1380	1406	1	1
delay	727341	A>B	Saulėtekis–Kalvarijų g.–Naujininkai	320	321	-0.89999998	Prūsų st.	363.60001	1.9	Antakalnio žiedas	330.10001	10	Troleibusai	10	01	3-2663	366	365	0	0
delay	727341	B>A	Naujininkai–Kalvarijų g.–Saulėtekis	373	374	-0.40000001	Žaliasis tiltas	391.10001	2.2	Saulėtekis	413.39999	10	Troleibusai	10	01	3-2663	415	417	0	0
delay	727341	A>B	Saulėtekis–Kalvarijų g.–Naujininkai	420	427	6.5999999	Lizdeikos st.	436.89999	12.7	„Sparta“	479.39999	10	Troleibusai	10	01	3-2663	471	483	1	1
delay	727341	B>A	Naujininkai–Kalvarijų g.–Saulėtekis	478	487	9.3999996	Naujininkai	487.60001	15.4	Kalvarijų turgus	514.59998	10	Troleibusai	10	01	3-2663	524	538	1	1
delay	727341	A>B	Saulėtekis–Kalvarijų g.–Naujininkai	559	574	15.1	Saulėtekis	578.90002	19.4	Prūsų st.	626.09998	10	Troleibusai	10	01	3-2663	609	628	1	1
delay	727341	B>A	Naujininkai–Kalvarijų g.–Saulėtekis	618	631	13.2	Naujininkai	631.29999	20	Lizdeikos st.	673.5	10	Troleibusai	10	01	3-2663	664	682	1	1
delay	727341	A>B	Saulėtekis–Kalvarijų g.–Naujininkai	679	684	4.5	Pramogų arena	703.40002	7.3000002	„Sparta“	731.40002	10	Troleibusai	10	01	3-2663	729	735	1	1
delay	727341	B>A	Naujininkai–Kalvarijų g.–Saulėtekis	735	740	5.5	Naujininkai	740.59998	8.5	Lizdeikos st.	779	10	Troleibusai	10	01	3-2663	781	788	1	1
delay	727341	A>B	Saulėtekis–Kalvarijų g.–Naujininkai	789	796	3.5999999	Pramogų arena	812.5	13.1	„Sparta“	847.20001	10	Troleibusai	10	01	3-2663	839	851	1	1
delay	727341	B>A	Naujininkai–Kalvarijų g.–Saulėtekis	853	858	4.5	Operos ir baleto teatras	872.90002	7.1999998	Lizdeikos st.	895.70001	10	Troleibusai	10	01	3-2663	899	905	1	1
delay	727341	A>B	Saulėtekis–Kalvarijų g.–Naujininkai	904	911	6.8000002	Senoji plytinė	912	14.4	Žalgirio st.	943.40002	10	Troleibusai	10	01	3-2663	954	967	1	1
delay	727341	B>A	Naujininkai–Kalvarijų g.–Saulėtekis	963	969	5.8000002	Žaliasis tiltas	989.29999	12.3	Lizdeikos st.	1014.9	10	Troleibusai	10	01	3-2663	1013	1024	1	1
delay	727341	A>B	Saulėtekis–Kalvarijų g.–Naujininkai	1022	1027	6	Vilniaus universitetas	1031	21.9	„Sparta“	1091.2	10	Troleibusai	10	01	3-2663	1074	1095	1	1
delay	727341	B>A	Naujininkai–Kalvarijų g.–Saulėtekis	1082	1097	11.3	Gedimino technikos universitetas	1141.7	16.6	Operos ir baleto teatras	1114.8	10	Troleibusai	10	01	3-2663	1133	1143	1	1
delay	727341	A>B	Saulėtekis–Kalvarijų g.–Naujininkai	1173	1185	12.1	Gedimino technikos universitetas	1187.4	14.7	Žaliasis tiltas	1216.3	10	Troleibusai	10	01	3-2663	1221	1233	1	1
delay	727341	B>A	Naujininkai–Kalvarijų g.–Saulėtekis	1227	1238	9.5	Tauragnų st.	1263.2	11.9	Gedimino technikos universitetas	1279	10	Troleibusai	10	01	3-2663	1269	1281	1	1
delay	727341	A>B	Saulėtekis–Kalvarijų g.–Naujininkai	1274	1289	15.5	Gedimino technikos universitetas	1291.8	18.299999	Žaliasis tiltas	1319.6	10	Troleibusai	10	01	3-2663	1320	1336	1	1
delay	727341	B>A	Naujininkai–Kalvarijų g.–Saulėtekis	1327	1341	12.1	Žaliasis tiltas	1357.6	13.9	Lizdeikos st.	1374.5	10	Troleibusai	10	01	3-2663	1369	1383	1	1
delay	727497	A>B	Saulėtekis–Kalvarijų g.–Naujininkai	429	450	20.200001	Lizdeikos st.	459.39999	28.299999	Kalvarijų turgus	485.29999	10	Troleibusai	10	02	3-2733	480	507	1	1
delay	727497	B>A	Naujininkai–Kalvarijų g.–Saulėtekis	487	513	26	Naujininkai	513.09998	29.5	Kalvarijų turgus	537.79999	10	Troleibusai	10	02	3-2733	533	559	1	1
delay	727497	A>B	Saulėtekis–Kalvarijų g.–Naujininkai	539	567	27.200001	Lizdeikos st.	576.29999	31.700001	Žalgirio st.	595.70001	10	Troleibusai	10	02	3-2733	589	617	1	1
delay	727497	B>A	Naujininkai–Kalvarijų g.–Saulėtekis	594	624	27.200001	Žaliasis tiltas	639.70001	29.9	Lizdeikos st.	659.40002	10	Troleibusai	10	02	3-2733	640	667	1	1
delay	727497	A>B	Saulėtekis–Kalvarijų g.–Naujininkai	947	985	37.200001	Nemenčinės plentas	990.09998	42.599998	Kareivių st.	1004.4	10	Troleibusai	10	02	3-2733	999	1041	1	1
delay	727497	B>A	Naujininkai–Kalvarijų g.–Saulėtekis	1008	1045	35.700001	Juozo Tumo-Vaižganto st.	1055.9	47.5	Tauragnų st.	1085.1	10	Troleibusai	10	02	3-2733	1059	1102	1	1
delay	727497	A>B	Saulėtekis–Kalvarijų g.–Naujininkai	1076	1112	35.700001	Gedimino technikos universitetas	1113.9	38.599998	Kalvarijų turgus	1143.4	10	Troleibusai	10	02	3-2733	1128	1164	1	1
delay	727497	B>A	Naujininkai–Kalvarijų g.–Saulėtekis	1134	1172	36.200001	Žaliasis tiltas	1188.7	38.5	„Sparta“	1176.3	10	Troleibusai	10	02	3-2733	1177	1213	1	1
delay	727381	A>B	Saulėtekis–Kalvarijų g.–Naujininkai	336	337	-3.9000001	„Sparta“	374	1	Senoji plytinė	338.10001	10	Troleibusai	10	03	3-2037	382	378	1	1
delay	727381	B>A	Naujininkai–Kalvarijų g.–Saulėtekis	387	387	-2.5	Žaliasis tiltas	402.89999	3.2	Nemenčinės plentas	427.39999	10	Troleibusai	10	03	3-2037	431	432	1	0
delay	727381	A>B	Saulėtekis–Kalvarijų g.–Naujininkai	439	438	-1.7	Saulėtekis	442.10001	6	Operos ir baleto teatras	480.20001	10	Troleibusai	10	03	3-2037	492	497	1	1
delay	727381	B>A	Naujininkai–Kalvarijų g.–Saulėtekis	498	499	1.4	Naujininkai	499.5	6.5	Kalvarijų turgus	525.79999	10	Troleibusai	10	03	3-2037	544	548	1	1
delay	727381	A>B	Saulėtekis–Kalvarijų g.–Naujininkai	582	588	5.5999999	Vilniaus universitetas	590.70001	8	„Sparta“	635.09998	10	Troleibusai	10	03	3-2037	632	639	1	1
delay	727381	B>A	Naujininkai–Kalvarijų g.–Saulėtekis	638	645	6.1999998	Žaliasis tiltas	662.70001	9.6000004	Lizdeikos st.	683.09998	10	Troleibusai	10	03	3-2037	684	692	1	1
delay	727381	A>B	Saulėtekis–Kalvarijų g.–Naujininkai	695	700	2.3	Pramogų arena	717.09998	4.8000002	Senoji plytinė	700.79999	10	Troleibusai	10	03	3-2037	745	747	1	1
delay	727381	B>A	Naujininkai–Kalvarijų g.–Saulėtekis	751	755	4.1999998	Žaliasis tiltas	773.70001	7.8000002	Broniaus Laurinavičiaus skveras	783	10	Troleibusai	10	03	3-2037	797	803	1	1
delay	727381	A>B	Saulėtekis–Kalvarijų g.–Naujininkai	803	808	4.9000001	Verkių st.	825.70001	9.3999996	„Sparta“	857.5	10	Troleibusai	10	03	3-2037	853	861	1	1
delay	727381	B>A	Naujininkai–Kalvarijų g.–Saulėtekis	863	871	8	Žaliasis tiltas	889.5	11.4	Nemenčinės plentas	913.59998	10	Troleibusai	10	03	3-2037	909	919	1	1
delay	727381	A>B	Saulėtekis–Kalvarijų g.–Naujininkai	915	928	13.1	Senoji plytinė	929.20001	20.5	„Sparta“	981.29999	10	Troleibusai	10	03	3-2037	965	985	1	1
delay	727381	B>A	Naujininkai–Kalvarijų g.–Saulėtekis	975	989	14.3	Naujininkai	989.40002	30.5	Lizdeikos st.	1045	10	Troleibusai	10	03	3-2037	1025	1054	1	1
delay	727381	A>B	Saulėtekis–Kalvarijų g.–Naujininkai	1035	1058	23.1	Gedimino technikos universitetas	1060.4	30.799999	„Sparta“	1113.1	10	Troleibusai	10	03	3-2037	1087	1117	1	1
delay	727381	B>A	Naujininkai–Kalvarijų g.–Saulėtekis	1099	1118	16.1	Verkių st.	1152	20	Kalvarijų turgus	1142.3	10	Troleibusai	10	03	3-2037	1149	1166	1	1
delay	727381	A>B	Saulėtekis–Kalvarijų g.–Naujininkai	1190	1202	12	Senoji plytinė	1203	15.9	Operos ir baleto teatras	1236.5	10	Troleibusai	10	03	3-2037	1237	1252	1	1
delay	727381	B>A	Naujininkai–Kalvarijų g.–Saulėtekis	1242	1253	10.5	Tauragnų st.	1279.3	13	Gedimino technikos universitetas	1295.1	10	Troleibusai	10	03	3-2037	1284	1297	1	1
delay	727381	A>B	Saulėtekis–Kalvarijų g.–Naujininkai	1291	1307	15	Prūsų st.	1350.4	16.6	Verkių st.	1324.3	10	Troleibusai	10	03	3-2037	1337	1352	1	1
delay	727381	B>A	Naujininkai–Kalvarijų g.–Saulėtekis	1346	1362	14	Verkių st.	1389.9	17	Juozo Tumo-Vaižganto st.	1374.1	10	Troleibusai	10	03	3-2037	1388	1403	1	1
delay	727464	A>B	Saulėtekis–Kalvarijų g.–Naujininkai	453	400	-54.599998	Pramogų arena	418.39999	-51.700001	„Sparta“	450	10	Troleibusai	10	04	3-1502	506	454	1	1
delay	727464	A>B	Saulėtekis–Kalvarijų g.–Naujininkai	453	510	56.299999	Lizdeikos st.	519.5	60	Tauragnų st.	535.90002	10	Troleibusai	10	04	3-1502	506	563	1	1
delay	727464	B>A	Naujininkai–Kalvarijų g.–Saulėtekis	513	569	53.400002	Nemenčinės plentas	605.59998	56.700001	„Sparta“	573.5	10	Troleibusai	10	04	3-1502	559	612	1	1
delay	727464	B>A	Naujininkai–Kalvarijų g.–Saulėtekis	513	456	-57.200001	Naujininkai	456	-53.599998	Saulėtekis	500.60001	10	Troleibusai	10	04	3-1502	559	504	1	1
missed	662982	A>B	Saulėtekis–Kalvarijų g.–Naujininkai	569	NULL	NULL	NULL	NULL	NULL	NULL	NULL	10	Troleibusai	10	04		619	NULL	NULL	NULL
missed	662982	B>A	Naujininkai–Kalvarijų g.–Saulėtekis	628	NULL	NULL	NULL	NULL	NULL	NULL	NULL	10	Troleibusai	10	04		674	NULL	NULL	NULL
delay	727464	A>B	Saulėtekis–Kalvarijų g.–Naujininkai	972	918	-54.099998	Lizdeikos st.	928.09998	-48.799999	Žalgirio st.	950.40002	10	Troleibusai	10	04	3-1502	1024	975	1	1
delay	727464	B>A	Naujininkai–Kalvarijų g.–Saulėtekis	1031	978	-53.299999	Juozo Tumo-Vaižganto st.	989.79999	-45	Tauragnų st.	1015.6	10	Troleibusai	10	04	3-1502	1082	1035	1	1
delay	727464	A>B	Saulėtekis–Kalvarijų g.–Naujininkai	1091	1042	-49.400002	Gedimino technikos universitetas	1043.9	-29.6	Prūsų st.	1111.3	10	Troleibusai	10	04	3-1502	1143	1113	1	1
delay	727464	B>A	Naujininkai–Kalvarijų g.–Saulėtekis	1149	1115	-34	Naujininkai	1115.1	-28	Gedimino technikos universitetas	1161.3	10	Troleibusai	10	04	3-1502	1192	1163	1	1
delay	727346	A>B	Saulėtekis–Kalvarijų g.–Naujininkai	371	386	14.6	Prūsų st.	430.39999	17.200001	Žaliasis tiltas	415.79999	10	Troleibusai	10	05	3-1283	418	432	1	1
delay	727346	B>A	Naujininkai–Kalvarijų g.–Saulėtekis	422	440	15.1	Žaliasis tiltas	455.5	19.299999	Saulėtekis	482.60001	10	Troleibusai	10	05	3-1283	468	487	1	1
delay	727346	A>B	Saulėtekis–Kalvarijų g.–Naujininkai	479	521	42.400002	Gedimino technikos universitetas	523.70001	44.799999	Kareivių st.	538.40002	10	Troleibusai	10	05	3-1283	530	573	1	1
delay	727346	B>A	Naujininkai–Kalvarijų g.–Saulėtekis	538	584	44.700001	Žaliasis tiltas	601.20001	47.200001	„Sparta“	589	10	Troleibusai	10	05	3-1283	584	628	1	1
delay	727346	A>B	Saulėtekis–Kalvarijų g.–Naujininkai	620	645	25.1	Gedimino technikos universitetas	647.40002	27.9	Kalvarijų turgus	674.5	10	Troleibusai	10	05	3-1283	670	696	1	1
delay	727346	B>A	Naujininkai–Kalvarijų g.–Saulėtekis	675	704	26	Žaliasis tiltas	719.5	28.5	Prūsų st.	704.59998	10	Troleibusai	10	05	3-1283	721	748	1	1
delay	727346	A>B	Saulėtekis–Kalvarijų g.–Naujininkai	726	757	30.4	Pramogų arena	776.29999	34.400002	Tauragnų st.	782.40002	10	Troleibusai	10	05	3-1283	776	809	1	1
delay	727346	B>A	Naujininkai–Kalvarijų g.–Saulėtekis	781	820	38.5	Verkių st.	851.5	40.599998	„Sparta“	825.40002	10	Troleibusai	10	05	3-1283	827	866	1	1
delay	727346	A>B	Saulėtekis–Kalvarijų g.–Naujininkai	834	872	37.299999	Saulėtekis	876.20001	43	Tauragnų st.	898.90002	10	Troleibusai	10	05	3-1283	884	924	1	1
delay	727346	B>A	Naujininkai–Kalvarijų g.–Saulėtekis	896	934	34.799999	Žaliasis tiltas	950.09998	41.400002	Gedimino technikos universitetas	981.70001	10	Troleibusai	10	05	3-1283	943	984	1	1
delay	727346	A>B	Saulėtekis–Kalvarijų g.–Naujininkai	957	996	38.200001	Senoji plytinė	996.40002	51.900002	Prūsų st.	1059.4	10	Troleibusai	10	05	3-1283	1009	1061	1	1
delay	727346	B>A	Naujininkai–Kalvarijų g.–Saulėtekis	1017	1063	45.599998	Naujininkai	1062.7	54.799999	Broniaus Laurinavičiaus skveras	1098	10	Troleibusai	10	05	3-1283	1068	1119	1	1
delay	727346	A>B	Saulėtekis–Kalvarijų g.–Naujininkai	1108	1147	38.700001	Gedimino technikos universitetas	1148.9	41.099998	Tauragnų st.	1172	10	Troleibusai	10	05	3-1283	1159	1198	1	1
delay	727346	B>A	Naujininkai–Kalvarijų g.–Saulėtekis	1164	1205	40.299999	Žaliasis tiltas	1222.7	43.400002	Nemenčinės plentas	1243.6	10	Troleibusai	10	05	3-1283	1206	1249	1	1
delay	727346	A>B	Saulėtekis–Kalvarijų g.–Naujininkai	1215	1255	38.400002	Žalgirio st.	1277.5	40.900002	Antakalnio žiedas	1264	10	Troleibusai	10	05	3-1283	1262	1302	1	1
delay	727346	B>A	Naujininkai–Kalvarijų g.–Saulėtekis	1267	1307	36.400002	Naujininkai	1303.5	41.799999	Saulėtekis	1347	10	Troleibusai	10	05	3-1283	1309	1351	1	1
missed	662983	A>B	Saulėtekis–Kalvarijų g.–Naujininkai	1324	NULL	NULL	NULL	NULL	NULL	NULL	NULL	10	Troleibusai	10	05		1370	NULL	NULL	NULL
missed	662983	B>A	Naujininkai–Kalvarijų g.–Saulėtekis	1374	NULL	NULL	NULL	NULL	NULL	NULL	NULL	10	Troleibusai	10	05		1416	NULL	NULL	NULL
delay	727399	A>B	Saulėtekis–Kalvarijų g.–Naujininkai	355	348	-9.1000004	Žalgirio st.	370.10001	-6.9000001	Vilniaus universitetas	351.10001	10	Troleibusai	10	06	3-802	402	393	1	1
delay	727399	B>A	Naujininkai–Kalvarijų g.–Saulėtekis	407	402	-8.8000002	Pramogų arena	428.39999	-4	„Sparta“	406.89999	10	Troleibusai	10	06	3-802	453	444	1	1
delay	727399	A>B	Saulėtekis–Kalvarijų g.–Naujininkai	464	463	-1	Gedimino technikos universitetas	465.29999	5.4000001	Žalgirio st.	495.39999	10	Troleibusai	10	06	3-802	515	517	1	0
delay	727399	B>A	Naujininkai–Kalvarijų g.–Saulėtekis	521	524	2.2	Taraso Ševčenkos st.	529.59998	7.5999999	Lizdeikos st.	564.09998	10	Troleibusai	10	06	3-802	567	572	1	1
delay	727399	A>B	Saulėtekis–Kalvarijų g.–Naujininkai	598	604	4.6999998	Pramogų arena	622.59998	6.5	Nemenčinės plentas	610.5	10	Troleibusai	10	06	3-802	648	653	1	1
delay	727399	B>A	Naujininkai–Kalvarijų g.–Saulėtekis	656	662	2.8	Tauragnų st.	686.5	5.5	Lizdeikos st.	697	10	Troleibusai	10	06	3-802	702	706	1	1
delay	727399	A>B	Saulėtekis–Kalvarijų g.–Naujininkai	710	714	3.2	Valakampių tiltas	726.29999	6.0999999	Giedraičių st.	739.59998	10	Troleibusai	10	06	3-802	760	763	1	1
delay	727399	B>A	Naujininkai–Kalvarijų g.–Saulėtekis	765	775	7.6999998	Žaliasis tiltas	791.20001	11.1	Lizdeikos st.	811.59998	10	Troleibusai	10	06	3-802	811	820	1	1
delay	727399	A>B	Saulėtekis–Kalvarijų g.–Naujininkai	818	825	5.8000002	Valakampių tiltas	836.90002	7.8000002	Tauragnų st.	847.70001	10	Troleibusai	10	06	3-802	868	873	1	1
delay	727399	B>A	Naujininkai–Kalvarijų g.–Saulėtekis	883	887	3.0999999	Verkių st.	919	5.0999999	Juozo Tumo-Vaižganto st.	899.09998	10	Troleibusai	10	06	3-802	930	933	1	1
delay	727399	A>B	Saulėtekis–Kalvarijų g.–Naujininkai	939	940	0.69999999	Valakampių tiltas	952.79999	7.0999999	Tauragnų st.	968.90002	10	Troleibusai	10	06	3-802	990	995	1	1
delay	727399	B>A	Naujininkai–Kalvarijų g.–Saulėtekis	997	1000	2.5999999	Naujininkai	999.70001	16.6	Broniaus Laurinavičiaus skveras	1039.8	10	Troleibusai	10	06	3-802	1048	1060	1	1
delay	727399	A>B	Saulėtekis–Kalvarijų g.–Naujininkai	1057	1065	7.5999999	Vilniaus universitetas	1067.7	10.1	Operos ir baleto teatras	1104.5	10	Troleibusai	10	06	3-802	1109	1118	1	1
delay	727399	B>A	Naujininkai–Kalvarijų g.–Saulėtekis	1122	1127	2.8	Kražių st.	1138.5	7.6999998	Nemenčinės plentas	1166.9	10	Troleibusai	10	06	3-802	1166	1172	1	1
delay	727399	A>B	Saulėtekis–Kalvarijų g.–Naujininkai	1203	1215	9.3000002	Pramogų arena	1231	11.6	Senoji plytinė	1215.7	10	Troleibusai	10	06	3-802	1250	1259	1	1
delay	727399	B>A	Naujininkai–Kalvarijų g.–Saulėtekis	1255	1270	11.2	Giedraičių st.	1291	14.7	Prūsų st.	1270.8	10	Troleibusai	10	06	3-802	1297	1309	1	1
delay	727399	A>B	Saulėtekis–Kalvarijų g.–Naujininkai	1308	1322	11.9	Pramogų arena	1338.6	13.8	Senoji plytinė	1323	10	Troleibusai	10	06	3-802	1354	1366	1	1
delay	727399	B>A	Naujininkai–Kalvarijų g.–Saulėtekis	1361	1374	9.1000004	Tauragnų st.	1396.8	13.1	Prūsų st.	1375.1	10	Troleibusai	10	06	3-802	1403	1412	1	1
missed	662984	B>A	Naujininkai–Kalvarijų g.–Saulėtekis	338	NULL	NULL	NULL	NULL	NULL	NULL	NULL	10	Troleibusai	10	07		380	NULL	NULL	NULL
delay	727422	A>B	Saulėtekis–Kalvarijų g.–Naujininkai	390	362	-30.1	Kalvarijų turgus	386	-27.799999	Kareivių st.	376.79999	10	Troleibusai	10	07	3-3076	437	409	1	1
delay	727422	B>A	Naujininkai–Kalvarijų g.–Saulėtekis	443	418	-27.299999	Broniaus Laurinavičiaus skveras	439.89999	-25.1	Prūsų st.	418.89999	10	Troleibusai	10	07	3-3076	489	462	1	1
delay	727422	A>B	Saulėtekis–Kalvarijų g.–Naujininkai	526	484	-42.799999	Lizdeikos st.	493.39999	-37.5	Kareivių st.	503.10001	10	Troleibusai	10	07	3-3076	576	533	1	1
delay	727422	B>A	Naujininkai–Kalvarijų g.–Saulėtekis	581	539	-43.799999	Žaliasis tiltas	555.79999	-40.5	Lizdeikos st.	576	10	Troleibusai	10	07	3-3076	627	584	1	1
delay	727422	A>B	Saulėtekis–Kalvarijų g.–Naujininkai	632	621	-12	Prūsų st.	667.79999	-9.6999998	Kalvarijų turgus	648.90002	10	Troleibusai	10	07	3-3076	682	669	1	1
delay	727422	B>A	Naujininkai–Kalvarijų g.–Saulėtekis	688	677	-11.8	Žaliasis tiltas	694.59998	-7.6999998	Lizdeikos st.	715.90002	10	Troleibusai	10	07	3-3076	734	725	1	1
delay	727422	A>B	Saulėtekis–Kalvarijų g.–Naujininkai	740	733	-7.8000002	Pramogų arena	752.09998	-4.3000002	„Sparta“	780.79999	10	Troleibusai	10	07	3-3076	790	785	1	1
delay	727422	B>A	Naujininkai–Kalvarijų g.–Saulėtekis	797	789	-10.7	Gedimino technikos universitetas	829.70001	-7.8000002	„Sparta“	793	10	Troleibusai	10	07	3-3076	843	832	1	1
delay	727422	A>B	Saulėtekis–Kalvarijų g.–Naujininkai	857	842	-15.8	Pramogų arena	861	-12.6	Tauragnų st.	866.29999	10	Troleibusai	10	07	3-3076	907	893	1	1
delay	727422	B>A	Naujininkai–Kalvarijų g.–Saulėtekis	914	901	-15.5	Tauragnų st.	927.09998	-12.3	„Sparta“	905.5	10	Troleibusai	10	07	3-3076	961	946	1	1
delay	727422	A>B	Saulėtekis–Kalvarijų g.–Naujininkai	981	963	-18.4	Gedimino technikos universitetas	965	-11.1	Žalgirio st.	997.09998	10	Troleibusai	10	07	3-3076	1033	1021	1	1
delay	727422	B>A	Naujininkai–Kalvarijų g.–Saulėtekis	1039	1022	-16.6	Prūsų st.	1023.5	0	Tauragnų st.	1068.7	10	Troleibusai	10	07	3-3076	1090	1086	1	1
delay	727422	A>B	Saulėtekis–Kalvarijų g.–Naujininkai	1125	1094	-31.1	Senoji plytinė	1095	-25.4	„Sparta“	1142.7	10	Troleibusai	10	07	3-3076	1173	1146	1	1
delay	727422	B>A	Naujininkai–Kalvarijų g.–Saulėtekis	1180	1157	-24.5	Kareivių st.	1187.3	-23	Juozo Tumo-Vaižganto st.	1168	10	Troleibusai	10	07	3-3076	1222	1198	1	1
delay	727422	A>B	Saulėtekis–Kalvarijų g.–Naujininkai	1228	1346	1440	NULL	0	-1440	NULL	0	10	Troleibusai	10	07	3-3076	1275	1390	0	1
delay	727422	A>B	Saulėtekis–Kalvarijų g.–Naujininkai	1228	1243	14.2	Pramogų arena	1260.9	15.1	Nemenčinės plentas	1249.1	10	Troleibusai	10	07	3-3076	1275	1289	1	1
delay	727422	B>A	Naujininkai–Kalvarijų g.–Saulėtekis	1280	1297	16.1	Kalvarijų turgus	1317.4	17.799999	Pramogų arena	1325.8	10	Troleibusai	10	07	3-3076	1322	1339	1	1
delay	727480	A>B	Saulėtekis–Kalvarijų g.–Naujininkai	399	419	20.6	Senoji plytinė	420.79999	30.9	Prūsų st.	477.20001	10	Troleibusai	10	08	3-746	448	479	1	1
delay	727480	B>A	Naujininkai–Kalvarijų g.–Saulėtekis	453	480	27.5	Naujininkai	480.70001	31.4	Lizdeikos st.	519.90002	10	Troleibusai	10	08	3-746	499	529	1	1
delay	727480	A>B	Saulėtekis–Kalvarijų g.–Naujininkai	508	534	26.4	Gedimino technikos universitetas	536.59998	33.900002	„Sparta“	588	10	Troleibusai	10	08	3-746	559	591	1	1
delay	727480	B>A	Naujininkai–Kalvarijų g.–Saulėtekis	564	596	31	Žaliasis tiltas	613.5	33.599998	Lizdeikos st.	633.09998	10	Troleibusai	10	08	3-746	610	641	1	1
delay	727480	A>B	Saulėtekis–Kalvarijų g.–Naujininkai	929	951	22.200001	Senoji plytinė	952.20001	36.099998	Prūsų st.	1013.4	10	Troleibusai	10	08	3-746	979	1015	1	1
delay	727480	B>A	Naujininkai–Kalvarijų g.–Saulėtekis	985	1018	32.799999	Naujininkai	1017.9	45.099998	Pramogų arena	1062.1	10	Troleibusai	10	08	3-746	1035	1076	1	1
delay	727480	A>B	Saulėtekis–Kalvarijų g.–Naujininkai	1045	1083	38.5	Senoji plytinė	1084.7	43.400002	„Sparta“	1135.7	10	Troleibusai	10	08	3-746	1097	1140	1	1
delay	727480	B>A	Naujininkai–Kalvarijų g.–Saulėtekis	1110	1144	30.700001	Tauragnų st.	1170.4	33.799999	Mikalojaus Konstantino Čiurlionio st.	1151.6	10	Troleibusai	10	08	3-746	1156	1188	1	1
delay	727384	B>A	Naujininkai–Kalvarijų g.–Saulėtekis	356	357	-0.60000002	Giedraičių st.	380.29999	1.4	„Sparta“	361.20001	10	Troleibusai	10	09	3-2621	398	398	0	0
delay	727384	A>B	Saulėtekis–Kalvarijų g.–Naujininkai	407	411	3.5	Saulėtekis	415.29999	8.6000004	Operos ir baleto teatras	450.79999	10	Troleibusai	10	09	3-2621	458	465	1	1
delay	727384	B>A	Naujininkai–Kalvarijų g.–Saulėtekis	466	467	-1.1	Gedimino technikos universitetas	508.39999	2.3	Juozo Tumo-Vaižganto st.	479.39999	10	Troleibusai	10	09	3-2621	512	510	0	0
delay	727384	A>B	Saulėtekis–Kalvarijų g.–Naujininkai	550	556	5.0999999	Pramogų arena	575	9.1999998	Kalvarijų turgus	585.79999	10	Troleibusai	10	09	3-2621	600	606	1	1
delay	727384	B>A	Naujininkai–Kalvarijų g.–Saulėtekis	607	611	3.4000001	Žaliasis tiltas	628.90002	6.4000001	Lizdeikos st.	648.90002	10	Troleibusai	10	09	3-2621	653	658	1	1
delay	727384	A>B	Saulėtekis–Kalvarijų g.–Naujininkai	659	664	4.0999999	Verkių st.	681	9.6999998	Žalgirio st.	693.79999	10	Troleibusai	10	09	3-2621	709	717	1	1
delay	727384	B>A	Naujininkai–Kalvarijų g.–Saulėtekis	716	719	2	Žaliasis tiltas	736.5	6	Lizdeikos st.	757.5	10	Troleibusai	10	09	3-2621	762	766	1	1
delay	727384	A>B	Saulėtekis–Kalvarijų g.–Naujininkai	774	773	-2.0999999	Pramogų arena	791.59998	0.89999998	Kražių st.	810.5	10	Troleibusai	10	09	3-2621	824	823	0	0
delay	727384	B>A	Naujininkai–Kalvarijų g.–Saulėtekis	834	833	-0.40000001	Naujininkai	833.59998	0.5	Lizdeikos st.	870	10	Troleibusai	10	09	3-2621	880	880	0	0
delay	727384	A>B	Saulėtekis–Kalvarijų g.–Naujininkai	890	888	-2.4000001	Senoji plytinė	888.70001	6.9000001	„Sparta“	942.59998	10	Troleibusai	10	09	3-2621	940	947	1	1
delay	727384	B>A	Naujininkai–Kalvarijų g.–Saulėtekis	945	949	1.8	Žaliasis tiltas	966.29999	7.5	Gedimino technikos universitetas	996.79999	10	Troleibusai	10	09	3-2621	992	999	1	1
delay	727384	A>B	Saulėtekis–Kalvarijų g.–Naujininkai	1005	1008	3.0999999	Gedimino technikos universitetas	1010.4	19.4	Prūsų st.	1074.9	10	Troleibusai	10	09	3-2621	1057	1076	1	1
delay	727384	B>A	Naujininkai–Kalvarijų g.–Saulėtekis	1063	1078	13	Juozo Tumo-Vaižganto st.	1088.1	20.299999	Tauragnų st.	1112.9	10	Troleibusai	10	09	3-2621	1114	1131	1	1
delay	727384	A>B	Saulėtekis–Kalvarijų g.–Naujininkai	1153	1163	10.3	Gedimino technikos universitetas	1165.7	14.6	„Sparta“	1210.7	10	Troleibusai	10	09	3-2621	1201	1214	1	1
delay	727384	B>A	Naujininkai–Kalvarijų g.–Saulėtekis	1206	1220	12.7	Tauragnų st.	1245.5	14.8	Nemenčinės plentas	1257	10	Troleibusai	10	09	3-2621	1248	1263	1	1
delay	727384	A>B	Saulėtekis–Kalvarijų g.–Naujininkai	1262	1270	8.1999998	Vilniaus universitetas	1273.3	10.1	Kareivių st.	1286.7	10	Troleibusai	10	09	3-2621	1308	1317	1	1
delay	727384	B>A	Naujininkai–Kalvarijų g.–Saulėtekis	1314	1322	7.6999998	Žaliasis tiltas	1340.2	9	Nemenčinės plentas	1359.2	10	Troleibusai	10	09	3-2621	1356	1364	1	1
delay	727439	A>B	Saulėtekis–Kalvarijų g.–Naujininkai	381	373	-8.6000004	Pramogų arena	391.29999	-6.5	Prūsų st.	419.10001	10	Troleibusai	10	10	3-2691	428	421	1	1
delay	727439	B>A	Naujininkai–Kalvarijų g.–Saulėtekis	433	432	-1	Naujininkai	432.10001	0.80000001	Lizdeikos st.	469.29999	10	Troleibusai	10	10	3-2691	479	479	0	0
delay	727439	A>B	Saulėtekis–Kalvarijų g.–Naujininkai	494	492	-2.3	Gedimino technikos universitetas	494.10001	3.0999999	Verkių st.	514.90002	10	Troleibusai	10	10	3-2691	545	545	1	0
delay	727439	B>A	Naujininkai–Kalvarijų g.–Saulėtekis	554	551	-3.5999999	Žaliasis tiltas	568.90002	-2.0999999	Lizdeikos st.	587.40002	10	Troleibusai	10	10	3-2691	600	596	1	1
delay	727439	A>B	Saulėtekis–Kalvarijų g.–Naujininkai	644	631	-13.1	Pramogų arena	650.59998	-8.6999998	Prūsų st.	683	10	Troleibusai	10	10	3-2691	694	685	1	1
delay	727439	B>A	Naujininkai–Kalvarijų g.–Saulėtekis	703	689	-15.3	Pramogų arena	717.79999	-13.5	„Sparta“	693.29999	10	Troleibusai	10	10	3-2691	749	733	1	1
delay	727439	A>B	Saulėtekis–Kalvarijų g.–Naujininkai	759	745	-14.5	Verkių st.	762.40002	-12.6	Žalgirio st.	771.40002	10	Troleibusai	10	10	3-2691	809	795	1	1
delay	727439	B>A	Naujininkai–Kalvarijų g.–Saulėtekis	817	802	-17.799999	Broniaus Laurinavičiaus skveras	823.40002	-15	Lizdeikos st.	837.5	10	Troleibusai	10	10	3-2691	863	846	1	1
delay	727439	A>B	Saulėtekis–Kalvarijų g.–Naujininkai	873	852	-20.799999	Lizdeikos st.	862.40002	-18.9	„Sparta“	899.20001	10	Troleibusai	10	10	3-2691	923	903	1	1
delay	727439	B>A	Naujininkai–Kalvarijų g.–Saulėtekis	932	917	-17.4	Tauragnų st.	943.29999	-13.8	Lizdeikos st.	954.70001	10	Troleibusai	10	10	3-2691	979	964	1	1
delay	727439	A>B	Saulėtekis–Kalvarijų g.–Naujininkai	993	973	-19.5	Vilniaus universitetas	976.59998	-14	Prūsų st.	1029.5	10	Troleibusai	10	10	3-2691	1045	1031	1	1
delay	727439	B>A	Naujininkai–Kalvarijų g.–Saulėtekis	1053	1034	-18.6	Naujininkai	1034.6	-4.5999999	Broniaus Laurinavičiaus skveras	1074.7	10	Troleibusai	10	10	3-2691	1104	1095	1	1
delay	727439	A>B	Saulėtekis–Kalvarijų g.–Naujininkai	1140	1129	-11.5	Juozo Tumo-Vaižganto st.	1164.3	-9.8999996	Verkių st.	1146.9	10	Troleibusai	10	10	3-2691	1188	1176	1	1
delay	727439	B>A	Naujininkai–Kalvarijų g.–Saulėtekis	1193	1181	-14.1	Tauragnų st.	1205.7	-10.1	Gedimino technikos universitetas	1223	10	Troleibusai	10	10	3-2691	1235	1225	1	1
delay	727439	A>B	Saulėtekis–Kalvarijų g.–Naujininkai	1242	1229	-13.2	Senoji plytinė	1229.9	-8.6999998	Prūsų st.	1277.7	10	Troleibusai	10	10	3-2691	1288	1279	1	1
delay	727439	B>A	Naujininkai–Kalvarijų g.–Saulėtekis	1293	1389	1440	NULL	0	-1440	NULL	0	10	Troleibusai	10	10	3-2691	1335	1429	0	1
delay	727439	B>A	Naujininkai–Kalvarijų g.–Saulėtekis	1293	1281	-14.8	Giedraičių st.	1303	-11.9	„Sparta“	1285	10	Troleibusai	10	10	3-2691	1335	1322	1	1
delay	727439	A>B	Saulėtekis–Kalvarijų g.–Naujininkai	1348	1336	-14.9	„Sparta“	1374.9	-12.3	Senoji plytinė	1336.8	10	Troleibusai	10	10	3-2691	1394	1379	1	1
delay	727324	A>B	Žirmūnai–Šeimyniškių–J. Basanavičiaus g.–Žemieji Paneriai	298	299	-0.30000001	Tuskulėnų rimties parkas	310.5	1.3	Simono Konarskio st.	332.10001	12	Troleibusai	12	01	3-126	346	347	0	0
delay	727324	B>A	Žemieji Paneriai–J. Basanavičiaus–Šeimyniškių g.–Žirmūnai	350	351	1.2	Šiaurės miestelis	393.10001	2.5	Vilkpėdės st.	361.89999	12	Troleibusai	12	01	3-126	399	400	0	0
delay	727324	A>B	Žirmūnai–Šeimyniškių–J. Basanavičiaus g.–Žemieji Paneriai	407	406	-1.3	Algirdo st.	439.60001	1.5	Riovonys	454.5	12	Troleibusai	12	01	3-126	460	460	0	0
delay	727324	B>A	Žemieji Paneriai–J. Basanavičiaus–Šeimyniškių g.–Žirmūnai	465	464	-0.60000002	Valkininkų st.	464.5	7.9000001	Lvovo st.	506.70001	12	Troleibusai	12	01	3-126	520	523	1	0
delay	727324	A>B	Žirmūnai–Šeimyniškių–J. Basanavičiaus g.–Žemieji Paneriai	554	553	-1.2	Šaltinėlio st.	554.09998	3.4000001	Centro poliklinika	586.40002	12	Troleibusai	12	01	3-126	607	608	1	0
delay	727324	B>A	Žemieji Paneriai–J. Basanavičiaus–Šeimyniškių g.–Žirmūnai	614	616	0.40000001	Simono Konarskio st.	633.40002	2.0999999	Pakalniškių st.	622.20001	12	Troleibusai	12	01	3-126	666	667	0	0
delay	727324	A>B	Žirmūnai–Šeimyniškių–J. Basanavičiaus g.–Žemieji Paneriai	673	674	-0.40000001	„Žalgirio“ stadionas	690.90002	2.0999999	Pakalniškių st.	722.90002	12	Troleibusai	12	01	3-126	726	727	0	0
delay	727324	B>A	Žemieji Paneriai–J. Basanavičiaus–Šeimyniškių g.–Žirmūnai	730	732	0.2	Tuskulėnų rimties parkas	770.59998	4.1999998	Algirdo st.	755.29999	12	Troleibusai	12	01	3-126	782	784	1	0
delay	727324	A>B	Žirmūnai–Šeimyniškių–J. Basanavičiaus g.–Žemieji Paneriai	792	796	2.5999999	Vinco Kudirkos aikštė	820.90002	4.6999998	Gerosios Vilties st.	838.29999	12	Troleibusai	12	01	3-126	845	848	1	1
delay	727324	B>A	Žemieji Paneriai–J. Basanavičiaus–Šeimyniškių g.–Žirmūnai	850	853	2.3	Savanorių prospektas	867.90002	6.5999999	Šaltinėlio st.	908	12	Troleibusai	12	01	3-126	902	909	1	1
delay	727324	A>B	Žirmūnai–Šeimyniškių–J. Basanavičiaus g.–Žemieji Paneriai	913	915	0.69999999	Kareivių st.	920.09998	2.7	Vilkpėdės st.	960.59998	12	Troleibusai	12	01	3-126	966	967	0	0
delay	727324	B>A	Žemieji Paneriai–J. Basanavičiaus–Šeimyniškių g.–Žirmūnai	973	973	-3.2	Žaliasis tiltas	1007.3	20.299999	Kareivių st.	1048.7	12	Troleibusai	12	01	3-126	1034	1053	1	1
delay	727324	A>B	Žirmūnai–Šeimyniškių–J. Basanavičiaus g.–Žemieji Paneriai	1076	1077	-1.8	Žaliasis tiltas	1098.9	0.80000001	Riovonys	1124.8	12	Troleibusai	12	01	3-126	1131	1130	0	0
delay	727324	B>A	Žemieji Paneriai–J. Basanavičiaus–Šeimyniškių g.–Žirmūnai	1138	1145	6.0999999	Vingis	1161.8	9.1000004	Vilkpėdės st.	1156.5	12	Troleibusai	12	01	3-126	1188	1195	1	1
delay	727324	A>B	Žirmūnai–Šeimyniškių–J. Basanavičiaus g.–Žemieji Paneriai	1197	1209	11.2	Šiaurės miestelis	1216.4	14.1	Simono Konarskio st.	1243.9	12	Troleibusai	12	01	3-126	1245	1256	1	1
delay	727324	B>A	Žemieji Paneriai–J. Basanavičiaus–Šeimyniškių g.–Žirmūnai	1254	1262	7.1999998	Gerosios Vilties st.	1274.5	10.6	Kareivių st.	1307.9	12	Troleibusai	12	01	3-126	1302	1312	1	1
delay	727484	A>B	Žirmūnai–Šeimyniškių–J. Basanavičiaus g.–Žemieji Paneriai	416	415	-4.8000002	Algirdo st.	446.10001	-1.8	Šaltinėlio st.	415.29999	12	Troleibusai	12	02	3-3150	470	466	1	1
delay	727484	B>A	Žemieji Paneriai–J. Basanavičiaus–Šeimyniškių g.–Žirmūnai	476	472	-5.1999998	Žirmūnų seniūnija	524	-0.2	Lvovo st.	509.70001	12	Troleibusai	12	02	3-3150	531	526	1	1
delay	727484	A>B	Žirmūnai–Šeimyniškių–J. Basanavičiaus g.–Žemieji Paneriai	540	538	-2.4000001	Šaltinėlio st.	538.79999	1.8	Minties st.	553.59998	12	Troleibusai	12	02	3-3150	593	593	0	0
delay	727484	B>A	Žemieji Paneriai–J. Basanavičiaus–Šeimyniškių g.–Žirmūnai	598	599	-0.1	Savanorių prospektas	613.5	5.5	Šaltinėlio st.	654.90002	12	Troleibusai	12	02	3-3150	650	656	1	1
delay	727484	A>B	Žirmūnai–Šeimyniškių–J. Basanavičiaus g.–Žemieji Paneriai	691	689	-2.8	Kareivių st.	694.70001	-0.1	Žemieji Paneriai	741.5	12	Troleibusai	12	02	3-3150	744	743	0	0
delay	727484	B>A	Žemieji Paneriai–J. Basanavičiaus–Šeimyniškių g.–Žirmūnai	750	753	2.5999999	Valkininkų st.	752.70001	7.0999999	„Žalgirio“ stadionas	792.90002	12	Troleibusai	12	02	3-3150	802	808	1	1
delay	727484	A>B	Žirmūnai–Šeimyniškių–J. Basanavičiaus g.–Žemieji Paneriai	810	810	-0.1	Šaltinėlio st.	811.09998	5.8000002	Riovonys	861.90002	12	Troleibusai	12	02	3-3150	863	867	1	1
delay	727484	B>A	Žemieji Paneriai–J. Basanavičiaus–Šeimyniškių g.–Žirmūnai	872	871	-1.1	Savanorių prospektas	886.40002	4	Kareivių st.	924.70001	12	Troleibusai	12	02	3-3150	925	929	1	1
delay	727484	A>B	Žirmūnai–Šeimyniškių–J. Basanavičiaus g.–Žemieji Paneriai	936	937	0.69999999	Žirmūnų seniūnija	940.59998	8.3999996	Vilkpėdės st.	989.90002	12	Troleibusai	12	02	3-3150	989	996	1	1
delay	727484	B>A	Žemieji Paneriai–J. Basanavičiaus–Šeimyniškių g.–Žirmūnai	995	1000	5.1999998	Valkininkų st.	1000.3	22.5	Žirmūnai	1071.7	12	Troleibusai	12	02	3-3150	1056	1078	1	1
delay	727484	A>B	Žirmūnai–Šeimyniškių–J. Basanavičiaus g.–Žemieji Paneriai	1066	1080	10.1	Simono Konarskio st.	1115.2	16.799999	Gerosios Vilties st.	1126.3	12	Troleibusai	12	02	3-3150	1121	1135	1	1
delay	727484	B>A	Žemieji Paneriai–J. Basanavičiaus–Šeimyniškių g.–Žirmūnai	1130	1136	3	Minties st.	1173.3	5.9000001	Sausupio st.	1139.4	12	Troleibusai	12	02	3-3150	1180	1183	1	1
delay	727484	A>B	Žirmūnai–Šeimyniškių–J. Basanavičiaus g.–Žemieji Paneriai	1220	1217	-3.4000001	Žirmūnų seniūnija	1220.5	-0.2	Gerosios Vilties st.	1257.1	12	Troleibusai	12	02	3-3150	1268	1267	1	1
delay	727484	B>A	Žemieji Paneriai–J. Basanavičiaus–Šeimyniškių g.–Žirmūnai	1276	1275	-1.9	Gerosios Vilties st.	1287.4	-0.5	Pakalniškių st.	1281.7	12	Troleibusai	12	02	3-3150	1324	1322	0	0
delay	727484	A>B	Žirmūnai–Šeimyniškių–J. Basanavičiaus g.–Žemieji Paneriai	1330	1332	-0.5	Algirdo st.	1360.5	1.8	Žirmūnai	1338.3	12	Troleibusai	12	02	3-3150	1378	1377	0	0
delay	727484	B>A	Žemieji Paneriai–J. Basanavičiaus–Šeimyniškių g.–Žirmūnai	1386	1386	-5.1999998	Gerosios Vilties st.	1394	-2.5	Šaltinėlio st.	1430.5	12	Troleibusai	12	02	3-3150	1434	1431	1	0
delay	727457	A>B	Žirmūnai–Šeimyniškių–J. Basanavičiaus g.–Žemieji Paneriai	436	437	-0.40000001	Kareivių st.	442.10001	4.0999999	Centro poliklinika	469.5	12	Troleibusai	12	03	3-314	490	492	1	0
delay	727457	B>A	Žemieji Paneriai–J. Basanavičiaus–Šeimyniškių g.–Žirmūnai	500	501	1.2	Baldai	505.89999	8.6000004	Lvovo st.	542.5	12	Troleibusai	12	03	3-314	554	561	1	1
delay	727457	A>B	Žirmūnai–Šeimyniškių–J. Basanavičiaus g.–Žemieji Paneriai	568	567	-1	Savanorių prospektas	607.5	1.7	Šiaurės miestelis	579	12	Troleibusai	12	03	3-314	621	620	0	0
delay	727457	B>A	Žemieji Paneriai–J. Basanavičiaus–Šeimyniškių g.–Žirmūnai	625	629	3	Savanorių prospektas	643.5	6.6999998	Žirmūnų seniūnija	682.40002	12	Troleibusai	12	03	3-314	677	684	1	1
delay	727457	A>B	Žirmūnai–Šeimyniškių–J. Basanavičiaus g.–Žemieji Paneriai	956	960	3.7	Šaltinėlio st.	960.79999	21.9	Žemieji Paneriai	1029.4	12	Troleibusai	12	03	3-314	1010	1031	1	1
delay	727457	B>A	Žemieji Paneriai–J. Basanavičiaus–Šeimyniškių g.–Žirmūnai	1018	1032	14.4	Valkininkų st.	1032.5	39.599998	Tuskulėnų rimties parkas	1103.9	12	Troleibusai	12	03	3-314	1079	1117	1	1
delay	727457	A>B	Žirmūnai–Šeimyniškių–J. Basanavičiaus g.–Žemieji Paneriai	1088	1118	28.799999	Žaliasis tiltas	1140.4	30.700001	Minties st.	1130.4	12	Troleibusai	12	03	3-314	1142	1170	1	1
delay	727457	B>A	Žemieji Paneriai–J. Basanavičiaus–Šeimyniškių g.–Žirmūnai	1150	1171	19.700001	Minties st.	1210	21.5	Valkininkų st.	1171.5	12	Troleibusai	12	03	3-314	1200	1220	1	1
delay	727342	A>B	Žirmūnai–Šeimyniškių–J. Basanavičiaus g.–Žemieji Paneriai	314	313	-2.4000001	Algirdo st.	342.60001	-1.1	Žemieji Paneriai	359.20001	12	Troleibusai	12	04	3-131	362	361	0	0
delay	727342	B>A	Žemieji Paneriai–J. Basanavičiaus–Šeimyniškių g.–Žirmūnai	369	369	-1.2	Žaliasis tiltas	399.29999	2.3	Žirmūnų seniūnija	418.10001	12	Troleibusai	12	04	3-131	418	420	0	0
delay	727342	A>B	Žirmūnai–Šeimyniškių–J. Basanavičiaus g.–Žemieji Paneriai	424	426	0.60000002	Algirdo st.	459.5	2.5999999	Minties st.	438.39999	12	Troleibusai	12	04	3-131	478	479	0	0
delay	727342	B>A	Žemieji Paneriai–J. Basanavičiaus–Šeimyniškių g.–Žirmūnai	489	486	-5.5	Žirmūnai	533.40002	-1.6	Sausupio st.	490.79999	12	Troleibusai	12	04	3-131	544	541	1	1
delay	727342	A>B	Žirmūnai–Šeimyniškių–J. Basanavičiaus g.–Žemieji Paneriai	587	584	-4.3000002	Šiaurės miestelis	592	-2.8	Žemieji Paneriai	634.79999	12	Troleibusai	12	04	3-131	640	636	1	1
delay	727342	B>A	Žemieji Paneriai–J. Basanavičiaus–Šeimyniškių g.–Žirmūnai	645	647	0.40000001	Simono Konarskio st.	664.5	3.0999999	Jogailos st.	675.79999	12	Troleibusai	12	04	3-131	697	698	1	0
delay	727342	A>B	Žirmūnai–Šeimyniškių–J. Basanavičiaus g.–Žemieji Paneriai	707	706	-2.4000001	Šeimyniškių st.	721	1.1	Gerosios Vilties st.	749.70001	12	Troleibusai	12	04	3-131	760	760	0	0
delay	727342	B>A	Žemieji Paneriai–J. Basanavičiaus–Šeimyniškių g.–Žirmūnai	766	763	-4	Žaliasis tiltas	794.5	0.30000001	Šaltinėlio st.	817.70001	12	Troleibusai	12	04	3-131	818	818	1	0
delay	727342	A>B	Žirmūnai–Šeimyniškių–J. Basanavičiaus g.–Žemieji Paneriai	828	828	-0.40000001	Kareivių st.	834	5	Riovonys	879.09998	12	Troleibusai	12	04	3-131	881	884	1	0
delay	727342	B>A	Žemieji Paneriai–J. Basanavičiaus–Šeimyniškių g.–Žirmūnai	888	890	1.4	Minties st.	932.79999	4.0999999	Žirmūnai	939.79999	12	Troleibusai	12	04	3-131	941	945	1	1
delay	727342	A>B	Žirmūnai–Šeimyniškių–J. Basanavičiaus g.–Žemieji Paneriai	947	947	-0.60000002	Kareivių st.	953	4.3000002	Žemieji Paneriai	1002.8	12	Troleibusai	12	04	3-131	1001	1004	1	0
delay	727342	B>A	Žemieji Paneriai–J. Basanavičiaus–Šeimyniškių g.–Žirmūnai	1008	1010	2.3	Valkininkų st.	1010.4	26.6	Tuskulėnų rimties parkas	1080.9	12	Troleibusai	12	04	3-131	1069	1094	1	1
delay	727342	A>B	Žirmūnai–Šeimyniškių–J. Basanavičiaus g.–Žemieji Paneriai	1110	1114	3.9000001	Šeimyniškių st.	1130.3	7.9000001	Vilkpėdės st.	1162.8	12	Troleibusai	12	04	3-131	1163	1169	1	1
delay	727342	B>A	Žemieji Paneriai–J. Basanavičiaus–Šeimyniškių g.–Žirmūnai	1170	1176	5	Savanorių prospektas	1190.6	8.3000002	Šaltinėlio st.	1226.6	12	Troleibusai	12	04	3-131	1219	1227	1	1
delay	727342	A>B	Žirmūnai–Šeimyniškių–J. Basanavičiaus g.–Žemieji Paneriai	1234	1236	1.8	Žirmūnų seniūnija	1239.5	6.6999998	Riovonys	1282.5	12	Troleibusai	12	04	3-131	1282	1287	1	1
delay	727342	B>A	Žemieji Paneriai–J. Basanavičiaus–Šeimyniškių g.–Žirmūnai	1292	1293	-0.5	Gerosios Vilties st.	1304.7	2.9000001	Šaltinėlio st.	1342	12	Troleibusai	12	04	3-131	1340	1343	0	0
delay	727357	A>B	Žirmūnai–Šeimyniškių–J. Basanavičiaus g.–Žemieji Paneriai	329	330	-0.60000002	Vingis	362.60001	0.60000002	Žirmūnai	336	12	Troleibusai	12	05	3-2707	377	377	0	0
delay	727357	B>A	Žemieji Paneriai–J. Basanavičiaus–Šeimyniškių g.–Žirmūnai	383	385	0.80000001	Žirmūnų seniūnija	432.89999	3.5999999	Vilkpėdės st.	395.89999	12	Troleibusai	12	05	3-2707	434	435	1	0
delay	727357	A>B	Žirmūnai–Šeimyniškių–J. Basanavičiaus g.–Žemieji Paneriai	448	449	0.80000001	Šaltinėlio st.	450.10001	7.0999999	Riovonys	502.10001	12	Troleibusai	12	05	3-2707	502	508	1	1
delay	727357	B>A	Žemieji Paneriai–J. Basanavičiaus–Šeimyniškių g.–Žirmūnai	509	510	1.3	Valkininkų st.	510.5	8.3999996	„Žalgirio“ stadionas	553.20001	12	Troleibusai	12	05	3-2707	561	568	1	1
delay	727357	A>B	Žirmūnai–Šeimyniškių–J. Basanavičiaus g.–Žemieji Paneriai	602	603	-1.5	Algirdo st.	634.70001	1.5	Riovonys	649.59998	12	Troleibusai	12	05	3-2707	655	655	0	0
delay	727357	B>A	Žemieji Paneriai–J. Basanavičiaus–Šeimyniškių g.–Žirmūnai	659	660	-0.1	Trakų st.	683.5	2.0999999	Pakalniškių st.	667.29999	12	Troleibusai	12	05	3-2707	711	712	0	0
delay	727357	A>B	Žirmūnai–Šeimyniškių–J. Basanavičiaus g.–Žemieji Paneriai	721	722	1.3	Kareivių st.	728.79999	4.1999998	Riovonys	771.29999	12	Troleibusai	12	05	3-2707	774	777	1	0
delay	727357	B>A	Žemieji Paneriai–J. Basanavičiaus–Šeimyniškių g.–Žirmūnai	780	779	-1.1	Savanorių prospektas	794.5	5.0999999	Žirmūnai	831.79999	12	Troleibusai	12	05	3-2707	832	836	1	1
delay	727357	A>B	Žirmūnai–Šeimyniškių–J. Basanavičiaus g.–Žemieji Paneriai	843	843	-2.0999999	Vinco Kudirkos aikštė	867.20001	2.9000001	Riovonys	892	12	Troleibusai	12	05	3-2707	896	898	0	0
delay	727357	B>A	Žemieji Paneriai–J. Basanavičiaus–Šeimyniškių g.–Žirmūnai	903	904	-0.40000001	Savanorių prospektas	918.79999	2.3	Reformatų st.	931.59998	12	Troleibusai	12	05	3-2707	957	957	0	0
delay	727357	A>B	Žirmūnai–Šeimyniškių–J. Basanavičiaus g.–Žemieji Paneriai	968	972	4.0999999	Šaltinėlio st.	973.40002	12.3	Žemieji Paneriai	1031.8	12	Troleibusai	12	05	3-2707	1022	1033	1	1
delay	727357	B>A	Žemieji Paneriai–J. Basanavičiaus–Šeimyniškių g.–Žirmūnai	1036	1036	0.5	Valkininkų st.	1036.5	21.9	Tuskulėnų rimties parkas	1104.2	12	Troleibusai	12	05	3-2707	1097	1117	1	1
delay	727357	A>B	Žirmūnai–Šeimyniškių–J. Basanavičiaus g.–Žemieji Paneriai	1133	1135	0.30000001	Vaduvos st.	1182.6	2.9000001	Vinco Kudirkos aikštė	1160	12	Troleibusai	12	05	3-2707	1183	1183	0	0
delay	727357	B>A	Žemieji Paneriai–J. Basanavičiaus–Šeimyniškių g.–Žirmūnai	1193	1194	0.60000002	Gerosios Vilties st.	1206.8	2.7	Šaltinėlio st.	1243	12	Troleibusai	12	05	3-2707	1241	1244	0	0
delay	727357	A>B	Žirmūnai–Šeimyniškių–J. Basanavičiaus g.–Žemieji Paneriai	1249	1252	2	Žaliasis tiltas	1271.1	5.6999998	Savanorių prospektas	1290.9	12	Troleibusai	12	05	3-2707	1297	1300	1	1
delay	727357	B>A	Žemieji Paneriai–J. Basanavičiaus–Šeimyniškių g.–Žirmūnai	1306	1312	2.2	Gerosios Vilties st.	1321.4	5.5999999	Sausupio st.	1315	12	Troleibusai	12	05	3-2707	1354	1358	1	1
delay	727383	A>B	Žirmūnai–Šeimyniškių–J. Basanavičiaus g.–Žemieji Paneriai	341	344	-1	Gerosios Vilties st.	377.60001	3	Šaltinėlio st.	345	12	Troleibusai	12	06Ž	3-3066	389	389	0	1
delay	727383	B>A	Žemieji Paneriai–J. Basanavičiaus–Šeimyniškių g.–Žirmūnai	396	395	-3.5	Žirmūnų seniūnija	444.70001	1.5	Vilkpėdės st.	406.89999	12	Troleibusai	12	06Ž	3-3066	450	446	1	1
delay	727383	A>B	Žirmūnai–Šeimyniškių–J. Basanavičiaus g.–Žemieji Paneriai	464	459	-5	Šaltinėlio st.	460.20001	2.5999999	Centro poliklinika	495.89999	12	Troleibusai	12	06Ž	3-3066	518	519	1	1
delay	727383	B>A	Žemieji Paneriai–J. Basanavičiaus–Šeimyniškių g.–Žirmūnai	524	525	0.80000001	Vaduvos st.	527.09998	5.6999998	Žirmūnai	576.5	12	Troleibusai	12	06Ž	3-3066	576	581	1	1
delay	727383	A>B	Žirmūnai–Šeimyniškių–J. Basanavičiaus g.–Žemieji Paneriai	619	620	-0.69999999	„Žalgirio“ stadionas	636.59998	3.9000001	Riovonys	669	12	Troleibusai	12	06Ž	3-3066	672	674	1	0
delay	727383	B>A	Žemieji Paneriai–J. Basanavičiaus–Šeimyniškių g.–Žirmūnai	677	680	2.9000001	Valkininkų st.	680.09998	8.1000004	Šaltinėlio st.	736.5	12	Troleibusai	12	06Ž	3-3066	729	737	1	1
delay	727383	A>B	Žirmūnai–Šeimyniškių–J. Basanavičiaus g.–Žemieji Paneriai	736	740	2.5999999	Šiaurės miestelis	747.79999	8.5	Žemieji Paneriai	795.09998	12	Troleibusai	12	06Ž	3-3066	789	796	1	1
delay	727383	B>A	Žemieji Paneriai–J. Basanavičiaus–Šeimyniškių g.–Žirmūnai	797	800	1.9	Algirdo st.	820	10.9	Žirmūnai	854.59998	12	Troleibusai	12	06Ž	3-3066	849	858	1	1
delay	727383	A>B	Žirmūnai–Šeimyniškių–J. Basanavičiaus g.–Žemieji Paneriai	859	864	5.0999999	Šaltinėlio st.	865.29999	9.3999996	Žemieji Paneriai	919	12	Troleibusai	12	06Ž	3-3066	912	921	1	1
delay	727383	B>A	Žemieji Paneriai–J. Basanavičiaus–Šeimyniškių g.–Žirmūnai	920	923	0.5	Vingis	938.90002	5.5	Minties st.	969.40002	12	Troleibusai	12	06Ž	3-3066	976	980	1	1
delay	727383	A>B	Žirmūnai–Šeimyniškių–J. Basanavičiaus g.–Žemieji Paneriai	986	990	4.3000002	Šaltinėlio st.	991.40002	21.299999	Žemieji Paneriai	1058.8	12	Troleibusai	12	06Ž	3-3066	1040	1060	1	1
delay	727383	B>A	Žemieji Paneriai–J. Basanavičiaus–Šeimyniškių g.–Žirmūnai	1048	1061	12.5	Baldai	1065.5	21.299999	Šiaurės miestelis	1121.5	12	Troleibusai	12	06Ž	3-3066	1109	1130	1	1
delay	727383	A>B	Žirmūnai–Šeimyniškių–J. Basanavičiaus g.–Žemieji Paneriai	1150	1153	3.2	Žirmūnų seniūnija	1157.1	11.3	Riovonys	1204.2	12	Troleibusai	12	06Ž	3-3066	1199	1209	1	1
delay	727383	B>A	Žemieji Paneriai–J. Basanavičiaus–Šeimyniškių g.–Žirmūnai	1206	1210	4.5999999	Valkininkų st.	1210.7	9.3999996	Šaltinėlio st.	1262.7	12	Troleibusai	12	06Ž	3-3066	1254	1263	1	1
delay	727383	A>B	Žirmūnai–Šeimyniškių–J. Basanavičiaus g.–Žemieji Paneriai	1269	1271	1.3	Žaliasis tiltas	1290.4	6.8000002	Vilkpėdės st.	1316.4	12	Troleibusai	12	06Ž	3-3066	1317	1324	1	1
delay	727383	B>A	Žemieji Paneriai–J. Basanavičiaus–Šeimyniškių g.–Žirmūnai	1325	1325	-0.5	Valkininkų st.	1324.6	4.5	Tuskulėnų rimties parkas	1365.8	12	Troleibusai	12	06Ž	3-3066	1373	1376	1	0
delay	727367	A>B	Žirmūnai–Šeimyniškių–J. Basanavičiaus g.–Žemieji Paneriai	354	353	-3.2	Algirdo st.	381.79999	-1	Žemieji Paneriai	399.39999	12	Troleibusai	12	07	3-2778	402	401	1	0
delay	727367	B>A	Žemieji Paneriai–J. Basanavičiaus–Šeimyniškių g.–Žirmūnai	410	410	-0.2	Minties st.	454.20001	2.5999999	Vilkpėdės st.	422	12	Troleibusai	12	07	3-2778	465	465	0	0
delay	727367	A>B	Žirmūnai–Šeimyniškių–J. Basanavičiaus g.–Žemieji Paneriai	478	473	-4.8000002	Šaltinėlio st.	474.39999	2.0999999	Centro poliklinika	509.39999	12	Troleibusai	12	07	3-2778	532	532	1	1
delay	727367	B>A	Žemieji Paneriai–J. Basanavičiaus–Šeimyniškių g.–Žirmūnai	539	539	0.5	Valkininkų st.	539.5	4.4000001	Žirmūnai	590.09998	12	Troleibusai	12	07	3-2778	591	595	1	1
delay	727367	A>B	Žirmūnai–Šeimyniškių–J. Basanavičiaus g.–Žemieji Paneriai	900	889	-11.6	Algirdo st.	922.59998	-9	Gerosios Vilties st.	932.59998	12	Troleibusai	12	07	3-2778	953	942	1	1
delay	727367	B>A	Žemieji Paneriai–J. Basanavičiaus–Šeimyniškių g.–Žirmūnai	960	951	-11.2	Jogailos st.	980.5	6.8000002	Šaltinėlio st.	1027	12	Troleibusai	12	07	3-2778	1021	1028	1	1
delay	727367	A>B	Žirmūnai–Šeimyniškių–J. Basanavičiaus g.–Žemieji Paneriai	1033	1032	-0.5	Šaltinėlio st.	1033.7	16	Riovonys	1097	12	Troleibusai	12	07	3-2778	1088	1103	1	1
delay	727367	B>A	Žemieji Paneriai–J. Basanavičiaus–Šeimyniškių g.–Žirmūnai	1098	1104	-3.5	Tuskulėnų rimties parkas	1140.3	5.8000002	Vilkpėdės st.	1113.2	12	Troleibusai	12	07	3-2778	1156	1155	1	1
delay	727392	A>B	Žirmūnai–Šeimyniškių–J. Basanavičiaus g.–Žemieji Paneriai	369	368	-2.2	Kareivių st.	372.20001	-1.4	Gerosios Vilties st.	404.89999	12	Troleibusai	12	08	3-2594	417	415	0	0
delay	727392	B>A	Žemieji Paneriai–J. Basanavičiaus–Šeimyniškių g.–Žirmūnai	422	428	4.1999998	Žirmūnų seniūnija	479.39999	7.4000001	Pakalniškių st.	435.60001	12	Troleibusai	12	08	3-2594	477	481	1	1
delay	727392	A>B	Žirmūnai–Šeimyniškių–J. Basanavičiaus g.–Žemieji Paneriai	490	491	1.2	Šaltinėlio st.	492.39999	10.2	Žemieji Paneriai	551.70001	12	Troleibusai	12	08	3-2594	544	553	1	1
delay	727392	B>A	Žemieji Paneriai–J. Basanavičiaus–Šeimyniškių g.–Žirmūnai	550	554	1.9	Vingis	569.59998	4.3000002	Kareivių st.	602	12	Troleibusai	12	08	3-2594	602	605	1	1
delay	727392	A>B	Žirmūnai–Šeimyniškių–J. Basanavičiaus g.–Žemieji Paneriai	637	641	1	Simono Konarskio st.	675.09998	4.5999999	Minties st.	653.29999	12	Troleibusai	12	08	3-2594	690	692	1	1
delay	727392	B>A	Žemieji Paneriai–J. Basanavičiaus–Šeimyniškių g.–Žirmūnai	696	699	1.7	Savanorių prospektas	713.29999	5.5999999	Lvovo st.	735.5	12	Troleibusai	12	08	3-2594	748	751	1	1
delay	727392	A>B	Žirmūnai–Šeimyniškių–J. Basanavičiaus g.–Žemieji Paneriai	754	758	2.8	Vinco Kudirkos aikštė	783	5	Minties st.	770.70001	12	Troleibusai	12	08	3-2594	807	809	1	1
delay	727392	B>A	Žemieji Paneriai–J. Basanavičiaus–Šeimyniškių g.–Žirmūnai	814	817	3.0999999	Savanorių prospektas	832.59998	10.5	Žirmūnai	871.20001	12	Troleibusai	12	08	3-2594	866	875	1	1
delay	727522	A>B	Žirmūnai–Šeimyniškių–J. Basanavičiaus g.–Žemieji Paneriai	876	886	9.8999996	Kareivių st.	892.29999	14.1	Pakalniškių st.	937.90002	12	Troleibusai	12	08	3-783	929	941	1	1
delay	727522	B>A	Žemieji Paneriai–J. Basanavičiaus–Šeimyniškių g.–Žirmūnai	936	942	6.5999999	Valkininkų st.	942.70001	25.1	Kareivių st.	1013.2	12	Troleibusai	12	08	3-783	993	1017	1	1
delay	727528	A>B	Žirmūnai–Šeimyniškių–J. Basanavičiaus g.–Žemieji Paneriai	1004	1036	29.4	Žirmūnų seniūnija	1037.1	38.400002	Pakalniškių st.	1091.1	12	Troleibusai	12	08	3-11	1058	1095	1	1
delay	727528	B>A	Žemieji Paneriai–J. Basanavičiaus–Šeimyniškių g.–Žirmūnai	1066	1096	26.4	Tuskulėnų rimties parkas	1138.7	31.299999	Sausupio st.	1100.8	12	Troleibusai	12	08	3-11	1126	1152	1	1
delay	727528	A>B	Žirmūnai–Šeimyniškių–J. Basanavičiaus g.–Žemieji Paneriai	1165	1170	4.8000002	Žirmūnų seniūnija	1173.5	8.3000002	Algirdo st.	1204.1	12	Troleibusai	12	08	3-11	1214	1219	1	1
delay	727528	B>A	Žemieji Paneriai–J. Basanavičiaus–Šeimyniškių g.–Žirmūnai	1221	1228	5.4000001	Žaliasis tiltas	1256.8	7.5	Šaltinėlio st.	1275.6	12	Troleibusai	12	08	3-11	1269	1276	1	1
delay	727528	A>B	Žirmūnai–Šeimyniškių–J. Basanavičiaus g.–Žemieji Paneriai	1285	1286	0.1	Vaduvos st.	1332.5	1.7	Vinco Kudirkos aikštė	1309.8	12	Troleibusai	12	08	3-11	1333	1333	0	0
delay	727528	B>A	Žemieji Paneriai–J. Basanavičiaus–Šeimyniškių g.–Žirmūnai	1339	1340	0	Gerosios Vilties st.	1352.2	2.5999999	Žirmūnai	1384	12	Troleibusai	12	08	3-11	1387	1389	0	0
delay	727444	A>B	Žirmūnai–Šeimyniškių–J. Basanavičiaus g.–Žemieji Paneriai	382	381	-1.7	Kareivių st.	385.79999	1.5	Gerosios Vilties st.	420.89999	12	Troleibusai	12	09	3-3297	430	431	0	0
delay	727444	B>A	Žemieji Paneriai–J. Basanavičiaus–Šeimyniškių g.–Žirmūnai	439	441	2.3	Valkininkų st.	441.39999	8.1999998	Lvovo st.	481.10001	12	Troleibusai	12	09	3-3297	494	500	1	1
delay	727444	A>B	Žirmūnai–Šeimyniškių–J. Basanavičiaus g.–Žemieji Paneriai	506	509	2.5999999	Šaltinėlio st.	509.89999	8	Šeimyniškių st.	530.40002	12	Troleibusai	12	09	3-3297	560	566	1	1
delay	727444	B>A	Žemieji Paneriai–J. Basanavičiaus–Šeimyniškių g.–Žirmūnai	565	570	4.5	Savanorių prospektas	585.09998	8.1000004	Šiaurės miestelis	618.09998	12	Troleibusai	12	09	3-3297	617	624	1	1
delay	727444	A>B	Žirmūnai–Šeimyniškių–J. Basanavičiaus g.–Žemieji Paneriai	654	656	0.5	Kareivių st.	661.09998	3.4000001	Riovonys	703.5	12	Troleibusai	12	09	3-3297	707	709	1	0
delay	727444	B>A	Žemieji Paneriai–J. Basanavičiaus–Šeimyniškių g.–Žirmūnai	712	713	-0.2	Tuskulėnų rimties parkas	752.20001	2	Žirmūnai	760.70001	12	Troleibusai	12	09	3-3297	764	765	0	0
delay	727444	A>B	Žirmūnai–Šeimyniškių–J. Basanavičiaus g.–Žemieji Paneriai	771	776	4.6999998	Simono Konarskio st.	812.90002	6	Minties st.	788.70001	12	Troleibusai	12	09	3-3297	824	829	1	1
delay	727444	B>A	Žemieji Paneriai–J. Basanavičiaus–Šeimyniškių g.–Žirmūnai	829	836	7.3000002	Valkininkų st.	836.40002	12.8	Šaltinėlio st.	893.20001	12	Troleibusai	12	09	3-3297	881	894	1	1
delay	727444	A>B	Žirmūnai–Šeimyniškių–J. Basanavičiaus g.–Žemieji Paneriai	891	904	10.2	Simono Konarskio st.	938.29999	13.5	Minties st.	916.29999	12	Troleibusai	12	09	3-3297	944	954	1	1
delay	727444	B>A	Žemieji Paneriai–J. Basanavičiaus–Šeimyniškių g.–Žirmūnai	950	961	10.2	Simono Konarskio st.	980.20001	32.900002	Šaltinėlio st.	1042.1	12	Troleibusai	12	09	3-3297	1010	1043	1	1
delay	727444	A>B	Žirmūnai–Šeimyniškių–J. Basanavičiaus g.–Žemieji Paneriai	1017	1044	26.799999	Šaltinėlio st.	1045	37.400002	Simono Konarskio st.	1093.1	12	Troleibusai	12	09	3-3297	1071	1106	1	1
delay	727444	B>A	Žemieji Paneriai–J. Basanavičiaus–Šeimyniškių g.–Žirmūnai	1084	1106	16.9	Žirmūnų seniūnija	1158.5	22.1	Sausupio st.	1109.5	12	Troleibusai	12	09	3-3297	1144	1160	1	1
delay	727444	A>B	Žirmūnai–Šeimyniškių–J. Basanavičiaus g.–Žemieji Paneriai	1183	1193	8.8000002	Šiaurės miestelis	1200	12.9	Riovonys	1237.7	12	Troleibusai	12	09	3-3297	1231	1243	1	1
delay	727444	B>A	Žemieji Paneriai–J. Basanavičiaus–Šeimyniškių g.–Žirmūnai	1240	1247	6	Gerosios Vilties st.	1259.2	8.3999996	Žirmūnai	1290.8	12	Troleibusai	12	09	3-3297	1288	1296	1	1
delay	727444	A>B	Žirmūnai–Šeimyniškių–J. Basanavičiaus g.–Žemieji Paneriai	1308	1304	-5.5	Šiaurės miestelis	1310.7	-2.5	Gerosios Vilties st.	1342.8	12	Troleibusai	12	09	3-3297	1356	1353	1	1
delay	727444	B>A	Žemieji Paneriai–J. Basanavičiaus–Šeimyniškių g.–Žirmūnai	1365	1358	-8.8999996	Gerosios Vilties st.	1369.3	-5.8000002	Šaltinėlio st.	1406.2	12	Troleibusai	12	09	3-3297	1413	1407	1	1
missed	663001	A>B	Žirmūnai–Šeimyniškių–J. Basanavičiaus g.–Žemieji Paneriai	397	NULL	NULL	NULL	NULL	NULL	NULL	NULL	12	Troleibusai	12	10		447	NULL	NULL	NULL
missed	663001	B>A	Žemieji Paneriai–J. Basanavičiaus–Šeimyniškių g.–Žirmūnai	454	NULL	NULL	NULL	NULL	NULL	NULL	NULL	12	Troleibusai	12	10		509	NULL	NULL	NULL
missed	663001	A>B	Žirmūnai–Šeimyniškių–J. Basanavičiaus g.–Žemieji Paneriai	521	NULL	NULL	NULL	NULL	NULL	NULL	NULL	12	Troleibusai	12	10		574	NULL	NULL	NULL
missed	663001	B>A	Žemieji Paneriai–J. Basanavičiaus–Šeimyniškių g.–Žirmūnai	580	NULL	NULL	NULL	NULL	NULL	NULL	NULL	12	Troleibusai	12	10		632	NULL	NULL	NULL
missed	663001	A>B	Žirmūnai–Šeimyniškių–J. Basanavičiaus g.–Žemieji Paneriai	922	NULL	NULL	NULL	NULL	NULL	NULL	NULL	12	Troleibusai	12	10		975	NULL	NULL	NULL
missed	663001	B>A	Žemieji Paneriai–J. Basanavičiaus–Šeimyniškių g.–Žirmūnai	982	NULL	NULL	NULL	NULL	NULL	NULL	NULL	12	Troleibusai	12	10		1043	NULL	NULL	NULL
missed	663001	A>B	Žirmūnai–Šeimyniškių–J. Basanavičiaus g.–Žemieji Paneriai	1051	NULL	NULL	NULL	NULL	NULL	NULL	NULL	12	Troleibusai	12	10		1106	NULL	NULL	NULL
missed	663001	B>A	Žemieji Paneriai–J. Basanavičiaus–Šeimyniškių g.–Žirmūnai	1116	NULL	NULL	NULL	NULL	NULL	NULL	NULL	12	Troleibusai	12	10		1170	NULL	NULL	NULL
delay	727333	A>B	Pašilaičiai—Justiniškės—Žemieji Paneriai	323	320	-4.9000001	Vaduvos st.	356.10001	-2.7	Sūduvių st.	323.60001	13	Troleibusai	13	01	3-2490	362	357	1	1
delay	727333	B>A	Žemieji Paneriai—Justiniškės—Pašilaičiai	366	367	1	Laisvės prospektas	391	3.0999999	Medeinos st.	406.29999	13	Troleibusai	13	01	3-2490	405	408	1	0
delay	727333	A>B	Pašilaičiai—Justiniškės—Žemieji Paneriai	412	412	-3.3	Vaivorykštės st.	436.29999	0.80000001	Sūduvių st.	416.10001	13	Troleibusai	13	01	3-2490	458	457	1	0
delay	727333	B>A	Žemieji Paneriai—Justiniškės—Pašilaičiai	469	465	-4.1999998	Valkininkų st.	464.89999	0.89999998	Lūžiai	501.10001	13	Troleibusai	13	01	3-2490	508	508	1	1
delay	727333	A>B1	Pašilaičiai - st.Žiemieji Paneriai	515	515	-4.4000001	Riovonys	546.79999	0.2	Sūduvių st.	518.5	13	Troleibusai	13	01	3-2490	556	551	1	1
delay	727333	B>A	Žemieji Paneriai—Justiniškės—Pašilaičiai	828	832	4.3000002	Televizijos bokštas	853.40002	7	Medeinos st.	872.20001	13	Troleibusai	13	01	3-2490	867	874	1	1
delay	727333	A>B	Pašilaičiai—Justiniškės—Žemieji Paneriai	877	877	0.1	Skalvių st.	878.09998	2.2	Spaudos rūmai	892.90002	13	Troleibusai	13	01	3-2490	916	916	0	0
delay	727333	B>A	Žemieji Paneriai—Justiniškės—Pašilaičiai	926	928	-0.40000001	Spaudos rūmai	955.5	2.9000001	Eigulių st.	942	13	Troleibusai	13	01	3-2490	967	968	0	0
delay	727333	A>B	Pašilaičiai—Justiniškės—Žemieji Paneriai	974	976	2.5	Skalvių st.	977.59998	6.1999998	Laisvės prospektas	996.90002	13	Troleibusai	13	01	3-2490	1013	1016	1	0
delay	727333	B>A	Žemieji Paneriai—Justiniškės—Pašilaičiai	1024	1023	-0.60000002	Valkininkų st.	1023.5	13	Sūduvių st.	1075.8	13	Troleibusai	13	01	3-2490	1066	1078	1	1
delay	727326	A>B	Pašilaičiai—Justiniškės—Žemieji Paneriai	295	294	-0.89999998	Skalvių st.	295.10001	1.8	Žemieji Paneriai	331.79999	13	Troleibusai	13	02	3-1887	332	333	0	0
delay	727326	B>A	Žemieji Paneriai—Justiniškės—Pašilaičiai	337	339	-1.1	Spaudos rūmai	364.10001	2.7	Eigulių st.	351.29999	13	Troleibusai	13	02	3-1887	376	377	0	0
delay	727326	A>B	Pašilaičiai—Justiniškės—Žemieji Paneriai	387	386	-1.4	Vilkpėdės st.	417.89999	0.1	Lūžiai	397.20001	13	Troleibusai	13	02	3-1887	427	425	0	0
delay	727326	B>A	Žemieji Paneriai—Justiniškės—Pašilaičiai	446	441	-5	Valkininkų st.	441.10001	-1.1	Eigulių st.	456.39999	13	Troleibusai	13	02	3-1887	485	482	1	1
delay	727326	A>B1	Pašilaičiai - st.Žiemieji Paneriai	494	493	-2.7	Kaukaro st.	506.89999	0	Pumpėnų st.	498.39999	13	Troleibusai	13	02	3-1887	538	537	0	0
delay	727326	B>A	Žemieji Paneriai—Justiniškės—Pašilaičiai	809	812	2.4000001	Spaudos rūmai	839.70001	5.1999998	Medeinos st.	851.40002	13	Troleibusai	13	02	3-1887	848	853	1	1
delay	727326	A>B	Pašilaičiai—Justiniškės—Žemieji Paneriai	860	863	3	Skalvių st.	864	6	Laisvės prospektas	882.79999	13	Troleibusai	13	02	3-1887	899	902	1	1
delay	727326	B>A	Žemieji Paneriai—Justiniškės—Pašilaičiai	909	913	2.7	Spaudos rūmai	941.5	4.8000002	Sausupio st.	917.29999	13	Troleibusai	13	02	3-1887	950	953	1	1
delay	727326	A>B	Pašilaičiai—Justiniškės—Žemieji Paneriai	958	960	2.4000001	Skalvių st.	961.40002	4.4000001	Laisvės prospektas	979.09998	13	Troleibusai	13	02	3-1887	997	999	1	0
delay	727326	B>A	Žemieji Paneriai—Justiniškės—Pašilaičiai	1005	1010	4.8000002	Valkininkų st.	1010	11.4	Medeinos st.	1056.2	13	Troleibusai	13	02	3-1887	1047	1058	1	1
delay	727397	A>B	Pašilaičiai—Justiniškės—Žemieji Paneriai	346	347	0.80000001	Kaukaro st.	357.70001	1.7	Eigulių st.	376.29999	13	Troleibusai	13	03	3-100	385	386	0	0
delay	727397	B>A	Žemieji Paneriai—Justiniškės—Pašilaičiai	391	391	-0.30000001	Valkininkų st.	390.79999	1.3	Eigulių st.	403.79999	13	Troleibusai	13	03	3-100	430	430	0	0
delay	727397	A>B	Pašilaičiai—Justiniškės—Žemieji Paneriai	441	438	-6.4000001	Troleibusų parkas	451.60001	-1.4	Sietyno st.	460.20001	13	Troleibusai	13	03	3-100	487	484	1	0
delay	727397	B>A	Žemieji Paneriai—Justiniškės—Pašilaičiai	491	491	-4.4000001	Valkininkų st.	486.60001	3.2	Eigulių st.	505.70001	13	Troleibusai	13	03	3-100	530	532	1	0
delay	727397	A>B1	Pašilaičiai - st.Žiemieji Paneriai	538	538	-1.2	Vilkpėdės st.	568.09998	1.3	Spaudos rūmai	553	13	Troleibusai	13	03	3-100	575	574	0	0
delay	727397	B>A	Žemieji Paneriai—Justiniškės—Pašilaičiai	843	848	5	Laisvės prospektas	872.09998	9.3999996	Medeinos st.	889.59998	13	Troleibusai	13	03	3-100	882	891	1	1
delay	727397	A>B	Pašilaičiai—Justiniškės—Žemieji Paneriai	892	898	2.4000001	Vaduvos st.	932.5	7	Medeinos st.	901.29999	13	Troleibusai	13	03	3-100	931	933	1	1
delay	727397	B>A	Žemieji Paneriai—Justiniškės—Pašilaičiai	944	945	1.2	Laisvės prospektas	969.90002	3.4000001	Sietyno st.	973.29999	13	Troleibusai	13	03	3-100	985	987	1	0
delay	727397	A>B	Pašilaičiai—Justiniškės—Žemieji Paneriai	993	995	1.5	Baldai	1030.2	3.4000001	Spaudos rūmai	1010.1	13	Troleibusai	13	03	3-100	1032	1033	1	0
delay	727397	B>A	Žemieji Paneriai—Justiniškės—Pašilaičiai	1043	1039	-4.0999999	Valkininkų st.	1039.1	1.5	Justiniškės	1080.3	13	Troleibusai	13	03	3-100	1085	1085	1	1
delay	727394	A>B	Pašilaičiai–Justiniškės–Žemieji Paneriai–Titnago g.	372	339	-33.799999	Vilkpėdės st.	369.5	-32.599998	Medeinos st.	341.70001	18	Troleibusai	13	04	3-2869	414	380	1	1
delay	727394	B>A	Titnago g.–Žemieji Paneriai–Justiniškės–Pašilaičiai	420	393	-27.299999	Titnago st.	392.79999	-24.700001	Eigulių st.	409.79999	18	Troleibusai	13	04	3-2869	462	436	1	1
delay	727394	A>B	Pašilaičiai–Justiniškės–Žemieji Paneriai–Titnago g.	470	445	-28.700001	Kaukaro st.	456.89999	-22.9	Laisvės prospektas	469.39999	18	Troleibusai	13	04	3-2869	519	492	1	1
delay	727394	B>A	Titnago g.–Žemieji Paneriai–Justiniškės–Pašilaičiai	530	501	-29.299999	Titnago st.	500.79999	-26.1	Eigulių st.	518.40002	18	Troleibusai	13	04	3-2869	572	543	1	1
delay	727394	A>B	Pašilaičiai—Justiniškės—Žemieji Paneriai	847	842	-4.5999999	Skalvių st.	843.40002	-2.8	Laisvės prospektas	860.90002	13	Troleibusai	13	04	3-2869	886	882	1	1
delay	727394	B>A	Žemieji Paneriai—Justiniškės—Pašilaičiai	895	894	-1	Valkininkų st.	894.09998	2.3	Eigulių st.	908.79999	13	Troleibusai	13	04	3-2869	935	937	0	0
delay	727394	A>B	Pašilaičiai—Justiniškės—Žemieji Paneriai	944	944	-0.5	Lūžiai	952.70001	0.40000001	Pakalniškių st.	978.59998	13	Troleibusai	13	04	3-2869	983	983	0	0
delay	727394	B>A	Žemieji Paneriai—Justiniškės—Pašilaičiai	991	994	2.9000001	Valkininkų st.	994	5.5	Medeinos st.	1036.3	13	Troleibusai	13	04	3-2869	1033	1038	1	1
delay	727325	B>A	Žemieji Paneriai–Centras–Antakalnis	312	312	-2.4000001	Antakalnis	353.39999	0	Ūmėdžių st.	312.89999	4	Troleibusai	13	05	3-2881	357	354	0	0
delay	727325	A>B	Antakalnis–Centras–Žemieji Paneriai	366	368	-1	Simono Konarskio st.	394.39999	2.4000001	Tverečiaus st.	371.39999	4	Troleibusai	13	05	3-2881	411	409	0	0
delay	727325	B>A	Žemieji Paneriai—Justiniškės—Pašilaičiai	427	421	-5.8000002	Parodų rūmai	436.29999	-3	Lūžiai	455.29999	13	Troleibusai	13	05	3-2881	466	462	1	1
delay	727325	A>B	Pašilaičiai—Justiniškės—Žemieji Paneriai	479	474	-7.6999998	Kaukaro st.	486.79999	-3.9000001	Medeinos st.	477.39999	13	Troleibusai	13	05	3-2881	525	519	1	1
delay	727325	B>A	Žemieji Paneriai—Justiniškės—Pašilaičiai	530	530	-0.30000001	Baldai	534.40002	1.8	Lūžiai	563	13	Troleibusai	13	05	3-2881	569	570	0	0
delay	727325	A>B	Pašilaičiai—Justiniškės—Žemieji Paneriai	832	827	-5.9000001	Vaduvos st.	864.20001	-3.5999999	Medeinos st.	830.70001	13	Troleibusai	13	05	3-2881	871	865	1	1
delay	727325	B>A	Žemieji Paneriai—Justiniškės—Pašilaičiai	885	878	-8	Laisvės prospektas	901.09998	-5.5	Eigulių st.	891	13	Troleibusai	13	05	3-2881	925	918	1	1
delay	727325	A>B	Pašilaičiai—Justiniškės—Žemieji Paneriai	931	927	-6.0999999	Vilkpėdės st.	956.20001	-4.0999999	Sūduvių st.	930.20001	13	Troleibusai	13	05	3-2881	970	964	1	1
delay	727325	B>A	Žemieji Paneriai—Justiniškės—Pašilaičiai	977	976	-0.80000001	Valkininkų st.	976.29999	2	Eigulių st.	992.09998	13	Troleibusai	13	05	3-2881	1019	1019	0	0
delay	727429	A>B	Pašilaičiai—Justiniškės—Žemieji Paneriai	366	369	1.9	Vilkpėdės st.	399.29999	3.4000001	Spaudos rūmai	383.10001	13	Troleibusai	13	06	3-2097	405	406	1	0
delay	727429	B>A	Žemieji Paneriai—Justiniškės—Pašilaičiai	412	412	0.60000002	Baldai	417.29999	3.5	Medeinos st.	452.70001	13	Troleibusai	13	06	3-2097	451	454	1	0
delay	727429	A>B	Pašilaičiai—Justiniškės—Žemieji Paneriai	459	463	0.40000001	Kaukaro st.	474.89999	7.4000001	Sietyno st.	486.89999	13	Troleibusai	13	06	3-2097	505	508	1	1
delay	727429	B>A	Žemieji Paneriai—Justiniškės—Pašilaičiai	510	519	9.1999998	Baldai	524	11.3	Karoliniškės	543.5	13	Troleibusai	13	06	3-2097	549	559	1	1
delay	727429	A>B	Pašilaičiai—Justiniškės—Žemieji Paneriai	814	814	-1.9	Vaduvos st.	850.09998	0.30000001	Laisvės prospektas	831	13	Troleibusai	13	06	3-2097	853	850	0	0
delay	727429	B>A	Žemieji Paneriai—Justiniškės—Pašilaičiai	864	860	-3.5999999	Valkininkų st.	860.5	-1.6	Eigulių st.	873.90002	13	Troleibusai	13	06	3-2097	903	901	1	1
delay	727429	A>B	Pašilaičiai—Justiniškės—Žemieji Paneriai	911	908	-2.5	Skalvių st.	909.5	-1.3	Medeinos st.	912	13	Troleibusai	13	06	3-2097	950	947	0	0
delay	727429	B>A	Žemieji Paneriai—Justiniškės—Pašilaičiai	964	959	-4.6999998	Valkininkų st.	959.40002	-2.8	Medeinos st.	1001	13	Troleibusai	13	06	3-2097	1006	1003	1	1
delay	727429	A>B	Pašilaičiai—Justiniškės—Žemieji Paneriai	1013	1009	-5.3000002	Vilkpėdės st.	1039	-3	Medeinos st.	1012.4	13	Troleibusai	13	06	3-2097	1052	1047	1	1
delay	727429	B>A	Žemieji Paneriai—Justiniškės—Pašilaičiai	1064	1053	-11.4	Baldai	1057.5	-5.9000001	Vilkpėdės st.	1068	13	Troleibusai	13	06	3-2097	1106	1097	1	1
delay	727370	A>B	Saulėtekis–Šeimyniškių–J. Basanavičiaus g.–Gerosios Vilties st.	327	332	0.40000001	Reformatų st.	361.20001	4.4000001	Gedimino technikos universitetas	333.60001	14	Troleibusai	14	01	3-2475	372	372	1	1
delay	727370	B>A	Gerosios Vilties st.–J. Basanavičiaus –Šeimyniškių g.–Saulėtekis	372	374	0.80000001	Trakų st.	386.70001	3.8	Vilniaus universitetas	416.79999	14	Troleibusai	14	01	3-2475	416	419	1	0
delay	727370	A>B	Saulėtekis–Šeimyniškių–J. Basanavičiaus g.–Gerosios Vilties st.	432	436	2.8	Antakalnis	443.60001	14.2	Vinco Kudirkos aikštė	478	14	Troleibusai	14	01	3-2475	481	494	1	1
delay	727370	B>A	Gerosios Vilties st.–J. Basanavičiaus –Šeimyniškių g.–Saulėtekis	481	494	11.4	Trakų st.	507.39999	15.2	Lvovo st.	519.5	14	Troleibusai	14	01	3-2475	530	541	1	1
delay	727370	A>B	Saulėtekis–Šeimyniškių–J. Basanavičiaus g.–Gerosios Vilties st.	565	571	5.5	Tverečiaus st.	580	8.3000002	Šeimyniškių st.	594.09998	14	Troleibusai	14	01	3-2475	612	620	1	1
delay	727370	B>A	Gerosios Vilties st.–J. Basanavičiaus –Šeimyniškių g.–Saulėtekis	612	619	6.4000001	Savanorių prospektas	625.29999	13.4	Nemenčinės plentas	665.79999	14	Troleibusai	14	01	3-2475	659	671	1	1
delay	727370	A>B	Saulėtekis–Šeimyniškių–J. Basanavičiaus g.–Gerosios Vilties st.	668	677	8.3000002	Nemenčinės plentas	683.09998	11.2	Simono Konarskio st.	720.70001	14	Troleibusai	14	01	3-2475	715	726	1	1
delay	727370	B>A	Gerosios Vilties st.–J. Basanavičiaus –Šeimyniškių g.–Saulėtekis	715	726	10	Savanorių prospektas	731.90002	12.8	Vinco Kudirkos aikštė	747.5	14	Troleibusai	14	01	3-2475	762	773	1	1
delay	727370	A>B	Saulėtekis–Šeimyniškių–J. Basanavičiaus g.–Gerosios Vilties st.	772	783	10.4	Gedimino technikos universitetas	784.90002	13.5	Savanorių prospektas	830.5	14	Troleibusai	14	01	3-2475	819	833	1	1
delay	727370	B>A	Gerosios Vilties st.–J. Basanavičiaus –Šeimyniškių g.–Saulėtekis	819	832	11	Simono Konarskio st.	840.5	20.1	Gedimino technikos universitetas	883.59998	14	Troleibusai	14	01	3-2475	866	885	1	1
delay	727370	A>B	Saulėtekis–Šeimyniškių–J. Basanavičiaus g.–Gerosios Vilties st.	876	891	14.6	Antakalnis	899.40002	17.799999	Savanorių prospektas	938.79999	14	Troleibusai	14	01	3-2475	923	941	1	1
delay	727370	B>A	Gerosios Vilties st.–J. Basanavičiaus –Šeimyniškių g.–Saulėtekis	923	940	16.5	Savanorių prospektas	946.40002	30.6	Gedimino technikos universitetas	999.09998	14	Troleibusai	14	01	3-2475	971	1001	1	1
delay	727370	A>B	Saulėtekis–Šeimyniškių–J. Basanavičiaus g.–Gerosios Vilties st.	981	1005	23.799999	Gedimino technikos universitetas	1007.3	31.9	Savanorių prospektas	1058.8	14	Troleibusai	14	01	3-2475	1029	1061	1	1
delay	727370	B>A	Gerosios Vilties st.–J. Basanavičiaus –Šeimyniškių g.–Saulėtekis	1029	1063	29.9	Jogailos st.	1080.1	57.799999	Tverečiaus st.	1131.1	14	Troleibusai	14	01	3-2475	1082	1139	1	1
delay	727370	A>B	Saulėtekis–Šeimyniškių–J. Basanavičiaus g.–Gerosios Vilties st.	1096	1151	54.099998	Šilo tiltas	1165.2	57	Vinco Kudirkos aikštė	1183.8	14	Troleibusai	14	01	3-2475	1144	1200	1	1
delay	727370	B>A	Gerosios Vilties st.–J. Basanavičiaus –Šeimyniškių g.–Saulėtekis	1144	1199	53.799999	Simono Konarskio st.	1207	57.299999	Nemenčinės plentas	1238.6	14	Troleibusai	14	01	3-2475	1188	1245	1	1
delay	727370	A>B	Saulėtekis–Šeimyniškių–J. Basanavičiaus g.–Gerosios Vilties st.	1225	1253	26.4	Klinikų st.	1263.5	28.1	Savanorių prospektas	1295.5	14	Troleibusai	14	01	3-2475	1270	1297	1	1
delay	727370	B>A	Gerosios Vilties st.–J. Basanavičiaus –Šeimyniškių g.–Saulėtekis	1270	1298	27.200001	Savanorių prospektas	1302.2	29.700001	Šilo tiltas	1330.6	14	Troleibusai	14	01	3-2475	1313	1341	1	1
delay	727370	A>B	Saulėtekis–Šeimyniškių–J. Basanavičiaus g.–Gerosios Vilties st.	1328	1352	22.1	Leono Sapiegos st.	1367.5	24.299999	Senoji plytinė	1353.5	14	Troleibusai	14	01	3-2475	1373	1395	1	1
delay	727370	B>A	Gerosios Vilties st.–J. Basanavičiaus –Šeimyniškių g.–Saulėtekis	1373	1396	22.700001	Algirdo st.	1405.7	25.1	Šilo tiltas	1428.9	14	Troleibusai	14	01	3-2475	1416	1432	1	1
delay	727414	A>B	Saulėtekis–Šeimyniškių–J. Basanavičiaus g.–Gerosios Vilties st.	355	370	12.7	Leono Sapiegos st.	385.10001	16.700001	Vingis	412	14	Troleibusai	14	02	3-2777	400	416	1	1
delay	727414	B>A	Gerosios Vilties st.–J. Basanavičiaus –Šeimyniškių g.–Saulėtekis	400	417	14.4	Simono Konarskio st.	423.70001	19.1	Gedimino technikos universitetas	464.5	14	Troleibusai	14	02	3-2777	448	466	1	1
delay	727414	A>B	Saulėtekis–Šeimyniškių–J. Basanavičiaus g.–Gerosios Vilties st.	460	472	11.3	Vilniaus universitetas	474.60001	17.299999	Šeimyniškių st.	499.10001	14	Troleibusai	14	02	3-2777	509	525	1	1
delay	727414	B>A	Gerosios Vilties st.–J. Basanavičiaus –Šeimyniškių g.–Saulėtekis	509	525	15	Savanorių prospektas	529.90002	21.200001	Lvovo st.	553.5	14	Troleibusai	14	02	3-2777	558	574	1	1
delay	727414	A>B	Saulėtekis–Šeimyniškių–J. Basanavičiaus g.–Gerosios Vilties st.	595	604	8.8999996	Šilo tiltas	618.90002	11.4	Vinco Kudirkos aikštė	636.90002	14	Troleibusai	14	02	3-2777	642	653	1	1
delay	727414	B>A	Gerosios Vilties st.–J. Basanavičiaus –Šeimyniškių g.–Saulėtekis	642	652	9.6999998	Savanorių prospektas	658.59998	12.8	Vinco Kudirkos aikštė	674.5	14	Troleibusai	14	02	3-2777	689	700	1	1
delay	727414	A>B	Saulėtekis–Šeimyniškių–J. Basanavičiaus g.–Gerosios Vilties st.	700	709	8.3999996	Senoji plytinė	709.5	12.2	Savanorių prospektas	757.29999	14	Troleibusai	14	02	3-2777	747	759	1	1
delay	727414	B>A	Gerosios Vilties st.–J. Basanavičiaus –Šeimyniškių g.–Saulėtekis	747	759	11.2	Savanorių prospektas	765.09998	16.299999	Gedimino technikos universitetas	807.79999	14	Troleibusai	14	02	3-2777	794	810	1	1
delay	727414	A>B	Saulėtekis–Šeimyniškių–J. Basanavičiaus g.–Gerosios Vilties st.	805	816	10.3	Klinikų st.	827.59998	14.2	Simono Konarskio st.	860.70001	14	Troleibusai	14	02	3-2777	852	866	1	1
delay	727414	B>A	Gerosios Vilties st.–J. Basanavičiaus –Šeimyniškių g.–Saulėtekis	852	866	12.3	Savanorių prospektas	871.29999	16.200001	Antakalnis	907.59998	14	Troleibusai	14	02	3-2777	899	914	1	1
delay	727414	A>B	Saulėtekis–Šeimyniškių–J. Basanavičiaus g.–Gerosios Vilties st.	913	925	11.7	Senoji plytinė	925.90002	18.299999	Vingis	974.20001	14	Troleibusai	14	02	3-2777	960	978	1	1
delay	727414	B>A	Gerosios Vilties st.–J. Basanavičiaus –Šeimyniškių g.–Saulėtekis	960	978	15.2	Žaliasis tiltas	1001.5	32.799999	Vilniaus universitetas	1042.7	14	Troleibusai	14	02	3-2777	1013	1045	1	1
delay	727414	A>B	Saulėtekis–Šeimyniškių–J. Basanavičiaus g.–Gerosios Vilties st.	1023	1048	23.9	Žaliasis tiltas	1074.8	27.799999	Simono Konarskio st.	1093.2	14	Troleibusai	14	02	3-2777	1071	1098	1	1
delay	727414	B>A	Gerosios Vilties st.–J. Basanavičiaus –Šeimyniškių g.–Saulėtekis	1071	1098	21.1	„Žalgirio“ stadionas	1123.5	30.299999	Klinikų st.	1143	14	Troleibusai	14	02	3-2777	1123	1152	1	1
delay	727414	A>B	Saulėtekis–Šeimyniškių–J. Basanavičiaus g.–Gerosios Vilties st.	1158	1183	24.700001	Leono Sapiegos st.	1200.5	27.6	Centro poliklinika	1218	14	Troleibusai	14	02	3-2777	1204	1230	1	1
delay	727414	B>A	Gerosios Vilties st.–J. Basanavičiaus –Šeimyniškių g.–Saulėtekis	1204	1230	24	Algirdo st.	1239	28.299999	Gedimino technikos universitetas	1273.1	14	Troleibusai	14	02	3-2777	1247	1275	1	1
delay	727414	A>B	Saulėtekis–Šeimyniškių–J. Basanavičiaus g.–Gerosios Vilties st.	1260	1287	25.299999	Simono Konarskio st.	1324.3	27.799999	Šeimyniškių st.	1308.3	14	Troleibusai	14	02	3-2777	1305	1330	1	1
delay	727414	B>A	Gerosios Vilties st.–J. Basanavičiaus –Šeimyniškių g.–Saulėtekis	1305	1330	25.1	Vingis	1337.2	28.799999	Šilo tiltas	1364.6	14	Troleibusai	14	02	3-2777	1348	1375	1	1
missed	663009	A>B	Saulėtekis–Šeimyniškių–J. Basanavičiaus g.–Gerosios Vilties st.	1360	NULL	NULL	NULL	NULL	NULL	NULL	NULL	14	Troleibusai	14	02		1405	NULL	NULL	NULL
delay	727377	A>B	Saulėtekis–Šeimyniškių–J. Basanavičiaus g.–Gerosios Vilties st.	396	354	-45.599998	Simono Konarskio st.	392.29999	-41.700001	Senoji plytinė	355.39999	14	Troleibusai	14	03	3-2865	444	398	1	1
delay	727377	B>A	Gerosios Vilties st.–J. Basanavičiaus –Šeimyniškių g.–Saulėtekis	444	399	-47.400002	Tverečiaus st.	436.70001	-44.799999	Lvovo st.	422.5	14	Troleibusai	14	03	3-2865	493	446	1	1
delay	727377	A>B	Saulėtekis–Šeimyniškių–J. Basanavičiaus g.–Gerosios Vilties st.	512	456	-55.799999	Gedimino technikos universitetas	458.70001	-38.799999	Centro poliklinika	507.89999	14	Troleibusai	14	03	3-2865	561	521	1	1
delay	727377	B>A	Gerosios Vilties st.–J. Basanavičiaus –Šeimyniškių g.–Saulėtekis	561	521	-41.400002	Savanorių prospektas	526.5	-32.799999	Antakalnis	567.59998	14	Troleibusai	14	03	3-2865	608	574	1	1
delay	727377	A>B	Saulėtekis–Šeimyniškių–J. Basanavičiaus g.–Gerosios Vilties st.	896	874	-22	Nemenčinės plentas	880.90002	-17.700001	Savanorių prospektas	922.29999	14	Troleibusai	14	03	3-2865	942	924	1	1
delay	727377	B>A	Gerosios Vilties st.–J. Basanavičiaus –Šeimyniškių g.–Saulėtekis	942	925	-16.9	Savanorių prospektas	931.09998	-12.9	Nemenčinės plentas	972.5	14	Troleibusai	14	03	3-2865	992	978	1	1
delay	727377	A>B	Saulėtekis–Šeimyniškių–J. Basanavičiaus g.–Gerosios Vilties st.	1003	980	-23.299999	Gedimino technikos universitetas	982.20001	-3.5	Savanorių prospektas	1045.4	14	Troleibusai	14	03	3-2865	1051	1047	1	1
delay	727377	B>A	Gerosios Vilties st.–J. Basanavičiaus –Šeimyniškių g.–Saulėtekis	1051	1052	-1.1	Jogailos st.	1071.1	33.200001	Tverečiaus st.	1127.5	14	Troleibusai	14	03	3-2865	1103	1135	1	1
missed	663012	A>B	Saulėtekis–Šeimyniškių–J. Basanavičiaus g.–Gerosios Vilties st.	1119	NULL	NULL	NULL	NULL	NULL	NULL	NULL	14	Troleibusai	14	03		1165	NULL	NULL	NULL
delay	727319	B>A	Gerosios Vilties st.–J. Basanavičiaus –Šeimyniškių g.–Saulėtekis	332	331	-1.5	Trakų st.	344.39999	0.40000001	Antakalnis	368.29999	14	Troleibusai	14	04	3-2561	375	375	0	0
delay	727319	A>B	Saulėtekis–Šeimyniškių–J. Basanavičiaus g.–Gerosios Vilties st.	382	387	4.5	Klinikų st.	398.39999	6.4000001	Vinco Kudirkos aikštė	417.60001	14	Troleibusai	14	04	3-2561	427	432	1	1
delay	727319	B>A	Gerosios Vilties st.–J. Basanavičiaus –Šeimyniškių g.–Saulėtekis	427	433	6.3000002	Savanorių prospektas	439.20001	9.5	Lvovo st.	459.79999	14	Troleibusai	14	04	3-2561	476	484	1	1
delay	727319	A>B	Saulėtekis–Šeimyniškių–J. Basanavičiaus g.–Gerosios Vilties st.	486	494	7.8000002	Antakalnis	502.5	11.2	Centro poliklinika	531.90002	14	Troleibusai	14	04	3-2561	535	544	1	1
delay	727319	B>A	Gerosios Vilties st.–J. Basanavičiaus –Šeimyniškių g.–Saulėtekis	535	545	8.3000002	Gedimino technikos universitetas	586.90002	11.3	„Žalgirio“ stadionas	571.29999	14	Troleibusai	14	04	3-2561	581	589	1	1
delay	727319	A>B	Saulėtekis–Šeimyniškių–J. Basanavičiaus g.–Gerosios Vilties st.	625	628	2.9000001	Algirdo st.	667.40002	6.0999999	Šeimyniškių st.	651.90002	14	Troleibusai	14	04	3-2561	672	675	1	1
delay	727319	B>A	Gerosios Vilties st.–J. Basanavičiaus –Šeimyniškių g.–Saulėtekis	672	674	1.3	Savanorių prospektas	680.29999	4.9000001	Vinco Kudirkos aikštė	698.5	14	Troleibusai	14	04	3-2561	719	721	1	0
delay	727319	A>B	Saulėtekis–Šeimyniškių–J. Basanavičiaus g.–Gerosios Vilties st.	733	737	4	Leono Sapiegos st.	754.70001	6.1999998	Simono Konarskio st.	780.70001	14	Troleibusai	14	04	3-2561	780	786	1	1
delay	727319	B>A	Gerosios Vilties st.–J. Basanavičiaus –Šeimyniškių g.–Saulėtekis	780	785	3.5999999	Žaliasis tiltas	806.40002	6.3000002	Nemenčinės plentas	826.70001	14	Troleibusai	14	04	3-2561	827	833	1	1
delay	727319	A>B	Saulėtekis–Šeimyniškių–J. Basanavičiaus g.–Gerosios Vilties st.	838	843	4.4000001	Nemenčinės plentas	849.20001	7.5	Vinco Kudirkos aikštė	876	14	Troleibusai	14	04	3-2561	885	892	1	1
delay	727319	B>A	Gerosios Vilties st.–J. Basanavičiaus –Šeimyniškių g.–Saulėtekis	885	892	5.8000002	Žaliasis tiltas	914.59998	9.6999998	Nemenčinės plentas	936.09998	14	Troleibusai	14	04	3-2561	933	942	1	1
delay	727319	A>B	Saulėtekis–Šeimyniškių–J. Basanavičiaus g.–Gerosios Vilties st.	940	950	9.1999998	Klinikų st.	961.40002	18.9	Savanorių prospektas	1004.8	14	Troleibusai	14	04	3-2561	988	1007	1	1
delay	727319	B>A	Gerosios Vilties st.–J. Basanavičiaus –Šeimyniškių g.–Saulėtekis	988	1008	18.6	Jogailos st.	1027.8	33.599998	Leono Sapiegos st.	1059.2	14	Troleibusai	14	04	3-2561	1041	1073	1	1
delay	727319	A>B	Saulėtekis–Šeimyniškių–J. Basanavičiaus g.–Gerosios Vilties st.	1052	1075	23	Klinikų st.	1087.2	26.9	Savanorių prospektas	1124.8	14	Troleibusai	14	04	3-2561	1100	1127	1	1
delay	727319	B>A	Gerosios Vilties st.–J. Basanavičiaus –Šeimyniškių g.–Saulėtekis	1100	1127	21.9	Šeimyniškių st.	1154.9	27.299999	Gerosios Vilties st.	1129.9	14	Troleibusai	14	04	3-2561	1152	1175	1	1
delay	727319	A>B	Saulėtekis–Šeimyniškių–J. Basanavičiaus g.–Gerosios Vilties st.	1191	1217	24	Algirdo st.	1253.3	25.6	Šeimyniškių st.	1237.4	14	Troleibusai	14	04	3-2561	1237	1261	1	1
delay	727319	B>A	Gerosios Vilties st.–J. Basanavičiaus –Šeimyniškių g.–Saulėtekis	1237	1261	23.700001	Algirdo st.	1270.8	26.9	Nemenčinės plentas	1300.8	14	Troleibusai	14	04	3-2561	1280	1306	1	1
delay	727319	A>B	Saulėtekis–Šeimyniškių–J. Basanavičiaus g.–Gerosios Vilties st.	1292	1315	21.5	Žaliasis tiltas	1339.9	23.200001	Senoji plytinė	1316.2	14	Troleibusai	14	04	3-2561	1337	1358	1	1
delay	727319	B>A	Gerosios Vilties st.–J. Basanavičiaus –Šeimyniškių g.–Saulėtekis	1337	1360	22.9	Vingis	1367	24.799999	Šilo tiltas	1392.7	14	Troleibusai	14	04	3-2561	1380	1404	1	1
delay	727483	A>B	Saulėtekis–Šeimyniškių–J. Basanavičiaus g.–Gerosios Vilties st.	414	414	-1.8	Vingis	456.60001	1.1	Šeimyniškių st.	436.60001	14	Troleibusai	14	05	3-24	463	461	0	0
delay	727483	B>A	Gerosios Vilties st.–J. Basanavičiaus –Šeimyniškių g.–Saulėtekis	463	463	-0.40000001	Savanorių prospektas	468.5	4.1999998	Lvovo st.	490.39999	14	Troleibusai	14	05	3-24	512	513	1	0
delay	727483	A>B	Saulėtekis–Šeimyniškių–J. Basanavičiaus g.–Gerosios Vilties st.	534	524	-9.8999996	Gedimino technikos universitetas	526.5	-5.4000001	Šeimyniškių st.	549.5	14	Troleibusai	14	05	3-24	581	572	1	1
delay	727483	A>B	Saulėtekis–Šeimyniškių–J. Basanavičiaus g.–Gerosios Vilties st.	534	904	1440	NULL	0	-1440	NULL	0	14	Troleibusai	14	05	3-24	581	957	0	1
delay	727483	B>A	Gerosios Vilties st.–J. Basanavičiaus –Šeimyniškių g.–Saulėtekis	581	573	-7.9000001	Vingis	581.20001	-3.3	„Žalgirio“ stadionas	602.79999	14	Troleibusai	14	05	3-24	627	622	1	1
missed	663011	A>B	Saulėtekis–Šeimyniškių–J. Basanavičiaus g.–Gerosios Vilties st.	960	NULL	NULL	NULL	NULL	NULL	NULL	NULL	14	Troleibusai	14	05		1009	NULL	NULL	NULL
delay	727483	B>A	Gerosios Vilties st.–J. Basanavičiaus –Šeimyniškių g.–Saulėtekis	1009	958	-52.5	Savanorių prospektas	963.40002	-33.299999	Vilniaus universitetas	1026.6	14	Troleibusai	14	05	3-24	1063	1029	1	1
delay	727483	A>B	Saulėtekis–Šeimyniškių–J. Basanavičiaus g.–Gerosios Vilties st.	1076	1033	-43.400002	Vilniaus universitetas	1035.8	-34.5	Savanorių prospektas	1087.4	14	Troleibusai	14	05	3-24	1124	1089	1	1
delay	727320	A>B	Stotis–Žemieji Paneriai–Titnago g.	307	309	-0.30000001	Gerosios Vilties st.	320.5	1.5	Aguonų st.	310.89999	15	Troleibusai	15	01	3-2571	334	334	0	0
delay	727320	B>A	Titnago g.–Žemieji Paneriai–Stotis	338	347	8.8000002	Titnago st.	346.79999	11	Naujamiestis	370.79999	15	Troleibusai	15	01	3-2571	366	376	1	1
delay	727320	A>B	Stotis–Žemieji Paneriai–Titnago g.	367	378	9.5	Gerosios Vilties st.	390.29999	11.6	Jankiškių st.	403.60001	15	Troleibusai	15	01	3-2571	394	405	1	1
delay	727320	B>A	Titnago g.–Žemieji Paneriai–Stotis	406	409	3.0999999	Jankiškių st.	411.20001	5.0999999	Naujamiestis	433.89999	15	Troleibusai	15	01	3-2571	435	439	1	1
delay	727320	A>B	Stotis–Žemieji Paneriai–Titnago g.	436	440	0.69999999	Gerosios Vilties st.	454.60001	5.3000002	Aguonų st.	443.79999	15	Troleibusai	15	01	3-2571	467	469	1	1
delay	727320	B>A	Titnago g.–Žemieji Paneriai–Stotis	478	480	1.9	Jankiškių st.	481.89999	4.5999999	Aguonų st.	509.89999	15	Troleibusai	15	01	3-2571	507	512	1	1
delay	727320	A>B1	Stotis–st. Žemieji Paneriai	508	513	4.9000001	Stotis	513	6.9000001	„Sparta“	520.59998	15	Troleibusai	15	01	3-2571	532	537	1	1
delay	727320	B>A	Titnago g.–Žemieji Paneriai–Stotis	585	589	-0.2	Žemaitės st.	604.40002	2.5	Aguonų st.	614.79999	15	Troleibusai	15	01	3-2571	614	616	0	1
delay	727320	A>B	Stotis–Žemieji Paneriai–Titnago g.	615	617	1.8	Naujamiestis	625.09998	3.0999999	Valkininkų st.	643.90002	15	Troleibusai	15	01	3-2571	644	644	1	0
delay	727320	B>A	Titnago g.–Žemieji Paneriai–Stotis	654	660	2.7	Valkininkų st.	660	4	Pakalniškių st.	667.09998	15	Troleibusai	15	01	3-2571	683	686	1	1
delay	727320	A>B	Stotis–Žemieji Paneriai–Titnago g.	684	688	3.5999999	Stotis	687.59998	5.5	Aguonų st.	692	15	Troleibusai	15	01	3-2571	713	713	1	1
delay	727320	B>A	Titnago g.–Žemieji Paneriai–Stotis	723	731	4.6999998	Valkininkų st.	731	6.6999998	„Sparta“	754.90002	15	Troleibusai	15	01	3-2571	752	758	1	1
delay	727320	A>B	Stotis–Žemieji Paneriai–Titnago g.	753	760	5	Gerosios Vilties st.	773.79999	7.5	Pakalniškių st.	781.59998	15	Troleibusai	15	01	3-2571	782	786	1	1
delay	727320	B>A	Titnago g.–Žemieji Paneriai–Stotis	798	799	-3.0999999	Žemaitės st.	814.5	-1.6	Sausupio st.	802.79999	15	Troleibusai	15	01	3-2571	827	825	1	0
delay	727320	A>B	Stotis–Žemieji Paneriai–Titnago g.	828	826	-2.4000001	Stotis	825.59998	2.5	Valkininkų st.	856.29999	15	Troleibusai	15	01	3-2571	857	859	0	0
delay	727320	B>A	Titnago g.–Žemieji Paneriai–Stotis	867	875	6.5	Aguonų st.	900.90002	8.8999996	Sausupio st.	882.29999	15	Troleibusai	15	01	3-2571	896	902	1	1
delay	727320	A>B	Stotis–Žemieji Paneriai–Titnago g.	897	906	5.8000002	Vaduvos st.	929.79999	9.3000002	Aguonų st.	908.79999	15	Troleibusai	15	01	3-2571	928	934	1	1
delay	727320	B>A	Titnago g.–Žemieji Paneriai–Stotis	939	948	8.5	Statybininkų st.	969.40002	9.6999998	Vilkpėdės st.	961.59998	15	Troleibusai	15	01	3-2571	969	978	1	1
delay	727320	A>B	Stotis–Žemieji Paneriai–Titnago g.	970	980	8.1999998	Gerosios Vilties st.	996.09998	10.8	Aguonų st.	983.29999	15	Troleibusai	15	01	3-2571	1001	1010	1	1
delay	727320	B>A	Titnago g.–Žemieji Paneriai–Stotis	1010	1019	8.8000002	Titnago st.	1018.9	22.799999	Aguonų st.	1060.7	15	Troleibusai	15	01	3-2571	1042	1064	1	1
delay	727320	A>B	Stotis–Žemieji Paneriai–Titnago g.	1043	1065	19.9	Naujamiestis	1072.2	25.9	Vilkpėdės st.	1089.2	15	Troleibusai	15	01	3-2571	1074	1098	1	1
delay	727320	A>B	Stotis–Žemieji Paneriai–Titnago g.	1043	1124	1440	NULL	0	-1440	NULL	0	15	Troleibusai	15	01	3-2571	1074	1190	0	1
delay	727320	B>A	Titnago g.–Žemieji Paneriai–Stotis	1086	1098	5.9000001	Aguonų st.	1119.4	12	Šaltupio st.	1099.3	15	Troleibusai	15	01	3-2571	1117	1123	1	1
missed	663015	A>B1	Stotis–st. Žemieji Paneriai	1118	NULL	NULL	NULL	NULL	NULL	NULL	NULL	15	Troleibusai	15	01		1144	NULL	NULL	NULL
delay	727320	B>A	Titnago g.–Žemieji Paneriai–Stotis	1197	1196	-5.5	Savanorių prospektas	1209	-3.5	„Sparta“	1217.7	15	Troleibusai	15	01	3-2571	1225	1222	1	0
delay	727320	A>B	Stotis–Žemieji Paneriai–Titnago g.	1226	1223	-4	Stotis	1222.1	-1.7	Aguonų st.	1226.8	15	Troleibusai	15	01	3-2571	1255	1249	1	1
delay	727320	B>A	Titnago g.–Žemieji Paneriai–Stotis	1266	1263	-7.3000002	Savanorių prospektas	1276.2	-5.6999998	Naujamiestis	1282	15	Troleibusai	15	01	3-2571	1294	1288	1	1
delay	727320	A>B	Stotis–Žemieji Paneriai–Titnago g.	1295	1291	-6.0999999	Gerosios Vilties st.	1304.3	-2.7	Aguonų st.	1294.8	15	Troleibusai	15	01	3-2571	1324	1315	1	1
delay	727320	B>A	Titnago g.–Žemieji Paneriai–Stotis	1332	1329	-8	Aguonų st.	1350.4	-6.5999999	Valkininkų st.	1328.7	15	Troleibusai	15	01	3-2571	1360	1352	1	1
delay	727320	A>B	Stotis–Žemieji Paneriai–Titnago g.	1361	1356	-6.3000002	Vaduvos st.	1377.3	-4.4000001	„Sparta“	1361.3	15	Troleibusai	15	01	3-2571	1388	1378	1	1
delay	727320	B>A	Titnago g.–Žemieji Paneriai–Stotis	1392	1397	-2.2	Aguonų st.	1416.1	1.5	Valkininkų st.	1396.8	15	Troleibusai	15	01	3-2571	1420	1418	0	1
delay	727345	A>B	Stotis–Žemieji Paneriai–Titnago g.	327	327	-1.6	Gerosios Vilties st.	339.29999	0.5	Jankiškių st.	352.5	15	Troleibusai	15	02	3-1994	354	354	0	0
delay	727345	B>A	Titnago g.–Žemieji Paneriai–Stotis	361	362	0.1	„Sparta“	385.5	2.5	Baldai	371.10001	15	Troleibusai	15	02	3-1994	389	389	0	0
delay	727345	A>B	Stotis–Žemieji Paneriai–Titnago g.	390	392	1.6	Stotis	391.60001	4.3000002	Statybininkų st.	403.29999	15	Troleibusai	15	02	3-1994	417	420	1	0
delay	727345	B>A	Titnago g.–Žemieji Paneriai–Stotis	428	433	4.9000001	Titnago st.	433	7	Riovonys	445.89999	15	Troleibusai	15	02	3-1994	457	463	1	1
delay	727345	A>B	Stotis–Žemieji Paneriai–Titnago g.	458	464	5	Stotis	463	7.4000001	Aguonų st.	467.89999	15	Troleibusai	15	02	3-1994	489	495	1	1
delay	727345	B>A	Titnago g.–Žemieji Paneriai–Stotis	501	505	3.0999999	Statybininkų st.	525.40002	4.9000001	Riovonys	516.90002	15	Troleibusai	15	02	3-1994	530	534	1	1
delay	727345	A>B1	Stotis–st. Žemieji Paneriai	531	536	3.7	Gerosios Vilties st.	550.5	5.3000002	Aguonų st.	538.79999	15	Troleibusai	15	02	3-1994	555	558	1	1
delay	727345	B>A	Titnago g.–Žemieji Paneriai–Stotis	921	895	-28.700001	Aguonų st.	920.29999	-26.200001	Vilkpėdės st.	907.70001	15	Troleibusai	15	02	3-1994	951	922	1	1
delay	727345	A>B	Stotis–Žemieji Paneriai–Titnago g.	952	923	-30.4	Naujamiestis	930.90002	-27.1	Jankiškių st.	953.79999	15	Troleibusai	15	02	3-1994	983	955	1	1
delay	727345	B>A	Titnago g.–Žemieji Paneriai–Stotis	993	972	-21.1	Titnago st.	972	-16	Aguonų st.	1005	15	Troleibusai	15	02	3-1994	1025	1009	1	1
delay	727345	A>B	Stotis–Žemieji Paneriai–Titnago g.	1026	1010	-17.5	Savanorių prospektas	1024.6	-13.9	Aguonų st.	1014.6	15	Troleibusai	15	02	3-1994	1057	1041	1	1
delay	727345	B>A	Titnago g.–Žemieji Paneriai–Stotis	1067	1045	-22.5	Titnago st.	1044.6	-15.8	Aguonų st.	1079.1	15	Troleibusai	15	02	3-1994	1099	1083	1	1
delay	727376	A>B	Stotis–Žemieji Paneriai–Titnago g.	350	350	-3	Gerosios Vilties st.	360.89999	0.30000001	Aguonų st.	352.79999	15	Troleibusai	15	03	3-1895	377	374	0	0
delay	727376	B>A	Titnago g.–Žemieji Paneriai–Stotis	382	385	2.2	Titnago st.	384.29999	3.7	Aguonų st.	412	15	Troleibusai	15	03	3-1895	410	414	1	1
delay	727376	A>B	Stotis–Žemieji Paneriai–Titnago g.	411	416	1.9	Šaltupio st.	440.70001	6.4000001	„Sparta“	422.20001	15	Troleibusai	15	03	3-1895	440	441	1	1
delay	727376	A>B	Stotis–Žemieji Paneriai–Titnago g.	411	884	1440	NULL	0	-1440	NULL	0	15	Troleibusai	15	03	3-1895	440	914	0	1
delay	727376	B>A	Titnago g.–Žemieji Paneriai–Stotis	452	453	0.89999998	Ūmėdžių st.	457	2.3	Sausupio st.	460.79999	15	Troleibusai	15	03	3-1895	481	483	0	0
delay	727376	B>A	Titnago g.–Žemieji Paneriai–Stotis	452	851	1440	NULL	0	-1440	NULL	0	15	Troleibusai	15	03	3-1895	481	881	0	1
delay	727376	A>B1	Stotis–st. Žemieji Paneriai	482	484	-2	Gerosios Vilties st.	497.79999	1.5	Aguonų st.	485.89999	15	Troleibusai	15	03	3-1895	508	507	0	0
delay	727376	B>A	Titnago g.–Žemieji Paneriai–Stotis	892	925	29.1	„Sparta“	946.29999	32.5	Šaltupio st.	925.79999	15	Troleibusai	15	03	3-1895	921	950	1	1
delay	727376	A>B	Stotis–Žemieji Paneriai–Titnago g.	922	953	30.299999	Stotis	952.40002	32.200001	Vilkpėdės st.	974.5	15	Troleibusai	15	03	3-1895	953	984	1	1
delay	727376	B>A	Titnago g.–Žemieji Paneriai–Stotis	966	996	29.1	Titnago st.	995.20001	33	Gerosios Vilties st.	1014.8	15	Troleibusai	15	03	3-1895	998	1030	1	1
delay	727376	A>B	Stotis–Žemieji Paneriai–Titnago g.	999	1032	32.200001	Naujamiestis	1040.3	38.400002	Riovonys	1058.9	15	Troleibusai	15	03	3-1895	1030	1065	1	1
delay	727376	B>A	Titnago g.–Žemieji Paneriai–Stotis	1041	1070	27.4	„Sparta“	1094.3	30	Gerosios Vilties st.	1086.8	15	Troleibusai	15	03	3-1895	1073	1100	1	1
missed	663013	A>B	Stotis–Žemieji Paneriai–Titnago g.	1074	NULL	NULL	NULL	NULL	NULL	NULL	NULL	15	Troleibusai	15	03		1105	NULL	NULL	NULL
missed	663013	B>A	Titnago g.–Žemieji Paneriai–Stotis	1112	NULL	NULL	NULL	NULL	NULL	NULL	NULL	15	Troleibusai	15	03		1141	NULL	NULL	NULL
delay	727321	A>B	Pašilaičiai–Lazdynai–Stotis	305	306	-1.1	Viršuliškės	312.60001	1.2	Žemynos st.	307.29999	16	Troleibusai	16	01	3-10399	345	345	0	0
delay	727321	B>A	Stotis–Lazdynai–Pašilaičiai	346	348	-0.69999999	Rygos st.	380.70001	1.7	„Sparta“	352.5	16	Troleibusai	16	01	3-10399	386	385	0	0
delay	727321	A>B	Pašilaičiai–Lazdynai–Stotis	399	396	-2.7	Viršuliškės	406.10001	-0.1	Naujamiestis	433.89999	16	Troleibusai	16	01	3-10399	441	439	0	0
delay	727321	B>A	Stotis–Lazdynai–Pašilaičiai	442	441	-4.4000001	Televizijos bokštas	465.5	-0.69999999	Čiobiškio st.	482.60001	16	Troleibusai	16	01	3-10399	487	486	1	0
delay	727321	A>B	Pašilaičiai–Lazdynai–Stotis	501	494	-8	Karoliniškės	511.10001	-4	Aguonų st.	538.59998	16	Troleibusai	16	01	3-10399	545	540	1	1
delay	727321	B>A	Stotis–Lazdynai–Pašilaičiai	546	543	-5.3000002	Vilniaus rajono poliklinika	580.5	-3.4000001	„Sparta“	548.40002	16	Troleibusai	16	01	3-10399	588	582	1	1
delay	727321	A>B	Pašilaičiai–Lazdynai–Stotis	625	622	-3.5999999	Statybininkų st.	656	-0.5	Televizijos bokštas	642.09998	16	Troleibusai	16	01	3-10399	668	665	1	1
delay	727321	B>A	Stotis–Lazdynai–Pašilaičiai	669	668	-3.4000001	Televizijos bokštas	691.5	-0.2	„Sparta“	674.59998	16	Troleibusai	16	01	3-10399	711	707	1	1
delay	727321	A>B	Pašilaičiai–Lazdynai–Stotis	720	718	-3.5	Eigulių st.	742.90002	-1.6	Aguonų st.	759	16	Troleibusai	16	01	3-10399	763	761	1	0
delay	727321	B>A	Stotis–Lazdynai–Pašilaičiai	764	763	-2.7	Televizijos bokštas	787.20001	0.69999999	„Sparta“	770.5	16	Troleibusai	16	01	3-10399	806	803	0	0
delay	727321	A>B	Pašilaičiai–Lazdynai–Stotis	818	814	-4.4000001	Statybininkų st.	848.20001	-3.4000001	Čiobiškio st.	818.09998	16	Troleibusai	16	01	3-10399	861	857	1	1
delay	727321	B>A	Stotis–Lazdynai–Pašilaičiai	862	859	-4.5	Savanorių prospektas	871.5	-2.7	Parodų rūmai	879	16	Troleibusai	16	01	3-10399	904	900	1	1
delay	727321	A>B	Pašilaičiai–Lazdynai–Stotis	917	912	-6.5999999	Spaudos rūmai	922.70001	-4.9000001	Vilniaus rajono poliklinika	914.29999	16	Troleibusai	16	01	3-10399	960	953	1	1
delay	727321	B>A	Stotis–Lazdynai–Pašilaičiai	961	956	-6.6999998	Gerosios Vilties st.	972.20001	-5.1999998	Aguonų st.	959.29999	16	Troleibusai	16	01	3-10399	1006	999	1	1
delay	727321	A>B	Pašilaičiai–Lazdynai–Stotis	1019	1013	-6.6999998	Spaudos rūmai	1024.5	-1.6	Aguonų st.	1058	16	Troleibusai	16	01	3-10399	1064	1062	1	1
delay	727321	B>A	Stotis–Lazdynai–Pašilaičiai	1065	1062	-4.9000001	Čiobiškio st.	1101.5	-2.3	Aguonų st.	1066.2	16	Troleibusai	16	01	3-10399	1110	1105	1	1
delay	727321	A>B	Pašilaičiai–Lazdynai–Stotis	1144	1138	-7.9000001	Spaudos rūmai	1148.3	-5.9000001	Pašilaičių žiedas	1138.5	16	Troleibusai	16	01	3-10399	1186	1179	1	1
delay	727321	B>A	Stotis–Lazdynai–Pašilaičiai	1187	1183	-7.1999998	Čiobiškio st.	1218.8	-4.6999998	Aguonų st.	1185.8	16	Troleibusai	16	01	3-10399	1230	1222	1	1
delay	727321	A>B	Pašilaičiai–Lazdynai–Stotis	1244	1238	-8.5	Aguonų st.	1274.3	-6	Šaulių sąjunga	1245.2	16	Troleibusai	16	01	3-10399	1285	1275	1	1
delay	727321	B>A	Stotis–Lazdynai–Pašilaičiai	1286	1281	-8.6999998	Vilniaus rajono poliklinika	1317.6	-6.3000002	Parodų rūmai	1299.9	16	Troleibusai	16	01	3-10399	1329	1319	1	1
delay	727449	A>B	Pašilaičiai–Lazdynai–Stotis	393	386	-9.5	Žemaitės st.	415.39999	-6.6999998	Čiobiškio st.	389.79999	16	Troleibusai	16	02	3-62	435	426	1	1
delay	727449	B>A	Stotis–Lazdynai–Pašilaičiai	436	429	-10	Karoliniškės	454.89999	-7.6999998	„Sparta“	435.10001	16	Troleibusai	16	02	3-62	481	471	1	1
delay	727449	A>B	Pašilaičiai–Lazdynai–Stotis	493	480	-15	Šaulių sąjunga	487.29999	-11.2	Sietyno st.	496.79999	16	Troleibusai	16	02	3-62	537	524	1	1
delay	727449	B>A	Stotis–Lazdynai–Pašilaičiai	538	530	-9.3000002	Laisvės prospektas	557.40002	-8.6000004	Statybininkų st.	539.40002	16	Troleibusai	16	02	3-62	580	570	1	1
delay	727449	A>B	Pašilaičiai–Lazdynai–Stotis	893	880	-25.5	Viršuliškės	879.59998	-23.200001	„Sparta“	908.29999	16	Troleibusai	16	02	3-62	936	912	1	1
delay	727449	B>A	Stotis–Lazdynai–Pašilaičiai	937	914	-27.799999	Žemynos st.	953	-23.6	Aguonų st.	916.79999	16	Troleibusai	16	02	3-62	982	954	1	1
delay	727449	A>B	Pašilaičiai–Lazdynai–Stotis	991	966	-26.4	Statybininkų st.	999.20001	-22.799999	Aguonų st.	1008.8	16	Troleibusai	16	02	3-62	1036	1012	1	1
delay	727449	B>A	Stotis–Lazdynai–Pašilaičiai	1037	1014	-25.5	Naujamiestis	1020.6	-18.4	Eigulių st.	1037.8	16	Troleibusai	16	02	3-62	1082	1060	1	1
delay	727449	A>B	Pašilaičiai–Lazdynai–Stotis	1090	1071	-20.6	Spaudos rūmai	1081.6	-19	Pašilaičių žiedas	1071.3	16	Troleibusai	16	02	3-62	1135	1114	1	1
delay	727449	B>A	Stotis–Lazdynai–Pašilaičiai	1136	1116	-22.6	Vilniaus rajono poliklinika	1153.8	-20.9	Aguonų st.	1118.6	16	Troleibusai	16	02	3-62	1179	1156	1	1
delay	727469	A>B	Pašilaičiai–Lazdynai–Stotis	405	402	-4	Miškiniai	425.10001	-1.4	Aguonų st.	443.20001	16	Troleibusai	16	03Ž	3-10435	447	445	1	1
delay	727469	B>A	Stotis–Lazdynai–Pašilaičiai	448	446	-3.9000001	Televizijos bokštas	472	-1.8	Čiobiškio st.	487.5	16	Troleibusai	16	03Ž	3-10435	493	491	1	0
delay	727469	A>B	Pašilaičiai–Lazdynai–Stotis	509	501	-9.5	Šaulių sąjunga	507.89999	-5.0999999	Aguonų st.	544.5	16	Troleibusai	16	03Ž	3-10435	552	546	1	1
delay	727469	B>A	Stotis–Lazdynai–Pašilaičiai	553	551	-3.5	Laisvės prospektas	578.29999	-1.8	Aguonų st.	554.70001	16	Troleibusai	16	03Ž	3-10435	595	591	1	1
delay	727469	A>B	Pašilaičiai–Lazdynai–Stotis	633	630	-5.3000002	Vaivorykštės st.	647.40002	-3.3	Čiobiškio st.	633.29999	16	Troleibusai	16	03Ž	3-10435	676	671	1	1
delay	727469	B>A	Stotis–Lazdynai–Pašilaičiai	677	675	-2.5	Spaudos rūmai	706.40002	-1.2	Parodų rūmai	695.40002	16	Troleibusai	16	03Ž	3-10435	719	716	0	0
delay	727469	A>B	Pašilaičiai–Lazdynai–Stotis	728	725	-4.1999998	Žemaitės st.	756.59998	-2	„Sparta“	764.5	16	Troleibusai	16	03Ž	3-10435	771	768	1	0
delay	727469	B>A	Stotis–Lazdynai–Pašilaičiai	772	770	-3.3	Stotis	768.70001	0.40000001	Eigulių st.	789.59998	16	Troleibusai	16	03Ž	3-10435	814	811	1	0
delay	727469	A>B	Pašilaičiai–Lazdynai–Stotis	825	821	-5.3000002	Karoliniškės	836.79999	-3	Pašilaičių žiedas	823	16	Troleibusai	16	03Ž	3-10435	868	863	1	1
delay	727469	B>A	Stotis–Lazdynai–Pašilaičiai	869	865	-4.5	Statybininkų st.	874.5	-3	Rygos st.	903.40002	16	Troleibusai	16	03Ž	3-10435	911	908	1	1
delay	727469	A>B	Pašilaičiai–Lazdynai–Stotis	923	918	-6.6999998	Žemaitės st.	949.20001	-4.0999999	Vilniaus rajono poliklinika	921.09998	16	Troleibusai	16	03Ž	3-10435	966	960	1	1
delay	727469	B>A	Stotis–Lazdynai–Pašilaičiai	967	963	-6.5	Pal. Jurgio Matulaičio bažnyčia	998.20001	-4.0999999	Statybininkų st.	973.90002	16	Troleibusai	16	03Ž	3-10435	1012	1005	1	1
delay	727469	A>B	Pašilaičiai–Lazdynai–Stotis	1025	1017	-10.5	Parodų rūmai	1038.1	-5.0999999	Aguonų st.	1060.5	16	Troleibusai	16	03Ž	3-10435	1070	1064	1	1
delay	727469	B>A	Stotis–Lazdynai–Pašilaičiai	1071	1064	-8.3999996	Statybininkų st.	1073.7	-4	Eigulių st.	1086.2	16	Troleibusai	16	03Ž	3-10435	1116	1107	1	1
delay	727469	A>B	Pašilaičiai–Lazdynai–Stotis	1153	1149	-5.0999999	Karoliniškės	1165.1	-2.8	Aguonų st.	1189.8	16	Troleibusai	16	03Ž	3-10435	1195	1192	1	1
delay	727469	B>A	Stotis–Lazdynai–Pašilaičiai	1196	1194	-4.3000002	Savanorių prospektas	1206.4	-2	Pal. Jurgio Matulaičio bažnyčia	1230.3	16	Troleibusai	16	03Ž	3-10435	1239	1236	1	0
delay	727469	A>B	Pašilaičiai–Lazdynai–Stotis	1251	1246	-6.6999998	Savanorių prospektas	1274.1	-4.8000002	Šaulių sąjunga	1253.4	16	Troleibusai	16	03Ž	3-10435	1292	1286	1	1
delay	727469	B>A	Stotis–Lazdynai–Pašilaičiai	1293	1288	-8.1999998	Naujamiestis	1294	-6.6999998	Aguonų st.	1289.8	16	Troleibusai	16	03Ž	3-10435	1336	1328	1	1
delay	727469	A>B	Pašilaičiai–Lazdynai–Stotis	1344	1340	-5.1999998	Aguonų st.	1376.5	-2.5	Laisvės prospektas	1354.3	16	Troleibusai	16	03Ž	3-10435	1384	1378	1	1
delay	727469	B>A	Stotis–Lazdynai–Pašilaičiai	1385	1381	-6	Pal. Jurgio Matulaičio bažnyčia	1412.2	-3.8	Aguonų st.	1383.6	16	Troleibusai	16	03Ž	3-10435	1425	1418	1	1
delay	727354	A>B	Pašilaičiai–Lazdynai–Stotis	320	321	0.5	Aguonų st.	358.10001	2.8	Sietyno st.	334.70001	16	Troleibusai	16	04	3-2459	360	360	0	0
delay	727354	B>A	Stotis–Lazdynai–Pašilaičiai	361	362	0.30000001	Rygos st.	396.70001	1.8	Sietyno st.	390.70001	16	Troleibusai	16	04	3-2459	401	401	0	0
delay	727354	A>B	Pašilaičiai–Lazdynai–Stotis	411	412	0	Šaulių sąjunga	419.29999	9.5	Gerosios Vilties st.	449	16	Troleibusai	16	04	3-2459	454	463	1	1
delay	727354	B>A	Stotis–Lazdynai–Pašilaičiai	455	463	7.4000001	Savanorių prospektas	478.60001	8.8999996	Sietyno st.	495.79999	16	Troleibusai	16	04	3-2459	500	508	1	1
delay	727354	A>B	Pašilaičiai–Lazdynai–Stotis	539	534	-6.0999999	Rygos st.	538.59998	-0.1	Aguonų st.	579.5	16	Troleibusai	16	04	3-2459	582	581	1	1
delay	727354	B>A	Stotis–Lazdynai–Pašilaičiai	583	583	-1.6	Čiobiškio st.	619.79999	1	„Sparta“	589.79999	16	Troleibusai	16	04	3-2459	625	623	0	0
delay	727354	A>B	Pašilaičiai–Lazdynai–Stotis	639	636	-5.0999999	Spaudos rūmai	646.09998	-2.7	Aguonų st.	676.90002	16	Troleibusai	16	04	3-2459	682	679	1	0
delay	727354	B>A	Stotis–Lazdynai–Pašilaičiai	683	681	-3.0999999	Stotis	680	-0.30000001	Pal. Jurgio Matulaičio bažnyčia	718.29999	16	Troleibusai	16	04	3-2459	725	724	1	0
delay	727354	A>B	Pašilaičiai–Lazdynai–Stotis	734	731	-2.8	Pašilaičių žiedas	731.59998	1.8	Aguonų st.	776.40002	16	Troleibusai	16	04	3-2459	777	778	0	0
delay	727354	B>A	Stotis–Lazdynai–Pašilaičiai	778	779	-2.2	Karoliniškės	802.79999	0.69999999	Aguonų st.	782.20001	16	Troleibusai	16	04	3-2459	820	818	0	0
delay	727354	A>B	Pašilaičiai–Lazdynai–Stotis	831	830	-3	Vaivorykštės st.	847.70001	-0.1	Aguonų st.	871.5	16	Troleibusai	16	04	3-2459	874	873	0	0
delay	727354	B>A	Stotis–Lazdynai–Pašilaičiai	875	876	-0.5	Žemynos st.	915.5	1.9	Aguonų st.	880.29999	16	Troleibusai	16	04	3-2459	917	916	0	0
delay	727354	A>B	Pašilaičiai–Lazdynai–Stotis	929	930	-1.6	Žemaitės st.	960.40002	1	Žemynos st.	931.20001	16	Troleibusai	16	04	3-2459	972	971	0	0
delay	727354	B>A	Stotis–Lazdynai–Pašilaičiai	973	974	0.40000001	Stotis	973.5	2.5999999	Vilniaus rajono poliklinika	1018.2	16	Troleibusai	16	04	3-2459	1018	1021	0	0
delay	727354	A>B	Pašilaičiai–Lazdynai–Stotis	1030	1031	0.40000001	Žemaitės st.	1063.3	7.4000001	Aguonų st.	1078	16	Troleibusai	16	04	3-2459	1075	1082	1	1
delay	727354	B>A	Stotis–Lazdynai–Pašilaičiai	1076	1082	2.9000001	Vilniaus rajono poliklinika	1121.6	6.3000002	Eigulių st.	1101.5	16	Troleibusai	16	04	3-2459	1121	1123	1	1
delay	727354	A>B	Pašilaičiai–Lazdynai–Stotis	1162	1161	-2	Spaudos rūmai	1172.3	0.2	„Sparta“	1199.6	16	Troleibusai	16	04	3-2459	1204	1204	0	0
delay	727354	B>A	Stotis–Lazdynai–Pašilaičiai	1205	1206	-2.3	Laisvės prospektas	1232	-0.40000001	Aguonų st.	1208	16	Troleibusai	16	04	3-2459	1248	1245	0	0
delay	727354	A>B	Pašilaičiai–Lazdynai–Stotis	1259	1258	-3.3	Aguonų st.	1294.5	-0.69999999	Šaulių sąjunga	1265.5	16	Troleibusai	16	04	3-2459	1300	1296	1	1
delay	727354	B>A	Stotis–Lazdynai–Pašilaičiai	1301	1298	-7.6999998	Viršuliškės	1327.8	-3.7	Aguonų st.	1300.8	16	Troleibusai	16	04	3-2459	1344	1336	1	1
delay	727487	A>B	Pašilaičiai–Lazdynai–Stotis	416	418	-1.8	Šaulių sąjunga	424.5	7	Aguonų st.	465.60001	16	Troleibusai	16	05	3-2800	461	467	1	1
delay	727487	B>A	Stotis–Lazdynai–Pašilaičiai	462	468	2.0999999	Laisvės prospektas	494.89999	5.8000002	Aguonų st.	471.29999	16	Troleibusai	16	05	3-2800	507	510	1	1
delay	727487	A>B	Pašilaičiai–Lazdynai–Stotis	517	519	-0.2	Žemaitės st.	549.59998	2.0999999	Pašilaičių žiedas	519.5	16	Troleibusai	16	05	3-2800	560	560	0	0
delay	727487	B>A	Stotis–Lazdynai–Pašilaičiai	561	563	0.80000001	Pal. Jurgio Matulaičio bažnyčia	597.40002	1.9	Parodų rūmai	582.59998	16	Troleibusai	16	05	3-2800	603	604	0	0
delay	727487	A>B	Pašilaičiai–Lazdynai–Stotis	935	949	11.9	Žemaitės st.	979.79999	15	Žemynos st.	951.09998	16	Troleibusai	16	05	3-2800	978	991	1	1
delay	727487	B>A	Stotis–Lazdynai–Pašilaičiai	979	993	12.6	Stotis	991.59998	19.6	Parodų rūmai	1020.3	16	Troleibusai	16	05	3-2800	1024	1042	1	1
delay	727487	A>B	Pašilaičiai–Lazdynai–Stotis	1038	1049	7.9000001	Vaivorykštės st.	1065.5	12.6	Aguonų st.	1091.2	16	Troleibusai	16	05	3-2800	1083	1095	1	1
delay	727487	B>A	Stotis–Lazdynai–Pašilaičiai	1084	1094	6.8000002	Vilniaus rajono poliklinika	1133.5	10.5	Aguonų st.	1098	16	Troleibusai	16	05	3-2800	1129	1135	1	1
delay	727495	A>B	Pašilaičiai–Lazdynai–Stotis	427	431	0.69999999	Šaulių sąjunga	438.10001	10.1	Gerosios Vilties st.	467.60001	16	Troleibusai	16	06	3-2484	472	480	1	1
delay	727495	B>A	Stotis–Lazdynai–Pašilaičiai	473	481	4.3000002	Gerosios Vilties st.	495.20001	7.8000002	Aguonų st.	484.29999	16	Troleibusai	16	06	3-2484	518	523	1	1
delay	727495	A>B	Pašilaičiai–Lazdynai–Stotis	526	528	1.5	Spaudos rūmai	539.70001	4.1999998	Aguonų st.	570.79999	16	Troleibusai	16	06	3-2484	569	572	1	0
delay	727495	B>A	Stotis–Lazdynai–Pašilaičiai	570	575	4.6999998	Stotis	574.79999	6.1999998	Sietyno st.	606.09998	16	Troleibusai	16	06	3-2484	612	617	1	1
delay	727495	A>B	Pašilaičiai–Lazdynai–Stotis	649	660	9	Karoliniškės	675.09998	11.2	Čiobiškio st.	663.70001	16	Troleibusai	16	06	3-2484	692	702	1	1
delay	727495	B>A	Stotis–Lazdynai–Pašilaičiai	693	704	10.6	Stotis	703.59998	15.7	Spaudos rūmai	740.5	16	Troleibusai	16	06	3-2484	735	750	1	1
delay	727495	A>B	Pašilaičiai–Lazdynai–Stotis	743	760	14.8	Karoliniškės	774.90002	17.4	Aguonų st.	801	16	Troleibusai	16	06	3-2484	786	803	1	1
delay	727495	B>A	Stotis–Lazdynai–Pašilaičiai	787	804	16.1	Stotis	803.20001	19.5	Pal. Jurgio Matulaičio bažnyčia	842.09998	16	Troleibusai	16	06	3-2484	829	848	1	1
delay	727495	A>B	Pašilaičiai–Lazdynai–Stotis	842	855	11.5	Žemaitės st.	886.5	13.8	Žemynos st.	857	16	Troleibusai	16	06	3-2484	885	898	1	1
delay	727495	B>A	Stotis–Lazdynai–Pašilaičiai	886	899	11.9	Savanorių prospektas	911.90002	14.7	Pal. Jurgio Matulaičio bažnyčia	936.40002	16	Troleibusai	16	06	3-2484	928	942	1	1
delay	727495	A>B	Pašilaičiai–Lazdynai–Stotis	943	955	10.3	Spaudos rūmai	965.70001	11.4	Vilniaus rajono poliklinika	956.59998	16	Troleibusai	16	06	3-2484	986	996	1	1
delay	727495	B>A	Stotis–Lazdynai–Pašilaičiai	987	1000	12.3	Stotis	999.40002	18.1	Eigulių st.	1024.3	16	Troleibusai	16	06	3-2484	1032	1048	1	1
delay	727495	A>B	Pašilaičiai–Lazdynai–Stotis	1044	1056	9.6000004	Žemaitės st.	1086.6	11.5	Čiobiškio st.	1059	16	Troleibusai	16	06	3-2484	1089	1099	1	1
delay	727495	B>A	Stotis–Lazdynai–Pašilaičiai	1090	1099	7.1999998	Vilniaus rajono poliklinika	1139.9	9.3000002	Statybininkų st.	1110.3	16	Troleibusai	16	06	3-2484	1135	1142	1	1
delay	727495	A>B	Pašilaičiai–Lazdynai–Stotis	1172	1180	6.4000001	Spaudos rūmai	1190.6	8.5	Statybininkų st.	1214.1	16	Troleibusai	16	06	3-2484	1214	1222	1	1
delay	727495	B>A	Stotis–Lazdynai–Pašilaičiai	1215	1225	8.1999998	Gerosios Vilties st.	1239.6	10.3	Aguonų st.	1228.8	16	Troleibusai	16	06	3-2484	1258	1265	1	1
delay	727495	A>B	Pašilaičiai–Lazdynai–Stotis	1265	1285	16.9	Karoliniškės	1298	19.9	Pašilaičių žiedas	1285.2	16	Troleibusai	16	06	3-2484	1306	1323	1	1
delay	727495	B>A	Stotis–Lazdynai–Pašilaičiai	1307	1327	14.9	Vilniaus rajono poliklinika	1362	18.700001	Aguonų st.	1329.2	16	Troleibusai	16	06	3-2484	1350	1364	1	1
delay	727495	A>B	Pašilaičiai–Lazdynai–Stotis	1355	1379	22.5	„Sparta“	1413.1	24.4	Spaudos rūmai	1389.6	16	Troleibusai	16	06	3-2484	1395	1417	1	1
delay	727495	B>A	Stotis–Lazdynai–Pašilaičiai	1396	1421	22.299999	Laisvės prospektas	1444.6	25.4	„Sparta“	1426.2	16	Troleibusai	16	06	3-2484	1436	1447	1	1
delay	727364	A>B	Pašilaičiai–Lazdynai–Stotis	332	335	2.8	Viršuliškės	343.5	7.4000001	Televizijos bokštas	355	16	Troleibusai	16	07	3-2894	372	377	1	1
delay	727364	B>A	Stotis–Lazdynai–Pašilaičiai	373	378	2.7	Pal. Jurgio Matulaičio bažnyčia	409.29999	5.5	„Sparta“	383.29999	16	Troleibusai	16	07	3-2894	413	415	1	1
delay	727364	A>B	Pašilaičiai–Lazdynai–Stotis	422	426	0.5	Šaulių sąjunga	432.70001	5.1999998	Miškiniai	454.20001	16	Troleibusai	16	07	3-2894	467	471	1	1
delay	727364	B>A	Stotis–Lazdynai–Pašilaičiai	468	472	1.4	Laisvės prospektas	500.20001	3.8	Aguonų st.	475.29999	16	Troleibusai	16	07	3-2894	513	516	1	1
delay	727364	A>B	Pašilaičiai–Lazdynai–Stotis	558	551	-8.8999996	Žemaitės st.	582.09998	-6.5	Čiobiškio st.	555	16	Troleibusai	16	07	3-2894	601	593	1	1
delay	727364	B>A	Stotis–Lazdynai–Pašilaičiai	602	595	-7.8000002	Stotis	594.29999	-6	„Sparta“	601.79999	16	Troleibusai	16	07	3-2894	644	637	1	1
delay	727364	A>B	Pašilaičiai–Lazdynai–Stotis	657	654	-5.3000002	Žemaitės st.	684.5	-2.9000001	Čiobiškio st.	657.59998	16	Troleibusai	16	07	3-2894	700	695	1	1
delay	727364	B>A	Stotis–Lazdynai–Pašilaičiai	701	697	-4.1999998	Naujamiestis	705	-2.5	Pal. Jurgio Matulaičio bažnyčia	734.09998	16	Troleibusai	16	07	3-2894	743	740	1	1
delay	727364	A>B	Pašilaičiai–Lazdynai–Stotis	754	750	-6.5	Žemaitės st.	780.40002	-3.9000001	Čiobiškio st.	753.59998	16	Troleibusai	16	07	3-2894	797	792	1	1
delay	727364	B>A	Stotis–Lazdynai–Pašilaičiai	798	794	-4.3000002	Stotis	793.70001	-1.3	Pal. Jurgio Matulaičio bažnyčia	832.29999	16	Troleibusai	16	07	3-2894	840	838	1	1
delay	727364	A>B	Pašilaičiai–Lazdynai–Stotis	850	848	-3.5999999	Žemaitės st.	879.29999	-1.9	Televizijos bokštas	865.70001	16	Troleibusai	16	07	3-2894	893	890	1	0
delay	727364	B>A	Stotis–Lazdynai–Pašilaičiai	894	892	-5.0999999	Čiobiškio st.	928.59998	-1.8	Aguonų st.	895.59998	16	Troleibusai	16	07	3-2894	938	932	1	1
delay	727364	A>B	Pašilaičiai–Lazdynai–Stotis	951	944	-9.6000004	Vaivorykštės st.	961.09998	-6.8000002	Žemynos st.	945.40002	16	Troleibusai	16	07	3-2894	996	987	1	1
delay	727364	B>A	Stotis–Lazdynai–Pašilaičiai	997	990	-9	Stotis	988.09998	-1.4	Vilniaus rajono poliklinika	1038.2	16	Troleibusai	16	07	3-2894	1042	1040	1	1
delay	727364	A>B	Pašilaičiai–Lazdynai–Stotis	1051	1046	-8.3000002	„Sparta“	1081.3	-5.1999998	Žemynos st.	1046.9	16	Troleibusai	16	07	3-2894	1096	1090	1	1
delay	727364	B>A	Stotis–Lazdynai–Pašilaičiai	1097	1091	-8.1999998	Vilniaus rajono poliklinika	1131.5	-4	Parodų rūmai	1114.6	16	Troleibusai	16	07	3-2894	1142	1133	1	1
delay	727364	A>B	Pašilaičiai–Lazdynai–Stotis	1182	1169	-15.1	Savanorių prospektas	1197.8	-12	Čiobiškio st.	1173.5	16	Troleibusai	16	07	3-2894	1224	1210	1	1
delay	727364	B>A	Stotis–Lazdynai–Pašilaičiai	1225	1215	-12.7	Naujamiestis	1221.4	-11.1	Pal. Jurgio Matulaičio bažnyčia	1250.1	16	Troleibusai	16	07	3-2894	1268	1255	1	1
delay	727364	A>B	Pašilaičiai–Lazdynai–Stotis	1276	1275	-1	Statybininkų st.	1307.6	1.5	Viršuliškės	1286.2	16	Troleibusai	16	07	3-2894	1317	1316	0	0
delay	727364	B>A	Stotis–Lazdynai–Pašilaičiai	1318	1318	-3	Viršuliškės	1347.3	-0.80000001	„Sparta“	1322.8	16	Troleibusai	16	07	3-2894	1359	1355	0	1
delay	727500	A>B	Pašilaičiai–Lazdynai–Stotis	433	436	0.40000001	Šaulių sąjunga	444.60001	6.6999998	Gerosios Vilties st.	471.20001	16	Troleibusai	16	08	3-2017	479	485	1	1
delay	727500	B>A	Stotis–Lazdynai–Pašilaičiai	480	486	1.7	Gerosios Vilties st.	499.60001	5.5999999	Aguonų st.	489.10001	16	Troleibusai	16	08	3-2017	525	528	1	1
delay	727500	A>B	Pašilaičiai–Lazdynai–Stotis	534	544	8.1000004	Žemaitės st.	575	10.6	Aguonų st.	585.29999	16	Troleibusai	16	08	3-2017	577	587	1	1
delay	727500	B>A	Stotis–Lazdynai–Pašilaičiai	578	588	8.8000002	Gerosios Vilties st.	602.59998	10.2	„Sparta“	594	16	Troleibusai	16	08	3-2017	620	629	1	1
delay	727500	B>A	Stotis–Lazdynai–Pašilaičiai	909	942	31.1	Laisvės prospektas	970.90002	33.099998	Eigulių st.	961.29999	16	Troleibusai	16	08	3-2017	953	985	1	1
delay	727500	A>B	Pašilaičiai–Lazdynai–Stotis	965	997	29.200001	Eigulių st.	1020.5	33.5	Aguonų st.	1039.1	16	Troleibusai	16	08	3-2017	1010	1043	1	1
delay	727500	B>A	Stotis–Lazdynai–Pašilaičiai	1011	1045	32.400002	Naujamiestis	1052.7	37.099998	Parodų rūmai	1069.8	16	Troleibusai	16	08	3-2017	1056	1090	1	1
delay	727500	A>B	Pašilaičiai–Lazdynai–Stotis	1066	1101	32.799999	Aguonų st.	1139.6	34.700001	Žemynos st.	1101.8	16	Troleibusai	16	08	3-2017	1111	1143	1	1
delay	727500	B>A	Stotis–Lazdynai–Pašilaičiai	1112	1143	27.6	Gerosios Vilties st.	1157.4	30.6	Aguonų st.	1146	16	Troleibusai	16	08	3-2017	1156	1184	1	1
delay	727411	A>B	Pašilaičiai–Lazdynai–Stotis	351	349	-2.8	Eigulių st.	372.60001	-1.3	Žemynos st.	350.89999	16	Troleibusai	16	09	3-10562	391	388	0	0
delay	727411	B>A	Stotis–Lazdynai–Pašilaičiai	392	391	-2.7	Laisvės prospektas	416.10001	-0.5	Spaudos rūmai	421.29999	16	Troleibusai	16	09	3-10562	433	431	0	0
delay	727411	A>B	Pašilaičiai–Lazdynai–Stotis	438	441	-1.1	Spaudos rūmai	452.20001	4.1999998	Aguonų st.	485.79999	16	Troleibusai	16	09	3-10562	484	487	1	0
delay	727411	B>A	Stotis–Lazdynai–Pašilaičiai	485	489	0.89999998	Rygos st.	526.40002	4.9000001	Aguonų st.	493.39999	16	Troleibusai	16	09	3-10562	530	531	1	1
delay	727411	A>B	Pašilaičiai–Lazdynai–Stotis	575	572	-4.1999998	Statybininkų st.	605.40002	-3	Čiobiškio st.	575.5	16	Troleibusai	16	09	3-10562	618	614	1	1
delay	727411	B>A	Stotis–Lazdynai–Pašilaičiai	619	616	-3.4000001	Gerosios Vilties st.	631.40002	-2.2	„Sparta“	622.59998	16	Troleibusai	16	09	3-10562	661	658	1	0
delay	727411	A>B	Pašilaičiai–Lazdynai–Stotis	675	670	-7	Žemaitės st.	701	-4.3000002	Čiobiškio st.	674.20001	16	Troleibusai	16	09	3-10562	718	712	1	1
delay	727411	B>A	Stotis–Lazdynai–Pašilaičiai	719	714	-5.4000001	Laisvės prospektas	742.5	-3.5999999	Aguonų st.	718.90002	16	Troleibusai	16	09	3-10562	761	756	1	1
delay	727411	A>B	Pašilaičiai–Lazdynai–Stotis	773	767	-7.4000001	Žemaitės st.	798.59998	-4.5	Viršuliškės	778.09998	16	Troleibusai	16	09	3-10562	816	809	1	1
delay	727411	B>A	Stotis–Lazdynai–Pašilaičiai	817	811	-6.8000002	Naujamiestis	818.29999	-4.4000001	Sietyno st.	842.5	16	Troleibusai	16	09	3-10562	859	854	1	1
delay	727411	A>B	Pašilaičiai–Lazdynai–Stotis	870	864	-7.8000002	Spaudos rūmai	874.5	-5.3000002	Eigulių st.	891	16	Troleibusai	16	09	3-10562	913	906	1	1
delay	727411	B>A	Stotis–Lazdynai–Pašilaičiai	914	909	-7.6999998	Gerosios Vilties st.	924.20001	-5.9000001	Aguonų st.	911.59998	16	Troleibusai	16	09	3-10562	958	951	1	1
delay	727411	A>B	Pašilaičiai–Lazdynai–Stotis	973	961	-11.8	Rygos st.	966.90002	-8.8000002	Aguonų st.	1004.8	16	Troleibusai	16	09	3-10562	1018	1008	1	1
delay	727411	B>A	Stotis–Lazdynai–Pašilaičiai	1019	1010	-10.8	Savanorių prospektas	1024.5	-7.9000001	Aguonų st.	1014.6	16	Troleibusai	16	09	3-10562	1064	1055	1	1
delay	727411	A>B	Pašilaičiai–Lazdynai–Stotis	1075	1063	-13.8	Statybininkų st.	1095.8	-11.6	Vilniaus rajono poliklinika	1065.6	16	Troleibusai	16	09	3-10562	1120	1108	1	1
delay	727411	B>A	Stotis–Lazdynai–Pašilaičiai	1121	1108	-15.2	Gerosios Vilties st.	1123.6	-13	Aguonų st.	1111.5	16	Troleibusai	16	09	3-10562	1165	1150	1	1
delay	727411	A>B	Pašilaičiai–Lazdynai–Stotis	1201	1192	-10.2	Spaudos rūmai	1202.1	-7.5999999	Naujamiestis	1227.5	16	Troleibusai	16	09	3-10562	1242	1234	1	1
delay	727411	B>A	Stotis–Lazdynai–Pašilaičiai	1243	1237	-8.6000004	Pal. Jurgio Matulaičio bažnyčia	1270.7	-6.6999998	Aguonų st.	1239.8	16	Troleibusai	16	09	3-10562	1286	1277	1	1
delay	727411	A>B	Pašilaičiai–Lazdynai–Stotis	1298	1292	-7.5999999	Karoliniškės	1306.5	-5.3000002	„Sparta“	1329.2	16	Troleibusai	16	09	3-10562	1339	1333	1	1
delay	727411	B>A	Stotis–Lazdynai–Pašilaičiai	1340	1336	-6.5999999	Naujamiestis	1340.5	-4.6999998	Aguonų st.	1337.8	16	Troleibusai	16	09	3-10562	1380	1373	1	1
delay	727423	A>B	Pašilaičiai–Lazdynai–Stotis	443	360	1440	NULL	0	-1440	NULL	0	16	Troleibusai	16	10	3-1776	489	400	0	1
delay	727423	A>B	Pašilaičiai–Lazdynai–Stotis	443	451	4	Spaudos rūmai	462.29999	10.5	Laisvės prospektas	471.29999	16	Troleibusai	16	10	3-1776	489	498	1	1
delay	727423	B>A	Stotis–Lazdynai–Pašilaičiai	490	499	5.1999998	Gerosios Vilties st.	513	8.5	Aguonų st.	501.89999	16	Troleibusai	16	10	3-1776	535	541	1	1
delay	727423	B>A	Stotis–Lazdynai–Pašilaičiai	490	403	1440	NULL	0	-1440	NULL	0	16	Troleibusai	16	10	3-1776	535	443	0	1
delay	727423	A>B	Pašilaičiai–Lazdynai–Stotis	546	584	36.099998	Viršuliškės	591.79999	37.900002	Aguonų st.	624.5	16	Troleibusai	16	10	3-1776	589	626	1	1
delay	727423	B>A	Stotis–Lazdynai–Pašilaičiai	590	629	37.799999	Aguonų st.	631.40002	39.299999	Sietyno st.	659.20001	16	Troleibusai	16	10	3-1776	632	669	1	1
delay	727423	A>B	Pašilaičiai–Lazdynai–Stotis	667	680	11.1	Laisvės prospektas	692.90002	13.3	Vilniaus rajono poliklinika	682.5	16	Troleibusai	16	10	3-1776	710	721	1	1
delay	727423	B>A	Stotis–Lazdynai–Pašilaičiai	711	724	12.2	Stotis	723.20001	15.6	Pal. Jurgio Matulaičio bažnyčia	762.20001	16	Troleibusai	16	10	3-1776	753	768	1	1
delay	727423	A>B	Pašilaičiai–Lazdynai–Stotis	764	778	12.3	Parodų rūmai	799.90002	14.2	Aguonų st.	818.79999	16	Troleibusai	16	10	3-1776	807	820	1	1
delay	727423	B>A	Stotis–Lazdynai–Pašilaičiai	808	822	13.4	Laisvės prospektas	850.09998	14.8	„Sparta“	828.59998	16	Troleibusai	16	10	3-1776	850	863	1	1
delay	727423	A>B	Pašilaičiai–Lazdynai–Stotis	860	876	14.3	Spaudos rūmai	886.5	16.5	Aguonų st.	917.09998	16	Troleibusai	16	10	3-1776	903	919	1	1
delay	727423	B>A	Stotis–Lazdynai–Pašilaičiai	904	921	15.1	Laisvės prospektas	949.90002	17	Statybininkų st.	932	16	Troleibusai	16	10	3-1776	948	964	1	1
delay	727423	A>B	Pašilaičiai–Lazdynai–Stotis	959	974	15	Karoliniškės	991.09998	16.299999	Žemynos st.	976.5	16	Troleibusai	16	10	3-1776	1004	1019	1	1
delay	727423	B>A	Stotis–Lazdynai–Pašilaičiai	1005	1021	14.2	Statybininkų st.	1030.4	20.1	Eigulių st.	1044.3	16	Troleibusai	16	10	3-1776	1050	1067	1	1
delay	727423	A>B	Pašilaičiai–Lazdynai–Stotis	1059	1079	19.5	„Sparta“	1117.1	21.4	Žemynos st.	1081.5	16	Troleibusai	16	10	3-1776	1104	1123	1	1
delay	727423	B>A	Stotis–Lazdynai–Pašilaičiai	1105	1123	17.299999	Gerosios Vilties st.	1140.1	19.700001	Pal. Jurgio Matulaičio bažnyčia	1162.3	16	Troleibusai	16	10	3-1776	1149	1167	1	1
delay	727423	A>B	Pašilaičiai–Lazdynai–Stotis	1192	1204	8.8999996	Karoliniškės	1218	12.1	Vilniaus rajono poliklinika	1206.3	16	Troleibusai	16	10	3-1776	1234	1244	1	1
delay	727423	B>A	Stotis–Lazdynai–Pašilaičiai	1235	1246	9.8000002	Naujamiestis	1254.1	10.9	Lazdynai	1267.8	16	Troleibusai	16	10	3-1776	1278	1287	1	1
delay	727423	A>B	Pašilaičiai–Lazdynai–Stotis	1287	1305	17.4	Sietyno st.	1317.4	18.9	Rygos st.	1310.5	16	Troleibusai	16	10	3-1776	1328	1346	1	1
delay	727423	B>A	Stotis–Lazdynai–Pašilaičiai	1329	1348	17.9	Naujamiestis	1354.2	19	Parodų rūmai	1365.2	16	Troleibusai	16	10	3-1776	1369	1386	1	1
missed	663027	A>B	Pašilaičiai–Lazdynai–Stotis	1382	NULL	NULL	NULL	NULL	NULL	NULL	NULL	16	Troleibusai	16	10		1422	NULL	NULL	NULL
delay	727334	A>B	Pašilaičiai–Lazdynai–Stotis	362	290	1440	NULL	0	-1440	NULL	0	16	Troleibusai	16	11Ž	3-2505	402	318	0	1
delay	727334	A>B	Pašilaičiai–Lazdynai–Stotis	362	372	8.5	Savanorių prospektas	399.39999	10.9	Rygos st.	377.5	16	Troleibusai	16	11Ž	3-2505	402	411	1	1
delay	727334	B>A	Stotis–Lazdynai–Pašilaičiai	403	414	9.5	Žemynos st.	452.29999	12.5	„Sparta“	420.29999	16	Troleibusai	16	11Ž	3-2505	444	453	1	1
delay	727334	B>A	Stotis–Lazdynai–Pašilaičiai	403	322	1440	NULL	0	-1440	NULL	0	16	Troleibusai	16	11Ž	3-2505	444	360	0	1
delay	727334	A>B	Pašilaičiai–Lazdynai–Stotis	456	467	8	Viršuliškės	476.79999	14.1	Sietyno st.	487.10001	16	Troleibusai	16	11Ž	3-2505	502	515	1	1
delay	727334	B>A	Stotis–Lazdynai–Pašilaičiai	503	516	9.5	Gerosios Vilties st.	529.29999	12.5	Aguonų st.	519	16	Troleibusai	16	11Ž	3-2505	546	557	1	1
delay	727334	A>B	Pašilaičiai–Lazdynai–Stotis	586	594	6	Viršuliškės	601.79999	8	Pašilaičių žiedas	594.40002	16	Troleibusai	16	11Ž	3-2505	629	637	1	1
delay	727334	B>A	Stotis–Lazdynai–Pašilaičiai	630	638	5.8000002	Gerosios Vilties st.	651.70001	8.6000004	„Sparta“	644.40002	16	Troleibusai	16	11Ž	3-2505	672	680	1	1
delay	727334	A>B	Pašilaičiai–Lazdynai–Stotis	683	689	3.2	Žemaitės st.	719.09998	6.9000001	Vilniaus rajono poliklinika	692	16	Troleibusai	16	11Ž	3-2505	726	731	1	1
delay	727334	B>A	Stotis–Lazdynai–Pašilaičiai	727	732	4.8000002	Stotis	731.79999	7.0999999	Eigulių st.	751.29999	16	Troleibusai	16	11Ž	3-2505	769	775	1	1
delay	727334	A>B	Pašilaičiai–Lazdynai–Stotis	781	787	4.4000001	Statybininkų st.	820	5.8000002	Laisvės prospektas	801.59998	16	Troleibusai	16	11Ž	3-2505	824	828	1	1
delay	727334	B>A	Stotis–Lazdynai–Pašilaičiai	825	831	5	Vilniaus rajono poliklinika	869.70001	6.5999999	Eigulių st.	848.79999	16	Troleibusai	16	11Ž	3-2505	867	871	1	1
delay	727334	A>B	Pašilaičiai–Lazdynai–Stotis	878	885	4.4000001	Spaudos rūmai	894.59998	6.6999998	Pašilaičių žiedas	885	16	Troleibusai	16	11Ž	3-2505	921	927	1	1
delay	727334	B>A	Stotis–Lazdynai–Pašilaičiai	922	929	5.0999999	Viršuliškės	963.09998	7.1999998	Aguonų st.	932.70001	16	Troleibusai	16	11Ž	3-2505	967	972	1	1
delay	727334	A>B	Pašilaičiai–Lazdynai–Stotis	979	982	2.2	Žemaitės st.	1014	5	Aguonų st.	1024.7	16	Troleibusai	16	11Ž	3-2505	1024	1028	1	1
delay	727334	B>A	Stotis–Lazdynai–Pašilaičiai	1025	1030	2.5999999	Naujamiestis	1036.7	11	Parodų rūmai	1057.6	16	Troleibusai	16	11Ž	3-2505	1070	1079	1	1
delay	727334	A>B	Pašilaičiai–Lazdynai–Stotis	1082	1115	31.9	Spaudos rūmai	1126.2	33.799999	Žemynos st.	1117	16	Troleibusai	16	11Ž	3-2505	1127	1159	1	1
delay	727334	B>A	Stotis–Lazdynai–Pašilaičiai	1128	1161	29.299999	Žemynos st.	1199.1	32.400002	Aguonų st.	1163.9	16	Troleibusai	16	11Ž	3-2505	1171	1200	1	1
delay	727334	A>B	Pašilaičiai–Lazdynai–Stotis	1210	1221	8.6000004	Vaivorykštės st.	1237.3	10.8	Pašilaičių žiedas	1221.2	16	Troleibusai	16	11Ž	3-2505	1251	1260	1	1
delay	727334	B>A	Stotis–Lazdynai–Pašilaičiai	1252	1263	7.0999999	Vilniaus rajono poliklinika	1299.4	10.4	Aguonų st.	1265.8	16	Troleibusai	16	11Ž	3-2505	1295	1301	1	1
missed	663024	A>B	Pašilaičiai–Lazdynai–Stotis	1310	NULL	NULL	NULL	NULL	NULL	NULL	NULL	16	Troleibusai	16	11Ž		1350	NULL	NULL	NULL
missed	663024	B>A	Stotis–Lazdynai–Pašilaičiai	1351	NULL	NULL	NULL	NULL	NULL	NULL	NULL	16	Troleibusai	16	11Ž		1391	NULL	NULL	NULL
delay	727507	A>B	Pašilaičiai–Lazdynai–Stotis	449	454	2.5999999	Viršuliškės	464.39999	9.3000002	Sietyno st.	475.29999	16	Troleibusai	16	12	3-1960	495	502	1	1
delay	727507	B>A	Stotis–Lazdynai–Pašilaičiai	496	504	4.6999998	Žemynos st.	544.5	8.6999998	Aguonų st.	508.10001	16	Troleibusai	16	12	3-1960	541	545	1	1
delay	727507	A>B	Pašilaičiai–Lazdynai–Stotis	552	555	3.7	Žemynos st.	556.90002	5.4000001	Aguonų st.	598	16	Troleibusai	16	12	3-1960	595	600	1	1
delay	727507	B>A	Stotis–Lazdynai–Pašilaičiai	596	602	5.5999999	Pal. Jurgio Matulaičio bažnyčia	637.20001	6.5999999	Sietyno st.	632.5	16	Troleibusai	16	12	3-1960	638	644	1	1
delay	727507	B>A	Stotis–Lazdynai–Pašilaičiai	941	951	8.8000002	Stotis	949.90002	11.3	Parodų rūmai	973.90002	16	Troleibusai	16	12	3-1960	986	996	1	1
delay	727507	A>B	Pašilaičiai–Lazdynai–Stotis	997	1006	9.1999998	Čiobiškio st.	1009.7	14.3	Aguonų st.	1051.9	16	Troleibusai	16	12	3-1960	1042	1056	1	1
delay	727507	B>A	Stotis–Lazdynai–Pašilaičiai	1043	1056	12.1	Stotis	1055.2	18.5	Parodų rūmai	1083.2	16	Troleibusai	16	12	3-1960	1088	1105	1	1
delay	727507	A>B	Pašilaičiai–Lazdynai–Stotis	1098	1108	7.4000001	Žemaitės st.	1138.2	10.4	Žemynos st.	1109.5	16	Troleibusai	16	12	3-1960	1141	1148	1	1
delay	727507	B>A	Stotis–Lazdynai–Pašilaičiai	1142	1150	5.9000001	Gerosios Vilties st.	1164.3	8.1000004	Pal. Jurgio Matulaičio bažnyčia	1186.3	16	Troleibusai	16	12	3-1960	1185	1192	1	1
missed	663023	B>A	Stotis–Lazdynai–Pašilaičiai	324	NULL	NULL	NULL	NULL	NULL	NULL	NULL	16	Troleibusai	16	13		364	NULL	NULL	NULL
delay	727441	A>B	Pašilaičiai–Lazdynai–Stotis	370	380	10	Viršuliškės	389.20001	13.4	Naujamiestis	417	16	Troleibusai	16	13	3-10654	410	423	1	1
delay	727441	B>A	Stotis–Lazdynai–Pašilaičiai	411	424	9.8000002	Gerosios Vilties st.	436.60001	13.5	Aguonų st.	427	16	Troleibusai	16	13	3-10654	454	466	1	1
delay	727441	A>B	Pašilaičiai–Lazdynai–Stotis	469	475	3.2	Spaudos rūmai	487.5	7.5999999	Sietyno st.	493.5	16	Troleibusai	16	13	3-10654	515	520	1	1
delay	727441	B>A	Stotis–Lazdynai–Pašilaičiai	516	526	9.3999996	Stotis	525.5	12.4	Eigulių st.	545.59998	16	Troleibusai	16	13	3-10654	558	569	1	1
delay	727441	A>B	Pašilaičiai–Lazdynai–Stotis	597	604	6.3000002	Savanorių prospektas	635.90002	7.5999999	Čiobiškio st.	608.09998	16	Troleibusai	16	13	3-10654	640	646	1	1
delay	727441	B>A	Stotis–Lazdynai–Pašilaičiai	641	648	5.5999999	Laisvės prospektas	675.40002	8	„Sparta“	654.79999	16	Troleibusai	16	13	3-10654	683	689	1	1
delay	727441	A>B	Pašilaičiai–Lazdynai–Stotis	692	702	7.1999998	Karoliniškės	716.29999	10.2	Čiobiškio st.	705.70001	16	Troleibusai	16	13	3-10654	735	743	1	1
delay	727441	B>A	Stotis–Lazdynai–Pašilaičiai	736	745	8.5	Stotis	744.59998	10.8	Pal. Jurgio Matulaičio bažnyčia	782.40002	16	Troleibusai	16	13	3-10654	778	788	1	1
delay	727441	A>B	Pašilaičiai–Lazdynai–Stotis	789	794	3.9000001	Žemaitės st.	825.79999	5.6999998	Pašilaičių žiedas	795.09998	16	Troleibusai	16	13	3-10654	832	836	1	1
delay	727441	B>A	Stotis–Lazdynai–Pašilaičiai	833	839	4.9000001	Gerosios Vilties st.	853.70001	7.8000002	Pal. Jurgio Matulaičio bažnyčia	876.40002	16	Troleibusai	16	13	3-10654	875	882	1	1
delay	727441	A>B	Pašilaičiai–Lazdynai–Stotis	886	893	5.6999998	Naujamiestis	927.79999	6.6999998	Vilniaus rajono poliklinika	894.90002	16	Troleibusai	16	13	3-10654	929	934	1	1
delay	727441	B>A	Stotis–Lazdynai–Pašilaičiai	930	937	5.8000002	Naujamiestis	945	9.8999996	Žemynos st.	983.79999	16	Troleibusai	16	13	3-10654	975	985	1	1
delay	727441	A>B	Pašilaičiai–Lazdynai–Stotis	986	991	4.8000002	Pašilaičių žiedas	991.20001	9.3999996	Aguonų st.	1036	16	Troleibusai	16	13	3-10654	1031	1040	1	1
delay	727441	B>A	Stotis–Lazdynai–Pašilaičiai	1032	1042	8.1000004	Stotis	1040.2	15.8	Parodų rūmai	1069.4	16	Troleibusai	16	13	3-10654	1077	1090	1	1
delay	727441	A>B	Pašilaičiai–Lazdynai–Stotis	1122	1091	-33.5	Miškiniai	1113.5	-31	Vilniaus rajono poliklinika	1093.1	16	Troleibusai	16	13	3-10654	1164	1130	1	1
delay	727441	B>A	Stotis–Lazdynai–Pašilaičiai	1165	1134	-33.400002	Savanorių prospektas	1146.3	-31.799999	„Sparta“	1140	16	Troleibusai	16	13	3-10654	1208	1175	1	1
delay	727441	A>B	Pašilaičiai–Lazdynai–Stotis	1217	1211	-7.5999999	Savanorių prospektas	1239.2	-4.5999999	Šaulių sąjunga	1219.5	16	Troleibusai	16	13	3-10654	1258	1251	1	1
delay	727441	A>B	Pašilaičiai–Lazdynai–Stotis	1217	1318	1440	NULL	0	-1440	NULL	0	16	Troleibusai	16	13	3-10654	1258	1357	0	1
delay	727441	B>A	Stotis–Lazdynai–Pašilaičiai	1259	1360	1440	NULL	0	-1440	NULL	0	16	Troleibusai	16	13	3-10654	1302	1395	0	1
delay	727441	B>A	Stotis–Lazdynai–Pašilaičiai	1259	1254	-8.3999996	Gerosios Vilties st.	1267.1	-5.5999999	Aguonų st.	1256.8	16	Troleibusai	16	13	3-10654	1302	1293	1	1
delay	727323	A>B	Pašilaičiai–Lazdynai–Stotis	379	304	1440	NULL	0	-1440	NULL	0	16	Troleibusai	16	14	3-2141	420	336	0	1
delay	727323	A>B	Pašilaičiai–Lazdynai–Stotis	379	390	10.6	Viršuliškės	399.39999	12.1	Naujamiestis	425.10001	16	Troleibusai	16	14	3-2141	420	431	1	1
delay	727323	B>A	Stotis–Lazdynai–Pašilaičiai	421	434	9.8000002	Gerosios Vilties st.	448.70001	15.2	Čiobiškio st.	477.5	16	Troleibusai	16	14	3-2141	466	481	1	1
delay	727323	B>A	Stotis–Lazdynai–Pašilaičiai	421	340	1440	NULL	0	-1440	NULL	0	16	Troleibusai	16	14	3-2141	466	377	0	1
delay	727323	A>B	Pašilaičiai–Lazdynai–Stotis	477	488	8.6999998	Parodų rūmai	510.29999	12.1	Aguonų st.	530.70001	16	Troleibusai	16	14	3-2141	521	532	1	1
delay	727323	B>A	Stotis–Lazdynai–Pašilaičiai	522	536	11.6	Pal. Jurgio Matulaičio bažnyčia	569.20001	13.2	Paukščių takas	557.5	16	Troleibusai	16	14	3-2141	564	576	1	1
delay	727323	A>B	Pašilaičiai–Lazdynai–Stotis	607	611	2.7	Viršuliškės	619.5	5.1999998	Aguonų st.	652.79999	16	Troleibusai	16	14	3-2141	650	654	1	1
delay	727323	B>A	Stotis–Lazdynai–Pašilaičiai	651	657	4	Laisvės prospektas	683.79999	5.8000002	„Sparta“	662.59998	16	Troleibusai	16	14	3-2141	693	697	1	1
delay	727323	A>B	Pašilaičiai–Lazdynai–Stotis	702	706	3	Viršuliškės	714.70001	6.1999998	Aguonų st.	748.79999	16	Troleibusai	16	14	3-2141	745	751	1	1
delay	727323	B>A	Stotis–Lazdynai–Pašilaičiai	746	753	5.1999998	Savanorių prospektas	765.20001	7.0999999	„Sparta“	758.90002	16	Troleibusai	16	14	3-2141	788	793	1	1
delay	727323	A>B	Pašilaičiai–Lazdynai–Stotis	799	805	6.4000001	Viršuliškės	815.09998	9.3999996	Aguonų st.	849	16	Troleibusai	16	14	3-2141	842	851	1	1
delay	727323	B>A	Stotis–Lazdynai–Pašilaičiai	843	853	8.5	Savanorių prospektas	865.70001	10.2	„Sparta“	859	16	Troleibusai	16	14	3-2141	885	894	1	1
delay	727323	A>B	Pašilaičiai–Lazdynai–Stotis	902	903	-0.60000002	Žemaitės st.	934.29999	1.6	Šaulių sąjunga	911.79999	16	Troleibusai	16	14	3-2141	945	944	0	0
delay	727323	B>A	Stotis–Lazdynai–Pašilaičiai	946	948	0.60000002	Stotis	946.70001	4.4000001	Viršuliškės	986.29999	16	Troleibusai	16	14	3-2141	991	995	1	1
delay	727323	A>B	Pašilaičiai–Lazdynai–Stotis	1003	1001	-1.7	Pašilaičių žiedas	1001.8	4.3000002	Aguonų st.	1047.9	16	Troleibusai	16	14	3-2141	1048	1051	1	0
delay	727323	B>A	Stotis–Lazdynai–Pašilaičiai	1049	1052	0.5	Naujamiestis	1058.8	6.3000002	Parodų rūmai	1077	16	Troleibusai	16	14	3-2141	1094	1098	1	1
delay	727323	A>B	Pašilaičiai–Lazdynai–Stotis	1106	1130	22.1	Spaudos rūmai	1140.5	24.4	Čiobiškio st.	1134	16	Troleibusai	16	14	3-2141	1149	1172	1	1
delay	727323	B>A	Stotis–Lazdynai–Pašilaičiai	1150	1175	22.4	Gerosios Vilties st.	1188.8	24.200001	Aguonų st.	1177.7	16	Troleibusai	16	14	3-2141	1193	1216	1	1
delay	727323	A>B	Pašilaičiai–Lazdynai–Stotis	1235	1230	-6.1999998	Aguonų st.	1267.6	-3.4000001	Viršuliškės	1240.2	16	Troleibusai	16	14	3-2141	1276	1269	1	1
delay	727323	B>A	Stotis–Lazdynai–Pašilaičiai	1277	1271	-6.9000001	Stotis	1270.2	-5	Sietyno st.	1302.5	16	Troleibusai	16	14	3-2141	1320	1314	1	1
missed	663021	A>B	Pašilaičiai–Lazdynai–Stotis	1325	NULL	NULL	NULL	NULL	NULL	NULL	NULL	16	Troleibusai	16	14		1365	NULL	NULL	NULL
missed	663021	B>A	Stotis–Lazdynai–Pašilaičiai	1366	NULL	NULL	NULL	NULL	NULL	NULL	NULL	16	Troleibusai	16	14		1406	NULL	NULL	NULL
delay	727511	A>B	Pašilaičiai–Lazdynai–Stotis	463	463	-3.9000001	Viršuliškės	471.79999	3.9000001	Laisvės prospektas	484.70001	16	Troleibusai	16	15	3-2642	509	510	1	0
delay	727511	B>A	Stotis–Lazdynai–Pašilaičiai	510	512	-0.69999999	Spaudos rūmai	541.09998	2.0999999	Aguonų st.	515.5	16	Troleibusai	16	15	3-2642	552	552	0	0
delay	727511	A>B	Pašilaičiai–Lazdynai–Stotis	567	564	-3.0999999	Vaivorykštės st.	583.59998	-0.60000002	Gerosios Vilties st.	594.90002	16	Troleibusai	16	15	3-2642	610	607	1	0
delay	727511	B>A	Stotis–Lazdynai–Pašilaičiai	611	609	-3.0999999	Stotis	608	-1.7	Sietyno st.	639.20001	16	Troleibusai	16	15	3-2642	653	650	1	0
delay	727511	B>A	Stotis–Lazdynai–Pašilaičiai	956	970	13	Stotis	969.09998	14.6	Viršuliškės	1006.4	16	Troleibusai	16	15	3-2642	1001	1016	1	1
delay	727511	A>B	Pašilaičiai–Lazdynai–Stotis	1013	1026	11.6	Spaudos rūmai	1036.8	17.6	Aguonų st.	1071.2	16	Troleibusai	16	15	3-2642	1058	1075	1	1
delay	727511	B>A	Stotis–Lazdynai–Pašilaičiai	1059	1075	11.1	Žemynos st.	1113.9	15.7	Aguonų st.	1078.2	16	Troleibusai	16	15	3-2642	1104	1115	1	1
delay	727511	A>B	Pašilaičiai–Lazdynai–Stotis	1114	1124	7.6999998	Vaivorykštės st.	1141.3	10.1	Vilniaus rajono poliklinika	1126.2	16	Troleibusai	16	15	3-2642	1156	1164	1	1
delay	727511	B>A	Stotis–Lazdynai–Pašilaičiai	1157	1166	7.8000002	Laisvės prospektas	1194.2	9.3000002	Aguonų st.	1169.7	16	Troleibusai	16	15	3-2642	1200	1208	1	1
missed	663022	B>A	Stotis–Lazdynai–Pašilaičiai	338	NULL	NULL	NULL	NULL	NULL	NULL	NULL	16	Troleibusai	16	16Ž		378	NULL	NULL	NULL
delay	727474	A>B	Pašilaičiai–Lazdynai–Stotis	386	408	21.4	Pašilaičių žiedas	407.89999	34.5	„Sparta“	457	16	Troleibusai	16	16Ž	3-1873	427	461	1	1
delay	727474	B>A	Stotis–Lazdynai–Pašilaičiai	428	462	33.299999	Stotis	461.29999	35.799999	Sietyno st.	495.70001	16	Troleibusai	16	16Ž	3-1873	473	508	1	1
delay	727474	A>B	Pašilaičiai–Lazdynai–Stotis	485	509	23.6	Karoliniškės	526.70001	25.700001	„Sparta“	550.20001	16	Troleibusai	16	16Ž	3-1873	529	554	1	1
delay	727474	B>A	Stotis–Lazdynai–Pašilaičiai	530	558	26.9	Stotis	557	29.5	Pal. Jurgio Matulaičio bažnyčia	595.09998	16	Troleibusai	16	16Ž	3-1873	572	600	1	1
delay	727474	A>B	Pašilaičiai–Lazdynai–Stotis	616	644	27.4	Šaulių sąjunga	651.59998	31.9	Aguonų st.	688.5	16	Troleibusai	16	16Ž	3-1873	659	690	1	1
delay	727474	B>A	Stotis–Lazdynai–Pašilaičiai	660	692	29.1	Savanorių prospektas	703.09998	31.700001	Aguonų st.	695.09998	16	Troleibusai	16	16Ž	3-1873	702	732	1	1
delay	727474	A>B	Pašilaičiai–Lazdynai–Stotis	711	740	28.6	Karoliniškės	756.70001	31.299999	Aguonų st.	782.90002	16	Troleibusai	16	16Ž	3-1873	754	785	1	1
delay	727474	B>A	Stotis–Lazdynai–Pašilaičiai	755	786	30.6	Stotis	785.70001	35.400002	Pal. Jurgio Matulaičio bažnyčia	826	16	Troleibusai	16	16Ž	3-1873	797	831	1	1
delay	727474	A>B	Pašilaičiai–Lazdynai–Stotis	810	838	27.4	Pal. Jurgio Matulaičio bažnyčia	844.5	29.4	Aguonų st.	880	16	Troleibusai	16	16Ž	3-1873	853	882	1	1
delay	727474	B>A	Stotis–Lazdynai–Pašilaičiai	854	884	28.4	Stotis	882.5	33.200001	Sietyno st.	917.09998	16	Troleibusai	16	16Ž	3-1873	896	928	1	1
delay	727474	A>B	Pašilaičiai–Lazdynai–Stotis	907	939	30.9	Žemaitės st.	970.79999	33.599998	Viršuliškės	950.20001	16	Troleibusai	16	16Ž	3-1873	950	981	1	1
delay	727474	B>A	Stotis–Lazdynai–Pašilaičiai	951	984	31.700001	Pal. Jurgio Matulaičio bažnyčia	1020.4	34	Eigulių st.	1004.2	16	Troleibusai	16	16Ž	3-1873	996	1028	1	1
delay	727474	A>B	Pašilaičiai–Lazdynai–Stotis	1008	1037	28.200001	Statybininkų st.	1070.9	33.400002	Aguonų st.	1082	16	Troleibusai	16	16Ž	3-1873	1053	1086	1	1
delay	727474	B>A	Stotis–Lazdynai–Pašilaičiai	1054	1086	29.1	Statybininkų st.	1094.1	32.5	Pal. Jurgio Matulaičio bažnyčia	1124.1	16	Troleibusai	16	16Ž	3-1873	1099	1129	1	1
delay	727474	A>B	Pašilaičiai–Lazdynai–Stotis	1134	1144	8.1000004	Karoliniškės	1159.3	10.5	Aguonų st.	1184.1	16	Troleibusai	16	16Ž	3-1873	1176	1186	1	1
delay	727474	B>A	Stotis–Lazdynai–Pašilaičiai	1177	1189	10.2	Žemynos st.	1228.6	12.2	Aguonų st.	1192.7	16	Troleibusai	16	16Ž	3-1873	1220	1229	1	1
delay	727474	A>B	Pašilaičiai–Lazdynai–Stotis	1227	1266	37.599998	Lazdynai	1285.5	39.599998	Pašilaičių žiedas	1267	16	Troleibusai	16	16Ž	3-1873	1268	1305	1	1
delay	727474	A>B	Pašilaičiai–Lazdynai–Stotis	1227	1360	1440	NULL	0	-1440	NULL	0	16	Troleibusai	16	16Ž	3-1873	1268	1400	0	1
delay	727474	B>A	Stotis–Lazdynai–Pašilaičiai	1269	1402	1440	NULL	0	-1440	NULL	0	16	Troleibusai	16	16Ž	3-1873	1312	1439	0	1
delay	727474	B>A	Stotis–Lazdynai–Pašilaičiai	1269	1309	37.400002	Naujamiestis	1315.5	39.200001	Aguonų st.	1311.7	16	Troleibusai	16	16Ž	3-1873	1312	1349	1	1
delay	727388	A>B	Žirmūnai–Naujininkai	351	351	-2	Prūsų st.	386	-0.2	Minties st.	361.5	17	Troleibusai	17	01Ž	3-10652	390	387	0	0
delay	727388	B>A	Naujininkai–Žirmūnai	396	393	-3.0999999	Mikalojaus Konstantino Čiurlionio st.	400.79999	-1.7	Tuskulėnų rimties parkas	417.5	17	Troleibusai	17	01Ž	3-10652	432	430	1	0
delay	727388	A>B	Žirmūnai–Naujininkai	449	441	-11.6	Prūsų st.	482.29999	-7.6999998	Tuskulėnų rimties parkas	455.10001	17	Troleibusai	17	01Ž	3-10652	496	484	1	1
delay	727388	B>A	Naujininkai–Žirmūnai	500	490	-9.8000002	Naujininkai	490.29999	-4.6999998	Žirmūnų seniūnija	531.20001	17	Troleibusai	17	01Ž	3-10652	538	533	1	1
delay	727388	A>B	Žirmūnai–Naujininkai	575	572	-3.2	Taraso Ševčenkos st.	605.79999	-1.2	Kražių st.	600.59998	17	Troleibusai	17	01Ž	3-10652	616	613	1	1
delay	727388	B>A	Naujininkai–Žirmūnai	623	619	-4.3000002	Šv. Petro ir Povilo bažnyčia	640.90002	-2.2	Šaltinėlio st.	657	17	Troleibusai	17	01Ž	3-10652	660	658	1	1
delay	727388	A>B	Žirmūnai–Naujininkai	666	666	-0.5	Žirmūnų seniūnija	669.20001	1.7	Kražių st.	694.5	17	Troleibusai	17	01Ž	3-10652	707	707	0	0
delay	727388	B>A	Naujininkai–Žirmūnai	714	712	-3	Šv. Petro ir Povilo bažnyčia	733.29999	-1.5	Šaltinėlio st.	748.70001	17	Troleibusai	17	01Ž	3-10652	751	749	0	0
delay	727388	A>B	Žirmūnai–Naujininkai	759	759	0.40000001	Šaltinėlio st.	760.59998	4.3000002	„Sparta“	799.59998	17	Troleibusai	17	01Ž	3-10652	800	803	1	0
delay	727388	B>A	Naujininkai–Žirmūnai	809	809	0	Naujininkai	809.09998	3.5	Šaltinėlio st.	848.70001	17	Troleibusai	17	01Ž	3-10652	846	849	1	0
delay	727388	A>B	Žirmūnai–Naujininkai	856	856	-0.40000001	Kareivių st.	862.09998	3	Šv. Petro ir Povilo bažnyčia	876	17	Troleibusai	17	01Ž	3-10652	897	899	0	0
delay	727388	B>A	Naujininkai–Žirmūnai	910	905	-6.5999999	Operos ir baleto teatras	918.59998	-3.2	Žirmūnai	938.29999	17	Troleibusai	17	01Ž	3-10652	947	943	1	1
delay	727388	A>B	Žirmūnai–Naujininkai	953	951	-2.0999999	Žirmūnų seniūnija	954.70001	4.1999998	Šv. Petro ir Povilo bažnyčia	975.09998	17	Troleibusai	17	01Ž	3-10652	996	999	1	0
delay	727388	B>A	Naujininkai–Žirmūnai	1006	1001	-4.9000001	Naujininkai	1001.3	7	Žirmūnų seniūnija	1052.9	17	Troleibusai	17	01Ž	3-10652	1048	1055	1	1
delay	727388	A>B	Žirmūnai–Naujininkai	1081	1089	7.8000002	Kareivių st.	1095.3	12.9	Mikalojaus Konstantino Čiurlionio st.	1128.2	17	Troleibusai	17	01Ž	3-10652	1124	1136	1	1
delay	727388	B>A	Naujininkai–Žirmūnai	1131	1136	4.5	Kražių st.	1148.3	11.5	Žirmūnų seniūnija	1176.5	17	Troleibusai	17	01Ž	3-10652	1167	1178	1	1
delay	727388	A>B	Žirmūnai–Naujininkai	1176	1183	4.5999999	Mikalojaus Konstantino Čiurlionio st.	1211.1	6.6999998	Šaltinėlio st.	1183.8	17	Troleibusai	17	01Ž	3-10652	1215	1220	1	1
delay	727388	B>A	Naujininkai–Žirmūnai	1221	1226	2.3	Operos ir baleto teatras	1238.4	5.9000001	Šaltinėlio st.	1261.1	17	Troleibusai	17	01Ž	3-10652	1256	1262	1	1
missed	663033	A>B	Žirmūnai–Naujininkai	1265	NULL	NULL	NULL	NULL	NULL	NULL	NULL	17	Troleibusai	17	01Ž		1304	NULL	NULL	NULL
missed	663033	B>A	Naujininkai–Žirmūnai	1309	NULL	NULL	NULL	NULL	NULL	NULL	NULL	17	Troleibusai	17	01Ž		1344	NULL	NULL	NULL
delay	727432	A>B	Žirmūnai–Naujininkai	404	402	-6.8000002	Operos ir baleto teatras	422.5	-2.4000001	Šaltinėlio st.	402.60001	17	Troleibusai	17	02	3-2768	445	439	1	1
delay	727432	B>A	Naujininkai–Žirmūnai	455	444	-11.5	Taraso Ševčenkos st.	449.89999	-8.3999996	Tuskulėnų rimties parkas	471.79999	17	Troleibusai	17	02	3-2768	493	483	1	1
delay	727432	A>B	Žirmūnai–Naujininkai	505	493	-11.6	Šaltinėlio st.	494.60001	0.80000001	„Sparta“	543.09998	17	Troleibusai	17	02	3-2768	547	546	1	1
delay	727432	B>A	Naujininkai–Žirmūnai	556	549	-9.1000004	Kareivių st.	579.5	-6.5	„Sparta“	553.29999	17	Troleibusai	17	02	3-2768	593	584	1	1
delay	727432	B>A	Naujininkai–Žirmūnai	556	921	1440	NULL	0	-1440	NULL	0	17	Troleibusai	17	02	3-2768	593	960	0	1
delay	727432	A>B	Žirmūnai–Naujininkai	914	873	-42.200001	Kareivių st.	878.40002	-38.900002	Minties st.	886.79999	17	Troleibusai	17	02	3-2768	956	915	1	1
missed	663035	B>A	Naujininkai–Žirmūnai	961	NULL	NULL	NULL	NULL	NULL	NULL	NULL	17	Troleibusai	17	02		1002	NULL	NULL	NULL
delay	727432	A>B	Žirmūnai–Naujininkai	1012	973	-39.400002	Šaltinėlio st.	973.79999	-25.6	Prūsų st.	1027.3	17	Troleibusai	17	02	3-2768	1055	1029	1	1
delay	727432	A>B	Žirmūnai–Naujininkai	1012	1080	1440	NULL	0	-1440	NULL	0	17	Troleibusai	17	02	3-2768	1055	1130	0	1
delay	727432	B>A	Naujininkai–Žirmūnai	1066	1131	1440	NULL	0	-1440	NULL	0	17	Troleibusai	17	02	3-2768	1108	1171	0	1
delay	727432	B>A	Naujininkai–Žirmūnai	1066	1031	-34.799999	Naujininkai	1031.3	-28.4	Karaliaus Mindaugo tiltas	1057.8	17	Troleibusai	17	02	3-2768	1108	1079	1	1
delay	727424	A>B	Žirmūnai–Naujininkai	365	367	-0.1	Kalnų parkas	382.89999	2.8	Mikalojaus Konstantino Čiurlionio st.	398.10001	17	Troleibusai	17	03	3-2567	404	405	0	0
delay	727424	B>A	Naujininkai–Žirmūnai	411	411	-2.3	Šv. Petro ir Povilo bažnyčia	431	0.5	„Sparta“	415.39999	17	Troleibusai	17	03	3-2567	449	449	0	0
delay	727424	A>B	Žirmūnai–Naujininkai	463	459	-4.5	Šaltinėlio st.	459.70001	2.4000001	Karaliaus Mindaugo tiltas	487.89999	17	Troleibusai	17	03	3-2567	510	507	1	1
delay	727424	B>A	Naujininkai–Žirmūnai	515	509	-6.0999999	Naujininkai	509.10001	-2	Žirmūnai	544.59998	17	Troleibusai	17	03	3-2567	552	549	1	1
delay	727424	A>B	Žirmūnai–Naujininkai	587	585	-4.6999998	Prūsų st.	621.29999	-0.60000002	Minties st.	598.09998	17	Troleibusai	17	03	3-2567	628	623	1	1
delay	727424	B>A	Naujininkai–Žirmūnai	634	630	-5.3000002	Tuskulėnų rimties parkas	653.90002	-3.5999999	Mikalojaus Konstantino Čiurlionio st.	638.29999	17	Troleibusai	17	03	3-2567	671	667	1	1
delay	727424	A>B	Žirmūnai–Naujininkai	679	680	-0.1	Prūsų st.	718	1.5	Šv. Petro ir Povilo bažnyčia	697.40002	17	Troleibusai	17	03	3-2567	720	719	0	0
delay	727424	B>A	Naujininkai–Žirmūnai	727	726	-2.0999999	Operos ir baleto teatras	740.20001	0.80000001	Žirmūnai	759.29999	17	Troleibusai	17	03	3-2567	764	763	0	0
delay	727424	A>B	Žirmūnai–Naujininkai	772	773	-1.4	Taraso Ševčenkos st.	804.70001	0.69999999	Šaltinėlio st.	773.79999	17	Troleibusai	17	03	3-2567	813	811	0	0
delay	727424	B>A	Naujininkai–Žirmūnai	823	819	-5.5999999	Šv. Petro ir Povilo bažnyčia	839.79999	-3.0999999	Žirmūnai	851.40002	17	Troleibusai	17	03	3-2567	860	857	1	1
delay	727424	A>B	Žirmūnai–Naujininkai	870	868	-2.9000001	Kareivių st.	873.59998	-0.30000001	Operos ir baleto teatras	894.5	17	Troleibusai	17	03	3-2567	911	909	0	0
delay	727424	B>A	Naujininkai–Žirmūnai	921	914	-6.5999999	Naujininkai	914.5	-0.40000001	Žirmūnai	952.09998	17	Troleibusai	17	03	3-2567	958	957	1	1
delay	727424	A>B	Žirmūnai–Naujininkai	968	966	-1.8	Šaltinėlio st.	967.40002	9.6000004	Prūsų st.	1018.5	17	Troleibusai	17	03	3-2567	1011	1020	1	1
delay	727424	B>A	Naujininkai–Žirmūnai	1019	1022	2.9000001	Naujininkai	1022	12.6	Šaltinėlio st.	1072.7	17	Troleibusai	17	03	3-2567	1061	1073	1	1
delay	727424	A>B	Žirmūnai–Naujininkai	1097	1102	5	Šaltinėlio st.	1103.3	7.9000001	Šv. Petro ir Povilo bažnyčia	1122.8	17	Troleibusai	17	03	3-2567	1140	1145	1	1
delay	727424	B>A	Naujininkai–Žirmūnai	1147	1151	2.5999999	Operos ir baleto teatras	1164.8	10	Tuskulėnų rimties parkas	1181.2	17	Troleibusai	17	03	3-2567	1183	1192	1	1
delay	727424	A>B	Žirmūnai–Naujininkai	1194	1203	8.8000002	Prūsų st.	1239.8	10.2	Karaliaus Mindaugo tiltas	1223.8	17	Troleibusai	17	03	3-2567	1233	1241	1	1
delay	727424	B>A	Naujininkai–Žirmūnai	1240	1247	7.3000002	Operos ir baleto teatras	1262.5	8.6000004	Šaltinėlio st.	1282.5	17	Troleibusai	17	03	3-2567	1275	1283	1	1
delay	727424	A>B	Žirmūnai–Naujininkai	1286	1293	6.5	Kareivių st.	1297.9	7.9000001	„Sparta“	1328.3	17	Troleibusai	17	03	3-2567	1325	1332	1	1
delay	727424	B>A	Naujininkai–Žirmūnai	1333	1338	3.7	Šv. Petro ir Povilo bažnyčia	1358.1	6.5999999	Kareivių st.	1369.8	17	Troleibusai	17	03	3-2567	1368	1374	1	1
delay	727479	A>B	Žirmūnai–Naujininkai	414	411	-5.5	Operos ir baleto teatras	434.39999	-3.5	Žirmūnai	416.89999	17	Troleibusai	17	04	3-1743	456	451	1	1
delay	727479	B>A	Naujininkai–Žirmūnai	469	456	-12.6	Naujininkai	456.5	-9.1999998	Šiaurės miestelis	490.60001	17	Troleibusai	17	04	3-1743	507	497	1	1
delay	727479	A>B	Žirmūnai–Naujininkai	520	508	-11.7	Šaltinėlio st.	509.60001	-8	Operos ir baleto teatras	536.79999	17	Troleibusai	17	04	3-1743	561	551	1	1
delay	727479	B>A	Naujininkai–Žirmūnai	569	559	-13.7	Kalnų parkas	575.79999	-10.4	Prūsų st.	559.70001	17	Troleibusai	17	04	3-1743	606	593	1	1
delay	727479	B>A	Naujininkai–Žirmūnai	569	934	1440	NULL	0	-1440	NULL	0	17	Troleibusai	17	04	3-1743	606	973	0	1
delay	727479	A>B	Žirmūnai–Naujininkai	926	887	-40.5	Prūsų st.	925.5	-37.5	Šv. Petro ir Povilo bažnyčia	906.40002	17	Troleibusai	17	04	3-1743	968	927	1	1
missed	663044	B>A	Naujininkai–Žirmūnai	977	NULL	NULL	NULL	NULL	NULL	NULL	NULL	17	Troleibusai	17	04		1018	NULL	NULL	NULL
delay	727479	A>B	Žirmūnai–Naujininkai	1026	984	-42.799999	Kareivių st.	990.59998	-32.5	Prūsų st.	1035.4	17	Troleibusai	17	04	3-1743	1070	1037	1	1
delay	727479	B>A	Naujininkai–Žirmūnai	1079	1039	-40.099998	Prūsų st.	1040.1	-30.1	Žirmūnų seniūnija	1087.7	17	Troleibusai	17	04	3-1743	1120	1090	1	1
delay	727332	B>A	Naujininkai–Žirmūnai	330	331	0.89999998	Taraso Ševčenkos st.	337.39999	3.5999999	Tuskulėnų rimties parkas	356.79999	17	Troleibusai	17	05	3-2144	365	367	1	0
delay	727332	A>B	Žirmūnai–Naujininkai	377	374	-3.2	Žirmūnų seniūnija	377.70001	-0.69999999	Prūsų st.	413.20001	17	Troleibusai	17	05	3-2144	416	415	1	0
delay	727332	B>A	Naujininkai–Žirmūnai	426	420	-6	Taraso Ševčenkos st.	426.39999	-2.8	Žirmūnai	455.70001	17	Troleibusai	17	05	3-2144	464	460	1	1
delay	727332	A>B	Žirmūnai–Naujininkai	476	471	-4.8000002	Šaltinėlio st.	472.39999	6.1999998	Kražių st.	513	17	Troleibusai	17	05	3-2144	521	525	1	1
delay	727332	B>A	Naujininkai–Žirmūnai	528	527	-2.5	Kalnų parkas	546	0.69999999	Šaltinėlio st.	564.90002	17	Troleibusai	17	05	3-2144	565	566	0	0
delay	727332	A>B	Žirmūnai–Naujininkai	600	599	-5.5	Taraso Ševčenkos st.	628.5	-1.8	Šaltinėlio st.	599.29999	17	Troleibusai	17	05	3-2144	641	635	1	1
delay	727332	B>A	Naujininkai–Žirmūnai	647	643	-5.0999999	Kalnų parkas	662.40002	-2.5999999	Šaltinėlio st.	680.59998	17	Troleibusai	17	05	3-2144	684	681	1	1
delay	727332	A>B	Žirmūnai–Naujininkai	691	691	-4.0999999	Prūsų st.	725.90002	-0.69999999	Šaltinėlio st.	691.40002	17	Troleibusai	17	05	3-2144	732	727	1	1
delay	727332	B>A	Naujininkai–Žirmūnai	739	737	-3.9000001	Minties st.	762.29999	-1.1	„Sparta“	741.70001	17	Troleibusai	17	05	3-2144	776	773	1	0
delay	727332	A>B	Žirmūnai–Naujininkai	781	781	-0.5	Kareivių st.	786.90002	1.6	Karaliaus Mindaugo tiltas	804.09998	17	Troleibusai	17	05	3-2144	822	823	0	0
delay	727332	B>A	Naujininkai–Žirmūnai	837	831	-5.4000001	Naujininkai	831.70001	-1	Šaltinėlio st.	872.20001	17	Troleibusai	17	05	3-2144	874	873	1	1
delay	727332	A>B	Žirmūnai–Naujininkai	884	880	-6.0999999	Prūsų st.	917.90002	-3.0999999	Minties st.	892.70001	17	Troleibusai	17	05	3-2144	926	919	1	1
delay	727332	B>A	Naujininkai–Žirmūnai	934	928	-6.6999998	Operos ir baleto teatras	942.59998	-4.5999999	„Sparta“	933.29999	17	Troleibusai	17	05	3-2144	973	967	1	1
delay	727332	A>B	Žirmūnai–Naujininkai	986	980	-6.9000001	Kareivių st.	985.5	6.4000001	Prūsų st.	1033.3	17	Troleibusai	17	05	3-2144	1029	1035	1	1
delay	727332	B>A	Naujininkai–Žirmūnai	1037	1038	1.1	Naujininkai	1038.2	9.6000004	Minties st.	1075.8	17	Troleibusai	17	05	3-2144	1079	1087	1	1
delay	727332	A>B	Žirmūnai–Naujininkai	1114	1116	1.5	Šaltinėlio st.	1116.7	4.1999998	Šv. Petro ir Povilo bažnyčia	1136.1	17	Troleibusai	17	05	3-2144	1157	1160	1	0
delay	727332	B>A	Naujininkai–Žirmūnai	1166	1166	0	Naujininkai	1166.1	3.2	Žirmūnai	1199.7	17	Troleibusai	17	05	3-2144	1202	1204	1	0
delay	727332	A>B	Žirmūnai–Naujininkai	1207	1215	7.4000001	Žirmūnų seniūnija	1218.3	10.6	Kražių st.	1242.4	17	Troleibusai	17	05	3-2144	1246	1253	1	1
delay	727332	B>A	Naujininkai–Žirmūnai	1251	1259	6.6999998	Taraso Ševčenkos st.	1264.1	8.1999998	Tuskulėnų rimties parkas	1282.4	17	Troleibusai	17	05	3-2144	1286	1292	1	1
missed	663039	A>B	Žirmūnai–Naujininkai	1295	NULL	NULL	NULL	NULL	NULL	NULL	NULL	17	Troleibusai	17	05		1334	NULL	NULL	NULL
missed	663039	B>A	Naujininkai–Žirmūnai	1342	NULL	NULL	NULL	NULL	NULL	NULL	NULL	17	Troleibusai	17	05		1377	NULL	NULL	NULL
delay	727488	A>B	Žirmūnai–Naujininkai	420	427	6.3000002	Kareivių st.	432.79999	8.8000002	Mikalojaus Konstantino Čiurlionio st.	463.10001	17	Troleibusai	17	06	3-1988	463	471	1	1
delay	727488	B>A	Naujininkai–Žirmūnai	473	472	-0.80000001	Naujininkai	472.39999	5.3000002	Šaltinėlio st.	515.5	17	Troleibusai	17	06	3-1988	511	516	1	1
delay	727488	A>B	Žirmūnai–Naujininkai	525	524	-1.2	Šaltinėlio st.	525	3.9000001	„Sparta“	565.20001	17	Troleibusai	17	06	3-1988	566	569	1	0
delay	727488	B>A	Naujininkai–Žirmūnai	573	572	-1.4	Operos ir baleto teatras	586.90002	0.60000002	„Sparta“	577.40002	17	Troleibusai	17	06	3-1988	610	610	0	0
delay	727488	B>A	Naujininkai–Žirmūnai	573	946	1440	NULL	0	-1440	NULL	0	17	Troleibusai	17	06	3-1988	610	989	0	1
delay	727488	A>B	Žirmūnai–Naujininkai	939	901	-39.299999	Operos ir baleto teatras	926.5	-37.799999	Mikalojaus Konstantino Čiurlionio st.	935.5	17	Troleibusai	17	06	3-1988	982	943	1	1
missed	663040	B>A	Naujininkai–Žirmūnai	991	NULL	NULL	NULL	NULL	NULL	NULL	NULL	17	Troleibusai	17	06		1032	NULL	NULL	NULL
delay	727488	A>B	Žirmūnai–Naujininkai	1046	1002	-44.299999	Šaltinėlio st.	1003	-16	„Sparta“	1069.3	17	Troleibusai	17	06	3-1988	1090	1073	1	1
delay	727488	B>A	Naujininkai–Žirmūnai	1097	1076	-21.200001	Juozo Tumo-Vaižganto st.	1087.9	-15.8	Šiaurės miestelis	1114.3	17	Troleibusai	17	06	3-1988	1138	1120	1	1
delay	727360	B>A	Naujininkai–Žirmūnai	346	348	1.3	Kražių st.	360.39999	3.7	Žirmūnai	379	17	Troleibusai	17	07	3-10388	381	383	1	0
delay	727360	A>B	Žirmūnai–Naujininkai	386	391	4.5999999	Žirmūnų seniūnija	394.29999	6.4000001	Karaliaus Mindaugo tiltas	411.89999	17	Troleibusai	17	07	3-10388	425	430	1	1
delay	727360	B>A	Naujininkai–Žirmūnai	431	436	4.3000002	Mikalojaus Konstantino Čiurlionio st.	443.10001	5.9000001	Žirmūnai	469.39999	17	Troleibusai	17	07	3-10388	469	475	1	1
delay	727360	A>B	Žirmūnai–Naujininkai	482	487	5.4000001	Šaltinėlio st.	488.5	17.4	Operos ir baleto teatras	528.20001	17	Troleibusai	17	07	3-10388	527	544	1	1
delay	727360	B>A	Naujininkai–Žirmūnai	533	544	8.1999998	Karaliaus Mindaugo tiltas	560.5	10.5	Prūsų st.	544.59998	17	Troleibusai	17	07	3-10388	570	579	1	1
delay	727360	A>B	Žirmūnai–Naujininkai	610	620	7.5999999	Taraso Ševčenkos st.	651.59998	9.6999998	Šiaurės miestelis	628.90002	17	Troleibusai	17	07	3-10388	651	659	1	1
delay	727360	B>A	Naujininkai–Žirmūnai	658	665	5.3000002	Operos ir baleto teatras	678.70001	7.6999998	„Sparta“	669.5	17	Troleibusai	17	07	3-10388	695	703	1	1
delay	727360	A>B	Žirmūnai–Naujininkai	700	712	12.2	Šaltinėlio st.	713.40002	15.8	Kražių st.	742.59998	17	Troleibusai	17	07	3-10388	741	755	1	1
delay	727360	B>A	Naujininkai–Žirmūnai	747	760	10.2	Šv. Petro ir Povilo bažnyčia	779.59998	15.2	Žirmūnai	793.59998	17	Troleibusai	17	07	3-10388	784	798	1	1
delay	727360	A>B	Žirmūnai–Naujininkai	794	805	9.8000002	Tuskulėnų rimties parkas	817.70001	11.8	Kražių st.	832.59998	17	Troleibusai	17	07	3-10388	835	845	1	1
delay	727360	B>A	Naujininkai–Žirmūnai	846	853	5.4000001	Operos ir baleto teatras	866.70001	8.6999998	Šaltinėlio st.	890.90002	17	Troleibusai	17	07	3-10388	883	892	1	1
delay	727360	A>B	Žirmūnai–Naujininkai	894	904	9.8000002	Žirmūnų seniūnija	907.5	11.4	„Sparta“	942.70001	17	Troleibusai	17	07	3-10388	936	947	1	1
delay	727360	B>A	Naujininkai–Žirmūnai	942	953	9.3999996	Operos ir baleto teatras	966.90002	15.6	Žirmūnų seniūnija	994.5	17	Troleibusai	17	07	3-10388	981	996	1	1
delay	727360	A>B	Žirmūnai–Naujininkai	999	1009	10.4	Šaltinėlio st.	1010.6	35	Prūsų st.	1074.9	17	Troleibusai	17	07	3-10388	1042	1077	1	1
delay	727360	B>A	Naujininkai–Žirmūnai	1050	1078	26.1	Juozo Tumo-Vaižganto st.	1088.1	31.299999	Šiaurės miestelis	1114.4	17	Troleibusai	17	07	3-10388	1092	1120	1	1
delay	727360	A>B	Žirmūnai–Naujininkai	1128	1141	10.5	Taraso Ševčenkos st.	1171.5	12.3	Šaltinėlio st.	1141.4	17	Troleibusai	17	07	3-10388	1168	1178	1	1
delay	727360	B>A	Naujininkai–Žirmūnai	1174	1188	11.3	Operos ir baleto teatras	1200.5	15.2	Šaltinėlio st.	1224.5	17	Troleibusai	17	07	3-10388	1210	1225	1	1
delay	727360	A>B	Žirmūnai–Naujininkai	1219	1234	12.1	Prūsų st.	1268.1	14.4	Šaltinėlio st.	1234.5	17	Troleibusai	17	07	3-10388	1258	1269	1	1
delay	727360	A>B	Žirmūnai–Naujininkai	1219	1323	1440	NULL	0	-1440	NULL	0	17	Troleibusai	17	07	3-10388	1258	1360	0	1
delay	727360	B>A	Naujininkai–Žirmūnai	1263	1365	1440	NULL	0	-1440	NULL	0	17	Troleibusai	17	07	3-10388	1298	1401	0	1
delay	727360	B>A	Naujininkai–Žirmūnai	1263	1277	11.7	Šv. Petro ir Povilo bažnyčia	1296	14.6	Kareivių st.	1307.8	17	Troleibusai	17	07	3-10388	1298	1312	1	1
delay	727496	A>B	Žirmūnai–Naujininkai	432	433	0.1	Operos ir baleto teatras	460.89999	2.9000001	Šv. Petro ir Povilo bažnyčia	452.89999	17	Troleibusai	17	08	3-844	477	479	0	0
delay	727496	B>A	Naujininkai–Žirmūnai	485	482	-3.0999999	Taraso Ševčenkos st.	488.29999	0.40000001	Šaltinėlio st.	522.59998	17	Troleibusai	17	08	3-844	523	523	1	0
delay	727496	A>B	Žirmūnai–Naujininkai	539	911	1440	NULL	0	-1440	NULL	0	17	Troleibusai	17	08	3-844	580	955	0	1
delay	727496	A>B	Žirmūnai–Naujininkai	539	541	-2.3	Prūsų st.	575.70001	3.8	Žirmūnai	550.29999	17	Troleibusai	17	08	3-844	580	577	1	0
delay	727496	B>A	Naujininkai–Žirmūnai	589	958	1440	NULL	0	-1440	NULL	0	17	Troleibusai	17	08	3-844	626	1002	0	1
delay	727496	B>A	Naujininkai–Žirmūnai	589	588	-2.7	Šv. Petro ir Povilo bažnyčia	608.70001	-0.80000001	Prūsų st.	589.29999	17	Troleibusai	17	08	3-844	626	624	0	0
missed	663038	A>B	Žirmūnai–Naujininkai	961	NULL	NULL	NULL	NULL	NULL	NULL	NULL	17	Troleibusai	17	08		1004	NULL	NULL	NULL
missed	663038	B>A	Naujininkai–Žirmūnai	1012	NULL	NULL	NULL	NULL	NULL	NULL	NULL	17	Troleibusai	17	08		1054	NULL	NULL	NULL
delay	727496	A>B	Žirmūnai–Naujininkai	1062	1015	-46.700001	Šaltinėlio st.	1016.5	-27.1	Kražių st.	1064.7	17	Troleibusai	17	08	3-844	1106	1077	1	1
delay	727496	B>A	Naujininkai–Žirmūnai	1114	1078	-37.299999	Juozo Tumo-Vaižganto st.	1088.8	-31.299999	Šiaurės miestelis	1114.5	17	Troleibusai	17	08	3-844	1153	1120	1	1
missed	663034	B>A	Naujininkai–Žirmūnai	365	NULL	NULL	NULL	NULL	NULL	NULL	NULL	17	Troleibusai	17	09Ž		400	NULL	NULL	NULL
delay	727447	A>B	Žirmūnai–Naujininkai	409	382	-28.4	Operos ir baleto teatras	406.60001	-27.1	Žirmūnai	388.29999	17	Troleibusai	17	09Ž	3-2772	451	423	1	1
delay	727447	B>A	Naujininkai–Žirmūnai	461	427	-34.299999	Juozo Tumo-Vaižganto st.	437.70001	-31.1	Šaltinėlio st.	467.10001	17	Troleibusai	17	09Ž	3-2772	499	468	1	1
delay	727447	A>B	Žirmūnai–Naujininkai	511	479	-32	Šaltinėlio st.	480.20001	-19.700001	Operos ir baleto teatras	518.70001	17	Troleibusai	17	09Ž	3-2772	553	533	1	1
delay	727447	B>A	Naujininkai–Žirmūnai	562	534	-27.5	Naujininkai	534.70001	-26.200001	Žirmūnai	567.29999	17	Troleibusai	17	09Ž	3-2772	599	572	1	1
delay	727447	B>A	Naujininkai–Žirmūnai	562	653	1440	NULL	0	-1440	NULL	0	17	Troleibusai	17	09Ž	3-2772	599	691	0	1
delay	727447	A>B	Žirmūnai–Naujininkai	644	609	-37.299999	Taraso Ševčenkos st.	640.70001	-35.599998	Karaliaus Mindaugo tiltas	629.90002	17	Troleibusai	17	09Ž	3-2772	685	647	1	1
delay	727447	B>A	Naujininkai–Žirmūnai	692	747	54.700001	Minties st.	773.90002	56.700001	Žirmūnai	780.20001	17	Troleibusai	17	09Ž	3-2772	729	785	1	1
delay	727447	A>B	Žirmūnai–Naujininkai	738	700	-39.400002	Prūsų st.	737.59998	-37.099998	Šv. Petro ir Povilo bažnyčia	717.79999	17	Troleibusai	17	09Ž	3-2772	779	739	1	1
delay	727447	B>A	Naujininkai–Žirmūnai	787	843	55.799999	Operos ir baleto teatras	858.29999	59.299999	Minties st.	873.5	17	Troleibusai	17	09Ž	3-2772	824	885	1	1
delay	727447	A>B	Žirmūnai–Naujininkai	832	793	-39	Kareivių st.	799.59998	-36.200001	Kražių st.	822.59998	17	Troleibusai	17	09Ž	3-2772	873	835	1	1
missed	663034	B>A	Naujininkai–Žirmūnai	887	NULL	NULL	NULL	NULL	NULL	NULL	NULL	17	Troleibusai	17	09Ž		924	NULL	NULL	NULL
delay	727447	A>B	Žirmūnai–Naujininkai	932	893	-39.5	Šaltinėlio st.	893.70001	-38.5	Karaliaus Mindaugo tiltas	916	17	Troleibusai	17	09Ž	3-2772	974	934	1	1
delay	727447	B>A	Naujininkai–Žirmūnai	983	939	-43.599998	Naujininkai	939.5	-36.700001	Šaltinėlio st.	986.40002	17	Troleibusai	17	09Ž	3-2772	1024	987	1	1
delay	727447	A>B	Žirmūnai–Naujininkai	1036	992	-43.799999	Žirmūnų seniūnija	997	-20.6	Prūsų st.	1057.3	17	Troleibusai	17	09Ž	3-2772	1080	1059	1	1
delay	727447	B>A	Naujininkai–Žirmūnai	1089	1062	-27	Naujininkai	1062.1	-18.6	Žirmūnai	1105.5	17	Troleibusai	17	09Ž	3-2772	1130	1111	1	1
delay	727447	A>B	Žirmūnai–Naujininkai	1166	1130	-36.299999	Kareivių st.	1135.2	-31.6	Prūsų st.	1171.3	17	Troleibusai	17	09Ž	3-2772	1205	1173	1	1
delay	727447	B>A	Naujininkai–Žirmūnai	1212	1175	-36.799999	Taraso Ševčenkos st.	1181.7	-33	Žirmūnai	1208.5	17	Troleibusai	17	09Ž	3-2772	1247	1213	1	1
delay	727447	A>B	Žirmūnai–Naujininkai	1254	1312	58.200001	Žirmūnų seniūnija	1315.9	59	Kražių st.	1337.8	17	Troleibusai	17	09Ž	3-2772	1293	1351	1	1
delay	727447	A>B	Žirmūnai–Naujininkai	1254	1220	-34.5	Šaltinėlio st.	1220.7	-30.4	Mikalojaus Konstantino Čiurlionio st.	1253.9	17	Troleibusai	17	09Ž	3-2772	1293	1262	1	1
delay	727447	B>A	Naujininkai–Žirmūnai	1299	1353	53.700001	Prūsų st.	1353.8	57.400002	Tuskulėnų rimties parkas	1379.6	17	Troleibusai	17	09Ž	3-2772	1334	1390	1	1
delay	727447	B>A	Naujininkai–Žirmūnai	1299	1267	-32.5	Juozo Tumo-Vaižganto st.	1277.5	-28.700001	Žirmūnai	1299.6	17	Troleibusai	17	09Ž	3-2772	1334	1304	1	1
delay	727503	A>B	Žirmūnai–Naujininkai	442	443	0.2	Operos ir baleto teatras	474.60001	2.0999999	Šv. Petro ir Povilo bažnyčia	462	17	Troleibusai	17	10	3-2450	489	489	0	0
delay	727503	B>A	Naujininkai–Žirmūnai	493	495	2.3	Žirmūnai	527.79999	4.1999998	Šaltinėlio st.	534.5	17	Troleibusai	17	10	3-2450	531	535	1	1
delay	727503	A>B	Žirmūnai–Naujininkai	545	924	1440	NULL	0	-1440	NULL	0	17	Troleibusai	17	10	3-2450	586	965	0	1
delay	727503	A>B	Žirmūnai–Naujininkai	545	549	2.5999999	„Sparta“	584.09998	6.0999999	Minties st.	562.79999	17	Troleibusai	17	10	3-2450	586	588	1	1
delay	727503	B>A	Naujininkai–Žirmūnai	598	972	1440	NULL	0	-1440	NULL	0	17	Troleibusai	17	10	3-2450	635	1018	0	1
delay	727503	B>A	Naujininkai–Žirmūnai	598	597	-2.5999999	Karaliaus Mindaugo tiltas	614.79999	-0.2	Žirmūnai	629.29999	17	Troleibusai	17	10	3-2450	635	633	0	0
missed	663045	A>B	Žirmūnai–Naujininkai	974	NULL	NULL	NULL	NULL	NULL	NULL	NULL	17	Troleibusai	17	10		1017	NULL	NULL	NULL
missed	663045	B>A	Naujininkai–Žirmūnai	1023	NULL	NULL	NULL	NULL	NULL	NULL	NULL	17	Troleibusai	17	10		1065	NULL	NULL	NULL
delay	727503	A>B	Žirmūnai–Naujininkai	1072	1029	-43.099998	Šaltinėlio st.	1030.1	-24.9	Operos ir baleto teatras	1074.9	17	Troleibusai	17	10	3-2450	1116	1090	1	1
delay	727503	B>A	Naujininkai–Žirmūnai	1124	1090	-35	Kražių st.	1102.7	-24.6	Žirmūnų seniūnija	1134.4	17	Troleibusai	17	10	3-2450	1161	1136	1	1
delay	727382	A>B	Žirmūnai–Naujininkai	337	330	-17.5	Prūsų st.	356.5	-15.4	Minties st.	332.39999	17	Troleibusai	17	11	3-418	376	358	1	1
delay	727382	B>A	Naujininkai–Žirmūnai	383	363	-20.9	Operos ir baleto teatras	377.29999	-18	Žirmūnai	394.29999	17	Troleibusai	17	11	3-418	418	398	1	1
delay	727382	A>B	Žirmūnai–Naujininkai	425	406	-25.200001	Mikalojaus Konstantino Čiurlionio st.	435.39999	-19.799999	Šaltinėlio st.	406.29999	17	Troleibusai	17	11	3-418	469	445	1	1
delay	727382	B>A	Naujininkai–Žirmūnai	480	451	-29.299999	Naujininkai	450.89999	-25.6	Tuskulėnų rimties parkas	479.60001	17	Troleibusai	17	11	3-418	518	491	1	1
delay	727382	A>B	Žirmūnai–Naujininkai	532	501	-31.5	Šaltinėlio st.	501.79999	-21.200001	„Sparta“	547.09998	17	Troleibusai	17	11	3-418	573	551	1	1
delay	727382	B>A	Naujininkai–Žirmūnai	579	553	-27.700001	Karaliaus Mindaugo tiltas	570.59998	-24.9	Šaltinėlio st.	590.29999	17	Troleibusai	17	11	3-418	616	591	1	1
delay	727382	A>B	Žirmūnai–Naujininkai	657	629	-30.299999	Prūsų st.	665.59998	-28.6	Šaltinėlio st.	629.5	17	Troleibusai	17	11	3-418	698	667	1	1
delay	727382	B>A	Naujininkai–Žirmūnai	705	672	-34.200001	Žirmūnų seniūnija	705.90002	-32.700001	„Sparta“	676.09998	17	Troleibusai	17	11	3-418	742	707	1	1
delay	727382	A>B	Žirmūnai–Naujininkai	747	721	-26.9	Kareivių st.	726.59998	-25.200001	Kražių st.	748.59998	17	Troleibusai	17	11	3-418	788	761	1	1
delay	727382	B>A	Naujininkai–Žirmūnai	799	769	-30.4	Naujininkai	768.59998	-28.4	Šaltinėlio st.	806.79999	17	Troleibusai	17	11	3-418	836	807	1	1
delay	727382	A>B	Žirmūnai–Naujininkai	846	816	-30.5	Kareivių st.	822	-27.6	Karaliaus Mindaugo tiltas	839.90002	17	Troleibusai	17	11	3-418	887	857	1	1
delay	727382	B>A	Naujininkai–Žirmūnai	902	866	-37.200001	Operos ir baleto teatras	880.29999	-31	Šaltinėlio st.	907.29999	17	Troleibusai	17	11	3-418	939	908	1	1
delay	727382	A>B	Žirmūnai–Naujininkai	945	917	-29	Žirmūnai	923.5	-24.9	Prūsų st.	961	17	Troleibusai	17	11	3-418	988	963	1	1
delay	727382	B>A	Naujininkai–Žirmūnai	1000	964	-35.5	Kražių st.	978.29999	-31	Šaltinėlio st.	1010.1	17	Troleibusai	17	11	3-418	1042	1011	1	1
delay	727382	A>B	Žirmūnai–Naujininkai	1056	1023	-33.299999	Šaltinėlio st.	1023.9	-10.3	Prūsų st.	1087.6	17	Troleibusai	17	11	3-418	1100	1089	1	1
delay	727382	B>A	Naujininkai–Žirmūnai	1105	1091	-15.9	Kražių st.	1102.7	-7.1999998	Šiaurės miestelis	1130.9	17	Troleibusai	17	11	3-418	1146	1136	1	1
delay	727382	A>B	Žirmūnai–Naujininkai	1188	1153	-35.299999	Kareivių st.	1158.3	-31.700001	„Sparta“	1190.6	17	Troleibusai	17	11	3-418	1227	1194	1	1
delay	727382	B>A	Naujininkai–Žirmūnai	1233	1200	-33.700001	Taraso Ševčenkos st.	1205.7	-30.200001	Tuskulėnų rimties parkas	1226	17	Troleibusai	17	11	3-418	1268	1237	1	1
delay	727382	A>B	Žirmūnai–Naujininkai	1276	1247	-29.299999	Žirmūnų seniūnija	1250.6	-25	Mikalojaus Konstantino Čiurlionio st.	1281.3	17	Troleibusai	17	11	3-418	1315	1288	1	1
delay	727382	B>A	Naujininkai–Žirmūnai	1321	1293	-27.9	Naujininkai	1293.2	-24.5	Žirmūnai	1325.8	17	Troleibusai	17	11	3-418	1356	1331	1	1
delay	727382	B>A	Naujininkai–Žirmūnai	1321	1382	60	Naujininkai	1381	59.900002	Kražių st.	1393.5	17	Troleibusai	17	11	3-418	1356	1417	1	1
delay	727382	A>B	Žirmūnai–Naujininkai	1368	1339	-29.299999	Žirmūnų seniūnija	1342.4	-27.5	Mikalojaus Konstantino Čiurlionio st.	1370.8	17	Troleibusai	17	11	3-418	1407	1379	1	1
delay	727510	A>B	Žirmūnai–Naujininkai	455	465	10.4	Šaltinėlio st.	466.70001	14.9	Operos ir baleto teatras	498.70001	17	Troleibusai	17	12	3-2536	502	515	1	1
delay	727510	B>A	Naujininkai–Žirmūnai	507	516	9.1999998	Naujininkai	516.20001	11.9	Žirmūnai	551.40002	17	Troleibusai	17	12	3-2536	545	556	1	1
delay	727510	A>B	Žirmūnai–Naujininkai	555	564	8.6000004	Šaltinėlio st.	564.79999	10.3	Operos ir baleto teatras	590.09998	17	Troleibusai	17	12	3-2536	596	605	1	1
delay	727510	B>A	Naujininkai–Žirmūnai	604	612	7.5999999	Karaliaus Mindaugo tiltas	630.90002	9.8000002	Žirmūnai	645.40002	17	Troleibusai	17	12	3-2536	641	650	1	1
delay	727510	A>B	Žirmūnai–Naujininkai	979	959	-20.9	Kareivių st.	964.59998	-4.4000001	Prūsų st.	1015.5	17	Troleibusai	17	12	3-2536	1022	1017	1	1
delay	727510	B>A	Naujininkai–Žirmūnai	1029	1020	-9.3000002	Naujininkai	1019.8	0.5	Kalnų parkas	1051.5	17	Troleibusai	17	12	3-2536	1071	1071	1	1
delay	727510	A>B	Žirmūnai–Naujininkai	1089	1072	-17.6	Tuskulėnų rimties parkas	1085.2	-8.8999996	Mikalojaus Konstantino Čiurlionio st.	1114.4	17	Troleibusai	17	12	3-2536	1132	1122	1	1
delay	727510	B>A	Naujininkai–Žirmūnai	1139	1124	-17	Kražių st.	1134.7	-11	Tuskulėnų rimties parkas	1152.2	17	Troleibusai	17	12	3-2536	1175	1162	1	1
delay	727358	A>B	Žirmūnai–Naujininkai	394	339	-56.400002	Taraso Ševčenkos st.	369.70001	-55	Karaliaus Mindaugo tiltas	358.60001	17	Troleibusai	17	13	3-2688	433	377	1	1
delay	727358	A>B	Žirmūnai–Naujininkai	394	428	33.5	Šaltinėlio st.	428.70001	45	„Sparta“	473.29999	17	Troleibusai	17	13	3-2688	433	477	1	1
delay	727358	B>A	Naujininkai–Žirmūnai	439	478	39.599998	Naujininkai	478.60001	45.900002	Kalnų parkas	505.39999	17	Troleibusai	17	13	3-2688	477	521	1	1
delay	727358	B>A	Naujininkai–Žirmūnai	439	382	-58.400002	Žirmūnų seniūnija	416.5	-56.700001	Prūsų st.	383.29999	17	Troleibusai	17	13	3-2688	477	418	1	1
delay	727358	A>B	Žirmūnai–Naujininkai	489	530	41.400002	Šaltinėlio st.	531.59998	43.900002	„Sparta“	571.29999	17	Troleibusai	17	13	3-2688	532	575	1	1
delay	727358	B>A	Naujininkai–Žirmūnai	541	582	40.700001	Operos ir baleto teatras	597.09998	42.200001	Žirmūnai	614.70001	17	Troleibusai	17	13	3-2688	578	619	1	1
delay	727358	A>B	Žirmūnai–Naujininkai	618	653	34.5	Kareivių st.	659.09998	35.799999	Kražių st.	680.59998	17	Troleibusai	17	13	3-2688	659	693	1	1
delay	727358	B>A	Naujininkai–Žirmūnai	666	700	34	Naujininkai	700.20001	37.099998	Šaltinėlio st.	739.29999	17	Troleibusai	17	13	3-2688	703	740	1	1
delay	727358	A>B	Žirmūnai–Naujininkai	712	748	35.599998	Šaltinėlio st.	748.79999	38.700001	Prūsų st.	789.59998	17	Troleibusai	17	13	3-2688	753	791	1	1
delay	727358	B>A	Naujininkai–Žirmūnai	761	795	34	Naujininkai	795.09998	40.099998	Šaltinėlio st.	837.29999	17	Troleibusai	17	13	3-2688	798	838	1	1
delay	727358	A>B	Žirmūnai–Naujininkai	806	844	37.599998	Šaltinėlio st.	844.90002	40.5	„Sparta“	882.79999	17	Troleibusai	17	13	3-2688	847	886	1	1
delay	727358	B>A	Naujininkai–Žirmūnai	857	892	34.799999	Kražių st.	904.5	41.900002	Kareivių st.	931.40002	17	Troleibusai	17	13	3-2688	894	936	1	1
delay	727358	A>B	Žirmūnai–Naujininkai	905	943	36.900002	Kareivių st.	948.29999	40.799999	Prūsų st.	985.70001	17	Troleibusai	17	13	3-2688	947	987	1	1
delay	727358	B>A	Naujininkai–Žirmūnai	953	994	40.599998	Naujininkai	993.70001	53.099998	Šaltinėlio st.	1045.2	17	Troleibusai	17	13	3-2688	993	1046	1	1
delay	727358	A>B	Žirmūnai–Naujininkai	1006	1050	44.400002	Šaltinėlio st.	1051.6	59.799999	Taraso Ševčenkos st.	1101.8	17	Troleibusai	17	13	3-2688	1049	1109	1	1
delay	727358	B>A	Naujininkai–Žirmūnai	1058	1111	51.099998	Kražių st.	1122.8	54.400002	Šiaurės miestelis	1145.5	17	Troleibusai	17	13	3-2688	1100	1153	1	1
delay	727358	A>B	Žirmūnai–Naujininkai	1139	1190	50.099998	Prūsų st.	1226	51.299999	Karaliaus Mindaugo tiltas	1209.8	17	Troleibusai	17	13	3-2688	1178	1227	1	1
delay	727358	B>A	Naujininkai–Žirmūnai	1184	1234	49.200001	Operos ir baleto teatras	1248.5	51.5	Šiaurės miestelis	1263.3	17	Troleibusai	17	13	3-2688	1219	1269	1	1
missed	663041	A>B	Žirmūnai–Naujininkai	1230	NULL	NULL	NULL	NULL	NULL	NULL	NULL	17	Troleibusai	17	13		1269	NULL	NULL	NULL
delay	727358	B>A	Naujininkai–Žirmūnai	1274	1329	52.900002	Operos ir baleto teatras	1342.1	54.299999	Prūsų st.	1329.4	17	Troleibusai	17	13	3-2688	1309	1362	1	1
delay	727358	A>B	Žirmūnai–Naujininkai	1321	1284	-37.099998	Žirmūnų seniūnija	1287.8	-33.799999	Operos ir baleto teatras	1310	17	Troleibusai	17	13	3-2688	1360	1324	1	1
missed	663041	B>A	Naujininkai–Žirmūnai	1366	NULL	NULL	NULL	NULL	NULL	NULL	NULL	17	Troleibusai	17	13		1401	NULL	NULL	NULL
delay	727440	B>A	Naujininkai–Žirmūnai	418	405	-14.7	Operos ir baleto teatras	418.60001	-13	„Sparta“	408.89999	17	Troleibusai	17	14	3-780	456	442	1	1
delay	727440	A>B	Žirmūnai–Naujininkai	469	453	-15.8	Žirmūnų seniūnija	457	-9.3999996	Karaliaus Mindaugo tiltas	482.10001	17	Troleibusai	17	14	3-780	514	504	1	1
delay	727440	B>A	Naujininkai–Žirmūnai	523	505	-17.799999	Naujininkai	505.29999	-15.2	Šaltinėlio st.	544	17	Troleibusai	17	14	3-780	560	545	1	1
delay	727440	A>B	Žirmūnai–Naujininkai	565	938	1440	NULL	0	-1440	NULL	0	17	Troleibusai	17	14	3-780	606	983	0	1
delay	727440	A>B	Žirmūnai–Naujininkai	565	558	-7.0999999	Šaltinėlio st.	559.09998	-4.3000002	Šv. Petro ir Povilo bažnyčia	577.59998	17	Troleibusai	17	14	3-780	606	600	1	1
delay	727440	B>A	Naujininkai–Žirmūnai	614	985	1440	NULL	0	-1440	NULL	0	17	Troleibusai	17	14	3-780	651	1034	0	1
delay	727440	B>A	Naujininkai–Žirmūnai	614	605	-10.5	Kalnų parkas	624	-8.3000002	„Sparta“	609.5	17	Troleibusai	17	14	3-780	651	640	1	1
delay	727440	A>B	Žirmūnai–Naujininkai	993	1043	49.700001	Šaltinėlio st.	1043.9	58.200001	Šv. Petro ir Povilo bažnyčia	1069.1	17	Troleibusai	17	14	3-780	1036	1097	1	1
delay	727440	B>A	Naujininkai–Žirmūnai	1045	1100	53.900002	Kražių st.	1112.6	60	Šiaurės miestelis	1138.1	17	Troleibusai	17	14	3-780	1087	1144	1	1
missed	663046	A>B	Žirmūnai–Naujininkai	1106	NULL	NULL	NULL	NULL	NULL	NULL	NULL	17	Troleibusai	17	14		1149	NULL	NULL	NULL
missed	663046	B>A	Naujininkai–Žirmūnai	1156	NULL	NULL	NULL	NULL	NULL	NULL	NULL	17	Troleibusai	17	14		1192	NULL	NULL	NULL
delay	727493	B>A	Naujininkai–Žirmūnai	448	474	26	Naujininkai	474.10001	32.799999	Karaliaus Mindaugo tiltas	500	17	Troleibusai	17	15	3-2845	486	518	1	1
delay	727493	A>B	Žirmūnai–Naujininkai	497	427	1440	NULL	0	-1440	NULL	0	17	Troleibusai	17	15	3-2845	539	471	0	1
delay	727493	A>B	Žirmūnai–Naujininkai	497	524	26.5	Šaltinėlio st.	524.70001	29.6	Kareivių st.	533.09998	17	Troleibusai	17	15	3-2845	539	567	1	1
delay	727493	B>A	Naujininkai–Žirmūnai	548	569	18.299999	Šaltinėlio st.	602.59998	21.6	„Sparta“	573.40002	17	Troleibusai	17	15	3-2845	585	603	1	1
delay	727493	A>B	Žirmūnai–Naujininkai	626	640	12.2	Operos ir baleto teatras	663.09998	13.9	Šv. Petro ir Povilo bažnyčia	656.79999	17	Troleibusai	17	15	3-2845	667	679	1	1
delay	727493	B>A	Naujininkai–Žirmūnai	678	685	6.5	Šiaurės miestelis	714.5	7.5	„Sparta“	689.29999	17	Troleibusai	17	15	3-2845	715	722	1	1
delay	727493	A>B	Žirmūnai–Naujininkai	726	734	7.3000002	Minties st.	745	9.5	Mikalojaus Konstantino Čiurlionio st.	767.79999	17	Troleibusai	17	15	3-2845	767	775	1	1
delay	727493	B>A	Naujininkai–Žirmūnai	773	782	7.8000002	Juozo Tumo-Vaižganto st.	791.90002	11.5	Žirmūnų seniūnija	819.40002	17	Troleibusai	17	15	3-2845	810	821	1	1
delay	727493	A>B	Žirmūnai–Naujininkai	819	829	7.6999998	Prūsų st.	865.70001	10.6	Šv. Petro ir Povilo bažnyčia	846.5	17	Troleibusai	17	15	3-2845	860	867	1	1
delay	727493	B>A	Naujininkai–Žirmūnai	872	879	5.3000002	Operos ir baleto teatras	892.5	8.3000002	Šaltinėlio st.	916.5	17	Troleibusai	17	15	3-2845	909	917	1	1
delay	727493	A>B	Žirmūnai–Naujininkai	920	931	10.1	Šiaurės miestelis	939.40002	13.4	Prūsų st.	973.29999	17	Troleibusai	17	15	3-2845	962	975	1	1
delay	727493	B>A	Naujininkai–Žirmūnai	967	980	12.8	Naujininkai	979.90002	23.799999	Šaltinėlio st.	1030.9	17	Troleibusai	17	15	3-2845	1008	1032	1	1
delay	727493	A>B	Žirmūnai–Naujininkai	1019	1036	17.4	Šaltinėlio st.	1037.7	35.400002	Mikalojaus Konstantino Čiurlionio st.	1089.7	17	Troleibusai	17	15	3-2845	1063	1097	1	1
delay	727493	B>A	Naujininkai–Žirmūnai	1073	1099	24.1	Kražių st.	1110.9	30.6	Minties st.	1132.7	17	Troleibusai	17	15	3-2845	1115	1143	1	1
delay	727493	A>B	Žirmūnai–Naujininkai	1153	1169	15.8	Kareivių st.	1174.3	22.200001	Prūsų st.	1212	17	Troleibusai	17	15	3-2845	1192	1214	1	1
delay	727493	B>A	Naujininkai–Žirmūnai	1198	1216	17.299999	Operos ir baleto teatras	1230.5	20.6	Žirmūnai	1248.1	17	Troleibusai	17	15	3-2845	1233	1253	1	1
delay	727493	A>B	Žirmūnai–Naujininkai	1242	1268	24.9	Žirmūnai	1273.4	27.4	Kražių st.	1294.2	17	Troleibusai	17	15	3-2845	1281	1306	1	1
delay	727493	B>A	Naujininkai–Žirmūnai	1287	1311	23.1	Operos ir baleto teatras	1325.3	25.299999	Žirmūnai	1341.5	17	Troleibusai	17	15	3-2845	1322	1345	1	1
delay	727493	A>B	Žirmūnai–Naujininkai	1341	1366	23.799999	Tuskulėnų rimties parkas	1377.7	25	Šaltinėlio st.	1367	17	Troleibusai	17	15	3-2845	1380	1404	1	1
delay	727493	B>A	Naujininkai–Žirmūnai	1386	1410	22.299999	Operos ir baleto teatras	1423.5	23.799999	„Sparta“	1413.6	17	Troleibusai	17	15	3-2845	1421	1436	1	1
delay	727344	B>A	Titnago g.–Žemieji Paneriai–Justiniškės–Pašilaičiai	342	341	-2.2	Taikos st.	378	-0.89999998	Eigulių st.	355.60001	18	Troleibusai	18	01	3-1938	384	382	0	0
delay	727344	A>B	Pašilaičiai–Justiniškės–Žemieji Paneriai–Titnago g.	391	393	2.0999999	Skalvių st.	394.20001	5.5999999	Jankiškių st.	438.10001	18	Troleibusai	18	01	3-1938	434	439	1	1
delay	727344	B>A	Titnago g.–Žemieji Paneriai–Justiniškės–Pašilaičiai	438	444	6	Jankiškių st.	446	13	Lūžiai	485.20001	18	Troleibusai	18	01	3-1938	480	492	1	1
delay	727344	A>B	Pašilaičiai–Justiniškės–Žemieji Paneriai–Titnago g.	486	498	7.0999999	Lazdynai	522.90002	13	Medeinos st.	501.29999	18	Troleibusai	18	01	3-1938	534	545	1	1
delay	727344	B>A	Titnago g.–Žemieji Paneriai–Justiniškės–Pašilaičiai	538	551	12.5	Kaukaro st.	583.79999	13.6	Eigulių st.	566.09998	18	Troleibusai	18	01	3-1938	580	593	1	1
delay	727344	A>B	Pašilaičiai–Justiniškės–Žemieji Paneriai–Titnago g.	612	626	13.1	Šaltupio st.	666	16	Lūžiai	637.09998	18	Troleibusai	18	01	3-1938	654	667	1	1
delay	727344	B>A	Titnago g.–Žemieji Paneriai–Justiniškės–Pašilaičiai	659	673	13.1	Kaukaro st.	705.29999	14.9	Eigulių st.	688.40002	18	Troleibusai	18	01	3-1938	701	714	1	1
delay	727344	A>B	Pašilaičiai–Justiniškės–Žemieji Paneriai–Titnago g.	707	722	12.6	Žemieji Paneriai	756.59998	14.7	Skalvių st.	722.70001	18	Troleibusai	18	01	3-1938	749	761	1	1
delay	727344	B>A	Titnago g.–Žemieji Paneriai–Justiniškės–Pašilaičiai	754	770	15.8	Titnago st.	769.90002	18.299999	Eigulių st.	786.90002	18	Troleibusai	18	01	3-1938	796	814	1	1
delay	727344	A>B	Pašilaičiai–Justiniškės–Žemieji Paneriai–Titnago g.	806	823	17	Skalvių st.	824.09998	20.200001	Laisvės prospektas	842.90002	18	Troleibusai	18	01	3-1938	848	866	1	1
delay	727344	B>A	Titnago g.–Žemieji Paneriai–Justiniškės–Pašilaičiai	856	871	14.6	Titnago st.	870.70001	20.1	Medeinos st.	916.29999	18	Troleibusai	18	01	3-1938	898	918	1	1
delay	727526	A>B	Pašilaičiai–Justiniškės–Žemieji Paneriai–Titnago g.	905	925	17	Vilkpėdės st.	953.29999	19.700001	Sūduvių st.	928	18	Troleibusai	18	01	3-2601	947	965	1	1
delay	727526	B>A	Titnago g.–Žemieji Paneriai–Justiniškės–Pašilaičiai	951	969	17.299999	Titnago st.	968.40002	22.5	Medeinos st.	1015.3	18	Troleibusai	18	01	3-2601	995	1017	1	1
delay	727526	A>B	Pašilaičiai–Justiniškės–Žemieji Paneriai–Titnago g.	1006	1020	13.8	Skalvių st.	1020.8	16.4	Laisvės prospektas	1039.1	18	Troleibusai	18	01	3-2601	1048	1063	1	1
delay	727526	B>A	Titnago g.–Žemieji Paneriai–Justiniškės–Pašilaičiai	1053	1069	15.4	Titnago st.	1068.5	17.9	Eigulių st.	1087	18	Troleibusai	18	01	3-2601	1098	1115	1	1
delay	727526	A>B	Pašilaičiai–Justiniškės–Žemieji Paneriai–Titnago g.	1129	1150	21.200001	Skalvių st.	1151.3	25.299999	Laisvės prospektas	1171	18	Troleibusai	18	01	3-2601	1171	1195	1	1
delay	727526	B>A	Titnago g.–Žemieji Paneriai–Justiniškės–Pašilaičiai	1175	1210	34.700001	Jankiškių st.	1211.8	36	Eigulių st.	1225.5	18	Troleibusai	18	01	3-2601	1217	1253	1	1
delay	727526	A>B	Pašilaičiai–Justiniškės–Žemieji Paneriai–Titnago g.	1233	1270	35.799999	Vaduvos st.	1306.8	37.5	Taikos st.	1276.1	18	Troleibusai	18	01	3-2601	1275	1310	1	1
delay	727526	B>A	Titnago g.–Žemieji Paneriai–Justiniškės–Pašilaičiai	1286	1328	42.099998	Laisvės prospektas	1355.3	44.700001	Justiniškės	1366.9	18	Troleibusai	18	01	3-2601	1328	1372	1	1
delay	727339	A>B	Pašilaičiai–Justiniškės–Žemieji Paneriai–Titnago g.	318	308	-11.6	Vaduvos st.	344.5	-9.8999996	Sūduvių st.	311.39999	18	Troleibusai	18	02	3-1985	360	349	1	1
delay	727339	B>A	Titnago g.–Žemieji Paneriai–Justiniškės–Pašilaičiai	368	355	-13	Jankiškių st.	357	-10.3	Eigulių st.	372.20001	18	Troleibusai	18	02	3-1985	410	398	1	1
delay	727339	A>B	Pašilaičiai–Justiniškės–Žemieji Paneriai–Titnago g.	420	405	-20.6	Vaivorykštės st.	427	-15.3	Jankiškių st.	451.29999	18	Troleibusai	18	02	3-1985	469	453	1	1
delay	727339	B>A	Titnago g.–Žemieji Paneriai–Justiniškės–Pašilaičiai	474	456	-18.700001	Jankiškių st.	457.29999	-13	Lūžiai	495.29999	18	Troleibusai	18	02	3-1985	516	503	1	1
delay	727339	A>B	Pašilaičiai–Justiniškės–Žemieji Paneriai–Titnago g.	525	511	-16.1	Vaivorykštės st.	533.5	-13.9	Sūduvių st.	514.40002	18	Troleibusai	18	02	3-1985	570	554	1	1
delay	727339	B>A	Titnago g.–Žemieji Paneriai–Justiniškės–Pašilaičiai	574	569	-6.1999998	Taikos st.	606	-4.3000002	Pakalniškių st.	578.90002	18	Troleibusai	18	02	3-1985	616	610	1	1
delay	727339	A>B	Pašilaičiai–Justiniškės–Žemieji Paneriai–Titnago g.	647	652	2.2	Vaduvos st.	687.29999	5.0999999	Medeinos st.	654.40002	18	Troleibusai	18	02	3-1985	689	691	1	1
delay	727339	B>A	Titnago g.–Žemieji Paneriai–Justiniškės–Pašilaičiai	693	701	6.6999998	Laisvės prospektas	726.79999	8.6000004	Medeinos st.	741.79999	18	Troleibusai	18	02	3-1985	735	743	1	1
delay	727339	A>B	Pašilaičiai–Justiniškės–Žemieji Paneriai–Titnago g.	741	757	15	Vilkpėdės st.	787.40002	16.700001	Laisvės prospektas	774.40002	18	Troleibusai	18	02	3-1985	783	798	1	1
delay	727339	B>A	Titnago g.–Žemieji Paneriai–Justiniškės–Pašilaičiai	787	804	15.4	Spaudos rūmai	833.70001	18.299999	Medeinos st.	845.5	18	Troleibusai	18	02	3-1985	829	847	1	1
delay	727339	A>B	Pašilaičiai–Justiniškės–Žemieji Paneriai–Titnago g.	840	857	14.6	Vaduvos st.	892.59998	16.5	Sūduvių st.	859.79999	18	Troleibusai	18	02	3-1985	882	897	1	1
delay	727339	B>A	Titnago g.–Žemieji Paneriai–Justiniškės–Pašilaičiai	887	904	16.4	Spaudos rūmai	935.70001	18.9	Eigulių st.	920.40002	18	Troleibusai	18	02	3-1985	930	948	1	1
delay	727339	A>B	Pašilaičiai–Justiniškės–Žemieji Paneriai–Titnago g.	936	952	14.8	Vilkpėdės st.	982.20001	16.9	Laisvės prospektas	969.59998	18	Troleibusai	18	02	3-1985	978	994	1	1
delay	727339	B>A	Titnago g.–Žemieji Paneriai–Justiniškės–Pašilaičiai	982	1003	20.799999	Titnago st.	1002.9	31.4	Medeinos st.	1056.2	18	Troleibusai	18	02	3-1985	1027	1058	1	1
delay	727339	A>B	Pašilaičiai–Justiniškės–Žemieji Paneriai–Titnago g.	1035	1061	23.1	Šaltupio st.	1099	27.299999	Sietyno st.	1078.2	18	Troleibusai	18	02	3-1985	1077	1100	1	1
delay	727339	B>A	Titnago g.–Žemieji Paneriai–Justiniškės–Pašilaičiai	1091	1113	19.1	Spaudos rūmai	1143.3	22.200001	Eigulių st.	1127.7	18	Troleibusai	18	02	3-1985	1135	1155	1	1
delay	727339	A>B	Pašilaičiai–Justiniškės–Žemieji Paneriai–Titnago g.	1169	1195	24.9	Troleibusų parkas	1206.3	27.1	Laisvės prospektas	1212.8	18	Troleibusai	18	02	3-1985	1211	1236	1	1
delay	727339	B>A	Titnago g.–Žemieji Paneriai–Justiniškės–Pašilaičiai	1216	1251	32.400002	Laisvės prospektas	1275.4	34.799999	Eigulių st.	1265.3	18	Troleibusai	18	02	3-1985	1258	1292	1	1
delay	727339	A>B	Pašilaičiai–Justiniškės–Žemieji Paneriai–Titnago g.	1269	1311	39.700001	Šaltupio st.	1349.6	43.299999	Sietyno st.	1328.1	18	Troleibusai	18	02	3-1985	1311	1350	1	1
delay	727339	B>A	Titnago g.–Žemieji Paneriai–Justiniškės–Pašilaičiai	1322	1360	35.299999	Sūduvių st.	1396.5	38.099998	Ūmėdžių st.	1364.1	18	Troleibusai	18	02	3-1985	1364	1399	1	1
delay	727443	A>B	Pašilaičiai–Justiniškės–Žemieji Paneriai–Titnago g.	356	377	19.9	Baldai	411.60001	21.700001	Laisvės prospektas	394.39999	18	Troleibusai	18	03	3-2736	398	418	1	1
delay	727443	B>A	Titnago g.–Žemieji Paneriai–Justiniškės–Pašilaičiai	402	425	22.6	Jankiškių st.	426.60001	32.299999	Medeinos st.	474.5	18	Troleibusai	18	03	3-2736	444	476	1	1
delay	727443	A>B	Pašilaičiai–Justiniškės–Žemieji Paneriai–Titnago g.	451	483	26.5	Vilkpėdės st.	515.5	32.400002	Sūduvių st.	486.70001	18	Troleibusai	18	03	3-2736	500	527	1	1
delay	727443	B>A	Titnago g.–Žemieji Paneriai–Justiniškės–Pašilaičiai	511	538	26.5	Taikos st.	575.70001	29.4	Eigulių st.	554.90002	18	Troleibusai	18	03	3-2736	553	580	1	1
delay	727443	A>B	Pašilaičiai–Justiniškės–Žemieji Paneriai–Titnago g.	560	586	23.5	Baldai	619.29999	26.1	Medeinos st.	588.40002	18	Troleibusai	18	03	3-2736	602	620	1	1
missed	663049	B>A	Titnago g.–Žemieji Paneriai–Justiniškės–Pašilaičiai	606	NULL	NULL	NULL	NULL	NULL	NULL	NULL	18	Troleibusai	18	03		648	NULL	NULL	NULL
missed	663049	A>B	Pašilaičiai–Justiniškės–Žemieji Paneriai–Titnago g.	679	NULL	NULL	NULL	NULL	NULL	NULL	NULL	18	Troleibusai	18	03		721	NULL	NULL	NULL
missed	663049	B>A	Titnago g.–Žemieji Paneriai–Justiniškės–Pašilaičiai	726	NULL	NULL	NULL	NULL	NULL	NULL	NULL	18	Troleibusai	18	03		768	NULL	NULL	NULL
missed	663049	A>B	Pašilaičiai–Justiniškės–Žemieji Paneriai–Titnago g.	773	NULL	NULL	NULL	NULL	NULL	NULL	NULL	18	Troleibusai	18	03		815	NULL	NULL	NULL
missed	663049	B>A	Titnago g.–Žemieji Paneriai–Justiniškės–Pašilaičiai	819	NULL	NULL	NULL	NULL	NULL	NULL	NULL	18	Troleibusai	18	03		861	NULL	NULL	NULL
missed	663049	A>B	Pašilaičiai–Justiniškės–Žemieji Paneriai–Titnago g.	871	NULL	NULL	NULL	NULL	NULL	NULL	NULL	18	Troleibusai	18	03		913	NULL	NULL	NULL
delay	727443	B>A	Titnago g.–Žemieji Paneriai–Justiniškės–Pašilaičiai	917	920	1.6	Spaudos rūmai	951.5	4	Pakalniškių st.	930.40002	18	Troleibusai	18	03	3-2736	961	963	1	1
delay	727443	A>B	Pašilaičiai–Justiniškės–Žemieji Paneriai–Titnago g.	966	973	7	Skalvių st.	974	10.5	Jankiškių st.	1016.4	18	Troleibusai	18	03	3-2736	1008	1018	1	1
delay	727443	B>A	Titnago g.–Žemieji Paneriai–Justiniškės–Pašilaičiai	1012	1026	13.9	Titnago st.	1026	28.9	Medeinos st.	1083.7	18	Troleibusai	18	03	3-2736	1057	1085	1	1
delay	727443	A>B	Pašilaičiai–Justiniškės–Žemieji Paneriai–Titnago g.	1067	1087	19.299999	Vilkpėdės st.	1117.7	21.799999	Spaudos rūmai	1102.5	18	Troleibusai	18	03	3-2736	1109	1128	1	1
delay	727443	B>A	Titnago g.–Žemieji Paneriai–Justiniškės–Pašilaičiai	1118	1131	9	Spaudos rūmai	1159.3	13.9	Eigulių st.	1146.4	18	Troleibusai	18	03	3-2736	1161	1171	1	1
missed	663049	A>B	Pašilaičiai–Justiniškės–Žemieji Paneriai–Titnago g.	1200	NULL	NULL	NULL	NULL	NULL	NULL	NULL	18	Troleibusai	18	03		1242	NULL	NULL	NULL
missed	663049	B>A	Titnago g.–Žemieji Paneriai–Justiniškės–Pašilaičiai	1247	NULL	NULL	NULL	NULL	NULL	NULL	NULL	18	Troleibusai	18	03		1289	NULL	NULL	NULL
missed	663049	A>B	Pašilaičiai–Justiniškės–Žemieji Paneriai–Titnago g.	1324	NULL	NULL	NULL	NULL	NULL	NULL	NULL	18	Troleibusai	18	03		1366	NULL	NULL	NULL
missed	663049	B>A	Titnago g.–Žemieji Paneriai–Justiniškės–Pašilaičiai	1382	NULL	NULL	NULL	NULL	NULL	NULL	NULL	18	Troleibusai	18	03		1424	NULL	NULL	NULL
delay	727412	A>B	Pašilaičiai–Justiniškės–Žemieji Paneriai–Titnago g.	405	455	50	Skalvių st.	456	57.200001	Sietyno st.	478.70001	18	Troleibusai	18	04	3-1942	450	503	1	1
delay	727412	A>B	Pašilaičiai–Justiniškės–Žemieji Paneriai–Titnago g.	405	356	-53.200001	Vilkpėdės st.	385.79999	-49.400002	Medeinos st.	357.89999	18	Troleibusai	18	04	3-1942	450	397	1	1
delay	727412	B>A	Titnago g.–Žemieji Paneriai–Justiniškės–Pašilaičiai	456	403	-53.700001	Titnago st.	402.39999	-46.400002	Medeinos st.	449.79999	18	Troleibusai	18	04	3-1942	498	451	1	1
delay	727412	B>A	Titnago g.–Žemieji Paneriai–Justiniškės–Pašilaičiai	456	513	55.900002	Taikos st.	550.20001	59.400002	Eigulių st.	529.90002	18	Troleibusai	18	04	3-1942	498	554	1	1
delay	727412	A>B	Pašilaičiai–Justiniškės–Žemieji Paneriai–Titnago g.	505	788	1440	NULL	0	-1440	NULL	0	18	Troleibusai	18	04	3-1942	552	831	0	1
delay	727412	A>B	Pašilaičiai–Justiniškės–Žemieji Paneriai–Titnago g.	505	890	1440	NULL	0	-1440	NULL	0	18	Troleibusai	18	04	3-1942	552	931	0	1
delay	727412	A>B	Pašilaičiai–Justiniškės–Žemieji Paneriai–Titnago g.	505	687	1440	NULL	0	-1440	NULL	0	18	Troleibusai	18	04	3-1942	552	728	0	1
delay	727412	A>B	Pašilaičiai–Justiniškės–Žemieji Paneriai–Titnago g.	505	561	51	Eigulių st.	589.29999	56.799999	Medeinos st.	564.09998	18	Troleibusai	18	04	3-1942	552	606	1	1
delay	727412	B>A	Titnago g.–Žemieji Paneriai–Justiniškės–Pašilaičiai	556	737	1440	NULL	0	-1440	NULL	0	18	Troleibusai	18	04	3-1942	598	781	0	1
delay	727412	B>A	Titnago g.–Žemieji Paneriai–Justiniškės–Pašilaičiai	556	609	52.900002	Jankiškių st.	611	56.099998	Eigulių st.	626.59998	18	Troleibusai	18	04	3-1942	598	653	1	1
delay	727412	B>A	Titnago g.–Žemieji Paneriai–Justiniškės–Pašilaičiai	556	835	1440	NULL	0	-1440	NULL	0	18	Troleibusai	18	04	3-1942	598	881	0	1
missed	663052	A>B1	Pašilaičiai–st.Žemieji Paneriai	602	NULL	NULL	NULL	NULL	NULL	NULL	NULL	18	Troleibusai	18	04		638	NULL	NULL	NULL
delay	727412	B>A	Titnago g.–Žemieji Paneriai–Justiniškės–Pašilaičiai	936	938	1.2	Spaudos rūmai	970.09998	4.5	Medeinos st.	982.29999	18	Troleibusai	18	04	3-1942	980	984	1	1
delay	727412	A>B	Pašilaičiai–Justiniškės–Žemieji Paneriai–Titnago g.	985	989	1.9	Šaltupio st.	1027.7	4.4000001	Troleibusų parkas	1001.6	18	Troleibusai	18	04	3-1942	1027	1028	1	1
delay	727412	B>A	Titnago g.–Žemieji Paneriai–Justiniškės–Pašilaičiai	1034	1041	6.1999998	Titnago st.	1040.3	12.9	Paukščių takas	1068.1	18	Troleibusai	18	04	3-1942	1079	1090	1	1
delay	727412	A>B	Pašilaičiai–Justiniškės–Žemieji Paneriai–Titnago g.	1094	1096	1.1	Vilkpėdės st.	1126.5	2.4000001	Spaudos rūmai	1110.1	18	Troleibusai	18	04	3-1942	1136	1137	0	0
delay	727412	A>B	Pašilaičiai–Justiniškės–Žemieji Paneriai–Titnago g.	1094	1232	1440	NULL	0	-1440	NULL	0	18	Troleibusai	18	04	3-1942	1136	1273	0	1
delay	727412	A>B	Pašilaičiai–Justiniškės–Žemieji Paneriai–Titnago g.	1094	1339	1440	NULL	0	-1440	NULL	0	18	Troleibusai	18	04	3-1942	1136	1379	0	1
delay	727412	B>A	Titnago g.–Žemieji Paneriai–Justiniškės–Pašilaičiai	1148	1287	1440	NULL	0	-1440	NULL	0	18	Troleibusai	18	04	3-1942	1190	1328	0	1
delay	727412	B>A	Titnago g.–Žemieji Paneriai–Justiniškės–Pašilaičiai	1148	1387	1440	NULL	0	-1440	NULL	0	18	Troleibusai	18	04	3-1942	1190	1426	0	1
delay	727412	B>A	Titnago g.–Žemieji Paneriai–Justiniškės–Pašilaičiai	1148	1155	4.0999999	Laisvės prospektas	1179.2	6.8000002	Vaduvos st.	1160.1	18	Troleibusai	18	04	3-1942	1190	1196	1	1
delay	727361	B>A	Titnago g.–Žemieji Paneriai–Justiniškės–Pašilaičiai	NULL	881	NULL	NULL	NULL	NULL	NULL	NULL	18	Troleibusai	18	05	3-1930	NULL	924	0	0
delay	727361	B>A	Titnago g.–Žemieji Paneriai–Justiniškės–Pašilaičiai	NULL	482	NULL	NULL	NULL	NULL	NULL	NULL	18	Troleibusai	18	05	3-1930	NULL	524	0	0
delay	727361	B>A	Titnago g.–Žemieji Paneriai–Justiniškės–Pašilaičiai	NULL	979	NULL	NULL	NULL	NULL	NULL	NULL	18	Troleibusai	18	05	3-1930	NULL	1028	0	0
delay	727361	B>A	Titnago g.–Žemieji Paneriai–Justiniškės–Pašilaičiai	NULL	374	NULL	NULL	NULL	NULL	NULL	NULL	18	Troleibusai	18	05	3-1930	NULL	419	0	0
delay	727361	A>B1	Pašilaičiai–st.Žemieji Paneriai	NULL	531	NULL	NULL	NULL	NULL	NULL	NULL	18	Troleibusai	18	05	3-1930	NULL	567	0	0
delay	727361	B>A	Titnago g.–Žemieji Paneriai–Justiniškės–Pašilaičiai	NULL	1091	NULL	NULL	NULL	NULL	NULL	NULL	18	Troleibusai	18	05	3-1930	NULL	1134	0	0
delay	727361	A>B	Pašilaičiai–Justiniškės–Žemieji Paneriai–Titnago g.	NULL	1035	NULL	NULL	NULL	NULL	NULL	NULL	18	Troleibusai	18	05	3-1930	NULL	1078	0	0
delay	727361	A>B	Pašilaičiai–Justiniškės–Žemieji Paneriai–Titnago g.	NULL	930	NULL	NULL	NULL	NULL	NULL	NULL	18	Troleibusai	18	05	3-1930	NULL	970	0	0
delay	727361	A>B	Pašilaičiai–Justiniškės–Žemieji Paneriai–Titnago g.	NULL	325	NULL	NULL	NULL	NULL	NULL	NULL	18	Troleibusai	18	05	3-1930	NULL	368	0	0
delay	727361	A>B	Pašilaičiai–Justiniškės–Žemieji Paneriai–Titnago g.	NULL	425	NULL	NULL	NULL	NULL	NULL	NULL	18	Troleibusai	18	05	3-1930	NULL	474	0	0
delay	727343	A>B	Pašilaičiai–Konstitucijos pr.–Antakalnis–Saulėtekis	320	321	-0.80000001	Gedimino technikos universitetas	363.89999	2.5999999	Žvėrynas	338	19	Troleibusai	19	01	3-2608	367	365	0	0
delay	727343	B>A	Saulėtekis–Antakalnis–Konstitucijos pr.–Pašilaičiai	376	375	-5.4000001	Žemynos st.	418.20001	-0.89999998	Senoji plytinė	376.10001	19	Troleibusai	19	01	3-2608	425	419	1	1
delay	727343	A>B	Pašilaičiai–Konstitucijos pr.–Antakalnis–Saulėtekis	437	436	-4.8000002	Spaudos rūmai	447.60001	9.8999996	Saulėtekis	498.60001	19	Troleibusai	19	01	3-2608	493	503	1	1
delay	727343	B>A	Saulėtekis–Antakalnis–Konstitucijos pr.–Pašilaičiai	500	503	2.8	Antakalnis	511.60001	6	Nacionalinė dailės galerija	533.59998	19	Troleibusai	19	01	3-2608	550	552	1	1
delay	727343	A>B	Pašilaičiai–Konstitucijos pr.–Antakalnis–Saulėtekis	588	592	-0.80000001	Gedimino technikos universitetas	636.09998	4.4000001	Pašilaičių žiedas	592.70001	19	Troleibusai	19	01	3-2608	639	638	1	1
delay	727343	B>A	Saulėtekis–Antakalnis–Konstitucijos pr.–Pašilaičiai	644	646	2	Šeimyniškių st.	667.29999	3.5999999	Lietuvos sąjūdžio kelias	676.09998	19	Troleibusai	19	01	3-2608	694	695	1	0
delay	727343	A>B	Pašilaičiai–Konstitucijos pr.–Antakalnis–Saulėtekis	699	703	4.1999998	Pal. Jurgio Matulaičio bažnyčia	710.40002	6.9000001	Saulėtekis	752.59998	19	Troleibusai	19	01	3-2608	750	756	1	1
delay	727343	B>A	Saulėtekis–Antakalnis–Konstitucijos pr.–Pašilaičiai	755	759	3.4000001	Nemenčinės plentas	765.09998	8.1000004	Panorama	794.59998	19	Troleibusai	19	01	3-2608	805	811	1	1
delay	727343	A>B	Pašilaičiai–Konstitucijos pr.–Antakalnis–Saulėtekis	815	819	3.5999999	Spaudos rūmai	830.79999	5	Vilniaus rajono poliklinika	822.20001	19	Troleibusai	19	01	3-2608	866	869	1	1
delay	727343	B>A	Saulėtekis–Antakalnis–Konstitucijos pr.–Pašilaičiai	872	878	6.0999999	Gedimino technikos universitetas	880.5	13.1	Pal. Jurgio Matulaičio bažnyčia	928.29999	19	Troleibusai	19	01	3-2608	922	934	1	1
delay	727343	A>B	Pašilaičiai–Konstitucijos pr.–Antakalnis–Saulėtekis	930	941	11.3	Pašilaičių žiedas	941.59998	14.6	Saulėtekis	992.40002	19	Troleibusai	19	01	3-2608	982	996	1	1
delay	727343	B>A	Saulėtekis–Antakalnis–Konstitucijos pr.–Pašilaičiai	989	999	10.5	Senoji plytinė	1000.7	27.9	Sietyno st.	1055.4	19	Troleibusai	19	01	3-2608	1041	1067	1	1
delay	727343	A>B	Pašilaičiai–Konstitucijos pr.–Antakalnis–Saulėtekis	1078	1091	11.4	Spaudos rūmai	1101.7	18.5	Saulėtekis	1144.2	19	Troleibusai	19	01	3-2608	1130	1148	1	1
delay	727343	B>A	Saulėtekis–Antakalnis–Konstitucijos pr.–Pašilaičiai	1141	1149	7.5999999	Šilo tiltas	1163.7	10.2	Žvėrynas	1183.8	19	Troleibusai	19	01	3-2608	1190	1198	1	1
delay	727343	A>B	Pašilaičiai–Konstitucijos pr.–Antakalnis–Saulėtekis	1208	1206	-4.9000001	Saulėtekis	1246.8	-1.8	Rygos st.	1210.9	19	Troleibusai	19	01	3-2608	1256	1251	1	1
delay	727343	B>A	Saulėtekis–Antakalnis–Konstitucijos pr.–Pašilaičiai	1263	1257	-7.6999998	Vilniaus rajono poliklinika	1301.3	-5.3000002	Žvėrynas	1289.9	19	Troleibusai	19	01	3-2608	1312	1303	1	1
delay	727462	B>A	Saulėtekis–Antakalnis–Konstitucijos pr.–Pašilaičiai	394	384	-21.4	Tverečiaus st.	384	-1.2	Žemynos st.	440.89999	19	Troleibusai	19	02	3-119	444	442	1	1
delay	727462	A>B	Pašilaičiai–Konstitucijos pr.–Antakalnis–Saulėtekis	451	456	1	Viršuliškės	464.70001	13.5	Antakalnis	513.29999	19	Troleibusai	19	02	3-119	507	519	1	1
delay	727462	B>A	Saulėtekis–Antakalnis–Konstitucijos pr.–Pašilaičiai	513	521	1.8	Žemynos st.	563.29999	8.8000002	Senoji plytinė	523	19	Troleibusai	19	02	3-119	563	564	1	1
delay	727462	A>B	Pašilaičiai–Konstitucijos pr.–Antakalnis–Saulėtekis	567	574	2.2	Šilo tiltas	607.90002	7.1999998	Pašilaičių žiedas	574.59998	19	Troleibusai	19	02	3-119	618	620	1	1
delay	727462	B>A	Saulėtekis–Antakalnis–Konstitucijos pr.–Pašilaičiai	623	626	2	Viršuliškės	666.70001	3.8	Nemenčinės plentas	633.5	19	Troleibusai	19	02	3-119	673	676	1	1
delay	727462	A>B	Pašilaičiai–Konstitucijos pr.–Antakalnis–Saulėtekis	706	714	8	Pašilaičių žiedas	714.40002	13.2	Lvovo st.	745.70001	19	Troleibusai	19	02	3-119	757	767	1	1
delay	727462	B>A	Saulėtekis–Antakalnis–Konstitucijos pr.–Pašilaičiai	762	771	6.4000001	Vilniaus rajono poliklinika	815.59998	8.3999996	Senoji plytinė	771.59998	19	Troleibusai	19	02	3-119	812	817	1	1
delay	727462	A>B	Pašilaičiai–Konstitucijos pr.–Antakalnis–Saulėtekis	821	830	8.5	Rygos st.	835.20001	14.2	Antakalnis	878.90002	19	Troleibusai	19	02	3-119	872	886	1	1
delay	727462	B>A	Saulėtekis–Antakalnis–Konstitucijos pr.–Pašilaičiai	882	891	7.9000001	Klinikų st.	902.09998	13	Pal. Jurgio Matulaičio bažnyčia	938.29999	19	Troleibusai	19	02	3-119	932	943	1	1
delay	727462	A>B	Pašilaičiai–Konstitucijos pr.–Antakalnis–Saulėtekis	937	954	16.1	Spaudos rūmai	965.40002	28.799999	Tverečiaus st.	1009.2	19	Troleibusai	19	02	3-119	989	1016	1	1
delay	727462	B>A	Saulėtekis–Antakalnis–Konstitucijos pr.–Pašilaičiai	994	1015	20.9	Tverečiaus st.	1024.4	32.599998	Teodoro Narbuto st.	1063.1	19	Troleibusai	19	02	3-119	1046	1077	1	1
delay	727462	A>B	Pašilaičiai–Konstitucijos pr.–Antakalnis–Saulėtekis	1053	1077	22.9	Europos aikštė	1101	33.299999	Tverečiaus st.	1129.6	19	Troleibusai	19	02	3-119	1106	1136	1	1
delay	727462	B>A	Saulėtekis–Antakalnis–Konstitucijos pr.–Pašilaičiai	1111	1136	23.200001	Šeimyniškių st.	1156.5	25.200001	Vilniaus universitetas	1139.3	19	Troleibusai	19	02	3-119	1162	1185	1	1
delay	727462	A>B	Pašilaičiai–Konstitucijos pr.–Antakalnis–Saulėtekis	1195	1219	22.4	Antakalnis	1258.7	24.799999	Žemynos st.	1221	19	Troleibusai	19	02	3-119	1243	1265	1	1
delay	727462	B>A	Saulėtekis–Antakalnis–Konstitucijos pr.–Pašilaičiai	1251	1272	19.799999	Žemynos st.	1318	21.4	Teodoro Narbuto st.	1306.6	19	Troleibusai	19	02	3-119	1300	1319	1	1
delay	727462	A>B	Pašilaičiai–Konstitucijos pr.–Antakalnis–Saulėtekis	1317	1326	5.8000002	Gedimino technikos universitetas	1367.4	10	Spaudos rūmai	1337.2	19	Troleibusai	19	02	3-119	1364	1369	1	1
delay	727365	A>B	Pašilaičiai–Konstitucijos pr.–Antakalnis–Saulėtekis	334	331	-2.8	Nacionalinė dailės galerija	353.29999	-1.3	Lvovo st.	357.29999	19	Troleibusai	19	03	3-10625	381	378	0	0
delay	727365	B>A	Saulėtekis–Antakalnis–Konstitucijos pr.–Pašilaičiai	386	381	-5.5	Šilo tiltas	395.10001	-4.4000001	Europos aikštė	406.39999	19	Troleibusai	19	03	3-10625	436	431	1	1
delay	727365	A>B	Pašilaičiai–Konstitucijos pr.–Antakalnis–Saulėtekis	443	446	-1.1	Spaudos rūmai	457.29999	9.3999996	Saulėtekis	504.20001	19	Troleibusai	19	03	3-10625	499	508	1	1
delay	727365	B>A	Saulėtekis–Antakalnis–Konstitucijos pr.–Pašilaičiai	507	508	-0.1	Antakalnis	515.59998	1.4	Teodoro Narbuto st.	544.59998	19	Troleibusai	19	03	3-10625	557	557	0	0
missed	663054	A>B	Pašilaičiai–Konstitucijos pr.–Antakalnis–Saulėtekis	596	NULL	NULL	NULL	NULL	NULL	NULL	NULL	19	Troleibusai	19	03		647	NULL	NULL	NULL
missed	663054	B>A	Saulėtekis–Antakalnis–Konstitucijos pr.–Pašilaičiai	656	NULL	NULL	NULL	NULL	NULL	NULL	NULL	19	Troleibusai	19	03		706	NULL	NULL	NULL
delay	727365	A>B	Pašilaičiai–Konstitucijos pr.–Antakalnis–Saulėtekis	714	736	15	Gedimino technikos universitetas	777.90002	22	Pašilaičių žiedas	736.40002	19	Troleibusai	19	03	3-10625	765	780	1	1
delay	727365	B>A	Saulėtekis–Antakalnis–Konstitucijos pr.–Pašilaičiai	774	781	5.8000002	Nemenčinės plentas	786.5	7.4000001	Nacionalinė dailės galerija	809.20001	19	Troleibusai	19	03	3-10625	824	830	1	1
delay	727365	A>B	Pašilaičiai–Konstitucijos pr.–Antakalnis–Saulėtekis	831	838	6.1999998	Pal. Jurgio Matulaičio bažnyčia	844.29999	8.3999996	Saulėtekis	886.09998	19	Troleibusai	19	03	3-10625	882	890	1	1
delay	727365	B>A	Saulėtekis–Antakalnis–Konstitucijos pr.–Pašilaičiai	892	905	11.3	Vilniaus rajono poliklinika	951.59998	13.6	Saulėtekis	910.70001	19	Troleibusai	19	03	3-10625	943	953	1	1
delay	727365	A>B	Pašilaičiai–Konstitucijos pr.–Antakalnis–Saulėtekis	949	966	14.9	Europos aikštė	989.20001	28.299999	Saulėtekis	1025	19	Troleibusai	19	03	3-10625	1002	1029	1	1
delay	727365	B>A	Saulėtekis–Antakalnis–Konstitucijos pr.–Pašilaičiai	1008	1030	21.9	Gedimino technikos universitetas	1032.3	30.5	Teodoro Narbuto st.	1075	19	Troleibusai	19	03	3-10625	1060	1087	1	1
delay	727365	A>B	Pašilaičiai–Konstitucijos pr.–Antakalnis–Saulėtekis	1071	1098	25.9	Šaulių sąjunga	1105.2	33.799999	Nemenčinės plentas	1150.5	19	Troleibusai	19	03	3-10625	1124	1156	1	1
delay	727365	B>A	Saulėtekis–Antakalnis–Konstitucijos pr.–Pašilaičiai	1131	1158	27.1	Senoji plytinė	1159.2	30.9	Pal. Jurgio Matulaičio bažnyčia	1204.1	19	Troleibusai	19	03	3-10625	1180	1210	1	1
delay	727365	A>B	Pašilaičiai–Konstitucijos pr.–Antakalnis–Saulėtekis	1221	1244	20.4	Europos aikštė	1266	23.299999	Šaulių sąjunga	1251.5	19	Troleibusai	19	03	3-10625	1269	1290	1	1
delay	727365	B>A	Saulėtekis–Antakalnis–Konstitucijos pr.–Pašilaičiai	1274	1297	21	Žemynos st.	1342.3	23.299999	Šeimyniškių st.	1317.3	19	Troleibusai	19	03	3-10625	1323	1343	1	1
delay	727365	A>B	Pašilaičiai–Konstitucijos pr.–Antakalnis–Saulėtekis	1329	1351	20.6	Viršuliškės	1358.3	22.700001	Žemynos st.	1352.9	19	Troleibusai	19	03	3-10625	1376	1396	1	1
delay	727365	B>A	Saulėtekis–Antakalnis–Konstitucijos pr.–Pašilaičiai	1381	1403	19.200001	Lietuvos edukologijos universitetas	1429.5	22.1	Senoji plytinė	1404.1	19	Troleibusai	19	03	3-10625	1430	1438	1	1
delay	727368	A>B	Pašilaičiai–Konstitucijos pr.–Antakalnis–Saulėtekis	345	345	-1.4	Gedimino technikos universitetas	388.20001	2.0999999	Žvėrynas	362.5	19	Troleibusai	19	04	3-2819	392	390	0	0
delay	727368	B>A	Saulėtekis–Antakalnis–Konstitucijos pr.–Pašilaičiai	399	402	1.6	Šilo tiltas	415.29999	2.9000001	Senoji plytinė	402.89999	19	Troleibusai	19	04	3-2819	449	451	0	0
delay	727368	A>B	Pašilaičiai–Konstitucijos pr.–Antakalnis–Saulėtekis	458	461	-0.80000001	Spaudos rūmai	472.5	12.2	Nemenčinės plentas	520	19	Troleibusai	19	04	3-2819	514	525	1	1
delay	727368	B>A	Saulėtekis–Antakalnis–Konstitucijos pr.–Pašilaičiai	521	525	2.7	Rygos st.	568.70001	6	Nacionalinė dailės galerija	554.59998	19	Troleibusai	19	04	3-2819	571	573	1	1
delay	727368	A>B	Pašilaičiai–Konstitucijos pr.–Antakalnis–Saulėtekis	612	613	0.40000001	Spaudos rūmai	624.59998	2.4000001	Lvovo st.	640.90002	19	Troleibusai	19	04	3-2819	663	665	0	0
delay	727368	B>A	Saulėtekis–Antakalnis–Konstitucijos pr.–Pašilaičiai	668	669	0.69999999	Šeimyniškių st.	690	3	Pal. Jurgio Matulaičio bažnyčia	714.20001	19	Troleibusai	19	04	3-2819	718	720	0	0
delay	727368	A>B	Pašilaičiai–Konstitucijos pr.–Antakalnis–Saulėtekis	725	732	7	Pašilaičių žiedas	732.5	10.7	„Žalgirio“ stadionas	765	19	Troleibusai	19	04	3-2819	776	786	1	1
delay	727368	B>A	Saulėtekis–Antakalnis–Konstitucijos pr.–Pašilaičiai	785	787	1.6	Nemenčinės plentas	793.5	4	Pal. Jurgio Matulaičio bažnyčia	832.20001	19	Troleibusai	19	04	3-2819	835	838	1	0
delay	727368	A>B	Pašilaičiai–Konstitucijos pr.–Antakalnis–Saulėtekis	840	850	8.5	Nacionalinė dailės galerija	872.59998	10.1	Gedimino technikos universitetas	898.90002	19	Troleibusai	19	04	3-2819	891	901	1	1
delay	727368	B>A	Saulėtekis–Antakalnis–Konstitucijos pr.–Pašilaičiai	902	911	8.8000002	Gedimino technikos universitetas	913.09998	12.3	Teodoro Narbuto st.	950.90002	19	Troleibusai	19	04	3-2819	953	964	1	1
delay	727368	A>B	Pašilaičiai–Konstitucijos pr.–Antakalnis–Saulėtekis	962	974	9.1999998	Nacionalinė dailės galerija	995.29999	26	Tverečiaus st.	1031.4	19	Troleibusai	19	04	3-2819	1015	1040	1	1
delay	727368	B>A	Saulėtekis–Antakalnis–Konstitucijos pr.–Pašilaičiai	1022	1040	15.9	Šeimyniškių st.	1060.2	23.4	Spaudos rūmai	1085.8	19	Troleibusai	19	04	3-2819	1074	1095	1	1
delay	727368	A>B	Pašilaičiai–Konstitucijos pr.–Antakalnis–Saulėtekis	1118	1122	3.3	Viršuliškės	1131	5.1999998	„Žalgirio“ stadionas	1151.6	19	Troleibusai	19	04	3-2819	1168	1172	1	1
delay	727368	B>A	Saulėtekis–Antakalnis–Konstitucijos pr.–Pašilaičiai	1173	1178	4.9000001	Šilo tiltas	1193	6.6999998	Pal. Jurgio Matulaičio bažnyčia	1221.9	19	Troleibusai	19	04	3-2819	1222	1227	1	1
delay	727368	A>B	Pašilaičiai–Konstitucijos pr.–Antakalnis–Saulėtekis	1228	1234	3	Nacionalinė dailės galerija	1254.1	6.0999999	Rygos st.	1238.8	19	Troleibusai	19	04	3-2819	1276	1278	1	1
delay	727368	B>A	Saulėtekis–Antakalnis–Konstitucijos pr.–Pašilaičiai	1283	1286	1.2	Rygos st.	1327.9	3.4000001	Senoji plytinė	1287.5	19	Troleibusai	19	04	3-2819	1332	1333	1	1
delay	727368	A>B	Pašilaičiai–Konstitucijos pr.–Antakalnis–Saulėtekis	1338	1340	0.80000001	Gedimino technikos universitetas	1383.5	2.5	Spaudos rūmai	1350.8	19	Troleibusai	19	04	3-2819	1385	1385	0	0
delay	727368	B>A	Saulėtekis–Antakalnis–Konstitucijos pr.–Pašilaičiai	1391	1390	-2.4000001	Šilo tiltas	1403.4	-0.40000001	Europos aikštė	1415.4	19	Troleibusai	19	04	3-2819	1440	1438	0	0
delay	727413	B>A	Saulėtekis–Antakalnis–Konstitucijos pr.–Pašilaičiai	407	408	-0.80000001	„Žalgirio“ stadionas	429	1.5	Čiobiškio st.	455.10001	19	Troleibusai	19	05	3-125	458	458	0	0
delay	727413	A>B	Pašilaičiai–Konstitucijos pr.–Antakalnis–Saulėtekis	465	471	1.7	Viršuliškės	479.39999	11	Lietuvos sąjūdžio kelias	501.29999	19	Troleibusai	19	05	3-125	520	530	1	1
delay	727413	A>B	Pašilaičiai–Konstitucijos pr.–Antakalnis–Saulėtekis	465	357	1440	NULL	0	-1440	NULL	0	19	Troleibusai	19	05	3-125	520	402	0	1
delay	727413	B>A	Saulėtekis–Antakalnis–Konstitucijos pr.–Pašilaičiai	526	532	1.7	Vilniaus rajono poliklinika	575	5.5	Senoji plytinė	532.5	19	Troleibusai	19	05	3-125	576	577	1	1
delay	727413	B>A	Saulėtekis–Antakalnis–Konstitucijos pr.–Pašilaičiai	526	801	1440	NULL	0	-1440	NULL	0	19	Troleibusai	19	05	3-125	576	849	0	1
delay	727413	B>A	Saulėtekis–Antakalnis–Konstitucijos pr.–Pašilaičiai	526	683	1440	NULL	0	-1440	NULL	0	19	Troleibusai	19	05	3-125	576	730	0	1
delay	727413	A>B	Pašilaičiai–Konstitucijos pr.–Antakalnis–Saulėtekis	584	625	40	Panorama	643.70001	46.200001	Lvovo st.	656.79999	19	Troleibusai	19	05	3-125	635	679	1	1
delay	727413	A>B	Pašilaičiai–Konstitucijos pr.–Antakalnis–Saulėtekis	584	740	1440	NULL	0	-1440	NULL	0	19	Troleibusai	19	05	3-125	635	790	0	1
delay	727413	A>B	Pašilaičiai–Konstitucijos pr.–Antakalnis–Saulėtekis	584	864	1440	NULL	0	-1440	NULL	0	19	Troleibusai	19	05	3-125	635	912	0	1
delay	727413	B>A	Saulėtekis–Antakalnis–Konstitucijos pr.–Pašilaičiai	933	922	-12.1	Pal. Jurgio Matulaičio bažnyčia	965.09998	-10.4	Saulėtekis	927.70001	19	Troleibusai	19	05	3-125	985	973	1	1
delay	727413	A>B	Pašilaičiai–Konstitucijos pr.–Antakalnis–Saulėtekis	993	983	-10.2	Pašilaičių žiedas	983.20001	11.9	Saulėtekis	1052.6	19	Troleibusai	19	05	3-125	1046	1056	1	1
delay	727413	B>A	Saulėtekis–Antakalnis–Konstitucijos pr.–Pašilaičiai	1052	1305	1440	NULL	0	-1440	NULL	0	19	Troleibusai	19	05	3-125	1104	1352	0	1
delay	727413	B>A	Saulėtekis–Antakalnis–Konstitucijos pr.–Pašilaičiai	1052	1415	1440	NULL	0	-1440	NULL	0	19	Troleibusai	19	05	3-125	1104	1450	0	1
delay	727413	B>A	Saulėtekis–Antakalnis–Konstitucijos pr.–Pašilaičiai	1052	1169	1440	NULL	0	-1440	NULL	0	19	Troleibusai	19	05	3-125	1104	1219	0	1
delay	727413	B>A	Saulėtekis–Antakalnis–Konstitucijos pr.–Pašilaičiai	1052	1056	2	Antakalnis	1062.8	5	Panorama	1089.5	19	Troleibusai	19	05	3-125	1104	1107	1	1
delay	727413	A>B	Pašilaičiai–Konstitucijos pr.–Antakalnis–Saulėtekis	1109	1366	1440	NULL	0	-1440	NULL	0	19	Troleibusai	19	05	3-125	1161	1411	0	1
delay	727413	A>B	Pašilaičiai–Konstitucijos pr.–Antakalnis–Saulėtekis	1109	1109	-2.0999999	Tuskulėnų rimties parkas	1141.1	1.2	Antakalnis	1154.9	19	Troleibusai	19	05	3-125	1161	1161	0	0
delay	727413	A>B	Pašilaičiai–Konstitucijos pr.–Antakalnis–Saulėtekis	1109	1253	1440	NULL	0	-1440	NULL	0	19	Troleibusai	19	05	3-125	1161	1298	0	1
missed	663059	A>B	Pašilaičiai–Konstitucijos pr.–Antakalnis–Saulėtekis	356	NULL	NULL	NULL	NULL	NULL	NULL	NULL	19	Troleibusai	19	06		403	NULL	NULL	NULL
delay	727450	B>A	Saulėtekis–Antakalnis–Konstitucijos pr.–Pašilaičiai	413	412	-2.5	Žemynos st.	459.60001	-0.80000001	Tuskulėnų rimties parkas	430.79999	19	Troleibusai	19	06	3-81	464	461	0	0
delay	727450	A>B	Pašilaičiai–Konstitucijos pr.–Antakalnis–Saulėtekis	472	478	2.5	Šaulių sąjunga	484.79999	7.6999998	Lietuvos edukologijos universitetas	502.5	19	Troleibusai	19	06	3-81	526	531	1	1
delay	727450	B>A	Saulėtekis–Antakalnis–Konstitucijos pr.–Pašilaičiai	532	538	1.5	Vilniaus rajono poliklinika	580.79999	5.8000002	Senoji plytinė	538.79999	19	Troleibusai	19	06	3-81	582	583	1	1
delay	727450	A>B	Pašilaičiai–Konstitucijos pr.–Antakalnis–Saulėtekis	623	603	-23.700001	Europos aikštė	624.5	-19.700001	Žemynos st.	604.5	19	Troleibusai	19	06	3-81	674	651	1	1
missed	663059	B>A	Saulėtekis–Antakalnis–Konstitucijos pr.–Pašilaičiai	679	NULL	NULL	NULL	NULL	NULL	NULL	NULL	19	Troleibusai	19	06		729	NULL	NULL	NULL
missed	663059	A>B	Pašilaičiai–Konstitucijos pr.–Antakalnis–Saulėtekis	736	NULL	NULL	NULL	NULL	NULL	NULL	NULL	19	Troleibusai	19	06		787	NULL	NULL	NULL
missed	663059	B>A	Saulėtekis–Antakalnis–Konstitucijos pr.–Pašilaičiai	794	NULL	NULL	NULL	NULL	NULL	NULL	NULL	19	Troleibusai	19	06		844	NULL	NULL	NULL
missed	663059	A>B	Pašilaičiai–Konstitucijos pr.–Antakalnis–Saulėtekis	850	NULL	NULL	NULL	NULL	NULL	NULL	NULL	19	Troleibusai	19	06		901	NULL	NULL	NULL
delay	727450	B>A	Saulėtekis–Antakalnis–Konstitucijos pr.–Pašilaičiai	911	943	31.4	Gedimino technikos universitetas	944.90002	36.700001	Teodoro Narbuto st.	984.29999	19	Troleibusai	19	06	3-81	962	998	1	1
delay	727450	A>B	Pašilaičiai–Konstitucijos pr.–Antakalnis–Saulėtekis	970	1006	33.099998	Lietuvos edukologijos universitetas	1024	47.799999	Saulėtekis	1065.5	19	Troleibusai	19	06	3-81	1023	1069	1	1
delay	727450	B>A	Saulėtekis–Antakalnis–Konstitucijos pr.–Pašilaičiai	1029	1068	35.799999	Nacionalinė dailės galerija	1093.3	39.200001	Senoji plytinė	1069.4	19	Troleibusai	19	06	3-81	1081	1117	1	1
delay	727450	A>B	Pašilaičiai–Konstitucijos pr.–Antakalnis–Saulėtekis	1097	1134	30.9	Gedimino technikos universitetas	1177.8	37.299999	Čiobiškio st.	1137.8	19	Troleibusai	19	06	3-81	1149	1179	1	1
missed	663059	B>A	Saulėtekis–Antakalnis–Konstitucijos pr.–Pašilaičiai	1159	NULL	NULL	NULL	NULL	NULL	NULL	NULL	19	Troleibusai	19	06		1208	NULL	NULL	NULL
missed	663059	A>B	Pašilaičiai–Konstitucijos pr.–Antakalnis–Saulėtekis	1246	NULL	NULL	NULL	NULL	NULL	NULL	NULL	19	Troleibusai	19	06		1294	NULL	NULL	NULL
missed	663059	B>A	Saulėtekis–Antakalnis–Konstitucijos pr.–Pašilaičiai	1302	NULL	NULL	NULL	NULL	NULL	NULL	NULL	19	Troleibusai	19	06		1351	NULL	NULL	NULL
missed	663059	A>B	Pašilaičiai–Konstitucijos pr.–Antakalnis–Saulėtekis	1361	NULL	NULL	NULL	NULL	NULL	NULL	NULL	19	Troleibusai	19	06		1408	NULL	NULL	NULL
delay	727433	B>A	Saulėtekis–Antakalnis–Konstitucijos pr.–Pašilaičiai	426	418	-8.1999998	Žemynos st.	467.29999	-5.9000001	Minties st.	437.39999	19	Troleibusai	19	07	3-2228	477	468	1	1
delay	727433	A>B	Pašilaičiai–Konstitucijos pr.–Antakalnis–Saulėtekis	489	486	-5.1999998	Šaulių sąjunga	493.10001	-2.3	Žvėrynas	505.10001	19	Troleibusai	19	07	3-2228	542	538	1	1
delay	727433	A>B	Pašilaičiai–Konstitucijos pr.–Antakalnis–Saulėtekis	489	366	1440	NULL	0	-1440	NULL	0	19	Troleibusai	19	07	3-2228	542	413	0	1
delay	727433	B>A	Saulėtekis–Antakalnis–Konstitucijos pr.–Pašilaičiai	547	547	-3.5	Rygos st.	588.59998	0.1	Senoji plytinė	548.20001	19	Troleibusai	19	07	3-2228	597	593	1	1
delay	727433	B>A	Saulėtekis–Antakalnis–Konstitucijos pr.–Pašilaičiai	547	811	1440	NULL	0	-1440	NULL	0	19	Troleibusai	19	07	3-2228	597	860	0	1
delay	727433	B>A	Saulėtekis–Antakalnis–Konstitucijos pr.–Pašilaičiai	547	695	1440	NULL	0	-1440	NULL	0	19	Troleibusai	19	07	3-2228	597	744	0	1
delay	727433	A>B	Pašilaičiai–Konstitucijos pr.–Antakalnis–Saulėtekis	603	634	29	Gedimino technikos universitetas	680.90002	32.299999	Lvovo st.	661.79999	19	Troleibusai	19	07	3-2228	654	683	1	1
delay	727433	A>B	Pašilaičiai–Konstitucijos pr.–Antakalnis–Saulėtekis	603	872	1440	NULL	0	-1440	NULL	0	19	Troleibusai	19	07	3-2228	654	921	0	1
delay	727433	A>B	Pašilaičiai–Konstitucijos pr.–Antakalnis–Saulėtekis	603	752	1440	NULL	0	-1440	NULL	0	19	Troleibusai	19	07	3-2228	654	800	0	1
delay	727433	B>A	Saulėtekis–Antakalnis–Konstitucijos pr.–Pašilaičiai	947	927	-23.200001	Čiobiškio st.	971.70001	-19.9	Tuskulėnų rimties parkas	947	19	Troleibusai	19	07	3-2228	999	975	1	1
delay	727433	A>B	Pašilaičiai–Konstitucijos pr.–Antakalnis–Saulėtekis	1008	990	-18.700001	Šaulių sąjunga	997.79999	2	Tverečiaus st.	1053.3	19	Troleibusai	19	07	3-2228	1061	1061	1	1
delay	727433	B>A	Saulėtekis–Antakalnis–Konstitucijos pr.–Pašilaičiai	1066	1060	-6.3000002	Vilniaus universitetas	1062.9	-3	Teodoro Narbuto st.	1099.5	19	Troleibusai	19	07	3-2228	1118	1113	1	1
delay	727433	B>A	Saulėtekis–Antakalnis–Konstitucijos pr.–Pašilaičiai	1066	1193	1440	NULL	0	-1440	NULL	0	19	Troleibusai	19	07	3-2228	1118	1241	0	1
delay	727433	B>A	Saulėtekis–Antakalnis–Konstitucijos pr.–Pašilaičiai	1066	1315	1440	NULL	0	-1440	NULL	0	19	Troleibusai	19	07	3-2228	1118	1359	0	1
delay	727433	A>B	Pašilaičiai–Konstitucijos pr.–Antakalnis–Saulėtekis	1134	1140	3.5999999	Gedimino technikos universitetas	1185.5	6.5999999	Pašilaičių žiedas	1141	19	Troleibusai	19	07	3-2228	1184	1187	1	1
delay	727433	A>B	Pašilaičiai–Konstitucijos pr.–Antakalnis–Saulėtekis	1134	1264	1440	NULL	0	-1440	NULL	0	19	Troleibusai	19	07	3-2228	1184	1309	0	1
delay	727385	A>B	Pašilaičiai–Konstitucijos pr.–Antakalnis–Saulėtekis	366	396	29.9	Pašilaičių žiedas	396.29999	34.700001	Lvovo st.	425.29999	19	Troleibusai	19	08	3-2494	413	446	1	1
delay	727385	B>A	Saulėtekis–Antakalnis–Konstitucijos pr.–Pašilaičiai	419	450	30.700001	Saulėtekis	455	43.200001	Lietuvos edukologijos universitetas	492.70001	19	Troleibusai	19	08	3-2494	470	511	1	1
delay	727385	B>A	Saulėtekis–Antakalnis–Konstitucijos pr.–Pašilaičiai	419	340	1440	NULL	0	-1440	NULL	0	19	Troleibusai	19	08	3-2494	470	387	0	1
delay	727385	A>B	Pašilaičiai–Konstitucijos pr.–Antakalnis–Saulėtekis	481	544	1440	NULL	0	-1440	NULL	0	19	Troleibusai	19	08	3-2494	534	594	0	1
delay	727385	B>A	Saulėtekis–Antakalnis–Konstitucijos pr.–Pašilaičiai	539	600	59.700001	Rygos st.	643.70001	59.700001	Lietuvos edukologijos universitetas	629.20001	19	Troleibusai	19	08	3-2494	589	648	1	1
delay	727385	A>B	Pašilaičiai–Konstitucijos pr.–Antakalnis–Saulėtekis	631	664	31.200001	Spaudos rūmai	674.5	34.299999	Europos aikštė	691.5	19	Troleibusai	19	08	3-2494	682	714	1	1
delay	727385	B>A	Saulėtekis–Antakalnis–Konstitucijos pr.–Pašilaičiai	689	718	28.299999	Šilo tiltas	732.40002	32.400002	Teodoro Narbuto st.	756.90002	19	Troleibusai	19	08	3-2494	739	770	1	1
delay	727385	A>B	Pašilaičiai–Konstitucijos pr.–Antakalnis–Saulėtekis	745	776	29.9	Šilo tiltas	813.5	32.299999	Žvėrynas	794.70001	19	Troleibusai	19	08	3-2494	796	826	1	1
delay	727385	B>A	Saulėtekis–Antakalnis–Konstitucijos pr.–Pašilaičiai	802	831	27.6	Šilo tiltas	844.59998	31.299999	Pal. Jurgio Matulaičio bažnyčia	876.5	19	Troleibusai	19	08	3-2494	852	882	1	1
delay	727385	A>B	Pašilaičiai–Konstitucijos pr.–Antakalnis–Saulėtekis	862	892	28.299999	Spaudos rūmai	902.5	30.200001	Vilniaus rajono poliklinika	894.40002	19	Troleibusai	19	08	3-2494	913	942	1	1
delay	727385	B>A	Saulėtekis–Antakalnis–Konstitucijos pr.–Pašilaičiai	918	951	31.9	Nemenčinės plentas	956.79999	35.700001	Teodoro Narbuto st.	990.20001	19	Troleibusai	19	08	3-2494	970	1005	1	1
delay	727385	A>B	Pašilaičiai–Konstitucijos pr.–Antakalnis–Saulėtekis	978	1016	36.599998	Spaudos rūmai	1027	55	Tuskulėnų rimties parkas	1067.1	19	Troleibusai	19	08	3-2494	1031	1083	1	1
delay	727385	B>A	Saulėtekis–Antakalnis–Konstitucijos pr.–Pašilaičiai	1038	1083	42.700001	Žemynos st.	1131.2	45.299999	Nemenčinės plentas	1090	19	Troleibusai	19	08	3-2494	1090	1132	1	1
delay	727385	A>B	Pašilaičiai–Konstitucijos pr.–Antakalnis–Saulėtekis	1127	1166	38.400002	Panorama	1185.3	40.599998	Tverečiaus st.	1209	19	Troleibusai	19	08	3-2494	1177	1216	1	1
delay	727385	B>A	Saulėtekis–Antakalnis–Konstitucijos pr.–Pašilaičiai	1183	1220	35.599998	Minties st.	1235.9	38	Žvėrynas	1253.5	19	Troleibusai	19	08	3-2494	1232	1268	1	1
delay	727385	A>B	Pašilaičiai–Konstitucijos pr.–Antakalnis–Saulėtekis	1238	1386	1440	NULL	0	-1440	NULL	0	19	Troleibusai	19	08	3-2494	1286	1434	0	1
delay	727385	A>B	Pašilaičiai–Konstitucijos pr.–Antakalnis–Saulėtekis	1238	1281	39.700001	Europos aikštė	1301.9	42.599998	Pašilaičių žiedas	1281	19	Troleibusai	19	08	3-2494	1286	1326	1	1
delay	727385	B>A	Saulėtekis–Antakalnis–Konstitucijos pr.–Pašilaičiai	1292	1332	39.200001	Pal. Jurgio Matulaičio bažnyčia	1373.2	41.400002	Lietuvos sąjūdžio kelias	1360.7	19	Troleibusai	19	08	3-2494	1341	1379	1	1
missed	663063	B>A	Saulėtekis–Antakalnis–Konstitucijos pr.–Pašilaičiai	338	NULL	NULL	NULL	NULL	NULL	NULL	NULL	19	Troleibusai	19	09		387	NULL	NULL	NULL
delay	727430	A>B	Pašilaičiai–Konstitucijos pr.–Antakalnis–Saulėtekis	391	374	-20.299999	Gedimino technikos universitetas	417.60001	-16.5	Pašilaičių žiedas	374.89999	19	Troleibusai	19	09	3-1995	440	420	1	1
delay	727430	B>A	Saulėtekis–Antakalnis–Konstitucijos pr.–Pašilaičiai	448	426	-22.700001	Antakalnis	434.10001	-16.1	Žvėrynas	465.39999	19	Troleibusai	19	09	3-1995	499	481	1	1
delay	727430	A>B	Pašilaičiai–Konstitucijos pr.–Antakalnis–Saulėtekis	532	492	-40.099998	Šaulių sąjunga	500.39999	-37.599998	Lvovo st.	521	19	Troleibusai	19	09	3-1995	583	544	1	1
delay	727430	B>A	Saulėtekis–Antakalnis–Konstitucijos pr.–Pašilaičiai	589	554	-37.299999	Vilniaus rajono poliklinika	599	-34.599998	Senoji plytinė	555.5	19	Troleibusai	19	09	3-1995	639	601	1	1
missed	663063	A>B	Pašilaičiai–Konstitucijos pr.–Antakalnis–Saulėtekis	644	NULL	NULL	NULL	NULL	NULL	NULL	NULL	19	Troleibusai	19	09		695	NULL	NULL	NULL
missed	663063	B>A	Saulėtekis–Antakalnis–Konstitucijos pr.–Pašilaičiai	700	NULL	NULL	NULL	NULL	NULL	NULL	NULL	19	Troleibusai	19	09		750	NULL	NULL	NULL
missed	663063	A>B	Pašilaičiai–Konstitucijos pr.–Antakalnis–Saulėtekis	756	NULL	NULL	NULL	NULL	NULL	NULL	NULL	19	Troleibusai	19	09		807	NULL	NULL	NULL
missed	663063	B>A	Saulėtekis–Antakalnis–Konstitucijos pr.–Pašilaičiai	812	NULL	NULL	NULL	NULL	NULL	NULL	NULL	19	Troleibusai	19	09		862	NULL	NULL	NULL
delay	727430	A>B	Pašilaičiai–Konstitucijos pr.–Antakalnis–Saulėtekis	872	912	36.700001	Gedimino technikos universitetas	957.59998	39.900002	Žemynos st.	913.09998	19	Troleibusai	19	09	3-1995	923	959	1	1
delay	727430	B>A	Saulėtekis–Antakalnis–Konstitucijos pr.–Pašilaičiai	928	967	38.200001	Antakalnis	975	40.299999	Tuskulėnų rimties parkas	988.09998	19	Troleibusai	19	09	3-1995	980	1018	1	1
delay	727430	A>B	Pašilaičiai–Konstitucijos pr.–Antakalnis–Saulėtekis	985	1031	46.099998	Pašilaičių žiedas	1031.6	53.700001	„Žalgirio“ stadionas	1069	19	Troleibusai	19	09	3-1995	1038	1100	1	1
delay	727430	B>A	Saulėtekis–Antakalnis–Konstitucijos pr.–Pašilaičiai	1044	1101	56.200001	Vilniaus rajono poliklinika	1149.5	58.299999	Vilniaus universitetas	1105.5	19	Troleibusai	19	09	3-1995	1096	1151	1	1
missed	663063	A>B	Pašilaičiai–Konstitucijos pr.–Antakalnis–Saulėtekis	1140	NULL	NULL	NULL	NULL	NULL	NULL	NULL	19	Troleibusai	19	09		1190	NULL	NULL	NULL
missed	663063	B>A	Saulėtekis–Antakalnis–Konstitucijos pr.–Pašilaičiai	1195	NULL	NULL	NULL	NULL	NULL	NULL	NULL	19	Troleibusai	19	09		1244	NULL	NULL	NULL
missed	663063	A>B	Pašilaičiai–Konstitucijos pr.–Antakalnis–Saulėtekis	1256	NULL	NULL	NULL	NULL	NULL	NULL	NULL	19	Troleibusai	19	09		1304	NULL	NULL	NULL
missed	663063	B>A	Saulėtekis–Antakalnis–Konstitucijos pr.–Pašilaičiai	1313	NULL	NULL	NULL	NULL	NULL	NULL	NULL	19	Troleibusai	19	09		1362	NULL	NULL	NULL
missed	663063	A>B	Pašilaičiai–Konstitucijos pr.–Antakalnis–Saulėtekis	1380	NULL	NULL	NULL	NULL	NULL	NULL	NULL	19	Troleibusai	19	09		1427	NULL	NULL	NULL
delay	727446	A>B	Pašilaičiai–Konstitucijos pr.–Antakalnis–Saulėtekis	374	382	6.5	Šilo tiltas	416.10001	8.8999996	Žvėrynas	399.29999	19	Troleibusai	19	10	3-2070	422	428	1	1
delay	727446	B>A	Saulėtekis–Antakalnis–Konstitucijos pr.–Pašilaičiai	433	433	-0.5	Nemenčinės plentas	439.29999	9.5	Lietuvos edukologijos universitetas	473	19	Troleibusai	19	10	3-2070	484	491	1	1
delay	727446	A>B	Pašilaičiai–Konstitucijos pr.–Antakalnis–Saulėtekis	497	501	2.2	Spaudos rūmai	512.5	4.9000001	Lietuvos sąjūdžio kelias	525.20001	19	Troleibusai	19	10	3-2070	550	553	1	1
delay	727446	A>B	Pašilaičiai–Konstitucijos pr.–Antakalnis–Saulėtekis	497	650	1440	NULL	0	-1440	NULL	0	19	Troleibusai	19	10	3-2070	550	702	0	1
delay	727446	A>B	Pašilaičiai–Konstitucijos pr.–Antakalnis–Saulėtekis	497	766	1440	NULL	0	-1440	NULL	0	19	Troleibusai	19	10	3-2070	550	815	0	1
delay	727446	B>A	Saulėtekis–Antakalnis–Konstitucijos pr.–Pašilaičiai	555	565	8.8999996	Vilniaus rajono poliklinika	611.20001	11.2	Tuskulėnų rimties parkas	585	19	Troleibusai	19	10	3-2070	605	613	1	1
delay	727446	B>A	Saulėtekis–Antakalnis–Konstitucijos pr.–Pašilaičiai	555	707	1440	NULL	0	-1440	NULL	0	19	Troleibusai	19	10	3-2070	605	755	0	1
delay	727446	B>A	Saulėtekis–Antakalnis–Konstitucijos pr.–Pašilaičiai	555	819	1440	NULL	0	-1440	NULL	0	19	Troleibusai	19	10	3-2070	605	868	0	1
delay	727446	A>B	Pašilaičiai–Konstitucijos pr.–Antakalnis–Saulėtekis	902	882	-21.700001	Panorama	900.09998	-18.700001	Tuskulėnų rimties parkas	916.40002	19	Troleibusai	19	10	3-2070	953	932	1	1
delay	727446	B>A	Saulėtekis–Antakalnis–Konstitucijos pr.–Pašilaičiai	961	937	-25	Nemenčinės plentas	942.79999	-22	Vilniaus rajono poliklinika	988.20001	19	Troleibusai	19	10	3-2070	1013	990	1	1
delay	727446	A>B	Pašilaičiai–Konstitucijos pr.–Antakalnis–Saulėtekis	1020	998	-24.5	Nacionalinė dailės galerija	1019.6	-3.2	Klinikų st.	1058.9	19	Troleibusai	19	10	3-2070	1073	1060	1	1
delay	727446	A>B	Pašilaičiai–Konstitucijos pr.–Antakalnis–Saulėtekis	1020	1152	1440	NULL	0	-1440	NULL	0	19	Troleibusai	19	10	3-2070	1073	1200	0	1
delay	727446	A>B	Pašilaičiai–Konstitucijos pr.–Antakalnis–Saulėtekis	1020	1270	1440	NULL	0	-1440	NULL	0	19	Troleibusai	19	10	3-2070	1073	1316	0	1
delay	727446	B>A	Saulėtekis–Antakalnis–Konstitucijos pr.–Pašilaičiai	1081	1076	-18	Vilniaus rajono poliklinika	1112.3	-15.1	Panorama	1098.4	19	Troleibusai	19	10	3-2070	1133	1114	1	1
delay	727446	B>A	Saulėtekis–Antakalnis–Konstitucijos pr.–Pašilaičiai	1081	1323	1440	NULL	0	-1440	NULL	0	19	Troleibusai	19	10	3-2070	1133	1366	0	1
delay	727446	B>A	Saulėtekis–Antakalnis–Konstitucijos pr.–Pašilaičiai	1081	1209	1440	NULL	0	-1440	NULL	0	19	Troleibusai	19	10	3-2070	1133	1256	0	1
delay	727454	A>B	Pašilaičiai–Konstitucijos pr.–Antakalnis–Saulėtekis	385	390	3	Viršuliškės	397.70001	7.4000001	Saulėtekis	436.10001	19	Troleibusai	19	11Ž	3-2607	433	440	1	1
delay	727454	B>A	Saulėtekis–Antakalnis–Konstitucijos pr.–Pašilaičiai	440	442	1.7	Gedimino technikos universitetas	444	14.3	Panorama	485.79999	19	Troleibusai	19	11Ž	3-2607	491	503	1	1
delay	727454	A>B	Pašilaičiai–Konstitucijos pr.–Antakalnis–Saulėtekis	506	513	6.9000001	Pašilaičių žiedas	513.40002	12	Lvovo st.	544.5	19	Troleibusai	19	11Ž	3-2607	558	567	1	1
delay	727454	B>A	Saulėtekis–Antakalnis–Konstitucijos pr.–Pašilaičiai	565	574	8.1999998	Nemenčinės plentas	580	11.1	Teodoro Narbuto st.	611.59998	19	Troleibusai	19	11Ž	3-2607	615	624	1	1
missed	663053	A>B	Pašilaičiai–Konstitucijos pr.–Antakalnis–Saulėtekis	654	NULL	NULL	NULL	NULL	NULL	NULL	NULL	19	Troleibusai	19	11Ž		705	NULL	NULL	NULL
missed	663053	B>A	Saulėtekis–Antakalnis–Konstitucijos pr.–Pašilaičiai	710	NULL	NULL	NULL	NULL	NULL	NULL	NULL	19	Troleibusai	19	11Ž		760	NULL	NULL	NULL
missed	663053	A>B	Pašilaičiai–Konstitucijos pr.–Antakalnis–Saulėtekis	768	NULL	NULL	NULL	NULL	NULL	NULL	NULL	19	Troleibusai	19	11Ž		819	NULL	NULL	NULL
missed	663053	B>A	Saulėtekis–Antakalnis–Konstitucijos pr.–Pašilaičiai	824	NULL	NULL	NULL	NULL	NULL	NULL	NULL	19	Troleibusai	19	11Ž		874	NULL	NULL	NULL
delay	727454	A>B	Pašilaičiai–Konstitucijos pr.–Antakalnis–Saulėtekis	884	934	49.599998	Pal. Jurgio Matulaičio bažnyčia	940.70001	56.599998	Saulėtekis	987.40002	19	Troleibusai	19	11Ž	3-2607	935	991	1	1
delay	727454	B>A	Saulėtekis–Antakalnis–Konstitucijos pr.–Pašilaičiai	940	992	52.400002	Saulėtekis	997.59998	59.700001	Lietuvos sąjūdžio kelias	1029.3	19	Troleibusai	19	11Ž	3-2607	992	1055	1	1
delay	727454	A>B	Pašilaičiai–Konstitucijos pr.–Antakalnis–Saulėtekis	1001	1058	55.799999	Spaudos rūmai	1069	59.700001	Europos aikštė	1085.8	19	Troleibusai	19	11Ž	3-2607	1054	1132	1	1
delay	727454	B>A	Saulėtekis–Antakalnis–Konstitucijos pr.–Pašilaičiai	1059	1133	1440	NULL	0	-1440	NULL	0	19	Troleibusai	19	11Ž	3-2607	1111	1183	0	1
missed	663053	A>B	Pašilaičiai–Konstitucijos pr.–Antakalnis–Saulėtekis	1151	NULL	NULL	NULL	NULL	NULL	NULL	NULL	19	Troleibusai	19	11Ž		1201	NULL	NULL	NULL
missed	663053	B>A	Saulėtekis–Antakalnis–Konstitucijos pr.–Pašilaičiai	1207	NULL	NULL	NULL	NULL	NULL	NULL	NULL	19	Troleibusai	19	11Ž		1256	NULL	NULL	NULL
missed	663053	A>B	Pašilaičiai–Konstitucijos pr.–Antakalnis–Saulėtekis	1269	NULL	NULL	NULL	NULL	NULL	NULL	NULL	19	Troleibusai	19	11Ž		1317	NULL	NULL	NULL
missed	663053	B>A	Saulėtekis–Antakalnis–Konstitucijos pr.–Pašilaičiai	1324	NULL	NULL	NULL	NULL	NULL	NULL	NULL	19	Troleibusai	19	11Ž		1373	NULL	NULL	NULL
delay	727407	A>B	Pašilaičiai–Konstitucijos pr.–Antakalnis–Saulėtekis	397	408	11.6	Pašilaičių žiedas	409.10001	16.6	Lvovo st.	439.20001	19	Troleibusai	19	12	3-2156	448	462	1	1
delay	727407	B>A	Saulėtekis–Antakalnis–Konstitucijos pr.–Pašilaičiai	453	466	12.7	Nemenčinės plentas	472.60001	22.4	Žvėrynas	508.89999	19	Troleibusai	19	12	3-2156	504	523	1	1
delay	727407	B>A	Saulėtekis–Antakalnis–Konstitucijos pr.–Pašilaičiai	453	350	1440	NULL	0	-1440	NULL	0	19	Troleibusai	19	12	3-2156	504	397	0	1
delay	727407	A>B	Pašilaičiai–Konstitucijos pr.–Antakalnis–Saulėtekis	515	684	1440	NULL	0	-1440	NULL	0	19	Troleibusai	19	12	3-2156	566	733	0	1
delay	727407	A>B	Pašilaičiai–Konstitucijos pr.–Antakalnis–Saulėtekis	515	564	48.200001	Rygos st.	568.90002	50.5	Šeimyniškių st.	596.20001	19	Troleibusai	19	12	3-2156	566	615	1	1
delay	727407	A>B	Pašilaičiai–Konstitucijos pr.–Antakalnis–Saulėtekis	515	793	1440	NULL	0	-1440	NULL	0	19	Troleibusai	19	12	3-2156	566	844	0	1
delay	727407	B>A	Saulėtekis–Antakalnis–Konstitucijos pr.–Pašilaičiai	574	618	43.900002	Gedimino technikos universitetas	620.40002	46.5	Panorama	652	19	Troleibusai	19	12	3-2156	624	668	1	1
delay	727407	B>A	Saulėtekis–Antakalnis–Konstitucijos pr.–Pašilaičiai	574	736	1440	NULL	0	-1440	NULL	0	19	Troleibusai	19	12	3-2156	624	784	0	1
delay	727407	B>A	Saulėtekis–Antakalnis–Konstitucijos pr.–Pašilaičiai	574	853	1440	NULL	0	-1440	NULL	0	19	Troleibusai	19	12	3-2156	624	904	0	1
delay	727407	A>B	Pašilaičiai–Konstitucijos pr.–Antakalnis–Saulėtekis	926	915	-14.2	Panorama	931.59998	-11	Lvovo st.	941.59998	19	Troleibusai	19	12	3-2156	977	964	1	1
delay	727407	B>A	Saulėtekis–Antakalnis–Konstitucijos pr.–Pašilaičiai	982	974	-8.5	Tverečiaus st.	983	-0.5	Žemynos st.	1031.9	19	Troleibusai	19	12	3-2156	1034	1033	1	1
delay	727407	A>B	Pašilaičiai–Konstitucijos pr.–Antakalnis–Saulėtekis	1045	1044	-3	Spaudos rūmai	1054.2	15.2	Saulėtekis	1107.9	19	Troleibusai	19	12	3-2156	1098	1111	1	1
delay	727407	A>B	Pašilaičiai–Konstitucijos pr.–Antakalnis–Saulėtekis	1045	1302	1440	NULL	0	-1440	NULL	0	19	Troleibusai	19	12	3-2156	1098	1346	0	1
delay	727407	A>B	Pašilaičiai–Konstitucijos pr.–Antakalnis–Saulėtekis	1045	1186	1440	NULL	0	-1440	NULL	0	19	Troleibusai	19	12	3-2156	1098	1235	0	1
delay	727407	B>A	Saulėtekis–Antakalnis–Konstitucijos pr.–Pašilaičiai	1104	1237	1440	NULL	0	-1440	NULL	0	19	Troleibusai	19	12	3-2156	1155	1287	0	1
delay	727407	B>A	Saulėtekis–Antakalnis–Konstitucijos pr.–Pašilaičiai	1104	1111	6.5999999	Vilniaus universitetas	1113.9	8.8999996	Teodoro Narbuto st.	1149.4	19	Troleibusai	19	12	3-2156	1155	1162	1	1
delay	727420	B>A	Saulėtekis–Antakalnis–Konstitucijos pr.–Pašilaičiai	349	358	6.3000002	Rygos st.	399.10001	9.1999998	Senoji plytinė	359.20001	19	Troleibusai	19	13	3-1877	398	404	1	1
delay	727420	A>B	Pašilaičiai–Konstitucijos pr.–Antakalnis–Saulėtekis	404	414	10.2	Čiobiškio st.	417.79999	17.799999	Antakalnis	465.60001	19	Troleibusai	19	13	3-1877	455	472	1	1
delay	727420	B>A	Saulėtekis–Antakalnis–Konstitucijos pr.–Pašilaičiai	461	477	15.2	Tverečiaus st.	485.70001	22.5	Teodoro Narbuto st.	519	19	Troleibusai	19	13	3-1877	512	533	1	1
delay	727420	A>B	Pašilaičiai–Konstitucijos pr.–Antakalnis–Saulėtekis	550	538	-15.4	Gedimino technikos universitetas	583.59998	-12.2	Žemynos st.	539	19	Troleibusai	19	13	3-1877	601	585	1	1
delay	727420	B>A	Saulėtekis–Antakalnis–Konstitucijos pr.–Pašilaičiai	607	592	-14.3	Senoji plytinė	593.79999	-12.6	Rygos st.	639.40002	19	Troleibusai	19	13	3-1877	657	643	1	1
delay	727420	A>B	Pašilaičiai–Konstitucijos pr.–Antakalnis–Saulėtekis	662	670	6.5	Europos aikštė	693.79999	8.3999996	Čiobiškio st.	674	19	Troleibusai	19	13	3-1877	713	720	1	1
delay	727420	B>A	Saulėtekis–Antakalnis–Konstitucijos pr.–Pašilaičiai	721	729	7.8000002	Senoji plytinė	729.90002	11.2	Nacionalinė dailės galerija	759.79999	19	Troleibusai	19	13	3-1877	771	780	1	1
delay	727420	A>B	Pašilaičiai–Konstitucijos pr.–Antakalnis–Saulėtekis	779	785	6.1999998	Pašilaičių žiedas	785.70001	7.5999999	Žvėrynas	804	19	Troleibusai	19	13	3-1877	830	836	1	1
delay	727420	B>A	Saulėtekis–Antakalnis–Konstitucijos pr.–Pašilaičiai	836	842	4.6999998	Žemynos st.	889.20001	7.3000002	Minties st.	860.59998	19	Troleibusai	19	13	3-1877	886	890	1	1
delay	727420	A>B	Pašilaičiai–Konstitucijos pr.–Antakalnis–Saulėtekis	896	903	7	Pašilaičių žiedas	903.40002	9.8000002	Saulėtekis	952.5	19	Troleibusai	19	13	3-1877	947	956	1	1
delay	727420	B>A	Saulėtekis–Antakalnis–Konstitucijos pr.–Pašilaičiai	954	957	3.2	Antakalnis	966	9.8999996	Viršuliškės	1006.4	19	Troleibusai	19	13	3-1877	1006	1015	1	1
delay	727420	A>B	Pašilaičiai–Konstitucijos pr.–Antakalnis–Saulėtekis	1013	1024	10.7	Čiobiškio st.	1027.3	31.5	Saulėtekis	1092.2	19	Troleibusai	19	13	3-1877	1066	1096	1	1
delay	727420	B>A	Saulėtekis–Antakalnis–Konstitucijos pr.–Pašilaičiai	1075	1095	17.6	Nacionalinė dailės galerija	1121.1	21.1	Pal. Jurgio Matulaičio bažnyčia	1140.3	19	Troleibusai	19	13	3-1877	1127	1146	1	1
delay	727420	A>B	Pašilaičiai–Konstitucijos pr.–Antakalnis–Saulėtekis	1162	1176	12.3	Panorama	1194.2	14.7	Pašilaičių žiedas	1177.1	19	Troleibusai	19	13	3-1877	1212	1225	1	1
delay	727420	B>A	Saulėtekis–Antakalnis–Konstitucijos pr.–Pašilaičiai	1218	1230	11.5	Nacionalinė dailės galerija	1256	14	Žvėrynas	1264.2	19	Troleibusai	19	13	3-1877	1267	1279	1	1
delay	727420	A>B	Pašilaičiai–Konstitucijos pr.–Antakalnis–Saulėtekis	1282	1291	5.1999998	Gedimino technikos universitetas	1332.8	8.8000002	Pašilaičių žiedas	1291.3	19	Troleibusai	19	13	3-1877	1330	1335	1	1
delay	727420	B>A	Saulėtekis–Antakalnis–Konstitucijos pr.–Pašilaičiai	1337	1341	0.30000001	Viršuliškės	1377.6	4	Vilniaus universitetas	1344	19	Troleibusai	19	13	3-1877	1386	1389	1	1
missed	663066	B>A	Saulėtekis–Antakalnis–Konstitucijos pr.–Pašilaičiai	356	NULL	NULL	NULL	NULL	NULL	NULL	NULL	19	Troleibusai	19	14		405	NULL	NULL	NULL
delay	727471	A>B	Pašilaičiai–Konstitucijos pr.–Antakalnis–Saulėtekis	410	402	-9.6999998	Minties st.	437.60001	-7.1999998	Žvėrynas	421.29999	19	Troleibusai	19	14	3-2538	463	454	1	1
delay	727471	B>A	Saulėtekis–Antakalnis–Konstitucijos pr.–Pašilaičiai	469	455	-14	Vilniaus universitetas	458.29999	-0.69999999	Nacionalinė dailės galerija	496	19	Troleibusai	19	14	3-2538	520	516	1	1
delay	727471	A>B	Pašilaičiai–Konstitucijos pr.–Antakalnis–Saulėtekis	525	525	-1.2	Panorama	543.59998	0.5	Lvovo st.	552.09998	19	Troleibusai	19	14	3-2538	576	575	0	0
delay	727471	B>A	Saulėtekis–Antakalnis–Konstitucijos pr.–Pašilaičiai	581	581	-1.9	Spaudos rūmai	618.5	-0.1	Senoji plytinė	581.90002	19	Troleibusai	19	14	3-2538	631	628	0	0
missed	663066	A>B	Pašilaičiai–Konstitucijos pr.–Antakalnis–Saulėtekis	673	NULL	NULL	NULL	NULL	NULL	NULL	NULL	19	Troleibusai	19	14		724	NULL	NULL	NULL
missed	663066	B>A	Saulėtekis–Antakalnis–Konstitucijos pr.–Pašilaičiai	730	NULL	NULL	NULL	NULL	NULL	NULL	NULL	19	Troleibusai	19	14		780	NULL	NULL	NULL
missed	663066	A>B	Pašilaičiai–Konstitucijos pr.–Antakalnis–Saulėtekis	791	NULL	NULL	NULL	NULL	NULL	NULL	NULL	19	Troleibusai	19	14		842	NULL	NULL	NULL
missed	663066	B>A	Saulėtekis–Antakalnis–Konstitucijos pr.–Pašilaičiai	847	NULL	NULL	NULL	NULL	NULL	NULL	NULL	19	Troleibusai	19	14		897	NULL	NULL	NULL
delay	727471	A>B	Pašilaičiai–Konstitucijos pr.–Antakalnis–Saulėtekis	910	947	35.700001	Pal. Jurgio Matulaičio bažnyčia	952.79999	41.200001	Saulėtekis	997.90002	19	Troleibusai	19	14	3-2538	961	1001	1	1
delay	727471	B>A	Saulėtekis–Antakalnis–Konstitucijos pr.–Pašilaičiai	967	1005	37.200001	Vilniaus universitetas	1007.5	50.799999	Pal. Jurgio Matulaičio bažnyčia	1062	19	Troleibusai	19	14	3-2538	1019	1068	1	1
delay	727471	A>B	Pašilaičiai–Konstitucijos pr.–Antakalnis–Saulėtekis	1027	1069	38.599998	Nacionalinė dailės galerija	1089.7	57.299999	Nemenčinės plentas	1130	19	Troleibusai	19	14	3-2538	1080	1135	1	1
delay	727471	B>A	Saulėtekis–Antakalnis–Konstitucijos pr.–Pašilaičiai	1089	1135	43.200001	Vilniaus rajono poliklinika	1181.5	45.900002	Senoji plytinė	1136	19	Troleibusai	19	14	3-2538	1141	1184	1	1
missed	663066	A>B	Pašilaičiai–Konstitucijos pr.–Antakalnis–Saulėtekis	1174	NULL	NULL	NULL	NULL	NULL	NULL	NULL	19	Troleibusai	19	14		1223	NULL	NULL	NULL
missed	663066	B>A	Saulėtekis–Antakalnis–Konstitucijos pr.–Pašilaičiai	1228	NULL	NULL	NULL	NULL	NULL	NULL	NULL	19	Troleibusai	19	14		1277	NULL	NULL	NULL
missed	663066	A>B	Pašilaičiai–Konstitucijos pr.–Antakalnis–Saulėtekis	1290	NULL	NULL	NULL	NULL	NULL	NULL	NULL	19	Troleibusai	19	14		1338	NULL	NULL	NULL
missed	663066	B>A	Saulėtekis–Antakalnis–Konstitucijos pr.–Pašilaičiai	1357	NULL	NULL	NULL	NULL	NULL	NULL	NULL	19	Troleibusai	19	14		1406	NULL	NULL	NULL
delay	727427	A>B	Pašilaičiai–Konstitucijos pr.–Antakalnis–Saulėtekis	417	428	9.6999998	Šaulių sąjunga	436.89999	26.1	Tverečiaus st.	489.60001	19	Troleibusai	19	15	3-1543	472	497	1	1
delay	727427	B>A	Saulėtekis–Antakalnis–Konstitucijos pr.–Pašilaičiai	478	497	16.4	Tverečiaus st.	504	20.1	Tuskulėnų rimties parkas	517	19	Troleibusai	19	15	3-1543	529	547	1	1
delay	727427	B>A	Saulėtekis–Antakalnis–Konstitucijos pr.–Pašilaičiai	478	366	1440	NULL	0	-1440	NULL	0	19	Troleibusai	19	15	3-1543	529	415	0	1
delay	727427	A>B	Pašilaičiai–Konstitucijos pr.–Antakalnis–Saulėtekis	541	580	35.200001	Vilniaus universitetas	624.29999	39.200001	Šaulių sąjunga	588.40002	19	Troleibusai	19	15	3-1543	592	627	1	1
delay	727427	A>B	Pašilaičiai–Konstitucijos pr.–Antakalnis–Saulėtekis	541	808	1440	NULL	0	-1440	NULL	0	19	Troleibusai	19	15	3-1543	592	859	0	1
delay	727427	A>B	Pašilaičiai–Konstitucijos pr.–Antakalnis–Saulėtekis	541	696	1440	NULL	0	-1440	NULL	0	19	Troleibusai	19	15	3-1543	592	746	0	1
delay	727427	B>A	Saulėtekis–Antakalnis–Konstitucijos pr.–Pašilaičiai	598	635	36.299999	Vilniaus rajono poliklinika	681.59998	37.799999	Lietuvos sąjūdžio kelias	664.40002	19	Troleibusai	19	15	3-1543	648	683	1	1
delay	727427	B>A	Saulėtekis–Antakalnis–Konstitucijos pr.–Pašilaičiai	598	749	1440	NULL	0	-1440	NULL	0	19	Troleibusai	19	15	3-1543	648	799	0	1
delay	727427	B>A	Saulėtekis–Antakalnis–Konstitucijos pr.–Pašilaičiai	598	863	1440	NULL	0	-1440	NULL	0	19	Troleibusai	19	15	3-1543	648	910	0	1
delay	727427	A>B	Pašilaičiai–Konstitucijos pr.–Antakalnis–Saulėtekis	942	924	-19.9	Spaudos rūmai	934.29999	-17.4	Antakalnis	969.29999	19	Troleibusai	19	15	3-1543	995	976	1	1
delay	727427	B>A	Saulėtekis–Antakalnis–Konstitucijos pr.–Pašilaičiai	1001	984	-17.700001	Antakalnis	992.09998	-4.5999999	Viršuliškės	1038.8	19	Troleibusai	19	15	3-1543	1053	1048	1	1
delay	727427	A>B	Pašilaičiai–Konstitucijos pr.–Antakalnis–Saulėtekis	1062	1049	-12.8	Vilniaus rajono poliklinika	1051.4	10	Tverečiaus st.	1115.4	19	Troleibusai	19	15	3-1543	1115	1123	1	1
delay	727427	A>B	Pašilaičiai–Konstitucijos pr.–Antakalnis–Saulėtekis	1062	1313	1440	NULL	0	-1440	NULL	0	19	Troleibusai	19	15	3-1543	1115	1360	0	1
delay	727427	A>B	Pašilaičiai–Konstitucijos pr.–Antakalnis–Saulėtekis	1062	1198	1440	NULL	0	-1440	NULL	0	19	Troleibusai	19	15	3-1543	1115	1245	0	1
delay	727427	A>B	Pašilaičiai–Konstitucijos pr.–Antakalnis–Saulėtekis	1062	1415	1440	NULL	0	-1440	NULL	0	19	Troleibusai	19	15	3-1543	1115	1451	0	1
delay	727427	B>A	Saulėtekis–Antakalnis–Konstitucijos pr.–Pašilaičiai	1120	1248	1440	NULL	0	-1440	NULL	0	19	Troleibusai	19	15	3-1543	1170	1297	0	1
delay	727427	B>A	Saulėtekis–Antakalnis–Konstitucijos pr.–Pašilaičiai	1120	1363	1440	NULL	0	-1440	NULL	0	19	Troleibusai	19	15	3-1543	1170	1409	0	1
delay	727427	B>A	Saulėtekis–Antakalnis–Konstitucijos pr.–Pašilaičiai	1120	1123	1.1	Klinikų st.	1133.3	3.0999999	Teodoro Narbuto st.	1158.7	19	Troleibusai	19	15	3-1543	1170	1171	1	0
missed	663065	B>A	Saulėtekis–Antakalnis–Konstitucijos pr.–Pašilaičiai	365	NULL	NULL	NULL	NULL	NULL	NULL	NULL	19	Troleibusai	19	16		414	NULL	NULL	NULL
delay	727489	A>B	Pašilaičiai–Konstitucijos pr.–Antakalnis–Saulėtekis	425	419	-9.5	Spaudos rūmai	429.70001	-3.7	Žvėrynas	441.79999	19	Troleibusai	19	16	3-2035	480	474	1	1
delay	727489	B>A	Saulėtekis–Antakalnis–Konstitucijos pr.–Pašilaičiai	485	481	-4.1999998	Antakalnis	489.60001	1.3	Europos aikštė	512.40002	19	Troleibusai	19	16	3-2035	536	534	1	1
delay	727489	A>B	Pašilaičiai–Konstitucijos pr.–Antakalnis–Saulėtekis	575	552	-24.299999	„Žalgirio“ stadionas	580.20001	-22.9	Čiobiškio st.	555.59998	19	Troleibusai	19	16	3-2035	626	602	1	1
delay	727489	B>A	Saulėtekis–Antakalnis–Konstitucijos pr.–Pašilaičiai	632	608	-25.4	Viršuliškės	648.09998	-23.5	Panorama	640	19	Troleibusai	19	16	3-2035	682	656	1	1
missed	663065	A>B	Pašilaičiai–Konstitucijos pr.–Antakalnis–Saulėtekis	688	NULL	NULL	NULL	NULL	NULL	NULL	NULL	19	Troleibusai	19	16		739	NULL	NULL	NULL
missed	663065	B>A	Saulėtekis–Antakalnis–Konstitucijos pr.–Pašilaičiai	744	NULL	NULL	NULL	NULL	NULL	NULL	NULL	19	Troleibusai	19	16		794	NULL	NULL	NULL
missed	663065	A>B	Pašilaičiai–Konstitucijos pr.–Antakalnis–Saulėtekis	802	NULL	NULL	NULL	NULL	NULL	NULL	NULL	19	Troleibusai	19	16		853	NULL	NULL	NULL
missed	663065	B>A	Saulėtekis–Antakalnis–Konstitucijos pr.–Pašilaičiai	863	NULL	NULL	NULL	NULL	NULL	NULL	NULL	19	Troleibusai	19	16		913	NULL	NULL	NULL
delay	727489	A>B	Pašilaičiai–Konstitucijos pr.–Antakalnis–Saulėtekis	919	958	37.5	Spaudos rūmai	968.79999	48.599998	Tuskulėnų rimties parkas	1000.7	19	Troleibusai	19	16	3-2035	970	1016	1	1
delay	727489	B>A	Saulėtekis–Antakalnis–Konstitucijos pr.–Pašilaičiai	975	1018	42.5	Klinikų st.	1029.8	52.099998	Teodoro Narbuto st.	1063.7	19	Troleibusai	19	16	3-2035	1027	1077	1	1
delay	727489	A>B	Pašilaičiai–Konstitucijos pr.–Antakalnis–Saulėtekis	1036	1083	43.599998	„Žalgirio“ stadionas	1110	52	Tverečiaus st.	1131.4	19	Troleibusai	19	16	3-2035	1089	1139	1	1
delay	727489	B>A	Saulėtekis–Antakalnis–Konstitucijos pr.–Pašilaičiai	1097	1141	40.200001	Vilniaus rajono poliklinika	1185.6	44.299999	Senoji plytinė	1142.3	19	Troleibusai	19	16	3-2035	1148	1187	1	1
missed	663065	A>B	Pašilaičiai–Konstitucijos pr.–Antakalnis–Saulėtekis	1186	NULL	NULL	NULL	NULL	NULL	NULL	NULL	19	Troleibusai	19	16		1235	NULL	NULL	NULL
missed	663065	B>A	Saulėtekis–Antakalnis–Konstitucijos pr.–Pašilaičiai	1240	NULL	NULL	NULL	NULL	NULL	NULL	NULL	19	Troleibusai	19	16		1289	NULL	NULL	NULL
missed	663065	A>B	Pašilaičiai–Konstitucijos pr.–Antakalnis–Saulėtekis	1302	NULL	NULL	NULL	NULL	NULL	NULL	NULL	19	Troleibusai	19	16		1350	NULL	NULL	NULL
missed	663056	A>B	Pašilaičiai–Konstitucijos pr.–Antakalnis–Saulėtekis	432	NULL	NULL	NULL	NULL	NULL	NULL	NULL	19	Troleibusai	19	17		488	NULL	NULL	NULL
missed	663056	B>A	Saulėtekis–Antakalnis–Konstitucijos pr.–Pašilaičiai	493	NULL	NULL	NULL	NULL	NULL	NULL	NULL	19	Troleibusai	19	17		544	NULL	NULL	NULL
missed	663056	A>B	Pašilaičiai–Konstitucijos pr.–Antakalnis–Saulėtekis	557	NULL	NULL	NULL	NULL	NULL	NULL	NULL	19	Troleibusai	19	17		608	NULL	NULL	NULL
missed	663056	B>A	Saulėtekis–Antakalnis–Konstitucijos pr.–Pašilaičiai	616	NULL	NULL	NULL	NULL	NULL	NULL	NULL	19	Troleibusai	19	17		666	NULL	NULL	NULL
missed	663056	A>B	Pašilaičiai–Konstitucijos pr.–Antakalnis–Saulėtekis	956	NULL	NULL	NULL	NULL	NULL	NULL	NULL	19	Troleibusai	19	17		1009	NULL	NULL	NULL
missed	663056	B>A	Saulėtekis–Antakalnis–Konstitucijos pr.–Pašilaičiai	1015	NULL	NULL	NULL	NULL	NULL	NULL	NULL	19	Troleibusai	19	17		1067	NULL	NULL	NULL
missed	663056	A>B	Pašilaičiai–Konstitucijos pr.–Antakalnis–Saulėtekis	1084	NULL	NULL	NULL	NULL	NULL	NULL	NULL	19	Troleibusai	19	17		1136	NULL	NULL	NULL
missed	663056	B>A	Saulėtekis–Antakalnis–Konstitucijos pr.–Pašilaičiai	1148	NULL	NULL	NULL	NULL	NULL	NULL	NULL	19	Troleibusai	19	17		1197	NULL	NULL	NULL
delay	727337	B>A	Stotis–Žygimantų g.–Saulėtekis	318	320	1	Trakų st.	325.29999	3.0999999	Kalnų parkas	336.39999	2	Troleibusai	2	01	3-3001	352	353	1	0
delay	727337	A>B	Saulėtekis–Žygimantų g.–Stotis	362	360	-3.0999999	Šilo tiltas	373.60001	-1.4	Vinco Kudirkos aikštė	387.5	2	Troleibusai	2	01	3-3001	400	397	1	0
delay	727337	B>A	Stotis–Žygimantų g.–Saulėtekis	401	400	-2	Vinco Kudirkos aikštė	410.10001	1.3	Saulėtekis	432.20001	2	Troleibusai	2	01	3-3001	435	436	0	0
delay	727337	A>B	Saulėtekis–Žygimantų g.–Stotis	447	443	-4.5	Vilniaus universitetas	445.79999	7.3000002	Karaliaus Mindaugo tiltas	480.10001	2	Troleibusai	2	01	3-3001	491	496	1	1
delay	727337	B>A	Stotis–Žygimantų g.–Saulėtekis	493	499	2	Gedimino technikos universitetas	531.20001	5.6999998	Vinco Kudirkos aikštė	509.70001	2	Troleibusai	2	01	3-3001	531	533	1	1
delay	727337	A>B	Saulėtekis–Žygimantų g.–Stotis	566	562	-4.0999999	Saulėtekis	567	1.2	Centro poliklinika	598.29999	2	Troleibusai	2	01	3-3001	605	606	1	1
delay	727337	B>A	Stotis–Žygimantų g.–Saulėtekis	606	607	0.89999998	Gedimino technikos universitetas	640	1.9	Klinikų st.	632.79999	2	Troleibusai	2	01	3-3001	641	642	0	0
delay	727337	A>B	Saulėtekis–Žygimantų g.–Stotis	654	652	-3.9000001	Šilo tiltas	665.20001	-2.2	Senoji plytinė	652.90002	2	Troleibusai	2	01	3-3001	693	690	1	0
delay	727337	B>A	Stotis–Žygimantų g.–Saulėtekis	694	692	-2.5	Stotis	691.5	-0.69999999	Saulėtekis	724.20001	2	Troleibusai	2	01	3-3001	729	728	0	0
delay	727337	A>B	Saulėtekis–Žygimantų g.–Stotis	742	739	-3.5	Senoji plytinė	739.59998	0.80000001	Centro poliklinika	773.90002	2	Troleibusai	2	01	3-3001	781	781	1	1
delay	727337	B>A	Stotis–Žygimantų g.–Saulėtekis	782	782	-0.2	Trakų st.	788.09998	3.9000001	Gedimino technikos universitetas	818.90002	2	Troleibusai	2	01	3-3001	817	821	1	1
delay	727337	A>B	Saulėtekis–Žygimantų g.–Stotis	830	828	-1.9	Gedimino technikos universitetas	830.59998	1.5	Šv. Petro ir Povilo bažnyčia	850.70001	2	Troleibusai	2	01	3-3001	869	870	0	0
delay	727337	B>A	Stotis–Žygimantų g.–Saulėtekis	870	870	0.30000001	Trakų st.	876.5	1.9	Saulėtekis	902.79999	2	Troleibusai	2	01	3-3001	905	907	0	0
delay	727337	A>B	Saulėtekis–Žygimantų g.–Stotis	917	918	1.1	Saulėtekis	923.29999	4.8000002	Vinco Kudirkos aikštė	950	2	Troleibusai	2	01	3-3001	956	960	1	1
delay	727337	B>A	Stotis–Žygimantų g.–Saulėtekis	957	964	5.5	Kalnų parkas	980.79999	7.9000001	Saulėtekis	997.79999	2	Troleibusai	2	01	3-3001	995	1001	1	1
delay	727337	A>B	Saulėtekis–Žygimantų g.–Stotis	1006	1011	5.0999999	Gedimino technikos universitetas	1013.5	24.1	Centro poliklinika	1063.2	2	Troleibusai	2	01	3-3001	1047	1071	1	1
delay	727337	B>A	Stotis–Žygimantų g.–Saulėtekis	1048	1072	22.1	Kalnų parkas	1089.9	28.299999	Klinikų st.	1106.2	2	Troleibusai	2	01	3-3001	1089	1116	1	1
delay	727337	A>B	Saulėtekis–Žygimantų g.–Stotis	1132	1136	3.3	Klinikų st.	1147.6	7.6999998	Centro poliklinika	1169.8	2	Troleibusai	2	01	3-3001	1170	1178	1	1
delay	727337	B>A	Stotis–Žygimantų g.–Saulėtekis	1171	1179	7	Rūdninkų st.	1181.5	10.2	Antakalnis	1209.1	2	Troleibusai	2	01	3-3001	1206	1216	1	1
delay	727337	A>B	Saulėtekis–Žygimantų g.–Stotis	1215	1231	16.200001	Gedimino technikos universitetas	1233.6	18.1	Karaliaus Mindaugo tiltas	1255.6	2	Troleibusai	2	01	3-3001	1253	1271	1	1
delay	727337	B>A	Stotis–Žygimantų g.–Saulėtekis	1254	1272	17.6	Stotis	1271.8	20.9	Gedimino technikos universitetas	1306.2	2	Troleibusai	2	01	3-3001	1288	1308	1	1
missed	662901	A>B	Saulėtekis–Žygimantų g.–Stotis	1297	NULL	NULL	NULL	NULL	NULL	NULL	NULL	2	Troleibusai	2	01		1335	NULL	NULL	NULL
missed	662901	B>A	Stotis–Žygimantų g.–Saulėtekis	1336	NULL	NULL	NULL	NULL	NULL	NULL	NULL	2	Troleibusai	2	01		1370	NULL	NULL	NULL
delay	727456	A>B	Saulėtekis–Žygimantų g.–Stotis	388	390	-0.40000001	Kalnų parkas	408.60001	1.9	Senoji plytinė	390.89999	2	Troleibusai	2	02Ž	3-10353	426	426	0	0
delay	727456	B>A	Stotis–Žygimantų g.–Saulėtekis	428	429	0.69999999	Stotis	428.89999	2	Leono Sapiegos st.	451.79999	2	Troleibusai	2	02Ž	3-10353	465	467	0	0
delay	727456	A>B	Saulėtekis–Žygimantų g.–Stotis	476	481	4.4000001	Tverečiaus st.	489.89999	11.5	Vinco Kudirkos aikštė	520.70001	2	Troleibusai	2	02Ž	3-10353	520	531	1	1
delay	727456	B>A	Stotis–Žygimantų g.–Saulėtekis	522	532	10.2	Stotis	532.20001	11.8	Leono Sapiegos st.	555.59998	2	Troleibusai	2	02Ž	3-10353	559	570	1	1
delay	727456	A>B	Saulėtekis–Žygimantų g.–Stotis	572	579	7.4000001	Gedimino technikos universitetas	581.90002	9.3000002	Šv. Petro ir Povilo bažnyčia	600.5	2	Troleibusai	2	02Ž	3-10353	611	620	1	1
delay	727456	B>A	Stotis–Žygimantų g.–Saulėtekis	612	620	8.8999996	Jogailos st.	630.29999	11.1	Gedimino technikos universitetas	656.20001	2	Troleibusai	2	02Ž	3-10353	647	658	1	1
delay	727456	A>B	Saulėtekis–Žygimantų g.–Stotis	691	695	4	Tverečiaus st.	704.5	5.3000002	Centro poliklinika	727.40002	2	Troleibusai	2	02Ž	3-10353	730	735	1	1
delay	727456	B>A	Stotis–Žygimantų g.–Saulėtekis	731	738	6	Rūdninkų st.	740.59998	8	Antakalnis	766.90002	2	Troleibusai	2	02Ž	3-10353	766	773	1	1
delay	727456	A>B	Saulėtekis–Žygimantų g.–Stotis	779	784	4.5999999	Klinikų st.	795.90002	6.8000002	Vingriai	820.5	2	Troleibusai	2	02Ž	3-10353	818	825	1	1
delay	727456	B>A	Stotis–Žygimantų g.–Saulėtekis	819	825	5.1999998	Rūdninkų st.	827.59998	9	Nemenčinės plentas	856.90002	2	Troleibusai	2	02Ž	3-10353	854	862	1	1
delay	727456	A>B	Saulėtekis–Žygimantų g.–Stotis	866	874	7.5999999	Klinikų st.	885.90002	8.6000004	Šv. Petro ir Povilo bažnyčia	893.90002	2	Troleibusai	2	02Ž	3-10353	905	913	1	1
delay	727456	B>A	Stotis–Žygimantų g.–Saulėtekis	906	915	9.3000002	Rūdninkų st.	918.79999	11.8	Leono Sapiegos st.	937.59998	2	Troleibusai	2	02Ž	3-10353	941	952	1	1
delay	727456	A>B	Saulėtekis–Žygimantų g.–Stotis	955	964	8.3000002	Saulėtekis	968.40002	13.7	Centro poliklinika	1001.8	2	Troleibusai	2	02Ž	3-10353	996	1009	1	1
delay	727456	B>A	Stotis–Žygimantų g.–Saulėtekis	997	1011	13.5	Kalnų parkas	1029.7	18.799999	Tverečiaus st.	1045.3	2	Troleibusai	2	02Ž	3-10353	1036	1054	1	1
delay	727456	A>B	Saulėtekis–Žygimantų g.–Stotis	1049	1059	10	Gedimino technikos universitetas	1061.4	19	Centro poliklinika	1101.1	2	Troleibusai	2	02Ž	3-10353	1090	1109	1	1
delay	727456	B>A	Stotis–Žygimantų g.–Saulėtekis	1091	1111	16.4	Kalnų parkas	1127.1	23.9	Klinikų st.	1144.8	2	Troleibusai	2	02Ž	3-10353	1131	1154	1	1
delay	727456	A>B	Saulėtekis–Žygimantų g.–Stotis	1146	1178	32.299999	Nemenčinės plentas	1185	34.400002	Centro poliklinika	1210.5	2	Troleibusai	2	02Ž	3-10353	1184	1218	1	1
delay	727456	B>A	Stotis–Žygimantų g.–Saulėtekis	1185	1220	35	Trakų st.	1226.2	36.700001	Šilo tiltas	1244.1	2	Troleibusai	2	02Ž	3-10353	1220	1255	1	1
delay	727456	A>B	Saulėtekis–Žygimantų g.–Stotis	1260	1268	7	Šilo tiltas	1281.7	8.6000004	Vingriai	1302	2	Troleibusai	2	02Ž	3-10353	1298	1307	1	1
delay	727456	B>A	Stotis–Žygimantų g.–Saulėtekis	1299	1307	8	Trakų st.	1313.2	10.3	Leono Sapiegos st.	1328.1	2	Troleibusai	2	02Ž	3-10353	1333	1341	1	1
delay	727456	A>B	Saulėtekis–Žygimantų g.–Stotis	1344	1354	9.1000004	Trakų st.	1385.3	10.5	Nemenčinės plentas	1360.9	2	Troleibusai	2	02Ž	3-10353	1382	1391	1	1
delay	727456	B>A	Stotis–Žygimantų g.–Saulėtekis	1383	1392	9	Trakų st.	1398.2	11.7	Kalnų parkas	1410	2	Troleibusai	2	02Ž	3-10353	1417	1427	1	1
delay	727352	B>A	Stotis–Žygimantų g.–Saulėtekis	338	336	-1.7	Stotis	336.29999	0.1	Nemenčinės plentas	365.60001	2	Troleibusai	2	03	3-10368	372	371	0	0
delay	727352	A>B	Saulėtekis–Žygimantų g.–Stotis	383	376	-7.4000001	Nemenčinės plentas	382.20001	-4.8000002	Vingriai	411.29999	2	Troleibusai	2	03	3-10368	421	416	1	1
delay	727352	B>A	Stotis–Žygimantų g.–Saulėtekis	423	417	-5.9000001	Stotis	417.20001	-1.4	Saulėtekis	454.5	2	Troleibusai	2	03	3-10368	460	458	1	1
delay	727352	A>B	Saulėtekis–Žygimantų g.–Stotis	472	465	-7	Senoji plytinė	466.20001	7.5	Centro poliklinika	515.59998	2	Troleibusai	2	03	3-10368	516	523	1	1
delay	727352	B>A	Stotis–Žygimantų g.–Saulėtekis	518	524	5.6999998	Trakų st.	529.79999	8.3999996	Vinco Kudirkos aikštė	537.40002	2	Troleibusai	2	03	3-10368	556	563	1	1
delay	727352	A>B	Saulėtekis–Žygimantų g.–Stotis	595	592	-3.2	Nemenčinės plentas	598.70001	-1.9	Šv. Petro ir Povilo bažnyčia	612.29999	2	Troleibusai	2	03	3-10368	634	632	1	0
delay	727352	B>A	Stotis–Žygimantų g.–Saulėtekis	635	635	0.2	Stotis	635.20001	5.6999998	Nemenčinės plentas	669.59998	2	Troleibusai	2	03	3-10368	670	675	1	1
delay	727352	A>B	Saulėtekis–Žygimantų g.–Stotis	680	679	-2.3	Antakalnis	686.40002	0.89999998	Vingriai	715.5	2	Troleibusai	2	03	3-10368	719	720	0	0
delay	727352	B>A	Stotis–Žygimantų g.–Saulėtekis	720	721	0	Trakų st.	726.29999	5.1999998	Saulėtekis	756.09998	2	Troleibusai	2	03	3-10368	755	760	1	1
delay	727352	A>B	Saulėtekis–Žygimantų g.–Stotis	766	766	0	Senoji plytinė	767.09998	3	Šv. Petro ir Povilo bažnyčia	788.20001	2	Troleibusai	2	03	3-10368	805	807	0	0
delay	727352	B>A	Stotis–Žygimantų g.–Saulėtekis	806	809	2.3	Jogailos st.	817.70001	7.8000002	Nemenčinės plentas	842.70001	2	Troleibusai	2	03	3-10368	841	848	1	1
delay	727352	A>B	Saulėtekis–Žygimantų g.–Stotis	855	855	-1	Šilo tiltas	869	1.1	Karaliaus Mindaugo tiltas	880	2	Troleibusai	2	03	3-10368	894	894	0	0
delay	727352	B>A	Stotis–Žygimantų g.–Saulėtekis	895	897	1.4	Vinco Kudirkos aikštė	907.59998	6.5999999	Nemenčinės plentas	930.5	2	Troleibusai	2	03	3-10368	930	936	1	1
delay	727352	A>B	Saulėtekis–Žygimantų g.–Stotis	940	948	7.5999999	Antakalnis	956.29999	26.6	Centro poliklinika	998.70001	2	Troleibusai	2	03	3-10368	980	1006	1	1
delay	727352	B>A	Stotis–Žygimantų g.–Saulėtekis	981	1009	26.9	Stotis	1008	29.299999	Leono Sapiegos st.	1033	2	Troleibusai	2	03	3-10368	1020	1035	1	1
delay	727352	A>B	Saulėtekis–Žygimantų g.–Stotis	1030	1049	10.5	Antakalnis	1049.2	21.6	Centro poliklinika	1084.7	2	Troleibusai	2	03	3-10368	1071	1092	1	1
delay	727352	B>A	Stotis–Žygimantų g.–Saulėtekis	1072	1093	20	Kalnų parkas	1111.8	33.5	Tverečiaus st.	1137	2	Troleibusai	2	03	3-10368	1113	1144	1	1
delay	727352	A>B	Saulėtekis–Žygimantų g.–Stotis	1155	1165	9.6000004	Saulėtekis	1169.8	12.3	Vinco Kudirkos aikštė	1194.5	2	Troleibusai	2	03	3-10368	1193	1204	1	1
delay	727352	B>A	Stotis–Žygimantų g.–Saulėtekis	1194	1207	12.5	Trakų st.	1212.7	17	Klinikų st.	1234.5	2	Troleibusai	2	03	3-10368	1228	1244	1	1
delay	727352	A>B	Saulėtekis–Žygimantų g.–Stotis	1241	1251	8	Vingriai	1282.4	9.6999998	Saulėtekis	1255.5	2	Troleibusai	2	03	3-10368	1279	1287	1	1
delay	727352	B>A	Stotis–Žygimantų g.–Saulėtekis	1280	1290	8.8999996	Trakų st.	1295.1	12.7	Gedimino technikos universitetas	1324	2	Troleibusai	2	03	3-10368	1314	1326	1	1
delay	727349	A>B	Saulėtekis–Žygimantų g.–Stotis	393	396	0.40000001	Trakų st.	425.5	3	Saulėtekis	400.89999	2	Troleibusai	2	04	3-859	431	431	0	1
delay	727349	A>B	Saulėtekis–Žygimantų g.–Stotis	393	317	1440	NULL	0	-1440	NULL	0	2	Troleibusai	2	04	3-859	431	354	0	1
delay	727349	B>A	Stotis–Žygimantų g.–Saulėtekis	433	436	2.4000001	Vilniaus universitetas	469.60001	4.5999999	Vinco Kudirkos aikštė	448.60001	2	Troleibusai	2	04	3-859	470	472	1	1
delay	727349	B>A	Stotis–Žygimantų g.–Saulėtekis	433	358	1440	NULL	0	-1440	NULL	0	2	Troleibusai	2	04	3-859	470	392	0	1
delay	727349	A>B	Saulėtekis–Žygimantų g.–Stotis	482	488	5.6999998	Vilniaus universitetas	490.89999	12.6	Vinco Kudirkos aikštė	526.20001	2	Troleibusai	2	04	3-859	525	537	1	1
delay	727349	B>A	Stotis–Žygimantų g.–Saulėtekis	526	538	11.6	Stotis	537.79999	14.1	Šilo tiltas	564	2	Troleibusai	2	04	3-859	562	575	1	1
delay	727349	A>B	Saulėtekis–Žygimantų g.–Stotis	581	608	26.299999	Nemenčinės plentas	614	28.799999	Vinco Kudirkos aikštė	638	2	Troleibusai	2	04	3-859	620	648	1	1
delay	727349	B>A	Stotis–Žygimantų g.–Saulėtekis	621	650	29.4	Trakų st.	656.5	32.200001	Šilo tiltas	676.09998	2	Troleibusai	2	04	3-859	656	688	1	1
delay	727349	A>B	Saulėtekis–Žygimantų g.–Stotis	700	701	0	Leono Sapiegos st.	717.70001	1.9	Gėlių st.	738.09998	2	Troleibusai	2	04	3-859	739	741	0	0
delay	727349	B>A	Stotis–Žygimantų g.–Saulėtekis	740	746	4.5	Vilniaus universitetas	776.79999	5.9000001	Leono Sapiegos st.	765.70001	2	Troleibusai	2	04	3-859	775	779	1	1
delay	727349	A>B	Saulėtekis–Žygimantų g.–Stotis	787	790	2.3	Tverečiaus st.	798.79999	5.4000001	Centro poliklinika	823.5	2	Troleibusai	2	04	3-859	826	831	1	1
delay	727349	B>A	Stotis–Žygimantų g.–Saulėtekis	827	833	5.6999998	Stotis	832.79999	11.5	Nemenčinės plentas	867.5	2	Troleibusai	2	04	3-859	862	873	1	1
delay	727349	A>B	Saulėtekis–Žygimantų g.–Stotis	873	880	6.4000001	Gedimino technikos universitetas	881.79999	9.1000004	Gėlių st.	918.29999	2	Troleibusai	2	04	3-859	912	921	1	1
delay	727349	B>A	Stotis–Žygimantų g.–Saulėtekis	913	923	10	Rūdninkų st.	926.5	11.9	Tverečiaus st.	951.40002	2	Troleibusai	2	04	3-859	948	959	1	1
delay	727349	A>B	Saulėtekis–Žygimantų g.–Stotis	961	969	8.3999996	Gedimino technikos universitetas	971.90002	23	Centro poliklinika	1017	2	Troleibusai	2	04	3-859	1002	1024	1	1
delay	727349	B>A	Stotis–Žygimantų g.–Saulėtekis	1003	1027	23.299999	Stotis	1026.4	29.1	Saulėtekis	1067	2	Troleibusai	2	04	3-859	1043	1071	1	1
delay	727349	A>B	Saulėtekis–Žygimantų g.–Stotis	1058	1070	11.2	Klinikų st.	1081.4	18.6	Gėlių st.	1114.8	2	Troleibusai	2	04	3-859	1099	1118	1	1
delay	727349	B>A	Stotis–Žygimantų g.–Saulėtekis	1100	1120	16.299999	Kalnų parkas	1136.3	20.799999	Klinikų st.	1150.8	2	Troleibusai	2	04	3-859	1140	1159	1	1
delay	727349	A>B	Saulėtekis–Žygimantų g.–Stotis	1178	1186	7.5999999	Senoji plytinė	1186.8	9.1000004	Karaliaus Mindaugo tiltas	1209.9	2	Troleibusai	2	04	3-859	1216	1224	1	1
delay	727349	B>A	Stotis–Žygimantų g.–Saulėtekis	1217	1225	7.4000001	Rūdninkų st.	1227.9	9.8999996	Antakalnis	1253.5	2	Troleibusai	2	04	3-859	1251	1260	1	1
delay	727349	A>B	Saulėtekis–Žygimantų g.–Stotis	1266	1273	4.5	Vinco Kudirkos aikštė	1297.5	7.5999999	Senoji plytinė	1274.6	2	Troleibusai	2	04	3-859	1304	1309	1	1
delay	727349	B>A	Stotis–Žygimantų g.–Saulėtekis	1305	1312	5.5	Vinco Kudirkos aikštė	1321.6	7.5999999	Kalnų parkas	1327.9	2	Troleibusai	2	04	3-859	1339	1345	1	1
missed	662899	A>B	Saulėtekis–Žygimantų g.–Stotis	317	NULL	NULL	NULL	NULL	NULL	NULL	NULL	2	Troleibusai	2	05		355	NULL	NULL	NULL
missed	662899	B>A	Stotis–Žygimantų g.–Saulėtekis	356	NULL	NULL	NULL	NULL	NULL	NULL	NULL	2	Troleibusai	2	05		390	NULL	NULL	NULL
delay	727466	A>B	Saulėtekis–Žygimantų g.–Stotis	397	402	1.5	Trakų st.	432	5.5	Senoji plytinė	403.70001	2	Troleibusai	2	05	3-10391	437	438	1	1
delay	727466	B>A	Stotis–Žygimantų g.–Saulėtekis	439	442	0.5	Karaliaus Mindaugo tiltas	456.60001	2.7	Vinco Kudirkos aikštė	452.70001	2	Troleibusai	2	05	3-10391	476	478	0	0
delay	727466	A>B	Saulėtekis–Žygimantų g.–Stotis	489	494	4.5999999	Nemenčinės plentas	500.39999	11.9	Vingriai	538.40002	2	Troleibusai	2	05	3-10391	531	543	1	1
delay	727466	B>A	Stotis–Žygimantų g.–Saulėtekis	532	544	10.5	Gedimino technikos universitetas	575.5	11.3	Stotis	543.29999	2	Troleibusai	2	05	3-10391	567	577	1	1
delay	727466	A>B	Saulėtekis–Žygimantų g.–Stotis	603	586	-17.799999	Trakų st.	618.59998	-16.9	Senoji plytinė	587.20001	2	Troleibusai	2	05	3-10391	642	624	1	1
delay	727466	B>A	Stotis–Žygimantų g.–Saulėtekis	643	627	-17.1	Trakų st.	632	-15.2	Gedimino technikos universitetas	660.79999	2	Troleibusai	2	05	3-10391	678	663	1	1
delay	727466	A>B	Saulėtekis–Žygimantų g.–Stotis	686	709	22.700001	Senoji plytinė	709.90002	25.4	Kalnų parkas	732.70001	2	Troleibusai	2	05	3-10391	725	749	1	1
delay	727466	B>A	Stotis–Žygimantų g.–Saulėtekis	726	752	25.299999	Stotis	751.40002	27.299999	Šilo tiltas	776.09998	2	Troleibusai	2	05	3-10391	761	787	1	1
delay	727466	A>B	Saulėtekis–Žygimantų g.–Stotis	772	797	24.4	Saulėtekis	801.5	29.4	Vinco Kudirkos aikštė	831.90002	2	Troleibusai	2	05	3-10391	811	840	1	1
delay	727466	B>A	Stotis–Žygimantų g.–Saulėtekis	812	842	30.299999	Stotis	842.40002	35.700001	Nemenčinės plentas	876.59998	2	Troleibusai	2	05	3-10391	847	882	1	1
delay	727466	A>B	Saulėtekis–Žygimantų g.–Stotis	860	886	24.700001	Vinco Kudirkos aikštė	913.09998	26.299999	Šv. Petro ir Povilo bažnyčia	905.5	2	Troleibusai	2	05	3-10391	899	924	1	1
delay	727466	B>A	Stotis–Žygimantų g.–Saulėtekis	900	927	26.799999	Stotis	926.90002	31	Saulėtekis	961.90002	2	Troleibusai	2	05	3-10391	935	966	1	1
delay	727466	A>B	Saulėtekis–Žygimantų g.–Stotis	950	974	23.799999	Antakalnis	982.59998	35.400002	Centro poliklinika	1018.5	2	Troleibusai	2	05	3-10391	991	1026	1	1
delay	727466	B>A	Stotis–Žygimantų g.–Saulėtekis	992	1028	35.5	Stotis	1027.6	42.299999	Šilo tiltas	1060.1	2	Troleibusai	2	05	3-10391	1031	1071	1	1
delay	727466	A>B	Saulėtekis–Žygimantų g.–Stotis	1042	1074	31.6	Karaliaus Mindaugo tiltas	1098.5	38	Vinco Kudirkos aikštė	1110.2	2	Troleibusai	2	05	3-10391	1083	1121	1	1
delay	727466	B>A	Stotis–Žygimantų g.–Saulėtekis	1084	1130	33.900002	Kalnų parkas	1137.7	37.599998	Stotis	1121.8	2	Troleibusai	2	05	3-10391	1124	1159	1	1
delay	727466	A>B	Saulėtekis–Žygimantų g.–Stotis	1163	1193	27.9	Kalnų parkas	1212.3	29.9	Senoji plytinė	1194	2	Troleibusai	2	05	3-10391	1201	1230	1	1
delay	727466	B>A	Stotis–Žygimantų g.–Saulėtekis	1202	1232	29.799999	Trakų st.	1238	31.6	Saulėtekis	1263.1	2	Troleibusai	2	05	3-10391	1236	1267	1	1
delay	727466	A>B	Saulėtekis–Žygimantų g.–Stotis	1247	1281	32	Trakų st.	1311.2	34.200001	Senoji plytinė	1282.2	2	Troleibusai	2	05	3-10391	1285	1317	1	1
delay	727466	B>A	Stotis–Žygimantų g.–Saulėtekis	1286	1320	33.200001	Tverečiaus st.	1344.4	33.700001	Šilo tiltas	1341.2	2	Troleibusai	2	05	3-10391	1320	1352	1	1
missed	662899	A>B	Saulėtekis–Žygimantų g.–Stotis	1333	NULL	NULL	NULL	NULL	NULL	NULL	NULL	2	Troleibusai	2	05		1371	NULL	NULL	NULL
missed	662899	B>A	Stotis–Žygimantų g.–Saulėtekis	1372	NULL	NULL	NULL	NULL	NULL	NULL	NULL	2	Troleibusai	2	05		1406	NULL	NULL	NULL
delay	727353	A>B	Saulėtekis–Žygimantų g.–Stotis	403	327	1440	NULL	0	-1440	NULL	0	2	Troleibusai	2	06	3-1808	444	362	0	1
delay	727353	A>B	Saulėtekis–Žygimantų g.–Stotis	403	406	1.6	Trakų st.	439.70001	3.8	Šv. Petro ir Povilo bažnyčia	426.70001	2	Troleibusai	2	06	3-1808	444	446	1	1
delay	727353	B>A	Stotis–Žygimantų g.–Saulėtekis	446	366	1440	NULL	0	-1440	NULL	0	2	Troleibusai	2	06	3-1808	483	401	0	1
delay	727353	B>A	Stotis–Žygimantų g.–Saulėtekis	446	450	3.5999999	Stotis	449.60001	8.3000002	Saulėtekis	487.20001	2	Troleibusai	2	06	3-1808	483	491	1	1
delay	727353	A>B	Saulėtekis–Žygimantų g.–Stotis	494	499	4.5	Kalnų parkas	522	7.4000001	Vinco Kudirkos aikštė	532.59998	2	Troleibusai	2	06	3-1808	536	543	1	1
delay	727353	B>A	Stotis–Žygimantų g.–Saulėtekis	537	545	6.8000002	Gedimino technikos universitetas	576.79999	8.3000002	Leono Sapiegos st.	565.09998	2	Troleibusai	2	06	3-1808	572	579	1	1
delay	727353	A>B	Saulėtekis–Žygimantų g.–Stotis	588	620	32.200001	Senoji plytinė	621.40002	34.900002	Centro poliklinika	654	2	Troleibusai	2	06	3-1808	627	662	1	1
delay	727353	B>A	Stotis–Žygimantų g.–Saulėtekis	628	666	37	Rūdninkų st.	668.59998	38.099998	Leono Sapiegos st.	685.90002	2	Troleibusai	2	06	3-1808	663	700	1	1
delay	727353	A>B	Saulėtekis–Žygimantų g.–Stotis	704	714	9.1999998	Klinikų st.	725.5	13.2	Vingriai	751.59998	2	Troleibusai	2	06	3-1808	743	756	1	1
delay	727353	B>A	Stotis–Žygimantų g.–Saulėtekis	744	757	13.2	Stotis	757.40002	15.7	Saulėtekis	790.59998	2	Troleibusai	2	06	3-1808	779	794	1	1
delay	727353	A>B	Saulėtekis–Žygimantų g.–Stotis	791	804	12.1	Klinikų st.	815.5	14.6	Vingriai	840	2	Troleibusai	2	06	3-1808	830	845	1	1
delay	727353	B>A	Stotis–Žygimantų g.–Saulėtekis	831	847	15.5	Stotis	846.59998	19.299999	Saulėtekis	881.20001	2	Troleibusai	2	06	3-1808	866	885	1	1
delay	727353	A>B	Saulėtekis–Žygimantų g.–Stotis	878	892	13.6	Gedimino technikos universitetas	894	16.200001	Gėlių st.	930.09998	2	Troleibusai	2	06	3-1808	917	933	1	1
delay	727353	B>A	Stotis–Žygimantų g.–Saulėtekis	918	935	16.6	Stotis	934.70001	25.1	Saulėtekis	974	2	Troleibusai	2	06	3-1808	953	978	1	1
delay	727353	A>B	Saulėtekis–Žygimantų g.–Stotis	966	981	15	Vilniaus universitetas	984.29999	31.4	Gėlių st.	1035.3	2	Troleibusai	2	06	3-1808	1007	1039	1	1
delay	727353	B>A	Stotis–Žygimantų g.–Saulėtekis	1008	1041	33	Stotis	1041.2	40.799999	Saulėtekis	1083.7	2	Troleibusai	2	06	3-1808	1048	1087	1	1
delay	727353	A>B	Saulėtekis–Žygimantų g.–Stotis	1065	1097	29.9	Kalnų parkas	1117.2	35.599998	Vingriai	1137	2	Troleibusai	2	06	3-1808	1106	1142	1	1
delay	727353	B>A	Stotis–Žygimantų g.–Saulėtekis	1107	1143	32.799999	Kalnų parkas	1159.7	37.400002	Saulėtekis	1180.3	2	Troleibusai	2	06	3-1808	1147	1184	1	1
delay	727353	A>B	Saulėtekis–Žygimantų g.–Stotis	1189	1199	10.5	Gedimino technikos universitetas	1201.8	13.7	Vingriai	1236.2	2	Troleibusai	2	06	3-1808	1227	1241	1	1
delay	727353	B>A	Stotis–Žygimantų g.–Saulėtekis	1228	1241	13.1	Trakų st.	1247.3	15.8	Vilniaus universitetas	1274.3	2	Troleibusai	2	06	3-1808	1262	1277	1	1
delay	727353	A>B	Saulėtekis–Žygimantų g.–Stotis	1273	1287	13.9	Senoji plytinė	1288	15.9	Vinco Kudirkos aikštė	1315.8	2	Troleibusai	2	06	3-1808	1311	1326	1	1
delay	727353	B>A	Stotis–Žygimantų g.–Saulėtekis	1312	1326	14.8	Vinco Kudirkos aikštė	1337.9	16.299999	Vilniaus universitetas	1358.8	2	Troleibusai	2	06	3-1808	1346	1361	1	1
delay	727353	A>B	Saulėtekis–Žygimantų g.–Stotis	1353	1367	12.4	Trakų st.	1397.6	13.7	Gedimino technikos universitetas	1369	2	Troleibusai	2	06	3-1808	1391	1404	1	1
delay	727353	B>A	Stotis–Žygimantų g.–Saulėtekis	1392	1406	13.1	Trakų st.	1411.2	14.3	Šilo tiltas	1427.7	2	Troleibusai	2	06	3-1808	1426	1439	1	1
missed	662900	A>B	Saulėtekis–Žygimantų g.–Stotis	326	NULL	NULL	NULL	NULL	NULL	NULL	NULL	2	Troleibusai	2	07		364	NULL	NULL	NULL
missed	662900	B>A	Stotis–Žygimantų g.–Saulėtekis	365	NULL	NULL	NULL	NULL	NULL	NULL	NULL	2	Troleibusai	2	07		399	NULL	NULL	NULL
delay	727461	A>B	Saulėtekis–Žygimantų g.–Stotis	408	413	1.3	Vinco Kudirkos aikštė	440.39999	4.8000002	Senoji plytinė	413.89999	2	Troleibusai	2	07	3-2829	450	452	1	1
delay	727461	B>A	Stotis–Žygimantų g.–Saulėtekis	452	455	2.4000001	Stotis	454.60001	4.1999998	Leono Sapiegos st.	478	2	Troleibusai	2	07	3-2829	489	492	1	0
delay	727461	A>B	Saulėtekis–Žygimantų g.–Stotis	500	505	4.8000002	Gedimino technikos universitetas	507.29999	7.5	Vinco Kudirkos aikštė	538.70001	2	Troleibusai	2	07	3-2829	542	549	1	1
delay	727461	B>A	Stotis–Žygimantų g.–Saulėtekis	543	550	6.5999999	Karaliaus Mindaugo tiltas	564.79999	8.1999998	Šilo tiltas	574	2	Troleibusai	2	07	3-2829	578	586	1	1
delay	727461	A>B	Saulėtekis–Žygimantų g.–Stotis	614	600	-14	Antakalnis	608.70001	-11.8	Karaliaus Mindaugo tiltas	626	2	Troleibusai	2	07	3-2829	653	641	1	1
delay	727461	B>A	Stotis–Žygimantų g.–Saulėtekis	654	644	-11	Šv. Petro ir Povilo bažnyčia	661.09998	-9.5	Tverečiaus st.	671	2	Troleibusai	2	07	3-2829	689	679	1	1
delay	727461	A>B	Saulėtekis–Žygimantų g.–Stotis	710	720	9.6000004	Senoji plytinė	720.79999	15.2	Gėlių st.	761.09998	2	Troleibusai	2	07	3-2829	749	764	1	1
delay	727461	B>A	Stotis–Žygimantų g.–Saulėtekis	750	766	14.6	Jogailos st.	774	15.8	Klinikų st.	790.70001	2	Troleibusai	2	07	3-2829	785	800	1	1
delay	727461	A>B	Saulėtekis–Žygimantų g.–Stotis	797	809	12.1	Nemenčinės plentas	815.90002	14.6	Vingriai	846	2	Troleibusai	2	07	3-2829	836	851	1	1
delay	727461	B>A	Stotis–Žygimantų g.–Saulėtekis	837	852	14.5	Vinco Kudirkos aikštė	862.59998	16.4	Antakalnis	881.29999	2	Troleibusai	2	07	3-2829	872	888	1	1
delay	727461	A>B	Saulėtekis–Žygimantų g.–Stotis	883	897	13.9	Gedimino technikos universitetas	899.29999	18.700001	Vinco Kudirkos aikštė	929.90002	2	Troleibusai	2	07	3-2829	922	941	1	1
delay	727461	B>A	Stotis–Žygimantų g.–Saulėtekis	923	942	17.1	Vinco Kudirkos aikštė	951.29999	21.5	Saulėtekis	975.40002	2	Troleibusai	2	07	3-2829	958	979	1	1
delay	727461	A>B	Saulėtekis–Žygimantų g.–Stotis	971	987	16.799999	Gedimino technikos universitetas	990.29999	30.799999	Vingriai	1038.2	2	Troleibusai	2	07	3-2829	1012	1043	1	1
delay	727461	B>A	Stotis–Žygimantų g.–Saulėtekis	1013	1044	31.1	Stotis	1044.2	35.900002	Saulėtekis	1083.8	2	Troleibusai	2	07	3-2829	1053	1087	1	1
delay	727461	A>B	Saulėtekis–Žygimantų g.–Stotis	1088	1087	-1.3	Nemenčinės plentas	1093.5	7	Gėlių st.	1132.9	2	Troleibusai	2	07	3-2829	1129	1136	1	1
delay	727461	B>A	Stotis–Žygimantų g.–Saulėtekis	1130	1137	5.4000001	Vinco Kudirkos aikštė	1147.5	10.4	Leono Sapiegos st.	1161.3	2	Troleibusai	2	07	3-2829	1166	1175	1	1
delay	727461	A>B	Saulėtekis–Žygimantų g.–Stotis	1171	1206	33.099998	Šilo tiltas	1219.1	34.799999	Vilniaus universitetas	1209	2	Troleibusai	2	07	3-2829	1209	1244	1	1
delay	727461	B>A	Stotis–Žygimantų g.–Saulėtekis	1210	1246	35.200001	Trakų st.	1251.5	36.400002	Kalnų parkas	1261.7	2	Troleibusai	2	07	3-2829	1244	1279	1	1
delay	727461	A>B	Saulėtekis–Žygimantų g.–Stotis	1254	1293	39	Centro poliklinika	1322.8	39.400002	Nemenčinės plentas	1299.8	2	Troleibusai	2	07	3-2829	1292	1331	1	1
delay	727461	B>A	Stotis–Žygimantų g.–Saulėtekis	1293	1332	39.5	Rūdninkų st.	1336.1	40.900002	Šilo tiltas	1355.3	2	Troleibusai	2	07	3-2829	1327	1365	1	1
delay	727369	A>B	Saulėtekis–Žygimantų g.–Stotis	335	334	-2.5999999	Centro poliklinika	362.29999	-1.3	Senoji plytinė	334.70001	2	Troleibusai	2	08	3-1713	373	370	0	0
delay	727369	B>A	Stotis–Žygimantų g.–Saulėtekis	374	373	-1.2	Stotis	372.89999	0.30000001	Nemenčinės plentas	401.79999	2	Troleibusai	2	08	3-1713	408	407	0	0
delay	727369	A>B	Saulėtekis–Žygimantų g.–Stotis	419	418	-2	Antakalnis	425.79999	-0.40000001	Šv. Petro ir Povilo bažnyčia	439.79999	2	Troleibusai	2	08	3-1713	461	460	0	0
delay	727369	B>A	Stotis–Žygimantų g.–Saulėtekis	463	462	-1.4	Karaliaus Mindaugo tiltas	478.70001	2.0999999	Leono Sapiegos st.	487.89999	2	Troleibusai	2	08	3-1713	501	503	0	0
delay	727369	A>B	Saulėtekis–Žygimantų g.–Stotis	512	513	0.40000001	Vilniaus universitetas	515.70001	4.0999999	Vinco Kudirkos aikštė	546.70001	2	Troleibusai	2	08	3-1713	554	557	1	0
delay	727369	B>A	Stotis–Žygimantų g.–Saulėtekis	555	559	3.2	Stotis	558.29999	4.5	Nemenčinės plentas	588.40002	2	Troleibusai	2	08	3-1713	590	594	1	1
delay	727369	A>B	Saulėtekis–Žygimantų g.–Stotis	624	628	3.7	Senoji plytinė	628.90002	7	Šv. Petro ir Povilo bažnyčia	650.20001	2	Troleibusai	2	08	3-1713	663	669	1	1
delay	727369	B>A	Stotis–Žygimantų g.–Saulėtekis	664	671	6.9000001	Stotis	671.09998	9.3000002	Gedimino technikos universitetas	706.29999	2	Troleibusai	2	08	3-1713	699	708	1	1
delay	727369	A>B	Saulėtekis–Žygimantų g.–Stotis	716	725	9.5	Klinikų st.	737.90002	11.3	Vingriai	762	2	Troleibusai	2	08	3-1713	755	766	1	1
delay	727369	B>A	Stotis–Žygimantų g.–Saulėtekis	756	768	10.9	Trakų st.	773.20001	15	Tverečiaus st.	797.5	2	Troleibusai	2	08	3-1713	791	805	1	1
delay	727369	A>B	Saulėtekis–Žygimantų g.–Stotis	802	816	13.8	Klinikų st.	828.09998	17.1	Centro poliklinika	850.20001	2	Troleibusai	2	08	3-1713	841	858	1	1
delay	727369	B>A	Stotis–Žygimantų g.–Saulėtekis	842	861	18.5	Stotis	860.59998	21	Nemenčinės plentas	891.90002	2	Troleibusai	2	08	3-1713	877	897	1	1
delay	727369	A>B	Saulėtekis–Žygimantų g.–Stotis	889	903	12.2	Klinikų st.	913.5	17.1	Centro poliklinika	937.20001	2	Troleibusai	2	08	3-1713	928	945	1	1
delay	727369	B>A	Stotis–Žygimantų g.–Saulėtekis	929	947	17.799999	Rūdninkų st.	950.40002	22	Tverečiaus st.	977.5	2	Troleibusai	2	08	3-1713	964	986	1	1
delay	727369	A>B	Saulėtekis–Žygimantų g.–Stotis	976	993	16.6	Saulėtekis	997.70001	28.5	Vingriai	1041.2	2	Troleibusai	2	08	3-1713	1017	1046	1	1
delay	727369	B>A	Stotis–Žygimantų g.–Saulėtekis	1018	1050	30.4	Stotis	1048.5	36	Saulėtekis	1088.9	2	Troleibusai	2	08	3-1713	1058	1093	1	1
delay	727369	A>B	Saulėtekis–Žygimantų g.–Stotis	1099	1119	19.200001	Kalnų parkas	1140.5	21.1	Petro Vileišio st.	1136	2	Troleibusai	2	08	3-1713	1140	1160	1	1
delay	727369	B>A	Stotis–Žygimantų g.–Saulėtekis	1141	1163	21.200001	Jogailos st.	1171.6	23	Saulėtekis	1195	2	Troleibusai	2	08	3-1713	1176	1199	1	1
delay	727369	A>B	Saulėtekis–Žygimantų g.–Stotis	1184	1218	33.299999	Klinikų st.	1229.5	34.900002	Vingriai	1252.6	2	Troleibusai	2	08	3-1713	1222	1257	1	1
delay	727369	B>A	Stotis–Žygimantų g.–Saulėtekis	1223	1258	34.099998	Rūdninkų st.	1260.6	37.299999	Nemenčinės plentas	1287.8	2	Troleibusai	2	08	3-1713	1257	1293	1	1
delay	727499	A>B	Saulėtekis–Žygimantų g.–Stotis	413	430	16.1	Nemenčinės plentas	435.60001	21.1	Centro poliklinika	467.89999	2	Troleibusai	2	09	3-2583	455	476	1	1
delay	727499	B>A	Stotis–Žygimantų g.–Saulėtekis	457	477	20	Šv. Petro ir Povilo bažnyčia	497.20001	22.4	Vinco Kudirkos aikštė	490.39999	2	Troleibusai	2	09	3-2583	494	514	1	1
delay	727499	A>B	Saulėtekis–Žygimantų g.–Stotis	505	527	20.4	Gėlių st.	564.5	23.4	Šv. Petro ir Povilo bažnyčia	549.59998	2	Troleibusai	2	09	3-2583	547	567	1	1
delay	727499	B>A	Stotis–Žygimantų g.–Saulėtekis	548	571	21.299999	Trakų st.	575.59998	22.799999	Antakalnis	598.70001	2	Troleibusai	2	09	3-2583	583	605	1	1
delay	727499	A>B	Saulėtekis–Žygimantų g.–Stotis	902	913	11.1	Nemenčinės plentas	919.90002	14.7	Centro poliklinika	947.79999	2	Troleibusai	2	09	3-2583	941	956	1	1
delay	727499	B>A	Stotis–Žygimantų g.–Saulėtekis	942	956	14.1	Stotis	956.29999	18.299999	Gedimino technikos universitetas	993.40002	2	Troleibusai	2	09	3-2583	977	995	1	1
delay	727499	A>B	Saulėtekis–Žygimantų g.–Stotis	988	1006	17.6	Vilniaus universitetas	1008.9	31.6	Vingriai	1056	2	Troleibusai	2	09	3-2583	1029	1061	1	1
delay	727499	B>A	Stotis–Žygimantų g.–Saulėtekis	1030	1062	30.9	Jogailos st.	1071.3	36.099998	Saulėtekis	1102	2	Troleibusai	2	09	3-2583	1071	1105	1	1
delay	727499	A>B	Saulėtekis–Žygimantų g.–Stotis	1080	1107	25.5	Karaliaus Mindaugo tiltas	1130.4	27.700001	Saulėtekis	1112.8	2	Troleibusai	2	09	3-2583	1121	1148	1	1
delay	727499	B>A	Stotis–Žygimantų g.–Saulėtekis	1122	1149	24.1	Kalnų parkas	1165.6	28.200001	Šilo tiltas	1176.2	2	Troleibusai	2	09	3-2583	1161	1187	1	1
delay	727386	A>B	Saulėtekis–Žygimantų g.–Stotis	343	343	-2.5999999	Vingriai	373.60001	0	Senoji plytinė	344.20001	2	Troleibusai	2	10	3-10593	381	378	0	0
delay	727386	B>A	Stotis–Žygimantų g.–Saulėtekis	382	381	-2.0999999	Vinco Kudirkos aikštė	391	0.40000001	Tverečiaus st.	407.5	2	Troleibusai	2	10	3-10593	416	415	0	0
delay	727386	A>B	Saulėtekis–Žygimantų g.–Stotis	428	425	-3.8	Vilniaus universitetas	427.60001	0.1	Karaliaus Mindaugo tiltas	453.89999	2	Troleibusai	2	10	3-10593	472	471	1	1
delay	727386	B>A	Stotis–Žygimantų g.–Saulėtekis	474	473	-1.8	Petro Vileišio st.	496.89999	0.60000002	Vinco Kudirkos aikštė	485.60001	2	Troleibusai	2	10	3-10593	512	511	0	0
delay	727386	A>B	Saulėtekis–Žygimantų g.–Stotis	523	521	-2.0999999	Antakalnis	529.59998	1	Šv. Petro ir Povilo bažnyčia	544.20001	2	Troleibusai	2	10	3-10593	563	562	0	0
delay	727386	B>A	Stotis–Žygimantų g.–Saulėtekis	564	563	-1.6	Gedimino technikos universitetas	595.59998	-0.69999999	Leono Sapiegos st.	583.09998	2	Troleibusai	2	10	3-10593	599	597	0	0
delay	727386	A>B	Saulėtekis–Žygimantų g.–Stotis	632	638	4.4000001	Vingriai	671.09998	6	Petro Vileišio st.	653.90002	2	Troleibusai	2	10	3-10593	671	675	1	1
delay	727386	B>A	Stotis–Žygimantų g.–Saulėtekis	672	678	6.3000002	Rūdninkų st.	681.90002	8.3000002	Gedimino technikos universitetas	713.29999	2	Troleibusai	2	10	3-10593	707	715	1	1
delay	727386	A>B	Saulėtekis–Žygimantų g.–Stotis	724	733	9.5	Gedimino technikos universitetas	735.90002	11.4	Centro poliklinika	766.5	2	Troleibusai	2	10	3-10593	763	774	1	1
delay	727386	B>A	Stotis–Žygimantų g.–Saulėtekis	764	777	13.1	Stotis	777.40002	14.5	Tverečiaus st.	805.09998	2	Troleibusai	2	10	3-10593	799	813	1	1
delay	727386	A>B	Saulėtekis–Žygimantų g.–Stotis	810	823	12.2	Saulėtekis	827.40002	13.7	Centro poliklinika	854.79999	2	Troleibusai	2	10	3-10593	849	862	1	1
delay	727386	B>A	Stotis–Žygimantų g.–Saulėtekis	850	864	13.2	Vinco Kudirkos aikštė	874.29999	15.8	Gedimino technikos universitetas	898.79999	2	Troleibusai	2	10	3-10593	885	900	1	1
delay	727386	A>B	Saulėtekis–Žygimantų g.–Stotis	896	910	13.9	Gedimino technikos universitetas	912.40002	20.6	Centro poliklinika	947.59998	2	Troleibusai	2	10	3-10593	935	955	1	1
delay	727386	B>A	Stotis–Žygimantų g.–Saulėtekis	936	956	19.5	Rūdninkų st.	959.09998	24.200001	Gedimino technikos universitetas	993.29999	2	Troleibusai	2	10	3-10593	971	995	1	1
delay	727386	A>B	Saulėtekis–Žygimantų g.–Stotis	983	999	16.1	Klinikų st.	1011.4	27.4	Centro poliklinika	1043.5	2	Troleibusai	2	10	3-10593	1024	1051	1	1
delay	727386	B>A	Stotis–Žygimantų g.–Saulėtekis	1025	1054	28.9	Stotis	1054	30.700001	Antakalnis	1087.6	2	Troleibusai	2	10	3-10593	1065	1094	1	1
delay	727386	A>B	Saulėtekis–Žygimantų g.–Stotis	1074	1097	21.6	Karaliaus Mindaugo tiltas	1120.6	26.700001	Centro poliklinika	1133.8	2	Troleibusai	2	10	3-10593	1115	1142	1	1
delay	727386	B>A	Stotis–Žygimantų g.–Saulėtekis	1116	1143	24.1	Kalnų parkas	1160	28.700001	Antakalnis	1177.6	2	Troleibusai	2	10	3-10593	1156	1184	1	1
delay	727386	A>B	Saulėtekis–Žygimantų g.–Stotis	1195	1212	15.9	Leono Sapiegos st.	1228.6	17.299999	Senoji plytinė	1213.4	2	Troleibusai	2	10	3-10593	1233	1250	1	1
delay	727386	B>A	Stotis–Žygimantų g.–Saulėtekis	1234	1252	17.5	Rūdninkų st.	1255.1	20.200001	Kalnų parkas	1269.5	2	Troleibusai	2	10	3-10593	1268	1287	1	1
delay	727386	A>B	Saulėtekis–Žygimantų g.–Stotis	1282	1300	17.799999	Kalnų parkas	1320.8	18.9	Vinco Kudirkos aikštė	1327.8	2	Troleibusai	2	10	3-10593	1320	1339	1	1
delay	727386	B>A	Stotis–Žygimantų g.–Saulėtekis	1321	1340	18.299999	Trakų st.	1345.5	20	Karaliaus Mindaugo tiltas	1355	2	Troleibusai	2	10	3-10593	1355	1373	1	1
missed	662910	A>B	Saulėtekis–Žygimantų g.–Stotis	1366	NULL	NULL	NULL	NULL	NULL	NULL	NULL	2	Troleibusai	2	10		1404	NULL	NULL	NULL
missed	662910	B>A	Stotis–Žygimantų g.–Saulėtekis	1405	NULL	NULL	NULL	NULL	NULL	NULL	NULL	2	Troleibusai	2	10		1439	NULL	NULL	NULL
delay	727431	B>A	Stotis–Žygimantų g.–Saulėtekis	418	420	-0.30000001	Karaliaus Mindaugo tiltas	434.70001	3.8	Klinikų st.	448.70001	2	Troleibusai	2	11	3-68	455	458	1	0
delay	727431	A>B	Saulėtekis–Žygimantų g.–Stotis	466	469	2.7	Vilniaus universitetas	471.89999	13.6	Centro poliklinika	515.70001	2	Troleibusai	2	11	3-68	510	523	1	1
delay	727431	B>A	Stotis–Žygimantų g.–Saulėtekis	512	525	12.9	Stotis	524.90002	14.6	Vinco Kudirkos aikštė	537.59998	2	Troleibusai	2	11	3-68	550	563	1	1
delay	727431	A>B	Saulėtekis–Žygimantų g.–Stotis	560	567	6.1999998	Nemenčinės plentas	572.90002	11.1	Šv. Petro ir Povilo bažnyčia	590.29999	2	Troleibusai	2	11	3-68	599	609	1	1
delay	727431	B>A	Stotis–Žygimantų g.–Saulėtekis	600	612	11	Šv. Petro ir Povilo bažnyčia	629.20001	11.7	Reformatų st.	620.59998	2	Troleibusai	2	11	3-68	635	646	1	1
delay	727431	A>B	Saulėtekis–Žygimantų g.–Stotis	672	684	10.5	Tverečiaus st.	692	12.4	Centro poliklinika	715.5	2	Troleibusai	2	11	3-68	711	723	1	1
delay	727431	B>A	Stotis–Žygimantų g.–Saulėtekis	712	724	11.7	Rūdninkų st.	727.29999	15.8	Tverečiaus st.	754.40002	2	Troleibusai	2	11	3-68	747	762	1	1
delay	727431	A>B	Saulėtekis–Žygimantų g.–Stotis	759	772	12	Nemenčinės plentas	777.90002	13.4	Vingriai	807.09998	2	Troleibusai	2	11	3-68	798	811	1	1
delay	727431	B>A	Stotis–Žygimantų g.–Saulėtekis	799	813	13.5	Stotis	812.70001	16.1	Tverečiaus st.	841.70001	2	Troleibusai	2	11	3-68	834	849	1	1
delay	727431	A>B	Saulėtekis–Žygimantų g.–Stotis	849	859	8.8999996	Klinikų st.	870.20001	10.7	Centro poliklinika	890.79999	2	Troleibusai	2	11	3-68	888	898	1	1
delay	727431	B>A	Stotis–Žygimantų g.–Saulėtekis	889	900	11	Stotis	900.09998	18	Nemenčinės plentas	936	2	Troleibusai	2	11	3-68	924	942	1	1
delay	727431	A>B	Saulėtekis–Žygimantų g.–Stotis	935	952	16.6	Gedimino technikos universitetas	954	25.700001	Centro poliklinika	992.79999	2	Troleibusai	2	11	3-68	975	1001	1	1
delay	727431	B>A	Stotis–Žygimantų g.–Saulėtekis	976	1004	26.799999	Stotis	1003	32.299999	Saulėtekis	1041.2	2	Troleibusai	2	11	3-68	1014	1045	1	1
delay	727431	A>B	Saulėtekis–Žygimantų g.–Stotis	1023	1049	25.6	Gedimino technikos universitetas	1051.1	40.5	Centro poliklinika	1096.6	2	Troleibusai	2	11	3-68	1064	1104	1	1
delay	727431	B>A	Stotis–Žygimantų g.–Saulėtekis	1065	1107	38.799999	Kalnų parkas	1123.7	49.200001	Antakalnis	1147.1	2	Troleibusai	2	11	3-68	1106	1148	1	1
delay	727431	A>B	Saulėtekis–Žygimantų g.–Stotis	1120	1151	23.700001	Antakalnis	1152.6	26.200001	Centro poliklinika	1177.3	2	Troleibusai	2	11	3-68	1159	1185	1	1
delay	727431	B>A	Stotis–Žygimantų g.–Saulėtekis	1160	1186	25.5	Rūdninkų st.	1189	28.299999	Saulėtekis	1219.2	2	Troleibusai	2	11	3-68	1195	1223	1	1
delay	727431	A>B	Saulėtekis–Žygimantų g.–Stotis	1235	1261	26.299999	Senoji plytinė	1262.5	29.9	Kalnų parkas	1286	2	Troleibusai	2	11	3-68	1273	1300	1	1
delay	727431	B>A	Stotis–Žygimantų g.–Saulėtekis	1274	1301	27.200001	Stotis	1301.3	30	Vilniaus universitetas	1334.5	2	Troleibusai	2	11	3-68	1308	1337	1	1
delay	727431	A>B	Saulėtekis–Žygimantų g.–Stotis	1322	1344	20.799999	Vingriai	1376.2	22.5	Tverečiaus st.	1353.7	2	Troleibusai	2	11	3-68	1360	1380	1	1
delay	727431	B>A	Stotis–Žygimantų g.–Saulėtekis	1361	1383	21.6	Rūdninkų st.	1386.2	24.299999	Šilo tiltas	1406.7	2	Troleibusai	2	11	3-68	1395	1418	1	1
delay	727374	A>B	Saulėtekis–Žygimantų g.–Stotis	349	351	0.2	Trakų st.	381.39999	2	Senoji plytinė	352	2	Troleibusai	2	12Ž	3-10651	387	387	0	0
delay	727374	B>A	Stotis–Žygimantų g.–Saulėtekis	388	390	0.40000001	Vinco Kudirkos aikštė	399.60001	2.2	Kalnų parkas	405.5	2	Troleibusai	2	12Ž	3-10651	422	423	0	0
delay	727374	A>B	Saulėtekis–Žygimantų g.–Stotis	434	435	0.60000002	Antakalnis	443.5	8.6999998	Vinco Kudirkos aikštė	475.89999	2	Troleibusai	2	12Ž	3-10651	478	486	1	1
delay	727374	B>A	Stotis–Žygimantų g.–Saulėtekis	480	486	6.6999998	Stotis	486.79999	11	Karaliaus Mindaugo tiltas	508	2	Troleibusai	2	12Ž	3-10651	518	528	1	1
delay	727374	A>B	Saulėtekis–Žygimantų g.–Stotis	530	535	4	Šilo tiltas	549	5.6999998	Senoji plytinė	536.79999	2	Troleibusai	2	12Ž	3-10651	569	573	1	1
delay	727374	B>A	Stotis–Žygimantų g.–Saulėtekis	570	575	4.9000001	Rūdninkų st.	578.5	8.3999996	Saulėtekis	609.29999	2	Troleibusai	2	12Ž	3-10651	605	613	1	1
delay	727374	A>B	Saulėtekis–Žygimantų g.–Stotis	640	656	15.4	Klinikų st.	667.70001	16.299999	Šv. Petro ir Povilo bažnyčia	675.5	2	Troleibusai	2	12Ž	3-10651	679	695	1	1
delay	727374	B>A	Stotis–Žygimantų g.–Saulėtekis	680	699	18.5	Stotis	698.59998	19.9	Saulėtekis	730.79999	2	Troleibusai	2	12Ž	3-10651	715	735	1	1
delay	727374	A>B	Saulėtekis–Žygimantų g.–Stotis	730	746	16.200001	Senoji plytinė	747.40002	18.799999	Šv. Petro ir Povilo bažnyčia	768	2	Troleibusai	2	12Ž	3-10651	769	787	1	1
delay	727374	B>A	Stotis–Žygimantų g.–Saulėtekis	770	788	18	Jogailos st.	797.5	21.1	Nemenčinės plentas	820	2	Troleibusai	2	12Ž	3-10651	805	825	1	1
delay	727374	A>B	Saulėtekis–Žygimantų g.–Stotis	817	833	16.799999	Gedimino technikos universitetas	836.29999	18.6	Šv. Petro ir Povilo bažnyčia	854.90002	2	Troleibusai	2	12Ž	3-10651	856	873	1	1
delay	727374	B>A	Stotis–Žygimantų g.–Saulėtekis	857	875	17.9	Stotis	875	20.5	Nemenčinės plentas	906.40002	2	Troleibusai	2	12Ž	3-10651	892	912	1	1
delay	727374	A>B	Saulėtekis–Žygimantų g.–Stotis	907	923	16.6	Senoji plytinė	924.59998	21.4	Gėlių st.	964.59998	2	Troleibusai	2	12Ž	3-10651	946	968	1	1
delay	727374	B>A	Stotis–Žygimantų g.–Saulėtekis	947	969	21	Karaliaus Mindaugo tiltas	985	26.5	Gedimino technikos universitetas	1008.5	2	Troleibusai	2	12Ž	3-10651	984	1010	1	1
delay	727374	A>B	Saulėtekis–Žygimantų g.–Stotis	994	1016	22.1	Šilo tiltas	1031.1	39	Vingriai	1069.7	2	Troleibusai	2	12Ž	3-10651	1035	1074	1	1
delay	727374	B>A	Stotis–Žygimantų g.–Saulėtekis	1036	1075	38.200001	Kalnų parkas	1094	47	Klinikų st.	1112.9	2	Troleibusai	2	12Ž	3-10651	1077	1122	1	1
delay	727374	A>B	Saulėtekis–Žygimantų g.–Stotis	1113	1121	3.2	Trakų st.	1151	7.8000002	Senoji plytinė	1121.8	2	Troleibusai	2	12Ž	3-10651	1154	1157	1	1
delay	727374	B>A	Stotis–Žygimantų g.–Saulėtekis	1155	1157	0.30000001	Kalnų parkas	1171.7	6.5999999	Nemenčinės plentas	1190.5	2	Troleibusai	2	12Ž	3-10651	1190	1196	1	1
delay	727374	A>B	Saulėtekis–Žygimantų g.–Stotis	1202	1225	22.9	Nemenčinės plentas	1231.3	24.299999	Petro Vileišio st.	1241.9	2	Troleibusai	2	12Ž	3-10651	1240	1263	1	1
delay	727374	A>B	Saulėtekis–Žygimantų g.–Stotis	1202	1310	1440	NULL	0	-1440	NULL	0	2	Troleibusai	2	12Ž	3-10651	1240	1344	0	1
delay	727374	A>B	Saulėtekis–Žygimantų g.–Stotis	1202	1390	1440	NULL	0	-1440	NULL	0	2	Troleibusai	2	12Ž	3-10651	1240	1426	0	1
delay	727374	B>A	Stotis–Žygimantų g.–Saulėtekis	1241	1429	1440	NULL	0	-1440	NULL	0	2	Troleibusai	2	12Ž	3-10651	1275	1452	0	1
delay	727374	B>A	Stotis–Žygimantų g.–Saulėtekis	1241	1265	23.4	Rūdninkų st.	1268	39	Karaliaus Mindaugo tiltas	1294	2	Troleibusai	2	12Ž	3-10651	1275	1309	1	1
delay	727374	B>A	Stotis–Žygimantų g.–Saulėtekis	1241	1346	1440	NULL	0	-1440	NULL	0	2	Troleibusai	2	12Ž	3-10651	1275	1380	0	1
delay	727425	A>B	Saulėtekis–Žygimantų g.–Stotis	357	365	6.9000001	Klinikų st.	375.89999	8.3999996	Senoji plytinė	366.39999	2	Troleibusai	2	13	3-2600	395	403	1	1
delay	727425	B>A	Stotis–Žygimantų g.–Saulėtekis	396	405	8	Rūdninkų st.	407.60001	11.2	Saulėtekis	436.70001	2	Troleibusai	2	13	3-2600	430	440	1	1
delay	727425	A>B	Saulėtekis–Žygimantų g.–Stotis	441	452	9.8999996	Nemenčinės plentas	457.70001	26.5	Vinco Kudirkos aikštė	500.70001	2	Troleibusai	2	13	3-2600	485	511	1	1
delay	727425	B>A	Stotis–Žygimantų g.–Saulėtekis	487	513	25.5	Stotis	512.59998	27.200001	Vinco Kudirkos aikštė	525.20001	2	Troleibusai	2	13	3-2600	525	550	1	1
delay	727425	A>B	Saulėtekis–Žygimantų g.–Stotis	537	551	12.2	Tverečiaus st.	558.70001	14	Šv. Petro ir Povilo bažnyčia	570.29999	2	Troleibusai	2	13	3-2600	576	590	1	1
delay	727425	B>A	Stotis–Žygimantų g.–Saulėtekis	577	592	14	Šv. Petro ir Povilo bažnyčia	609.20001	14.8	Jogailos st.	601.09998	2	Troleibusai	2	13	3-2600	612	627	1	1
delay	727425	A>B	Saulėtekis–Žygimantų g.–Stotis	647	663	16	Vilniaus universitetas	666.20001	17.799999	Centro poliklinika	695.90002	2	Troleibusai	2	13	3-2600	686	703	1	1
delay	727425	B>A	Stotis–Žygimantų g.–Saulėtekis	687	706	18.1	Jogailos st.	714.70001	20.4	Saulėtekis	738.29999	2	Troleibusai	2	13	3-2600	722	742	1	1
delay	727425	A>B	Saulėtekis–Žygimantų g.–Stotis	737	752	14.6	Klinikų st.	763.90002	16.1	Centro poliklinika	784.20001	2	Troleibusai	2	13	3-2600	776	792	1	1
delay	727425	B>A	Stotis–Žygimantų g.–Saulėtekis	777	793	16.5	Rūdninkų st.	797.09998	20.5	Tverečiaus st.	824.09998	2	Troleibusai	2	13	3-2600	812	832	1	1
delay	727425	A>B	Saulėtekis–Žygimantų g.–Stotis	823	841	18.1	Klinikų st.	853.40002	20.1	Centro poliklinika	874.20001	2	Troleibusai	2	13	3-2600	862	882	1	1
delay	727425	B>A	Stotis–Žygimantų g.–Saulėtekis	863	885	21.299999	Stotis	884.5	23.4	Saulėtekis	917.40002	2	Troleibusai	2	13	3-2600	898	921	1	1
delay	727425	A>B	Saulėtekis–Žygimantų g.–Stotis	912	931	18.799999	Gedimino technikos universitetas	933.20001	22.299999	Vingriai	969	2	Troleibusai	2	13	3-2600	951	973	1	1
delay	727425	B>A	Stotis–Žygimantų g.–Saulėtekis	952	974	21.200001	Trakų st.	979.29999	27	Nemenčinės plentas	1009.9	2	Troleibusai	2	13	3-2600	989	1015	1	1
delay	727425	A>B	Saulėtekis–Žygimantų g.–Stotis	1000	1024	23.200001	Tverečiaus st.	1032.8	39.200001	Centro poliklinika	1072.3	2	Troleibusai	2	13	3-2600	1041	1080	1	1
delay	727425	B>A	Stotis–Žygimantų g.–Saulėtekis	1042	1081	36	Kalnų parkas	1097.8	46.799999	Klinikų st.	1118.8	2	Troleibusai	2	13	3-2600	1083	1128	1	1
delay	727425	A>B	Saulėtekis–Žygimantų g.–Stotis	1093	1151	56.900002	Gėlių st.	1188.3	59	Petro Vileišio st.	1167.9	2	Troleibusai	2	13	3-2600	1134	1191	1	1
delay	727425	B>A	Stotis–Žygimantų g.–Saulėtekis	1135	1194	57.900002	Rūdninkų st.	1196.5	59.700001	Saulėtekis	1225.6	2	Troleibusai	2	13	3-2600	1170	1229	1	1
delay	727425	A>B	Saulėtekis–Žygimantų g.–Stotis	1208	1239	28.700001	Gėlių st.	1271.6	31.4	Vilniaus universitetas	1243.8	2	Troleibusai	2	13	3-2600	1246	1274	1	1
delay	727425	B>A	Stotis–Žygimantų g.–Saulėtekis	1247	1278	30.4	Trakų st.	1283.6	32.200001	Klinikų st.	1302.8	2	Troleibusai	2	13	3-2600	1281	1311	1	1
delay	727425	A>B	Saulėtekis–Žygimantų g.–Stotis	1289	1322	30	Trakų st.	1351.2	33	Senoji plytinė	1323.1	2	Troleibusai	2	13	3-2600	1327	1357	1	1
delay	727425	B>A	Stotis–Žygimantų g.–Saulėtekis	1328	1361	31.700001	Gedimino technikos universitetas	1391.1	34.900002	Kalnų parkas	1378.2	2	Troleibusai	2	13	3-2600	1362	1393	1	1
missed	662902	A>B	Saulėtekis–Žygimantų g.–Stotis	1377	NULL	NULL	NULL	NULL	NULL	NULL	NULL	2	Troleibusai	2	13		1415	NULL	NULL	NULL
delay	727436	A>B	Saulėtekis–Žygimantų g.–Stotis	367	370	2.2	Šilo tiltas	383.89999	3.3	Senoji plytinė	371.29999	2	Troleibusai	2	14	3-1692	405	408	1	1
delay	727436	B>A	Stotis–Žygimantų g.–Saulėtekis	406	409	2.3	Rūdninkų st.	411.89999	4.6999998	Vilniaus universitetas	442.70001	2	Troleibusai	2	14	3-1692	441	446	1	1
delay	727436	A>B	Saulėtekis–Žygimantų g.–Stotis	454	458	3.4000001	Nemenčinės plentas	464.10001	18	Centro poliklinika	508.10001	2	Troleibusai	2	14	3-1692	498	516	1	1
delay	727436	B>A	Stotis–Žygimantų g.–Saulėtekis	500	517	12.7	Vilniaus universitetas	547.90002	17.9	Reformatų st.	525.29999	2	Troleibusai	2	14	3-1692	538	551	1	1
delay	727436	A>B	Saulėtekis–Žygimantų g.–Stotis	546	556	9.8999996	Vilniaus universitetas	559.09998	11	Šv. Petro ir Povilo bažnyčia	576.20001	2	Troleibusai	2	14	3-1692	585	596	1	1
delay	727436	B>A	Stotis–Žygimantų g.–Saulėtekis	586	599	11.6	Šv. Petro ir Povilo bažnyčia	615.79999	12	Jogailos st.	607.40002	2	Troleibusai	2	14	3-1692	621	632	1	1
delay	727436	A>B	Saulėtekis–Žygimantų g.–Stotis	660	671	11.1	Antakalnis	679.90002	12.7	Vinco Kudirkos aikštė	703.20001	2	Troleibusai	2	14	3-1692	699	711	1	1
delay	727436	B>A	Stotis–Žygimantų g.–Saulėtekis	700	713	12.8	Rūdninkų st.	716.40002	13.8	Klinikų st.	738.70001	2	Troleibusai	2	14	3-1692	735	748	1	1
delay	727436	A>B	Saulėtekis–Žygimantų g.–Stotis	748	759	10.3	Nemenčinės plentas	765.09998	12.1	Šv. Petro ir Povilo bažnyčia	779.40002	2	Troleibusai	2	14	3-1692	787	798	1	1
delay	727436	B>A	Stotis–Žygimantų g.–Saulėtekis	788	801	12.5	Trakų st.	806.70001	15.3	Saulėtekis	834.20001	2	Troleibusai	2	14	3-1692	823	838	1	1
delay	727436	A>B	Saulėtekis–Žygimantų g.–Stotis	837	848	11.2	Gedimino technikos universitetas	850.59998	13.8	Šv. Petro ir Povilo bažnyčia	870	2	Troleibusai	2	14	3-1692	876	888	1	1
delay	727436	B>A	Stotis–Žygimantų g.–Saulėtekis	877	891	13	Rūdninkų st.	893.59998	19.1	Vilniaus universitetas	928.20001	2	Troleibusai	2	14	3-1692	912	931	1	1
delay	727436	A>B	Saulėtekis–Žygimantų g.–Stotis	922	942	19.4	Gedimino technikos universitetas	943.79999	24.299999	Vingriai	981	2	Troleibusai	2	14	3-1692	961	985	1	1
delay	727436	B>A	Stotis–Žygimantų g.–Saulėtekis	962	988	25.700001	Stotis	987.79999	29.799999	Saulėtekis	1024.8	2	Troleibusai	2	14	3-1692	1000	1029	1	1
delay	727436	A>B	Saulėtekis–Žygimantų g.–Stotis	1011	1035	23.9	Kalnų parkas	1057.3	36.099998	Centro poliklinika	1080.2	2	Troleibusai	2	14	3-1692	1052	1088	1	1
delay	727436	B>A	Stotis–Žygimantų g.–Saulėtekis	1053	1098	34.900002	Kalnų parkas	1107.7	49.200001	Šilo tiltas	1130	2	Troleibusai	2	14	3-1692	1094	1141	1	1
delay	727436	A>B	Saulėtekis–Žygimantų g.–Stotis	1138	1157	19.200001	Gedimino technikos universitetas	1159.6	21	Karaliaus Mindaugo tiltas	1181.8	2	Troleibusai	2	14	3-1692	1176	1196	1	1
delay	727436	B>A	Stotis–Žygimantų g.–Saulėtekis	1177	1200	22.200001	Trakų st.	1205.4	24.9	Tverečiaus st.	1228.5	2	Troleibusai	2	14	3-1692	1212	1236	1	1
delay	727436	A>B	Saulėtekis–Žygimantų g.–Stotis	1221	1244	22.200001	Klinikų st.	1255.1	24	Karaliaus Mindaugo tiltas	1267.5	2	Troleibusai	2	14	3-1692	1259	1283	1	1
delay	727436	B>A	Stotis–Žygimantų g.–Saulėtekis	1260	1282	22.4	Trakų st.	1288.7	23.799999	Šilo tiltas	1305.3	2	Troleibusai	2	14	3-1692	1294	1316	1	1
missed	662905	A>B	Saulėtekis–Žygimantų g.–Stotis	1304	NULL	NULL	NULL	NULL	NULL	NULL	NULL	2	Troleibusai	2	14		1342	NULL	NULL	NULL
missed	662905	B>A	Stotis–Žygimantų g.–Saulėtekis	1343	NULL	NULL	NULL	NULL	NULL	NULL	NULL	2	Troleibusai	2	14		1377	NULL	NULL	NULL
delay	727506	A>B	Saulėtekis–Žygimantų g.–Stotis	424	446	21.299999	Vilniaus universitetas	448.5	31.9	Karaliaus Mindaugo tiltas	481.70001	2	Troleibusai	2	15	3-2720	468	499	1	1
delay	727506	B>A	Stotis–Žygimantų g.–Saulėtekis	470	499	25.200001	Gedimino technikos universitetas	531.40002	29.799999	Reformatų st.	507.10001	2	Troleibusai	2	15	3-2720	508	533	1	1
delay	727506	A>B	Saulėtekis–Žygimantų g.–Stotis	518	541	21.6	Gėlių st.	577.90002	23.299999	Šilo tiltas	556.29999	2	Troleibusai	2	15	3-2720	559	580	1	1
delay	727506	B>A	Stotis–Žygimantų g.–Saulėtekis	560	584	23.299999	Jogailos st.	592.70001	24.4	Tverečiaus st.	610.90002	2	Troleibusai	2	15	3-2720	595	619	1	1
delay	727506	A>B	Saulėtekis–Žygimantų g.–Stotis	945	936	-9.1999998	Nemenčinės plentas	942.59998	-7	Petro Vileišio st.	953.90002	2	Troleibusai	2	15	3-2720	986	978	1	1
delay	727506	B>A	Stotis–Žygimantų g.–Saulėtekis	987	980	-7.3000002	Stotis	979.79999	-3	Saulėtekis	1017.9	2	Troleibusai	2	15	3-2720	1026	1022	1	1
delay	727506	A>B	Saulėtekis–Žygimantų g.–Stotis	1035	1031	-4.4000001	Vilniaus universitetas	1033.8	10.5	Centro poliklinika	1078.6	2	Troleibusai	2	15	3-2720	1076	1086	1	1
delay	727506	B>A	Stotis–Žygimantų g.–Saulėtekis	1077	1089	9.3999996	Kalnų parkas	1106.2	22.700001	Saulėtekis	1135.6	2	Troleibusai	2	15	3-2720	1118	1139	1	1
delay	727506	A>B	Saulėtekis–Žygimantų g.–Stotis	1126	1140	9.6999998	Gėlių st.	1170.8	13.4	Vilniaus universitetas	1142.6	2	Troleibusai	2	15	3-2720	1164	1174	1	1
delay	727506	B>A	Stotis–Žygimantų g.–Saulėtekis	1165	1173	7	Vinco Kudirkos aikštė	1183.1	10.2	Leono Sapiegos st.	1195	2	Troleibusai	2	15	3-2720	1200	1209	1	1
delay	727434	A>B	Saulėtekis–Žygimantų g.–Stotis	373	384	9.8000002	Leono Sapiegos st.	400.20001	11.2	Gėlių st.	419.10001	2	Troleibusai	2	16	3-238	411	422	1	1
delay	727434	B>A	Stotis–Žygimantų g.–Saulėtekis	412	425	11.5	Kalnų parkas	441.79999	13.7	Saulėtekis	458.60001	2	Troleibusai	2	16	3-238	449	462	1	1
delay	727434	A>B	Saulėtekis–Žygimantų g.–Stotis	460	476	15.8	Tverečiaus st.	485.39999	24	Centro poliklinika	520.09998	2	Troleibusai	2	16	3-238	504	528	1	1
delay	727434	B>A	Stotis–Žygimantų g.–Saulėtekis	506	530	20.4	Gedimino technikos universitetas	562.59998	23.299999	Rūdninkų st.	532.79999	2	Troleibusai	2	16	3-238	544	564	1	1
delay	727434	A>B	Saulėtekis–Žygimantų g.–Stotis	554	573	18.4	Saulėtekis	577.59998	20.799999	Šv. Petro ir Povilo bažnyčia	594	2	Troleibusai	2	16	3-238	593	612	1	1
delay	727434	B>A	Stotis–Žygimantų g.–Saulėtekis	594	616	21.4	Šv. Petro ir Povilo bažnyčia	633.59998	23.299999	Antakalnis	645.20001	2	Troleibusai	2	16	3-238	629	652	1	1
delay	727434	A>B	Saulėtekis–Žygimantų g.–Stotis	667	689	22	Gedimino technikos universitetas	691.40002	25.4	Vinco Kudirkos aikštė	720.59998	2	Troleibusai	2	16	3-238	706	731	1	1
delay	727434	B>A	Stotis–Žygimantų g.–Saulėtekis	707	732	24.299999	Rūdninkų st.	734.79999	28.6	Klinikų st.	760.5	2	Troleibusai	2	16	3-238	742	770	1	1
delay	727434	A>B	Saulėtekis–Žygimantų g.–Stotis	753	777	23.799999	Antakalnis	785.5	25.700001	Centro poliklinika	809.79999	2	Troleibusai	2	16	3-238	792	817	1	1
delay	727434	B>A	Stotis–Žygimantų g.–Saulėtekis	793	820	26.700001	Rūdninkų st.	823.29999	30.299999	Saulėtekis	854.20001	2	Troleibusai	2	16	3-238	828	858	1	1
delay	727434	A>B	Saulėtekis–Žygimantų g.–Stotis	842	866	24.200001	Senoji plytinė	867.40002	28.200001	Centro poliklinika	901.29999	2	Troleibusai	2	16	3-238	881	909	1	1
delay	727434	B>A	Stotis–Žygimantų g.–Saulėtekis	882	911	29.6	Stotis	911.59998	32.799999	Gedimino technikos universitetas	947.79999	2	Troleibusai	2	16	3-238	917	950	1	1
delay	727434	A>B	Saulėtekis–Žygimantų g.–Stotis	928	957	28.700001	Vilniaus universitetas	960	35.299999	Centro poliklinika	994.40002	2	Troleibusai	2	16	3-238	967	1002	1	1
delay	727434	B>A	Stotis–Žygimantų g.–Saulėtekis	968	1007	38.400002	Stotis	1006.5	44	Saulėtekis	1044.9	2	Troleibusai	2	16	3-238	1006	1048	1	1
delay	727434	A>B	Saulėtekis–Žygimantų g.–Stotis	1017	1053	35.400002	Tverečiaus st.	1062	47.900002	Centro poliklinika	1098	2	Troleibusai	2	16	3-238	1058	1106	1	1
missed	662907	B>A	Stotis–Žygimantų g.–Saulėtekis	1059	NULL	NULL	NULL	NULL	NULL	NULL	NULL	2	Troleibusai	2	16		1100	NULL	NULL	NULL
delay	727434	A>B	Saulėtekis–Žygimantų g.–Stotis	1107	1172	1440	NULL	0	-1440	NULL	0	2	Troleibusai	2	16	3-238	1148	1212	0	1
delay	727434	B>A	Stotis–Žygimantų g.–Saulėtekis	1149	1107	-42.799999	Rūdninkų st.	1109.8	-29.200001	Saulėtekis	1150.7	2	Troleibusai	2	16	3-238	1184	1154	1	1
delay	727434	B>A	Stotis–Žygimantų g.–Saulėtekis	1149	1214	1440	NULL	0	-1440	NULL	0	2	Troleibusai	2	16	3-238	1184	1251	0	1
delay	727434	A>B	Saulėtekis–Žygimantų g.–Stotis	1228	1256	26.6	Leono Sapiegos st.	1272	28.6	Senoji plytinė	1257.7	2	Troleibusai	2	16	3-238	1266	1293	1	1
delay	727434	B>A	Stotis–Žygimantų g.–Saulėtekis	1267	1297	27.700001	Jogailos st.	1304.1	29.5	Šv. Petro ir Povilo bažnyčia	1313.4	2	Troleibusai	2	16	3-238	1301	1329	1	1
delay	727434	A>B	Saulėtekis–Žygimantų g.–Stotis	1313	1334	18	Gėlių st.	1366	20.799999	Saulėtekis	1338.6	2	Troleibusai	2	16	3-238	1351	1369	1	1
delay	727434	B>A	Stotis–Žygimantų g.–Saulėtekis	1352	1374	20.9	Vinco Kudirkos aikštė	1384	21.9	Tverečiaus st.	1399.1	2	Troleibusai	2	16	3-238	1386	1407	1	1
missed	662907	A>B	Saulėtekis–Žygimantų g.–Stotis	1391	NULL	NULL	NULL	NULL	NULL	NULL	NULL	2	Troleibusai	2	16		1429	NULL	NULL	NULL
delay	727336	A>B	Žirmūnai–Žygimantų–Pylimo g.–Stotis	309	310	-2.7	Vingriai	336.70001	0.2	Šaltinėlio st.	310.29999	20	Troleibusai	20	01	3-2357	344	341	0	0
delay	727336	B>A	Stotis–Pylimo–Žygimantų g.–Žirmūnai	345	344	-0.69999999	Stotis	344.5	2.5	Šaltinėlio st.	377.20001	20	Troleibusai	20	01	3-2357	376	378	0	0
delay	727336	A>B	Žirmūnai–Žygimantų–Pylimo g.–Stotis	382	386	2.9000001	Centro poliklinika	411.60001	3.5999999	Šaltinėlio st.	386.70001	20	Troleibusai	20	01	3-2357	417	420	1	1
delay	727336	B>A	Stotis–Pylimo–Žygimantų g.–Žirmūnai	419	421	2.5999999	Rūdninkų st.	425.10001	5.6999998	Šaltinėlio st.	459.79999	20	Troleibusai	20	01	3-2357	455	460	1	1
delay	727336	A>B	Žirmūnai–Žygimantų–Pylimo g.–Stotis	471	473	1.8	Šaltinėlio st.	474	16.200001	Centro poliklinika	520	20	Troleibusai	20	01	3-2357	512	528	1	1
delay	727336	B>A	Stotis–Pylimo–Žygimantų g.–Žirmūnai	514	529	13.3	Kalnų parkas	545.59998	16.299999	Šaltinėlio st.	564.79999	20	Troleibusai	20	01	3-2357	550	565	1	1
delay	727336	A>B	Žirmūnai–Žygimantų–Pylimo g.–Stotis	592	589	-4.8000002	Žirmūnai	594.70001	-3.0999999	Centro poliklinika	617.59998	20	Troleibusai	20	01	3-2357	629	626	1	0
delay	727336	B>A	Stotis–Pylimo–Žygimantų g.–Žirmūnai	630	627	-3.9000001	Trakų st.	632.40002	-0.30000001	Šaltinėlio st.	661.70001	20	Troleibusai	20	01	3-2357	663	663	1	0
delay	727336	A>B	Žirmūnai–Žygimantų–Pylimo g.–Stotis	669	673	2.3	Gėlių st.	705.29999	4.0999999	Šv. Petro ir Povilo bažnyčia	690	20	Troleibusai	20	01	3-2357	706	708	1	1
delay	727336	B>A	Stotis–Pylimo–Žygimantų g.–Žirmūnai	707	710	3.0999999	Stotis	710.20001	5.5999999	Šaltinėlio st.	744.59998	20	Troleibusai	20	01	3-2357	740	745	1	1
delay	727336	A>B	Žirmūnai–Žygimantų–Pylimo g.–Stotis	755	757	0.2	Vinco Kudirkos aikštė	781.29999	1.8	Žirmūnai	764.20001	20	Troleibusai	20	01	3-2357	792	792	0	0
delay	727336	B>A	Stotis–Pylimo–Žygimantų g.–Žirmūnai	793	795	1.1	Trakų st.	800.20001	5.1999998	Šaltinėlio st.	830.29999	20	Troleibusai	20	01	3-2357	826	831	1	1
delay	727336	A>B	Žirmūnai–Žygimantų–Pylimo g.–Stotis	836	841	4.9000001	Šaltinėlio st.	842.09998	7.5	Vingriai	875.90002	20	Troleibusai	20	01	3-2357	873	880	1	1
delay	727336	B>A	Stotis–Pylimo–Žygimantų g.–Žirmūnai	874	883	8.3999996	Stotis	882.59998	12.9	Žirmūnai	914.40002	20	Troleibusai	20	01	3-2357	907	919	1	1
delay	727336	A>B	Žirmūnai–Žygimantų–Pylimo g.–Stotis	916	926	8.6000004	Šiaurės miestelis	933.90002	10.7	Šv. Petro ir Povilo bažnyčia	944.59998	20	Troleibusai	20	01	3-2357	954	963	1	1
delay	727336	B>A	Stotis–Pylimo–Žygimantų g.–Žirmūnai	955	965	9.6000004	Žirmūnai	995.5	12.7	Šaltinėlio st.	1003.6	20	Troleibusai	20	01	3-2357	992	1004	1	1
delay	727336	A>B	Žirmūnai–Žygimantų–Pylimo g.–Stotis	1004	1017	13.5	Šaltinėlio st.	1018.7	37.599998	Centro poliklinika	1072.4	20	Troleibusai	20	01	3-2357	1043	1080	1	1
delay	727336	B>A	Stotis–Pylimo–Žygimantų g.–Žirmūnai	1044	1081	35.900002	Kalnų parkas	1099.7	38.200001	Reformatų st.	1089.6	20	Troleibusai	20	01	3-2357	1084	1119	1	1
delay	727336	A>B	Žirmūnai–Žygimantų–Pylimo g.–Stotis	1119	1143	21.6	Kalnų parkas	1160.6	24	Šaltinėlio st.	1144.1	20	Troleibusai	20	01	3-2357	1156	1178	1	1
delay	727336	B>A	Stotis–Pylimo–Žygimantų g.–Žirmūnai	1157	1180	23.200001	Trakų st.	1186.4	26.4	Šaltinėlio st.	1215.4	20	Troleibusai	20	01	3-2357	1190	1216	1	1
delay	727336	A>B	Žirmūnai–Žygimantų–Pylimo g.–Stotis	1211	1230	18.1	Vingriai	1259.6	19.1	Karaliaus Mindaugo tiltas	1249.6	20	Troleibusai	20	01	3-2357	1246	1264	1	1
delay	727336	B>A	Stotis–Pylimo–Žygimantų g.–Žirmūnai	1247	1266	19.5	Stotis	1266.7	23.5	Tuskulėnų rimties parkas	1289.5	20	Troleibusai	20	01	3-2357	1278	1300	1	1
delay	727336	A>B	Žirmūnai–Žygimantų–Pylimo g.–Stotis	1293	1314	19.799999	Trakų st.	1342	20.9	Šaltinėlio st.	1315	20	Troleibusai	20	01	3-2357	1328	1348	1	1
delay	727336	B>A	Stotis–Pylimo–Žygimantų g.–Žirmūnai	1329	1351	21.1	Vinco Kudirkos aikštė	1361.2	24.4	Šaltinėlio st.	1383.1	20	Troleibusai	20	01	3-2357	1360	1384	1	1
delay	727460	A>B	Žirmūnai–Žygimantų–Pylimo g.–Stotis	398	398	-0.5	Kareivių st.	403	0.69999999	Karaliaus Mindaugo tiltas	418.20001	20	Troleibusai	20	02	3-1296	434	433	0	0
delay	727460	B>A	Stotis–Pylimo–Žygimantų g.–Žirmūnai	436	437	0.30000001	Stotis	436.5	1.8	Vinco Kudirkos aikštė	448.79999	20	Troleibusai	20	02	3-1296	472	472	0	0
delay	727460	A>B	Žirmūnai–Žygimantų–Pylimo g.–Stotis	483	484	1.2	Šaltinėlio st.	485.39999	10.4	Gėlių st.	531.29999	20	Troleibusai	20	02	3-1296	524	534	1	1
delay	727460	B>A	Stotis–Pylimo–Žygimantų g.–Žirmūnai	525	537	12.1	Stotis	537.29999	13.4	Tuskulėnų rimties parkas	561.40002	20	Troleibusai	20	02	3-1296	560	573	1	1
delay	727460	A>B	Žirmūnai–Žygimantų–Pylimo g.–Stotis	573	575	2.0999999	Šaltinėlio st.	576.29999	4.4000001	Šv. Petro ir Povilo bažnyčia	594.29999	20	Troleibusai	20	02	3-1296	610	613	1	0
delay	727460	B>A	Stotis–Pylimo–Žygimantų g.–Žirmūnai	611	616	4.5	Trakų st.	621.79999	6	Žirmūnai	644.29999	20	Troleibusai	20	02	3-1296	644	649	1	1
delay	727460	A>B	Žirmūnai–Žygimantų–Pylimo g.–Stotis	684	687	2.4000001	Trakų st.	717.59998	3.4000001	Žirmūnai	694.79999	20	Troleibusai	20	02	3-1296	721	723	1	0
delay	727460	B>A	Stotis–Pylimo–Žygimantų g.–Žirmūnai	722	725	2.8	Trakų st.	731	6.9000001	Žirmūnai	756.20001	20	Troleibusai	20	02	3-1296	755	761	1	1
delay	727460	A>B	Žirmūnai–Žygimantų–Pylimo g.–Stotis	769	769	0.2	Šaltinėlio st.	770.40002	1.6	Vinco Kudirkos aikštė	796.5	20	Troleibusai	20	02	3-1296	806	807	0	0
delay	727460	B>A	Stotis–Pylimo–Žygimantų g.–Žirmūnai	807	809	0.69999999	Karaliaus Mindaugo tiltas	822.90002	5.5999999	Žirmūnai	839.90002	20	Troleibusai	20	02	3-1296	840	845	1	1
delay	727460	A>B	Žirmūnai–Žygimantų–Pylimo g.–Stotis	851	853	1.8	Vinco Kudirkos aikštė	878.79999	2.8	Šv. Petro ir Povilo bažnyčia	870.70001	20	Troleibusai	20	02	3-1296	888	890	0	0
delay	727460	B>A	Stotis–Pylimo–Žygimantų g.–Žirmūnai	889	893	3.3	Stotis	892.40002	9.6000004	Kareivių st.	926.90002	20	Troleibusai	20	02	3-1296	922	931	1	1
delay	727460	A>B	Žirmūnai–Žygimantų–Pylimo g.–Stotis	933	938	5.0999999	Šaltinėlio st.	939.40002	7	Vingriai	973.40002	20	Troleibusai	20	02	3-1296	971	978	1	1
delay	727460	B>A	Stotis–Pylimo–Žygimantų g.–Žirmūnai	972	980	7.5	Stotis	979.59998	15.2	Šaltinėlio st.	1024.1	20	Troleibusai	20	02	3-1296	1010	1025	1	1
delay	727460	A>B	Žirmūnai–Žygimantų–Pylimo g.–Stotis	1017	1031	14	Šaltinėlio st.	1032.2	34.400002	Centro poliklinika	1082.9	20	Troleibusai	20	02	3-1296	1057	1091	1	1
delay	727460	B>A	Stotis–Pylimo–Žygimantų g.–Žirmūnai	1058	1093	33.700001	Kalnų parkas	1111.5	39.900002	Šiaurės miestelis	1128.8	20	Troleibusai	20	02	3-1296	1098	1136	1	1
delay	727460	A>B	Žirmūnai–Žygimantų–Pylimo g.–Stotis	1106	1137	24.1	Trakų st.	1163.3	30.9	Šaltinėlio st.	1138	20	Troleibusai	20	02	3-1296	1145	1169	1	1
delay	727460	B>A	Stotis–Pylimo–Žygimantų g.–Žirmūnai	1146	1169	22.9	Rūdninkų st.	1172.5	25.700001	Tuskulėnų rimties parkas	1192.7	20	Troleibusai	20	02	3-1296	1179	1204	1	1
delay	727460	A>B	Žirmūnai–Žygimantų–Pylimo g.–Stotis	1223	1251	27.799999	Žirmūnų seniūnija	1254.6	29.5	Karaliaus Mindaugo tiltas	1272	20	Troleibusai	20	02	3-1296	1258	1286	1	1
delay	727460	B>A	Stotis–Pylimo–Žygimantų g.–Žirmūnai	1259	1289	29.4	Vinco Kudirkos aikštė	1299.5	31.5	Žirmūnai	1315.6	20	Troleibusai	20	02	3-1296	1290	1321	1	1
delay	727460	A>B	Žirmūnai–Žygimantų–Pylimo g.–Stotis	1307	1334	25.700001	Vingriai	1363.1	27.200001	Karaliaus Mindaugo tiltas	1353.7	20	Troleibusai	20	02	3-1296	1342	1367	1	1
delay	727460	B>A	Stotis–Pylimo–Žygimantų g.–Žirmūnai	1343	1372	27.9	Jogailos st.	1380.5	30.700001	Žirmūnai	1398.8	20	Troleibusai	20	02	3-1296	1374	1404	1	1
delay	727355	A>B	Žirmūnai–Žygimantų–Pylimo g.–Stotis	457	326	1440	NULL	0	-1440	NULL	0	20	Troleibusai	20	03	3-2620	498	359	0	1
delay	727355	A>B	Žirmūnai–Žygimantų–Pylimo g.–Stotis	457	409	-52.700001	Trakų st.	439.5	-48.5	Žirmūnų seniūnija	412.20001	20	Troleibusai	20	03	3-2620	498	445	1	1
delay	727355	A>B	Žirmūnai–Žygimantų–Pylimo g.–Stotis	457	504	47	Šaltinėlio st.	505.20001	49.700001	Minties st.	518.5	20	Troleibusai	20	03	3-2620	498	547	1	1
delay	727355	B>A	Stotis–Pylimo–Žygimantų g.–Žirmūnai	500	363	1440	NULL	0	-1440	NULL	0	20	Troleibusai	20	03	3-2620	536	397	0	1
delay	727355	B>A	Stotis–Pylimo–Žygimantų g.–Žirmūnai	500	549	43.900002	Šaltinėlio st.	578.90002	48.299999	Trakų st.	554.40002	20	Troleibusai	20	03	3-2620	536	579	1	1
delay	727355	B>A	Stotis–Pylimo–Žygimantų g.–Žirmūnai	500	449	-50.799999	Stotis	449.39999	-48	Tuskulėnų rimties parkas	475	20	Troleibusai	20	03	3-2620	536	486	1	1
delay	727355	A>B	Žirmūnai–Žygimantų–Pylimo g.–Stotis	550	699	1440	NULL	0	-1440	NULL	0	20	Troleibusai	20	03	3-2620	587	735	0	1
delay	727355	A>B	Žirmūnai–Žygimantų–Pylimo g.–Stotis	550	614	1440	NULL	0	-1440	NULL	0	20	Troleibusai	20	03	3-2620	587	651	0	1
delay	727355	A>B	Žirmūnai–Žygimantų–Pylimo g.–Stotis	550	872	1440	NULL	0	-1440	NULL	0	20	Troleibusai	20	03	3-2620	587	911	0	1
delay	727355	A>B	Žirmūnai–Žygimantų–Pylimo g.–Stotis	550	785	1440	NULL	0	-1440	NULL	0	20	Troleibusai	20	03	3-2620	587	825	0	1
delay	727355	B>A	Stotis–Pylimo–Žygimantų g.–Žirmūnai	588	737	1440	NULL	0	-1440	NULL	0	20	Troleibusai	20	03	3-2620	621	770	0	1
delay	727355	B>A	Stotis–Pylimo–Žygimantų g.–Žirmūnai	588	828	1440	NULL	0	-1440	NULL	0	20	Troleibusai	20	03	3-2620	621	863	0	1
delay	727355	B>A	Stotis–Pylimo–Žygimantų g.–Žirmūnai	588	912	1440	NULL	0	-1440	NULL	0	20	Troleibusai	20	03	3-2620	621	947	0	1
delay	727355	B>A	Stotis–Pylimo–Žygimantų g.–Žirmūnai	588	655	1440	NULL	0	-1440	NULL	0	20	Troleibusai	20	03	3-2620	621	688	0	1
delay	727355	A>B	Žirmūnai–Žygimantų–Pylimo g.–Stotis	957	957	-1.2	Kareivių st.	962.29999	13.6	Vingriai	1005	20	Troleibusai	20	03	3-2620	996	1009	1	1
delay	727355	B>A	Stotis–Pylimo–Žygimantų g.–Žirmūnai	997	1011	13.3	Kalnų parkas	1029.6	26.1	Šaltinėlio st.	1061	20	Troleibusai	20	03	3-2620	1036	1062	1	1
delay	727355	A>B	Žirmūnai–Žygimantų–Pylimo g.–Stotis	1047	1064	14.8	Tuskulėnų rimties parkas	1076.6	25.1	Centro poliklinika	1103.8	20	Troleibusai	20	03	3-2620	1087	1112	1	1
delay	727355	B>A	Stotis–Pylimo–Žygimantų g.–Žirmūnai	1088	1113	23.799999	Kalnų parkas	1131.5	27.4	Minties st.	1142.4	20	Troleibusai	20	03	3-2620	1127	1153	1	1
delay	727355	A>B	Žirmūnai–Žygimantų–Pylimo g.–Stotis	1136	1175	38.900002	Žirmūnų seniūnija	1178.7	40.400002	Karaliaus Mindaugo tiltas	1195.9	20	Troleibusai	20	03	3-2620	1171	1210	1	1
delay	727355	A>B	Žirmūnai–Žygimantų–Pylimo g.–Stotis	1136	1263	1440	NULL	0	-1440	NULL	0	20	Troleibusai	20	03	3-2620	1171	1299	0	1
delay	727355	A>B	Žirmūnai–Žygimantų–Pylimo g.–Stotis	1136	1348	1440	NULL	0	-1440	NULL	0	20	Troleibusai	20	03	3-2620	1171	1382	0	1
delay	727355	B>A	Stotis–Pylimo–Žygimantų g.–Žirmūnai	1172	1212	39.799999	Trakų st.	1218	42.299999	Šaltinėlio st.	1246.3	20	Troleibusai	20	03	3-2620	1205	1247	1	1
delay	727355	B>A	Stotis–Pylimo–Žygimantų g.–Žirmūnai	1172	1385	1440	NULL	0	-1440	NULL	0	20	Troleibusai	20	03	3-2620	1205	1418	0	1
delay	727355	B>A	Stotis–Pylimo–Žygimantų g.–Žirmūnai	1172	1301	1440	NULL	0	-1440	NULL	0	20	Troleibusai	20	03	3-2620	1205	1334	0	1
missed	663072	A>B	Žirmūnai–Žygimantų–Pylimo g.–Stotis	340	NULL	NULL	NULL	NULL	NULL	NULL	NULL	20	Troleibusai	20	04		375	NULL	NULL	NULL
missed	663072	B>A	Stotis–Pylimo–Žygimantų g.–Žirmūnai	376	NULL	NULL	NULL	NULL	NULL	NULL	NULL	20	Troleibusai	20	04		407	NULL	NULL	NULL
delay	727455	A>B	Žirmūnai–Žygimantų–Pylimo g.–Stotis	412	420	6.4000001	Gėlių st.	453.39999	8.6000004	Tuskulėnų rimties parkas	433.39999	20	Troleibusai	20	04	3-1875	450	456	1	1
delay	727455	B>A	Stotis–Pylimo–Žygimantų g.–Žirmūnai	452	461	9	Stotis	461.10001	11.1	Tuskulėnų rimties parkas	486.10001	20	Troleibusai	20	04	3-1875	488	499	1	1
delay	727455	A>B	Žirmūnai–Žygimantų–Pylimo g.–Stotis	500	512	12.1	Šaltinėlio st.	513.40002	18.9	Centro poliklinika	548.59998	20	Troleibusai	20	04	3-1875	538	556	1	1
delay	727455	B>A	Stotis–Pylimo–Žygimantų g.–Žirmūnai	539	557	16.200001	Karaliaus Mindaugo tiltas	570.29999	17.700001	Stotis	556.79999	20	Troleibusai	20	04	3-1875	572	588	1	1
delay	727455	A>B	Žirmūnai–Žygimantų–Pylimo g.–Stotis	612	632	18.9	Gėlių st.	665	20.4	Minties st.	644.09998	20	Troleibusai	20	04	3-1875	649	667	1	1
delay	727455	B>A	Stotis–Pylimo–Žygimantų g.–Žirmūnai	650	669	18.200001	Trakų st.	674.40002	22.4	Žirmūnai	699.70001	20	Troleibusai	20	04	3-1875	683	705	1	1
delay	727455	A>B	Žirmūnai–Žygimantų–Pylimo g.–Stotis	698	718	19.700001	Kareivių st.	724.20001	24.5	Centro poliklinika	751.29999	20	Troleibusai	20	04	3-1875	735	759	1	1
delay	727455	B>A	Stotis–Pylimo–Žygimantų g.–Žirmūnai	736	762	25.5	Reformatų st.	769	30.5	Žirmūnai	793.79999	20	Troleibusai	20	04	3-1875	769	798	1	1
delay	727455	A>B	Žirmūnai–Žygimantų–Pylimo g.–Stotis	784	802	17.4	Kalnų parkas	820.5	19.4	Centro poliklinika	832.20001	20	Troleibusai	20	04	3-1875	821	840	1	1
delay	727455	B>A	Stotis–Pylimo–Žygimantų g.–Žirmūnai	822	843	20.5	Stotis	842.59998	25.299999	Žirmūnai	874.59998	20	Troleibusai	20	04	3-1875	855	880	1	1
delay	727455	A>B	Žirmūnai–Žygimantų–Pylimo g.–Stotis	867	890	23.1	Šaltinėlio st.	891.29999	24.9	Šv. Petro ir Povilo bažnyčia	908.90002	20	Troleibusai	20	04	3-1875	904	929	1	1
delay	727455	B>A	Stotis–Pylimo–Žygimantų g.–Žirmūnai	905	931	25.1	Trakų st.	936.29999	28.700001	Šaltinėlio st.	965.70001	20	Troleibusai	20	04	3-1875	938	966	1	1
delay	727455	A>B	Žirmūnai–Žygimantų–Pylimo g.–Stotis	944	976	32	Šaltinėlio st.	977.29999	42.200001	Centro poliklinika	1017	20	Troleibusai	20	04	3-1875	983	1024	1	1
delay	727455	B>A	Stotis–Pylimo–Žygimantų g.–Žirmūnai	984	1025	40.599998	Kalnų parkas	1043.9	47	Kareivių st.	1064.1	20	Troleibusai	20	04	3-1875	1023	1069	1	1
delay	727455	A>B	Žirmūnai–Žygimantų–Pylimo g.–Stotis	1032	1073	39.5	Kareivių st.	1079	49.099998	Vinco Kudirkos aikštė	1110	20	Troleibusai	20	04	3-1875	1072	1120	1	1
delay	727455	B>A	Stotis–Pylimo–Žygimantų g.–Žirmūnai	1073	1122	44.400002	Kalnų parkas	1137.2	48.400002	Rūdninkų st.	1124.8	20	Troleibusai	20	04	3-1875	1113	1159	1	1
delay	727455	A>B	Žirmūnai–Žygimantų–Pylimo g.–Stotis	1156	1195	38.299999	Kareivių st.	1199.8	39.799999	Centro poliklinika	1222.6	20	Troleibusai	20	04	3-1875	1191	1230	1	1
delay	727455	B>A	Stotis–Pylimo–Žygimantų g.–Žirmūnai	1192	1232	40.200001	Trakų st.	1238.3	43.599998	Šaltinėlio st.	1265.6	20	Troleibusai	20	04	3-1875	1223	1266	1	1
delay	727455	A>B	Žirmūnai–Žygimantų–Pylimo g.–Stotis	1238	1278	39.400002	Žirmūnų seniūnija	1281.3	41.5	Karaliaus Mindaugo tiltas	1299	20	Troleibusai	20	04	3-1875	1273	1314	1	1
delay	727455	B>A	Stotis–Pylimo–Žygimantų g.–Žirmūnai	1274	1315	40.5	Trakų st.	1320.6	44.200001	Žirmūnai	1343.4	20	Troleibusai	20	04	3-1875	1305	1348	1	1
delay	727455	A>B	Žirmūnai–Žygimantų–Pylimo g.–Stotis	1325	1360	34	Kareivių st.	1364.4	35.799999	Trakų st.	1389.9	20	Troleibusai	20	04	3-1875	1360	1396	1	1
delay	727455	B>A	Stotis–Pylimo–Žygimantų g.–Žirmūnai	1361	1398	35.900002	Trakų st.	1403	38.700001	Žirmūnai	1424.9	20	Troleibusai	20	04	3-1875	1392	1430	1	1
delay	727406	A>B	Žirmūnai–Žygimantų–Pylimo g.–Stotis	427	438	10.8	Šaltinėlio st.	439	12.3	Karaliaus Mindaugo tiltas	461.79999	20	Troleibusai	20	05	3-2700	468	480	1	1
delay	727406	A>B	Žirmūnai–Žygimantų–Pylimo g.–Stotis	427	358	1440	NULL	0	-1440	NULL	0	20	Troleibusai	20	05	3-2700	468	391	0	1
delay	727406	B>A	Stotis–Pylimo–Žygimantų g.–Žirmūnai	470	392	1440	NULL	0	-1440	NULL	0	20	Troleibusai	20	05	3-2700	506	425	0	1
delay	727406	B>A	Stotis–Pylimo–Žygimantų g.–Žirmūnai	470	481	10.7	Stotis	480.89999	15.1	Šaltinėlio st.	520.09998	20	Troleibusai	20	05	3-2700	506	521	1	1
delay	727406	A>B	Žirmūnai–Žygimantų–Pylimo g.–Stotis	517	534	16.700001	Šaltinėlio st.	535	23.299999	Šv. Petro ir Povilo bažnyčia	557.20001	20	Troleibusai	20	05	3-2700	554	575	1	1
delay	727406	B>A	Stotis–Pylimo–Žygimantų g.–Žirmūnai	555	576	19.700001	Žirmūnų seniūnija	605.5	20.799999	Žirmūnai	603	20	Troleibusai	20	05	3-2700	588	607	1	1
delay	727406	A>B	Žirmūnai–Žygimantų–Pylimo g.–Stotis	630	646	15.5	Kareivių st.	651.90002	16.5	Šv. Petro ir Povilo bažnyčia	663.5	20	Troleibusai	20	05	3-2700	667	683	1	1
delay	727406	B>A	Stotis–Pylimo–Žygimantų g.–Žirmūnai	668	684	16	Stotis	684.09998	20.5	Šaltinėlio st.	720.5	20	Troleibusai	20	05	3-2700	701	721	1	1
delay	727406	A>B	Žirmūnai–Žygimantų–Pylimo g.–Stotis	716	737	19.299999	Tuskulėnų rimties parkas	749.09998	21.6	Centro poliklinika	766.40002	20	Troleibusai	20	05	3-2700	753	774	1	1
delay	727406	B>A	Stotis–Pylimo–Žygimantų g.–Žirmūnai	754	777	22.799999	Stotis	777	25.6	Šaltinėlio st.	811.59998	20	Troleibusai	20	05	3-2700	787	812	1	1
delay	727406	A>B	Žirmūnai–Žygimantų–Pylimo g.–Stotis	799	822	21.700001	Kareivių st.	827.09998	22.6	Centro poliklinika	850.40002	20	Troleibusai	20	05	3-2700	836	858	1	1
delay	727406	B>A	Stotis–Pylimo–Žygimantų g.–Žirmūnai	837	861	24	Stotis	861.09998	25.200001	Žirmūnai	889.5	20	Troleibusai	20	05	3-2700	870	894	1	1
delay	727406	A>B	Žirmūnai–Žygimantų–Pylimo g.–Stotis	886	908	20.799999	Kareivių st.	913.20001	23.1	Vinco Kudirkos aikštė	936	20	Troleibusai	20	05	3-2700	924	947	1	1
delay	727406	B>A	Stotis–Pylimo–Žygimantų g.–Žirmūnai	925	948	22.700001	Stotis	947.90002	31.5	Žirmūnų seniūnija	987.29999	20	Troleibusai	20	05	3-2700	958	989	1	1
delay	727406	A>B	Žirmūnai–Žygimantų–Pylimo g.–Stotis	972	995	23.5	Šaltinėlio st.	996.70001	37.799999	Centro poliklinika	1040.6	20	Troleibusai	20	05	3-2700	1011	1048	1	1
delay	727406	B>A	Stotis–Pylimo–Žygimantų g.–Žirmūnai	1012	1051	37.700001	Stotis	1049.8	41.200001	Tuskulėnų rimties parkas	1078.2	20	Troleibusai	20	05	3-2700	1052	1092	1	1
delay	727406	A>B	Žirmūnai–Žygimantų–Pylimo g.–Stotis	1065	1094	27	Žirmūnai	1100.4	33.799999	Centro poliklinika	1130.6	20	Troleibusai	20	05	3-2700	1105	1138	1	1
delay	727406	B>A	Stotis–Pylimo–Žygimantų g.–Žirmūnai	1106	1138	27.9	Kalnų parkas	1153.7	32	Stotis	1138	20	Troleibusai	20	05	3-2700	1145	1174	1	1
delay	727406	A>B	Žirmūnai–Žygimantų–Pylimo g.–Stotis	1182	1208	25.1	Kalnų parkas	1225.2	26.1	Kareivių st.	1213.5	20	Troleibusai	20	05	3-2700	1217	1242	1	1
delay	727406	B>A	Stotis–Pylimo–Žygimantų g.–Žirmūnai	1218	1245	26.299999	Rūdninkų st.	1247.8	30	Žirmūnai	1273.4	20	Troleibusai	20	05	3-2700	1249	1278	1	1
delay	727406	A>B	Žirmūnai–Žygimantų–Pylimo g.–Stotis	1260	1290	29.1	Žirmūnai	1295.6	30.4	Vinco Kudirkos aikštė	1314.3	20	Troleibusai	20	05	3-2700	1295	1325	1	1
delay	727406	B>A	Stotis–Pylimo–Žygimantų g.–Žirmūnai	1296	1327	30.5	Vinco Kudirkos aikštė	1337.6	33.599998	Žirmūnai	1354.7	20	Troleibusai	20	05	3-2700	1327	1359	1	1
missed	663073	A>B	Žirmūnai–Žygimantų–Pylimo g.–Stotis	1338	NULL	NULL	NULL	NULL	NULL	NULL	NULL	20	Troleibusai	20	05		1373	NULL	NULL	NULL
missed	663073	B>A	Stotis–Pylimo–Žygimantų g.–Žirmūnai	1374	NULL	NULL	NULL	NULL	NULL	NULL	NULL	20	Troleibusai	20	05		1405	NULL	NULL	NULL
missed	663075	A>B	Žirmūnai–Žygimantų–Pylimo g.–Stotis	361	NULL	NULL	NULL	NULL	NULL	NULL	NULL	20	Troleibusai	20	06		396	NULL	NULL	NULL
missed	663075	B>A	Stotis–Pylimo–Žygimantų g.–Žirmūnai	397	NULL	NULL	NULL	NULL	NULL	NULL	NULL	20	Troleibusai	20	06		428	NULL	NULL	NULL
delay	727490	A>B	Žirmūnai–Žygimantų–Pylimo g.–Stotis	440	450	10	Šaltinėlio st.	451.20001	15.4	Vingriai	491.79999	20	Troleibusai	20	06	3-2630	481	496	1	1
delay	727490	B>A	Stotis–Pylimo–Žygimantų g.–Žirmūnai	483	497	12.5	Karaliaus Mindaugo tiltas	512.59998	16.299999	Šaltinėlio st.	534.29999	20	Troleibusai	20	06	3-2630	519	535	1	1
delay	727490	A>B	Žirmūnai–Žygimantų–Pylimo g.–Stotis	531	546	14.7	Šaltinėlio st.	546.90002	18.299999	Šv. Petro ir Povilo bažnyčia	566.20001	20	Troleibusai	20	06	3-2630	568	585	1	1
delay	727490	B>A	Stotis–Pylimo–Žygimantų g.–Žirmūnai	569	588	18	Trakų st.	593.20001	20.9	Žirmūnai	617.20001	20	Troleibusai	20	06	3-2630	602	622	1	1
missed	663075	A>B	Žirmūnai–Žygimantų–Pylimo g.–Stotis	646	NULL	NULL	NULL	NULL	NULL	NULL	NULL	20	Troleibusai	20	06		683	NULL	NULL	NULL
missed	663075	B>A	Stotis–Pylimo–Žygimantų g.–Žirmūnai	684	NULL	NULL	NULL	NULL	NULL	NULL	NULL	20	Troleibusai	20	06		717	NULL	NULL	NULL
missed	663075	A>B	Žirmūnai–Žygimantų–Pylimo g.–Stotis	733	NULL	NULL	NULL	NULL	NULL	NULL	NULL	20	Troleibusai	20	06		770	NULL	NULL	NULL
missed	663075	B>A	Stotis–Pylimo–Žygimantų g.–Žirmūnai	771	NULL	NULL	NULL	NULL	NULL	NULL	NULL	20	Troleibusai	20	06		804	NULL	NULL	NULL
missed	663075	A>B	Žirmūnai–Žygimantų–Pylimo g.–Stotis	814	NULL	NULL	NULL	NULL	NULL	NULL	NULL	20	Troleibusai	20	06		851	NULL	NULL	NULL
missed	663075	B>A	Stotis–Pylimo–Žygimantų g.–Žirmūnai	852	NULL	NULL	NULL	NULL	NULL	NULL	NULL	20	Troleibusai	20	06		885	NULL	NULL	NULL
missed	663075	A>B	Žirmūnai–Žygimantų–Pylimo g.–Stotis	897	NULL	NULL	NULL	NULL	NULL	NULL	NULL	20	Troleibusai	20	06		935	NULL	NULL	NULL
missed	663075	B>A	Stotis–Pylimo–Žygimantų g.–Žirmūnai	936	NULL	NULL	NULL	NULL	NULL	NULL	NULL	20	Troleibusai	20	06		970	NULL	NULL	NULL
delay	727490	A>B	Žirmūnai–Žygimantų–Pylimo g.–Stotis	987	964	-22	Žirmūnų seniūnija	968.90002	-14.3	Centro poliklinika	1003.5	20	Troleibusai	20	06	3-2630	1026	1011	1	1
delay	727490	B>A	Stotis–Pylimo–Žygimantų g.–Žirmūnai	1027	1015	-13	Jogailos st.	1024.5	-2	Kareivių st.	1059.1	20	Troleibusai	20	06	3-2630	1067	1064	1	1
delay	727490	A>B	Žirmūnai–Žygimantų–Pylimo g.–Stotis	1083	1068	-15.4	Kareivių st.	1074	-4.5	Gėlių st.	1114.3	20	Troleibusai	20	06	3-2630	1122	1117	1	1
delay	727490	B>A	Stotis–Pylimo–Žygimantų g.–Žirmūnai	1123	1119	-6.3000002	Karaliaus Mindaugo tiltas	1134.8	0.80000001	Žirmūnų seniūnija	1157.6	20	Troleibusai	20	06	3-2630	1159	1159	1	1
delay	727490	A>B	Žirmūnai–Žygimantų–Pylimo g.–Stotis	1197	1164	-33	Tuskulėnų rimties parkas	1176.8	-29.799999	Centro poliklinika	1194	20	Troleibusai	20	06	3-2630	1232	1202	1	1
delay	727490	B>A	Stotis–Pylimo–Žygimantų g.–Žirmūnai	1233	1202	-31.200001	Trakų st.	1208	-26.4	Žirmūnai	1231.9	20	Troleibusai	20	06	3-2630	1264	1237	1	1
missed	663075	A>B	Žirmūnai–Žygimantų–Pylimo g.–Stotis	1274	NULL	NULL	NULL	NULL	NULL	NULL	NULL	20	Troleibusai	20	06		1309	NULL	NULL	NULL
missed	663075	B>A	Stotis–Pylimo–Žygimantų g.–Žirmūnai	1310	NULL	NULL	NULL	NULL	NULL	NULL	NULL	20	Troleibusai	20	06		1341	NULL	NULL	NULL
missed	663075	A>B	Žirmūnai–Žygimantų–Pylimo g.–Stotis	1359	NULL	NULL	NULL	NULL	NULL	NULL	NULL	20	Troleibusai	20	06		1394	NULL	NULL	NULL
missed	663075	B>A	Stotis–Pylimo–Žygimantų g.–Žirmūnai	1395	NULL	NULL	NULL	NULL	NULL	NULL	NULL	20	Troleibusai	20	06		1426	NULL	NULL	NULL
delay	727387	B>A	Žirmūnai–Šilo tiltas–Saulėtekis	350	349	-2.0999999	Gedimino technikos universitetas	371.10001	-0.80000001	Žirmūnai	355.70001	21	Troleibusai	21	01	3-2605	375	373	0	0
delay	727387	A>B	Saulėtekis–Šilo tiltas–Žirmūnai	380	382	1.6	Vilniaus universitetas	384.70001	1.9	Žirmūnai	400.89999	21	Troleibusai	21	01	3-2605	405	406	0	0
delay	727387	B>A	Žirmūnai–Šilo tiltas–Saulėtekis	410	411	-0.30000001	Šilo tiltas	422.89999	0.80000001	Šaltinėlio st.	411.89999	21	Troleibusai	21	01	3-2605	436	435	0	0
delay	727387	A>B	Saulėtekis–Šilo tiltas–Žirmūnai	444	441	-2.8	Gedimino technikos universitetas	443.70001	10.7	Šaltinėlio st.	478.89999	21	Troleibusai	21	01	3-2605	469	480	1	1
delay	727387	B>A	Žirmūnai–Šilo tiltas–Saulėtekis	477	483	6	Šaltinėlio st.	484.20001	16.6	Tverečiaus st.	511.60001	21	Troleibusai	21	01	3-2605	504	519	1	1
delay	727387	A>B	Saulėtekis–Šilo tiltas–Žirmūnai	510	522	11.3	Vilniaus universitetas	524.59998	12	Šaltinėlio st.	546.20001	21	Troleibusai	21	01	3-2605	535	547	1	1
delay	727387	B>A	Žirmūnai–Šilo tiltas–Saulėtekis	570	572	2.4000001	Šaltinėlio st.	573.59998	6.0999999	Vilniaus universitetas	599.59998	21	Troleibusai	21	01	3-2605	597	602	1	1
delay	727387	A>B	Saulėtekis–Šilo tiltas–Žirmūnai	603	608	3.5999999	Nemenčinės plentas	613.40002	5.4000001	Žirmūnai	627.90002	21	Troleibusai	21	01	3-2605	628	633	1	1
delay	727387	B>A	Žirmūnai–Šilo tiltas–Saulėtekis	634	637	2.5999999	Žirmūnai	644.09998	3.7	Antakalnis	657	21	Troleibusai	21	01	3-2605	661	663	1	1
delay	727387	A>B	Saulėtekis–Šilo tiltas–Žirmūnai	667	672	4.4000001	Nemenčinės plentas	678.29999	6.1999998	Žirmūnai	692.70001	21	Troleibusai	21	01	3-2605	692	698	1	1
delay	727387	B>A	Žirmūnai–Šilo tiltas–Saulėtekis	699	705	4.5	Šilo tiltas	717.90002	5.4000001	Žirmūnų seniūnija	708.09998	21	Troleibusai	21	01	3-2605	726	730	1	1
delay	727387	A>B	Saulėtekis–Šilo tiltas–Žirmūnai	733	739	5.9000001	Vilniaus universitetas	742.20001	8.1000004	Žirmūnai	760.5	21	Troleibusai	21	01	3-2605	758	765	1	1
delay	727387	B>A	Žirmūnai–Šilo tiltas–Saulėtekis	766	768	2	Gedimino technikos universitetas	792.5	3.0999999	Tverečiaus st.	787	21	Troleibusai	21	01	3-2605	793	794	1	0
delay	727387	A>B	Saulėtekis–Šilo tiltas–Žirmūnai	801	801	-0.5	Vilniaus universitetas	803.79999	2.7	Šaltinėlio st.	828	21	Troleibusai	21	01	3-2605	826	829	0	0
delay	727387	B>A	Žirmūnai–Šilo tiltas–Saulėtekis	839	841	0.5	Kareivių st.	846	2.7	Nemenčinės plentas	862	21	Troleibusai	21	01	3-2605	866	868	0	0
delay	727387	A>B	Saulėtekis–Šilo tiltas–Žirmūnai	872	872	0	Vilniaus universitetas	875.20001	6.5	Šaltinėlio st.	902.70001	21	Troleibusai	21	01	3-2605	897	903	1	1
delay	727387	B>A	Žirmūnai–Šilo tiltas–Saulėtekis	904	905	0.5	Kareivių st.	911	1.5	Tverečiaus st.	923.40002	21	Troleibusai	21	01	3-2605	931	931	0	0
delay	727387	A>B	Saulėtekis–Šilo tiltas–Žirmūnai	938	939	0.1	Saulėtekis	943.40002	6.1999998	Žirmūnai	963.70001	21	Troleibusai	21	01	3-2605	963	968	1	1
delay	727387	B>A	Žirmūnai–Šilo tiltas–Saulėtekis	970	972	1.6	Šilo tiltas	985.90002	2.5	Gedimino technikos universitetas	996.90002	21	Troleibusai	21	01	3-2605	997	999	0	0
delay	727387	A>B	Saulėtekis–Šilo tiltas–Žirmūnai	1006	1009	2.4000001	Senoji plytinė	1009.6	10.2	Žirmūnų seniūnija	1041.1	21	Troleibusai	21	01	3-2605	1033	1043	1	1
delay	727387	B>A	Žirmūnai–Šilo tiltas–Saulėtekis	1042	1048	6.0999999	Žirmūnai	1056.6	7.4000001	Antakalnis	1069.7	21	Troleibusai	21	01	3-2605	1070	1076	1	1
delay	727387	A>B	Saulėtekis–Šilo tiltas–Žirmūnai	1080	1086	5.6999998	Senoji plytinė	1086.8	9.6000004	Šaltinėlio st.	1115.7	21	Troleibusai	21	01	3-2605	1107	1116	1	1
delay	727387	B>A	Žirmūnai–Šilo tiltas–Saulėtekis	1138	1151	13.1	Gedimino technikos universitetas	1174.5	14.5	Šiaurės miestelis	1160.7	21	Troleibusai	21	01	3-2605	1164	1177	1	1
delay	727387	A>B	Saulėtekis–Šilo tiltas–Žirmūnai	1170	1184	14.2	Senoji plytinė	1185.4	15.9	Šaltinėlio st.	1210.1	21	Troleibusai	21	01	3-2605	1195	1211	1	1
delay	727387	B>A	Žirmūnai–Šilo tiltas–Saulėtekis	1208	1219	10.6	Žirmūnų seniūnija	1222.3	11.9	Tverečiaus st.	1236.9	21	Troleibusai	21	01	3-2605	1233	1244	1	1
delay	727387	A>B	Saulėtekis–Šilo tiltas–Žirmūnai	1242	1253	9.6999998	Žirmūnai	1270.9	11.5	Senoji plytinė	1254.5	21	Troleibusai	21	01	3-2605	1267	1277	1	1
delay	727387	B>A	Žirmūnai–Šilo tiltas–Saulėtekis	1272	1283	9.5	Klinikų st.	1297.7	11	Gedimino technikos universitetas	1306.1	21	Troleibusai	21	01	3-2605	1297	1308	1	1
delay	727387	A>B	Saulėtekis–Šilo tiltas–Žirmūnai	1305	1312	5.5999999	Šilo tiltas	1325.2	7.5999999	Senoji plytinė	1313.7	21	Troleibusai	21	01	3-2605	1330	1335	1	1
delay	727463	A>B	Saulėtekis–Šilo tiltas–Žirmūnai	396	398	-0.1	Klinikų st.	407.89999	1.9	Senoji plytinė	398.89999	21	Troleibusai	21	02	3-2616	421	420	0	0
delay	727463	B>A	Žirmūnai–Šilo tiltas–Saulėtekis	430	427	-3.5999999	Kareivių st.	432.89999	-2	Nemenčinės plentas	448.29999	21	Troleibusai	21	02	3-2616	457	454	1	0
delay	727463	A>B	Saulėtekis–Šilo tiltas–Žirmūnai	467	467	-0.40000001	Vilniaus universitetas	469.89999	8.1999998	Šaltinėlio st.	499.39999	21	Troleibusai	21	02	3-2616	492	500	1	1
delay	727463	B>A	Žirmūnai–Šilo tiltas–Saulėtekis	502	503	2.2	Gedimino technikos universitetas	528.59998	3.5	Tverečiaus st.	523.5	21	Troleibusai	21	02	3-2616	529	531	1	0
delay	727463	A>B	Saulėtekis–Šilo tiltas–Žirmūnai	534	534	0.2	Šilo tiltas	549.09998	1.9	Žirmūnai	555.40002	21	Troleibusai	21	02	3-2616	559	561	0	0
delay	727463	B>A	Žirmūnai–Šilo tiltas–Saulėtekis	600	603	0.60000002	Gedimino technikos universitetas	625	2.0999999	Žirmūnų seniūnija	605.79999	21	Troleibusai	21	02	3-2616	627	627	0	0
delay	727463	A>B	Saulėtekis–Šilo tiltas–Žirmūnai	639	638	-1.3	Vilniaus universitetas	642.40002	1	Šaltinėlio st.	664.29999	21	Troleibusai	21	02	3-2616	664	665	0	0
delay	727463	B>A	Žirmūnai–Šilo tiltas–Saulėtekis	669	670	1.2	Šaltinėlio st.	671.40002	2.5999999	Nemenčinės plentas	691.90002	21	Troleibusai	21	02	3-2616	696	697	0	0
delay	727463	A>B	Saulėtekis–Šilo tiltas–Žirmūnai	703	704	1.1	Senoji plytinė	705.29999	3.5999999	Žirmūnai	726.09998	21	Troleibusai	21	02	3-2616	728	730	1	0
delay	727463	B>A	Žirmūnai–Šilo tiltas–Saulėtekis	735	737	0.80000001	Gedimino technikos universitetas	760.20001	1.6	Žirmūnų seniūnija	740.29999	21	Troleibusai	21	02	3-2616	762	762	0	0
delay	727463	A>B	Saulėtekis–Šilo tiltas–Žirmūnai	768	769	0.69999999	Saulėtekis	773.79999	3.2	Šaltinėlio st.	795.40002	21	Troleibusai	21	02	3-2616	793	796	1	0
delay	727463	B>A	Žirmūnai–Šilo tiltas–Saulėtekis	800	803	3	Šaltinėlio st.	804.29999	4	Nemenčinės plentas	824.29999	21	Troleibusai	21	02	3-2616	827	830	1	1
delay	727463	A>B	Saulėtekis–Šilo tiltas–Žirmūnai	836	839	2.5	Tverečiaus st.	848	4.9000001	Šaltinėlio st.	865.09998	21	Troleibusai	21	02	3-2616	861	866	1	1
delay	727463	B>A	Žirmūnai–Šilo tiltas–Saulėtekis	878	876	-1.7	Šaltinėlio st.	877.5	0.2	Nemenčinės plentas	898.5	21	Troleibusai	21	02	3-2616	905	904	0	0
delay	727463	A>B	Saulėtekis–Šilo tiltas–Žirmūnai	916	914	-2.5999999	Vilniaus universitetas	916.59998	-0.2	Šaltinėlio st.	940	21	Troleibusai	21	02	3-2616	941	941	0	0
delay	727463	B>A	Žirmūnai–Šilo tiltas–Saulėtekis	946	944	-1.9	Kareivių st.	950.5	0.30000001	Vilniaus universitetas	969.79999	21	Troleibusai	21	02	3-2616	973	972	0	0
delay	727463	A>B	Saulėtekis–Šilo tiltas–Žirmūnai	983	980	-3	Vilniaus universitetas	983.20001	3.4000001	Šaltinėlio st.	1012.5	21	Troleibusai	21	02	3-2616	1010	1013	1	0
delay	727463	B>A	Žirmūnai–Šilo tiltas–Saulėtekis	1015	1018	3.4000001	Šaltinėlio st.	1019.6	14.6	Gedimino technikos universitetas	1054	21	Troleibusai	21	02	3-2616	1042	1056	1	1
delay	727463	A>B	Saulėtekis–Šilo tiltas–Žirmūnai	1052	1056	4.5	Senoji plytinė	1057.6	6.5999999	Šaltinėlio st.	1084.7	21	Troleibusai	21	02	3-2616	1079	1085	1	1
delay	727463	B>A	Žirmūnai–Šilo tiltas–Saulėtekis	1090	1099	8.5	Šaltinėlio st.	1099.7	16.9	Vilniaus universitetas	1130.4	21	Troleibusai	21	02	3-2616	1117	1133	1	1
delay	727463	A>B	Saulėtekis–Šilo tiltas–Žirmūnai	1124	1133	9	Žirmūnų seniūnija	1156.5	10	Saulėtekis	1139.1	21	Troleibusai	21	02	3-2616	1150	1158	1	1
delay	727463	B>A	Žirmūnai–Šilo tiltas–Saulėtekis	1182	1194	12.1	Žirmūnų seniūnija	1197.9	13	Nemenčinės plentas	1214.3	21	Troleibusai	21	02	3-2616	1207	1220	1	1
delay	727463	A>B	Saulėtekis–Šilo tiltas–Žirmūnai	1212	1224	12	Gedimino technikos universitetas	1226.4	13.5	Žirmūnai	1244.7	21	Troleibusai	21	02	3-2616	1237	1250	1	1
delay	727463	B>A	Žirmūnai–Šilo tiltas–Saulėtekis	1242	1258	16.200001	Šaltinėlio st.	1259.3	19.299999	Vilniaus universitetas	1283.6	21	Troleibusai	21	02	3-2616	1267	1286	1	1
delay	727463	A>B	Saulėtekis–Šilo tiltas–Žirmūnai	1274	1286	12	Žirmūnų seniūnija	1308.5	12.6	Saulėtekis	1291.5	21	Troleibusai	21	02	3-2616	1299	1310	1	1
delay	727463	B>A	Žirmūnai–Šilo tiltas–Saulėtekis	1305	1316	9.3000002	Gedimino technikos universitetas	1337.5	11	Šaltinėlio st.	1317.1	21	Troleibusai	21	02	3-2616	1330	1339	1	1
delay	727463	A>B	Saulėtekis–Šilo tiltas–Žirmūnai	1340	1344	2.3	Žirmūnai	1361.2	4.0999999	Senoji plytinė	1345.1	21	Troleibusai	21	02	3-2616	1365	1367	1	1
delay	727416	B>A	Žirmūnai–Šilo tiltas–Saulėtekis	377	376	-2	Gedimino technikos universitetas	398.20001	-1.1	Žirmūnai	382.29999	21	Troleibusai	21	03	3-3114	402	400	0	0
delay	727416	A>B	Saulėtekis–Šilo tiltas–Žirmūnai	418	414	-4.9000001	Nemenčinės plentas	419.60001	-3.0999999	Šaltinėlio st.	438.79999	21	Troleibusai	21	03	3-3114	443	439	1	1
delay	727416	B>A	Žirmūnai–Šilo tiltas–Saulėtekis	454	444	-9.8999996	Šaltinėlio st.	445.39999	-0.2	Gedimino technikos universitetas	478.29999	21	Troleibusai	21	03	3-3114	481	480	1	1
delay	727416	A>B	Saulėtekis–Šilo tiltas–Žirmūnai	492	489	-2.5999999	Vilniaus universitetas	492.60001	1.5	Šaltinėlio st.	517.70001	21	Troleibusai	21	03	3-3114	517	518	0	0
delay	727416	B>A	Žirmūnai–Šilo tiltas–Saulėtekis	532	531	-1	Šaltinėlio st.	532.20001	2.8	Šiaurės miestelis	544	21	Troleibusai	21	03	3-3114	559	559	0	0
delay	727416	A>B	Saulėtekis–Šilo tiltas–Žirmūnai	571	571	0	Vilniaus universitetas	574.29999	2.9000001	Žirmūnai	593.40002	21	Troleibusai	21	03	3-3114	596	598	0	0
delay	727416	B>A	Žirmūnai–Šilo tiltas–Saulėtekis	857	856	-1.4	Kareivių st.	862.09998	0.89999998	Nemenčinės plentas	878.20001	21	Troleibusai	21	03	3-3114	884	884	0	0
delay	727416	A>B	Saulėtekis–Šilo tiltas–Žirmūnai	892	892	0	Vilniaus universitetas	895.20001	7.1999998	Šaltinėlio st.	923.40002	21	Troleibusai	21	03	3-3114	917	924	1	1
delay	727416	B>A	Žirmūnai–Šilo tiltas–Saulėtekis	924	926	1.5	Kareivių st.	931.90002	3	Tverečiaus st.	945	21	Troleibusai	21	03	3-3114	951	953	0	0
delay	727416	A>B	Saulėtekis–Šilo tiltas–Žirmūnai	960	960	0.1	Gedimino technikos universitetas	962.5	6.4000001	Šaltinėlio st.	991.5	21	Troleibusai	21	03	3-3114	986	992	1	1
delay	727416	B>A	Žirmūnai–Šilo tiltas–Saulėtekis	993	994	0.89999998	Šaltinėlio st.	995.09998	6.5999999	Tverečiaus st.	1017.5	21	Troleibusai	21	03	3-3114	1020	1025	1	1
delay	727416	A>B	Saulėtekis–Šilo tiltas–Žirmūnai	1029	1031	2.0999999	Gedimino technikos universitetas	1033.6	11.8	Kareivių st.	1062.1	21	Troleibusai	21	03	3-3114	1056	1067	1	1
delay	727416	B>A	Žirmūnai–Šilo tiltas–Saulėtekis	1064	1074	9	Žirmūnų seniūnija	1077.7	17.799999	Vilniaus universitetas	1106.3	21	Troleibusai	21	03	3-3114	1092	1109	1	1
delay	727372	A>B	Karoliniškės–Žvėrynas–Šeimyniškių g.	348	348	-2	Vinco Kudirkos aikštė	371.60001	0.1	Žvėrynas	360	3	Troleibusai	3	01	3-2801	382	382	0	0
delay	727372	B>A	Šeimyniškių g.–Žvėrynas–Karoliniškės	382	383	0.60000002	„Žalgirio“ stadionas	384.39999	2.0999999	Sietyno st.	410.89999	3	Troleibusai	3	01	3-2801	417	418	0	0
delay	727372	A>B	Karoliniškės–Žvėrynas–Šeimyniškių g.	423	425	1.7	Karaliaus Mindaugo tiltas	458.5	4	Liubarto tiltas	446.10001	3	Troleibusai	3	01	3-2801	464	464	1	0
delay	727372	B>A	Šeimyniškių g.–Žvėrynas–Karoliniškės	464	465	1.5	Šeimyniškių st.	465.70001	3.2	Latvių st.	486.70001	3	Troleibusai	3	01	3-2801	502	504	1	0
delay	727372	A>B	Karoliniškės–Žvėrynas–Šeimyniškių g.	513	519	5.1999998	Teodoro Narbuto st.	528.70001	8	Kalnų parkas	553.40002	3	Troleibusai	3	01	3-2801	551	558	1	1
delay	727372	B>A	Šeimyniškių g.–Žvėrynas–Karoliniškės	551	558	5.9000001	Vinco Kudirkos aikštė	566.70001	7.3000002	Šeimyniškių st.	558.29999	3	Troleibusai	3	01	3-2801	587	592	1	1
delay	727372	A>B	Karoliniškės–Žvėrynas–Šeimyniškių g.	627	628	0.80000001	Jokūbo Jasinskio st.	648.20001	2.9000001	Kalnų parkas	661.79999	3	Troleibusai	3	01	3-2801	664	667	0	0
delay	727372	B>A	Šeimyniškių g.–Žvėrynas–Karoliniškės	664	667	1.9	Žaliasis tiltas	672.70001	3.4000001	Šeimyniškių st.	667.40002	3	Troleibusai	3	01	3-2801	700	702	1	1
delay	727372	A>B	Karoliniškės–Žvėrynas–Šeimyniškių g.	714	719	4.5	Pamėnkalnio st.	741	7.8000002	Kalnų parkas	753.70001	3	Troleibusai	3	01	3-2801	751	759	1	1
delay	727372	B>A	Šeimyniškių g.–Žvėrynas–Karoliniškės	751	759	7	Žaliasis tiltas	765	9.5	Teodoro Narbuto st.	785.29999	3	Troleibusai	3	01	3-2801	787	795	1	1
delay	727372	A>B	Karoliniškės–Žvėrynas–Šeimyniškių g.	799	803	3.3	Jogailos st.	827.5	4.8000002	Latvių st.	819.09998	3	Troleibusai	3	01	3-2801	836	841	1	1
delay	727372	B>A	Šeimyniškių g.–Žvėrynas–Karoliniškės	836	841	3.4000001	Ugniagesių st.	871.79999	5	Šeimyniškių st.	841	3	Troleibusai	3	01	3-2801	872	875	1	1
delay	727372	A>B	Karoliniškės–Žvėrynas–Šeimyniškių g.	885	884	-0.2	Pasakų parkas	885.20001	2.7	Kalnų parkas	919.59998	3	Troleibusai	3	01	3-2801	922	925	0	0
delay	727372	B>A	Šeimyniškių g.–Žvėrynas–Karoliniškės	922	926	3.0999999	Vinco Kudirkos aikštė	934.79999	5.5999999	Latvių st.	946.79999	3	Troleibusai	3	01	3-2801	958	963	1	1
delay	727372	A>B	Karoliniškės–Žvėrynas–Šeimyniškių g.	970	971	1.2	Atminties st.	972.79999	4.5	Vinco Kudirkos aikštė	1001.1	3	Troleibusai	3	01	3-2801	1009	1013	1	1
delay	727372	B>A	Šeimyniškių g.–Žvėrynas–Karoliniškės	1009	1014	5.5	Šeimyniškių st.	1014.7	13.4	Laisvės prospektas	1053.9	3	Troleibusai	3	01	3-2801	1050	1062	1	1
delay	727372	A>B	Karoliniškės–Žvėrynas–Šeimyniškių g.	1064	1069	5.4000001	Atminties st.	1071	9.6999998	Šv. Petro ir Povilo bažnyčia	1110.2	3	Troleibusai	3	01	3-2801	1104	1114	1	1
delay	727372	B>A	Šeimyniškių g.–Žvėrynas–Karoliniškės	1104	1116	12.8	„Žalgirio“ stadionas	1118.9	16.6	Teodoro Narbuto st.	1148.2	3	Troleibusai	3	01	3-2801	1144	1159	1	1
delay	727372	A>B	Karoliniškės–Žvėrynas–Šeimyniškių g.	1181	1190	9.3999996	Jokūbo Jasinskio st.	1209.8	13	Kalnų parkas	1223.8	3	Troleibusai	3	01	3-2801	1216	1229	1	1
delay	727372	B>A	Šeimyniškių g.–Žvėrynas–Karoliniškės	1216	1229	12.9	„Žalgirio“ stadionas	1230.9	17.4	Latvių st.	1251.5	3	Troleibusai	3	01	3-2801	1251	1267	1	1
delay	727372	A>B	Karoliniškės–Žvėrynas–Šeimyniškių g.	1259	1272	12.2	Pamėnkalnio st.	1292.7	13.6	Kalnų parkas	1302.5	3	Troleibusai	3	01	3-2801	1294	1307	1	1
delay	727372	B>A	Šeimyniškių g.–Žvėrynas–Karoliniškės	1294	1307	12.2	Islandijos st.	1318.3	14.2	Atminties st.	1340.7	3	Troleibusai	3	01	3-2801	1329	1343	1	1
delay	727372	A>B	Karoliniškės–Žvėrynas–Šeimyniškių g.	1340	1352	11.8	Jokūbo Jasinskio st.	1371.1	13.2	Kalnų parkas	1383	3	Troleibusai	3	01	3-2801	1375	1388	1	1
delay	727372	B>A	Šeimyniškių g.–Žvėrynas–Karoliniškės	1375	1387	12.2	Islandijos st.	1399.3	13.3	Atminties st.	1420.8	3	Troleibusai	3	01	3-2801	1410	1423	1	1
delay	727502	A>B	Karoliniškės–Žvėrynas–Šeimyniškių g.	435	436	1.5	Atminties st.	438.20001	8.1999998	Vinco Kudirkos aikštė	470.89999	3	Troleibusai	3	02	3-1989	476	483	1	1
delay	727502	B>A	Šeimyniškių g.–Žvėrynas–Karoliniškės	476	484	8.3000002	Atminties st.	519.20001	9.3000002	Sietyno st.	513.40002	3	Troleibusai	3	02	3-1989	514	522	1	1
delay	727502	A>B	Karoliniškės–Žvėrynas–Šeimyniškių g.	528	534	5.9000001	Atminties st.	535.5	10.1	Šv. Petro ir Povilo bažnyčia	571.59998	3	Troleibusai	3	02	3-1989	565	575	1	1
delay	727502	B>A	Šeimyniškių g.–Žvėrynas–Karoliniškės	565	575	9.5	Atminties st.	608.09998	10.4	Šeimyniškių st.	575.40002	3	Troleibusai	3	02	3-1989	601	610	1	1
delay	727502	A>B	Karoliniškės–Žvėrynas–Šeimyniškių g.	934	937	2.0999999	Pamėnkalnio st.	958.5	4	Laisvės prospektas	945.5	3	Troleibusai	3	02	3-1989	973	975	1	1
delay	727502	B>A	Šeimyniškių g.–Žvėrynas–Karoliniškės	973	977	4	Šeimyniškių st.	977.09998	11.2	Sėlių st.	1006.8	3	Troleibusai	3	02	3-1989	1013	1022	1	1
delay	727502	A>B	Karoliniškės–Žvėrynas–Šeimyniškių g.	1024	1031	6.6999998	Atminties st.	1032.4	13.2	Šv. Petro ir Povilo bažnyčia	1073.8	3	Troleibusai	3	02	3-1989	1064	1077	1	1
delay	727502	B>A	Šeimyniškių g.–Žvėrynas–Karoliniškės	1064	1079	12.6	Ugniagesių st.	1112.8	16	Islandijos st.	1093.4	3	Troleibusai	3	02	3-1989	1105	1117	1	1
delay	727502	A>B	Karoliniškės–Žvėrynas–Šeimyniškių g.	1114	1128	13.2	Jokūbo Jasinskio st.	1147.6	18.4	Šv. Petro ir Povilo bažnyčia	1165.9	3	Troleibusai	3	02	3-1989	1151	1169	1	1
delay	727502	B>A	Šeimyniškių g.–Žvėrynas–Karoliniškės	1151	1171	20.200001	„Žalgirio“ stadionas	1173.2	22.299999	Vinco Kudirkos aikštė	1182	3	Troleibusai	3	02	3-1989	1187	1209	1	1
delay	727396	A>B	Karoliniškės–Žvėrynas–Šeimyniškių g.	384	368	-16.4	Pamėnkalnio st.	388.89999	-14.7	Kalnų parkas	399.10001	3	Troleibusai	3	03	3-1949	418	403	1	1
delay	727396	B>A	Šeimyniškių g.–Žvėrynas–Karoliniškės	418	403	-17.299999	Atminties st.	435.29999	-14	Šeimyniškių st.	404.20001	3	Troleibusai	3	03	3-1949	456	438	1	1
delay	727396	A>B	Karoliniškės–Žvėrynas–Šeimyniškių g.	472	452	-20	Atminties st.	453.60001	-10.7	Liubarto tiltas	479.39999	3	Troleibusai	3	03	3-1949	512	496	1	1
delay	727396	B>A	Šeimyniškių g.–Žvėrynas–Karoliniškės	512	497	-16.5	Ugniagesių st.	528.20001	-13.2	Pamėnkalnio st.	514.09998	3	Troleibusai	3	03	3-1949	548	531	1	1
delay	727396	A>B	Karoliniškės–Žvėrynas–Šeimyniškių g.	583	548	-35.299999	Ugniagesių st.	550.70001	-33.5	Kalnų parkas	581.40002	3	Troleibusai	3	03	3-1949	620	586	1	1
delay	727396	B>A	Šeimyniškių g.–Žvėrynas–Karoliniškės	620	585	-34	Šeimyniškių st.	586	-32.299999	Latvių st.	606.79999	3	Troleibusai	3	03	3-1949	656	623	1	1
delay	727396	A>B	Karoliniškės–Žvėrynas–Šeimyniškių g.	674	660	-14.5	Jokūbo Jasinskio st.	680	-12.5	Kalnų parkas	693.40002	3	Troleibusai	3	03	3-1949	711	698	1	1
delay	727396	B>A	Šeimyniškių g.–Žvėrynas–Karoliniškės	711	698	-14.6	Sietyno st.	724.20001	-13.2	Šeimyniškių st.	697.79999	3	Troleibusai	3	03	3-1949	747	732	1	1
delay	727396	A>B	Karoliniškės–Žvėrynas–Šeimyniškių g.	755	743	-12.6	Jokūbo Jasinskio st.	763	-9.3999996	Karaliaus Mindaugo tiltas	776.20001	3	Troleibusai	3	03	3-1949	792	782	1	1
delay	727396	B>A	Šeimyniškių g.–Žvėrynas–Karoliniškės	792	782	-11.1	Vinco Kudirkos aikštė	790.59998	-9.8000002	Latvių st.	801.29999	3	Troleibusai	3	03	3-1949	828	817	1	1
delay	727396	A>B	Karoliniškės–Žvėrynas–Šeimyniškių g.	839	825	-14.8	Jokūbo Jasinskio st.	844.70001	-13.4	Kalnų parkas	857.5	3	Troleibusai	3	03	3-1949	876	862	1	1
delay	727396	B>A	Šeimyniškių g.–Žvėrynas–Karoliniškės	876	863	-15.9	Ugniagesių st.	892.40002	-13	Šeimyniškių st.	863	3	Troleibusai	3	03	3-1949	912	896	1	1
delay	727396	A>B	Karoliniškės–Žvėrynas–Šeimyniškių g.	920	908	-11.7	Pamėnkalnio st.	930.79999	-10.2	Šv. Petro ir Povilo bažnyčia	943.40002	3	Troleibusai	3	03	3-1949	957	947	1	1
delay	727396	B>A	Šeimyniškių g.–Žvėrynas–Karoliniškės	957	948	-9.8999996	Vinco Kudirkos aikštė	957	-8.5	Teodoro Narbuto st.	974.29999	3	Troleibusai	3	03	3-1949	996	986	1	1
delay	727396	A>B	Karoliniškės–Žvėrynas–Šeimyniškių g.	1009	1088	1440	NULL	0	-1440	NULL	0	3	Troleibusai	3	03	3-1949	1049	1131	0	1
delay	727396	A>B	Karoliniškės–Žvėrynas–Šeimyniškių g.	1009	994	-15.6	Kalnų parkas	1027.8	-14.5	Laisvės prospektas	1002	3	Troleibusai	3	03	3-1949	1049	1032	1	1
delay	727396	B>A	Šeimyniškių g.–Žvėrynas–Karoliniškės	1049	1034	-14.2	Šeimyniškių st.	1034.8	-2.8	Latvių st.	1066.6	3	Troleibusai	3	03	3-1949	1090	1084	1	1
missed	662914	A>B	Karoliniškės–Žvėrynas–Šeimyniškių g.	1133	NULL	NULL	NULL	NULL	NULL	NULL	NULL	3	Troleibusai	3	03		1169	NULL	NULL	NULL
delay	727396	B>A	Šeimyniškių g.–Žvėrynas–Karoliniškės	1169	1132	-37	„Žalgirio“ stadionas	1134	-30.700001	Teodoro Narbuto st.	1163.1	3	Troleibusai	3	03	3-1949	1205	1174	1	1
delay	727396	A>B	Karoliniškės–Žvėrynas–Šeimyniškių g.	1219	1208	-12	Vinco Kudirkos aikštė	1232.7	-9.8999996	Žvėrynas	1221	3	Troleibusai	3	03	3-1949	1254	1243	1	1
delay	727396	B>A	Šeimyniškių g.–Žvėrynas–Karoliniškės	1254	1244	-10.2	Vinco Kudirkos aikštė	1252.6	-9.6000004	Latvių st.	1262.5	3	Troleibusai	3	03	3-1949	1289	1279	1	1
delay	727396	A>B	Karoliniškės–Žvėrynas–Šeimyniškių g.	1298	1298	-0.30000001	Karoliniškių poliklinika	1302.3	2.8	Kalnų parkas	1330.7	3	Troleibusai	3	03	3-1949	1333	1335	0	0
delay	727396	B>A	Šeimyniškių g.–Žvėrynas–Karoliniškės	1333	1416	1440	NULL	0	-1440	NULL	0	3	Troleibusai	3	03	3-1949	1368	1437	0	1
delay	727396	B>A	Šeimyniškių g.–Žvėrynas–Karoliniškės	1333	1336	0.40000001	Laisvės prospektas	1361	2.9000001	Šeimyniškių st.	1335.9	3	Troleibusai	3	03	3-1949	1368	1368	0	0
delay	727421	A>B	Karoliniškės–Žvėrynas–Šeimyniškių g.	368	393	23	Pamėnkalnio st.	412.5	25.700001	Kalnų parkas	423.60001	3	Troleibusai	3	04	3-2681	402	427	1	1
delay	727421	B>A	Šeimyniškių g.–Žvėrynas–Karoliniškės	402	349	-59.700001	Ugniagesių st.	374.60001	-52.700001	Šeimyniškių st.	349.29999	3	Troleibusai	3	04	3-2681	439	378	1	1
delay	727421	B>A	Šeimyniškių g.–Žvėrynas–Karoliniškės	402	429	27	Žaliasis tiltas	434.89999	31.5	Ugniagesių st.	465.79999	3	Troleibusai	3	04	3-2681	439	470	1	1
delay	727421	A>B	Karoliniškės–Žvėrynas–Šeimyniškių g.	453	476	21.4	Šv. Petro ir Povilo bažnyčia	511.20001	25.6	Latvių st.	495.10001	3	Troleibusai	3	04	3-2681	494	514	1	1
delay	727421	B>A	Šeimyniškių g.–Žvėrynas–Karoliniškės	494	514	19.799999	Atminties st.	548.70001	21.700001	Latvių st.	535.09998	3	Troleibusai	3	04	3-2681	532	552	1	1
delay	727421	A>B	Karoliniškės–Žvėrynas–Šeimyniškių g.	547	587	40	Atminties st.	588.59998	41.599998	Latvių st.	604	3	Troleibusai	3	04	3-2681	584	624	1	1
delay	727421	B>A	Šeimyniškių g.–Žvėrynas–Karoliniškės	584	625	38.400002	Ugniagesių st.	654.70001	41	Jokūbo Jasinskio st.	640.79999	3	Troleibusai	3	04	3-2681	620	658	1	1
delay	727421	A>B	Karoliniškės–Žvėrynas–Šeimyniškių g.	654	675	18.1	Jogailos st.	697.09998	21.1	Ugniagesių st.	678	3	Troleibusai	3	04	3-2681	691	709	1	1
delay	727421	B>A	Šeimyniškių g.–Žvėrynas–Karoliniškės	691	710	17	Laisvės prospektas	736.70001	19.4	Šeimyniškių st.	710.5	3	Troleibusai	3	04	3-2681	727	743	1	1
delay	727421	A>B	Karoliniškės–Žvėrynas–Šeimyniškių g.	736	759	21.299999	Šv. Petro ir Povilo bažnyčia	791	22.700001	Laisvės prospektas	766.29999	3	Troleibusai	3	04	3-2681	773	794	1	1
delay	727421	B>A	Šeimyniškių g.–Žvėrynas–Karoliniškės	773	795	21	Islandijos st.	807.20001	22.200001	Latvių st.	814.40002	3	Troleibusai	3	04	3-2681	809	830	1	1
delay	727421	A>B	Karoliniškės–Žvėrynas–Šeimyniškių g.	818	841	22.299999	Pamėnkalnio st.	862.79999	24.200001	Kalnų parkas	874.09998	3	Troleibusai	3	04	3-2681	855	879	1	1
delay	727421	B>A	Šeimyniškių g.–Žvėrynas–Karoliniškės	855	880	23.5	Islandijos st.	891.70001	25.200001	Atminties st.	913.70001	3	Troleibusai	3	04	3-2681	891	916	1	1
delay	727421	A>B	Karoliniškės–Žvėrynas–Šeimyniškių g.	903	923	20.700001	Pasakų parkas	924	24.9	Šv. Petro ir Povilo bažnyčia	961.40002	3	Troleibusai	3	04	3-2681	940	965	1	1
delay	727421	B>A	Šeimyniškių g.–Žvėrynas–Karoliniškės	940	967	27	„Žalgirio“ stadionas	968.90002	43.299999	Laisvės prospektas	1011.9	3	Troleibusai	3	04	3-2681	978	1021	1	1
delay	727421	A>B	Karoliniškės–Žvėrynas–Šeimyniškių g.	991	1021	29.4	Atminties st.	1022	38.799999	Šv. Petro ir Povilo bažnyčia	1066.3	3	Troleibusai	3	04	3-2681	1031	1070	1	1
delay	727421	B>A	Šeimyniškių g.–Žvėrynas–Karoliniškės	1031	1073	41.900002	„Žalgirio“ stadionas	1075	47.299999	Latvių st.	1098.7	3	Troleibusai	3	04	3-2681	1072	1116	1	1
delay	727421	A>B	Karoliniškės–Žvėrynas–Šeimyniškių g.	1088	1139	47	Kalnų parkas	1169.4	50.799999	Laisvės prospektas	1146.3	3	Troleibusai	3	04	3-2681	1128	1175	1	1
delay	727421	B>A	Šeimyniškių g.–Žvėrynas–Karoliniškės	1128	1177	49.099998	Žaliasis tiltas	1184.3	51.5	Karoliniškių poliklinika	1211.5	3	Troleibusai	3	04	3-2681	1165	1216	1	1
delay	727421	A>B	Karoliniškės–Žvėrynas–Šeimyniškių g.	1202	1222	18.4	Pamėnkalnio st.	1241.7	20.700001	Kalnų parkas	1252.6	3	Troleibusai	3	04	3-2681	1237	1257	1	1
delay	727421	B>A	Šeimyniškių g.–Žvėrynas–Karoliniškės	1237	1258	21.299999	„Žalgirio“ stadionas	1260.2	24.6	Atminties st.	1294	3	Troleibusai	3	04	3-2681	1272	1296	1	1
delay	727421	A>B	Karoliniškės–Žvėrynas–Šeimyniškių g.	1281	1307	24.6	Vinco Kudirkos aikštė	1331.3	26.5	Šv. Petro ir Povilo bažnyčia	1339	3	Troleibusai	3	04	3-2681	1316	1343	1	1
missed	662912	B>A	Šeimyniškių g.–Žvėrynas–Karoliniškės	1316	NULL	NULL	NULL	NULL	NULL	NULL	NULL	3	Troleibusai	3	04		1351	NULL	NULL	NULL
missed	662912	A>B	Karoliniškės–Žvėrynas–Šeimyniškių g.	1357	NULL	NULL	NULL	NULL	NULL	NULL	NULL	3	Troleibusai	3	04		1392	NULL	NULL	NULL
missed	662912	B>A	Šeimyniškių g.–Žvėrynas–Karoliniškės	1392	NULL	NULL	NULL	NULL	NULL	NULL	NULL	3	Troleibusai	3	04		1427	NULL	NULL	NULL
delay	727435	A>B	Karoliniškės–Žvėrynas–Šeimyniškių g.	407	408	0.80000001	Ugniagesių st.	410.79999	4.0999999	Žvėrynas	423	3	Troleibusai	3	05	3-2941	445	446	1	0
delay	727435	B>A	Šeimyniškių g.–Žvėrynas–Karoliniškės	445	450	2	Teodoro Narbuto st.	472.10001	5.6999998	Šeimyniškių st.	450.70001	3	Troleibusai	3	05	3-2941	483	485	1	1
delay	727435	A>B	Karoliniškės–Žvėrynas–Šeimyniškių g.	495	495	-0.40000001	Pasakų parkas	495	3.0999999	Vinco Kudirkos aikštė	525.29999	3	Troleibusai	3	05	3-2941	535	537	1	0
delay	727435	B>A	Šeimyniškių g.–Žvėrynas–Karoliniškės	535	538	1.2	Ugniagesių st.	568.79999	3.0999999	Šeimyniškių st.	538.09998	3	Troleibusai	3	05	3-2941	571	572	1	0
delay	727435	A>B	Karoliniškės–Žvėrynas–Šeimyniškių g.	611	609	-2.5	Pamėnkalnio st.	630.90002	-0.89999998	Laisvės prospektas	617.59998	3	Troleibusai	3	05	3-2941	648	646	0	0
delay	727435	B>A	Šeimyniškių g.–Žvėrynas–Karoliniškės	648	647	-3.8	Islandijos st.	657.40002	-1.3	Šeimyniškių st.	646.70001	3	Troleibusai	3	05	3-2941	684	681	1	0
delay	727435	A>B	Karoliniškės–Žvėrynas–Šeimyniškių g.	694	701	6.1999998	Jokūbo Jasinskio st.	720.5	9.6999998	Kalnų parkas	735.5	3	Troleibusai	3	05	3-2941	731	740	1	1
delay	727435	B>A	Šeimyniškių g.–Žvėrynas–Karoliniškės	731	741	9.3000002	Islandijos st.	753.40002	10.7	Latvių st.	760.90002	3	Troleibusai	3	05	3-2941	767	776	1	1
delay	727435	A>B	Karoliniškės–Žvėrynas–Šeimyniškių g.	777	784	7.1999998	Ugniagesių st.	787.20001	9.1999998	Kęstučio st.	803	3	Troleibusai	3	05	3-2941	814	823	1	1
delay	727435	B>A	Šeimyniškių g.–Žvėrynas–Karoliniškės	814	824	9.6000004	„Žalgirio“ stadionas	825.5	12.7	Ugniagesių st.	859	3	Troleibusai	3	05	3-2941	850	862	1	1
delay	727435	A>B	Karoliniškės–Žvėrynas–Šeimyniškių g.	862	868	5.8000002	Atminties st.	869.29999	7.5	Kalnų parkas	901.40002	3	Troleibusai	3	05	3-2941	899	906	1	1
delay	727435	B>A	Šeimyniškių g.–Žvėrynas–Karoliniškės	899	908	8.1000004	Vinco Kudirkos aikštė	916.90002	10.9	Latvių st.	929.09998	3	Troleibusai	3	05	3-2941	935	945	1	1
delay	727435	A>B	Karoliniškės–Žvėrynas–Šeimyniškių g.	953	953	0.30000001	Atminties st.	954.79999	3.0999999	Vinco Kudirkos aikštė	982.70001	3	Troleibusai	3	05	3-2941	992	995	1	0
delay	727435	B>A	Šeimyniškių g.–Žvėrynas–Karoliniškės	992	1001	9.3999996	„Žalgirio“ stadionas	1003.3	14.6	Sėlių st.	1029.3	3	Troleibusai	3	05	3-2941	1032	1045	1	1
delay	727435	A>B	Karoliniškės–Žvėrynas–Šeimyniškių g.	1042	1048	5.5999999	Kęstučio st.	1064.4	9.8999996	Šv. Petro ir Povilo bažnyčia	1088.4	3	Troleibusai	3	05	3-2941	1082	1092	1	1
delay	727435	B>A	Šeimyniškių g.–Žvėrynas–Karoliniškės	1082	1093	9	Ugniagesių st.	1127.1	11.3	Šeimyniškių st.	1093.3	3	Troleibusai	3	05	3-2941	1123	1131	1	1
delay	727435	A>B	Karoliniškės–Žvėrynas–Šeimyniškių g.	1160	1165	4.1999998	Jokūbo Jasinskio st.	1183.6	6.6999998	Kalnų parkas	1197.6	3	Troleibusai	3	05	3-2941	1196	1202	1	1
delay	727435	B>A	Šeimyniškių g.–Žvėrynas–Karoliniškės	1196	1203	7	„Žalgirio“ stadionas	1204.8	10.8	Teodoro Narbuto st.	1230.6	3	Troleibusai	3	05	3-2941	1231	1241	1	1
delay	727435	A>B	Karoliniškės–Žvėrynas–Šeimyniškių g.	1240	1247	6.5999999	Liubarto tiltas	1263.8	8.3000002	Kalnų parkas	1278.2	3	Troleibusai	3	05	3-2941	1275	1283	1	1
delay	727435	B>A	Šeimyniškių g.–Žvėrynas–Karoliniškės	1275	1283	7.4000001	Žaliasis tiltas	1288.2	9.1000004	Latvių st.	1302.2	3	Troleibusai	3	05	3-2941	1310	1318	1	1
delay	727338	A>B	Antakalnis–Centras–Žemieji Paneriai	302	300	-4.1999998	Savanorių prospektas	330.39999	-1.6	Antakalnis	302.60001	4	Troleibusai	4	01	3-3178	347	343	1	1
delay	727338	B>A	Žemieji Paneriai–Centras–Antakalnis	351	353	1	Simono Konarskio st.	370.79999	3.5999999	Vilkpėdės st.	363.89999	4	Troleibusai	4	01	3-3178	396	396	1	0
delay	727338	A>B	Antakalnis–Centras–Žemieji Paneriai	411	407	-8.5	Simono Konarskio st.	435.10001	-3.9000001	Antakalnis	409.29999	4	Troleibusai	4	01	3-3178	459	453	1	1
delay	727338	B>A	Žemieji Paneriai–Centras–Antakalnis	467	459	-9.5	Petro Vileišio st.	498.5	-5.6999998	Sausupio st.	464.70001	4	Troleibusai	4	01	3-3178	515	506	1	1
delay	727338	A>B	Antakalnis–Centras–Žemieji Paneriai	553	542	-10.6	Simono Konarskio st.	572.79999	-6.6999998	Šv. Petro ir Povilo bažnyčia	559	4	Troleibusai	4	01	3-3178	599	588	1	1
delay	727338	B>A	Žemieji Paneriai–Centras–Antakalnis	608	596	-13.6	Petro Vileišio st.	634.40002	-11.1	Vilkpėdės st.	606.29999	4	Troleibusai	4	01	3-3178	655	642	1	1
delay	727338	A>B	Antakalnis–Centras–Žemieji Paneriai	671	646	-25.299999	Vingis	677.40002	-23	Operos ir baleto teatras	670.40002	4	Troleibusai	4	01	3-3178	717	692	1	1
delay	727338	B>A	Žemieji Paneriai–Centras–Antakalnis	725	701	-26.200001	Kražių st.	726	-23.4	Sausupio st.	705	4	Troleibusai	4	01	3-3178	772	746	1	1
delay	727338	A>B	Antakalnis–Centras–Žemieji Paneriai	780	755	-27.299999	Simono Konarskio st.	783	-24.1	Šilo tiltas	764.40002	4	Troleibusai	4	01	3-3178	826	798	1	1
delay	727338	B>A	Žemieji Paneriai–Centras–Antakalnis	836	811	-27.1	Kalnų parkas	843.5	-24.6	Antakalnis	857.59998	4	Troleibusai	4	01	3-3178	883	858	1	1
delay	727338	A>B	Antakalnis–Centras–Žemieji Paneriai	891	865	-26.299999	Antakalnio žiedas	864.90002	-22.9	Pakalniškių st.	909	4	Troleibusai	4	01	3-3178	937	913	1	1
delay	727338	B>A	Žemieji Paneriai–Centras–Antakalnis	947	917	-31.200001	Savanorių prospektas	931.90002	-26.799999	Tverečiaus st.	967.09998	4	Troleibusai	4	01	3-3178	996	969	1	1
delay	727338	A>B	Antakalnis–Centras–Žemieji Paneriai	1003	976	-26.9	Antakalnio žiedas	976.20001	-11	Riovonys	1033.3	4	Troleibusai	4	01	3-3178	1051	1039	1	1
delay	727338	B>A	Žemieji Paneriai–Centras–Antakalnis	1059	1040	-19.200001	Valkininkų st.	1039.9	-10.5	Tverečiaus st.	1097.5	4	Troleibusai	4	01	3-3178	1110	1099	1	1
delay	727338	A>B	Antakalnis–Centras–Žemieji Paneriai	1147	1128	-19.200001	Antakalnio žiedas	1128	-15.5	Juozo Tumo-Vaižganto st.	1155.2	4	Troleibusai	4	01	3-3178	1192	1174	1	1
delay	727338	B>A	Žemieji Paneriai–Centras–Antakalnis	1199	1182	-17.6	Gerosios Vilties st.	1193.6	-15.3	Antakalnis	1225.3	4	Troleibusai	4	01	3-3178	1242	1226	1	1
delay	727338	A>B	Antakalnis–Centras–Žemieji Paneriai	1256	1237	-21.9	Vaduvos st.	1278	-19.1	Antakalnis	1239.2	4	Troleibusai	4	01	3-3178	1301	1278	1	1
delay	727338	B>A	Žemieji Paneriai–Centras–Antakalnis	1308	1289	-19.9	Gerosios Vilties st.	1300.4	-18.299999	Karaliaus Mindaugo tiltas	1318.8	4	Troleibusai	4	01	3-3178	1351	1331	1	1
delay	727492	A>B	Antakalnis–Centras–Žemieji Paneriai	398	411	13.3	Antakalnio žiedas	411.39999	15.7	Riovonys	452.10001	4	Troleibusai	4	02	3-2935	443	458	1	1
delay	727492	B>A	Žemieji Paneriai–Centras–Antakalnis	451	465	14	Valkininkų st.	465.10001	21.799999	Kalnų parkas	507.39999	4	Troleibusai	4	02	3-2935	499	520	1	1
delay	727492	A>B	Antakalnis–Centras–Žemieji Paneriai	509	526	16.4	Leono Sapiegos st.	537.40002	20.1	Riovonys	571.40002	4	Troleibusai	4	02	3-2935	558	577	1	1
delay	727492	B>A	Žemieji Paneriai–Centras–Antakalnis	565	585	17.6	Petro Vileišio st.	622.5	21	Vilkpėdės st.	595.40002	4	Troleibusai	4	02	3-2935	612	630	1	1
delay	727492	A>B	Antakalnis–Centras–Žemieji Paneriai	919	934	14.6	Antakalnis	935.79999	17.5	Riovonys	975.79999	4	Troleibusai	4	02	3-2935	965	981	1	1
delay	727492	B>A	Žemieji Paneriai–Centras–Antakalnis	974	990	16.299999	Valkininkų st.	990.5	24.6	Tverečiaus st.	1045.5	4	Troleibusai	4	02	3-2935	1023	1048	1	1
delay	727492	A>B	Antakalnis–Centras–Žemieji Paneriai	1034	1049	14.9	Antakalnio žiedas	1049.1	25.700001	Gerosios Vilties st.	1096.5	4	Troleibusai	4	02	3-2935	1082	1106	1	1
delay	727492	B>A	Žemieji Paneriai–Centras–Antakalnis	1088	1106	17.6	Savanorių prospektas	1121.2	21.200001	Antakalnis	1158.9	4	Troleibusai	4	02	3-2935	1139	1160	1	1
delay	727329	B>A	Žemieji Paneriai–Centras–Antakalnis	330	330	-2.4000001	Simono Konarskio st.	346.5	1	Kalnų parkas	363.39999	4	Troleibusai	4	03	3-10689	375	374	0	0
delay	727395	A>B	Antakalnis–Centras–Žemieji Paneriai	386	466	1440	NULL	0	-1440	NULL	0	4	Troleibusai	4	03	3-2575	431	524	0	1
delay	727395	A>B	Antakalnis–Centras–Žemieji Paneriai	386	358	-32.200001	Vingis	384.60001	-28.200001	Antakalnio žiedas	357.89999	4	Troleibusai	4	03	3-2575	431	399	1	1
delay	727477	A>B	Antakalnis–Centras–Žemieji Paneriai	386	391	3.9000001	Kalnų parkas	405.10001	6.4000001	Riovonys	430.70001	4	Troleibusai	4	03	3-2764	431	436	1	1
delay	727395	B>A	Žemieji Paneriai–Centras–Antakalnis	439	413	-28.5	Petro Vileišio st.	450.5	-25.9	Vilkpėdės st.	422.5	4	Troleibusai	4	03	3-2575	486	457	1	1
delay	727395	B>A	Žemieji Paneriai–Centras–Antakalnis	439	526	1440	NULL	0	-1440	NULL	0	4	Troleibusai	4	03	3-2575	486	570	0	1
delay	727477	B>A	Žemieji Paneriai–Centras–Antakalnis	439	439	0.2	Valkininkų st.	439.29999	13	Petro Vileišio st.	491.89999	4	Troleibusai	4	03	3-2764	486	498	1	1
delay	727477	A>B	Antakalnis–Centras–Žemieji Paneriai	532	518	-14.1	Antakalnio žiedas	518	-6.0999999	Juozo Tumo-Vaižganto st.	550.59998	4	Troleibusai	4	03	3-2764	578	570	1	1
delay	727477	B>A	Žemieji Paneriai–Centras–Antakalnis	586	573	-14.1	Savanorių prospektas	587.5	-12.3	Juozo Tumo-Vaižganto st.	598.79999	4	Troleibusai	4	03	3-2764	633	620	1	1
delay	727395	A>B	Antakalnis–Centras–Žemieji Paneriai	641	611	-30.1	Antakalnio žiedas	611	-26.4	Riovonys	653.90002	4	Troleibusai	4	03	3-2575	687	659	1	1
delay	727477	A>B	Antakalnis–Centras–Žemieji Paneriai	641	638	-3	Antakalnio žiedas	638.09998	2	Riovonys	682.29999	4	Troleibusai	4	03	3-2764	687	688	0	0
delay	727477	B>A	Žemieji Paneriai–Centras–Antakalnis	697	690	-8.3000002	Savanorių prospektas	704.29999	-6.5	Pakalniškių st.	696.59998	4	Troleibusai	4	03	3-2764	744	736	1	1
delay	727477	A>B	Antakalnis–Centras–Žemieji Paneriai	750	743	-6.5	Antakalnio žiedas	743.59998	-4.1999998	Šv. Petro ir Povilo bažnyčia	758.5	4	Troleibusai	4	03	3-2764	796	790	1	1
delay	727477	B>A	Žemieji Paneriai–Centras–Antakalnis	806	800	-8.8999996	Kalnų parkas	831.70001	-5.5	Pakalniškių st.	806.59998	4	Troleibusai	4	03	3-2764	853	846	1	1
delay	727477	A>B	Antakalnis–Centras–Žemieji Paneriai	859	853	-7.0999999	Simono Konarskio st.	882.29999	-4.5	Šv. Petro ir Povilo bažnyčia	867.20001	4	Troleibusai	4	03	3-2764	905	898	1	1
delay	727477	B>A	Žemieji Paneriai–Centras–Antakalnis	919	907	-12.5	Kalnų parkas	941.70001	-10.5	Baldai	913.40002	4	Troleibusai	4	03	3-2764	967	954	1	1
delay	727477	A>B	Antakalnis–Centras–Žemieji Paneriai	976	966	-10.6	Kalnų parkas	981.5	-5.4000001	Pakalniškių st.	1013.5	4	Troleibusai	4	03	3-2764	1024	1017	1	1
delay	727477	B>A	Žemieji Paneriai–Centras–Antakalnis	1035	1020	-16.5	Valkininkų st.	1018.7	-0.69999999	Šv. Petro ir Povilo bažnyčia	1073.6	4	Troleibusai	4	03	3-2764	1086	1084	1	1
delay	727477	A>B	Antakalnis–Centras–Žemieji Paneriai	1130	1116	-14.4	Kalnų parkas	1130.6	-11.4	Kražių st.	1140.4	4	Troleibusai	4	03	3-2764	1175	1163	1	1
delay	727477	B>A	Žemieji Paneriai–Centras–Antakalnis	1185	1169	-16.6	Operos ir baleto teatras	1194.4	-15	Mikalojaus Konstantino Čiurlionio st.	1188.7	4	Troleibusai	4	03	3-2764	1228	1212	1	1
delay	727477	A>B	Antakalnis–Centras–Žemieji Paneriai	1249	1221	-30.4	Simono Konarskio st.	1247.9	-27.700001	Antakalnis	1223.5	4	Troleibusai	4	03	3-2764	1294	1264	1	1
delay	727477	B>A	Žemieji Paneriai–Centras–Antakalnis	1301	1272	-30.6	Riovonys	1278.4	-28.700001	Juozo Tumo-Vaižganto st.	1294.3	4	Troleibusai	4	03	3-2764	1344	1314	1	1
delay	727428	A>B	Antakalnis–Centras–Žemieji Paneriai	360	362	-1.3	Vingis	389.5	1.7	Antakalnio žiedas	361.79999	4	Troleibusai	4	04M	3-10694	405	404	0	0
delay	727428	B>A	Žemieji Paneriai–Centras–Antakalnis	416	418	0.89999998	Petro Vileišio st.	456.89999	2.4000001	Sausupio st.	421.89999	4	Troleibusai	4	04M	3-10694	463	464	0	0
delay	727428	A>B	Antakalnis–Centras–Žemieji Paneriai	474	474	-0.1	Antakalnio žiedas	473.89999	13	Kražių st.	514.79999	4	Troleibusai	4	04M	3-10694	525	537	1	1
delay	727428	B>A	Žemieji Paneriai–Centras–Antakalnis	534	537	-2.5999999	Karaliaus Mindaugo tiltas	564.79999	4.4000001	Vilkpėdės st.	547.70001	4	Troleibusai	4	04M	3-10694	581	580	1	1
delay	727428	A>B	Antakalnis–Centras–Žemieji Paneriai	623	621	-1.9	Antakalnio žiedas	621.40002	0.40000001	Operos ir baleto teatras	644.20001	4	Troleibusai	4	04M	3-10694	669	667	0	0
delay	727428	B>A	Žemieji Paneriai–Centras–Antakalnis	675	672	-6.1999998	Petro Vileišio st.	708.79999	-2.3	Vilkpėdės st.	682	4	Troleibusai	4	04M	3-10694	722	716	1	1
delay	727428	A>B	Antakalnis–Centras–Žemieji Paneriai	728	725	-3.4000001	Simono Konarskio st.	755	-1.4	Petro Vileišio st.	736	4	Troleibusai	4	04M	3-10694	774	772	1	0
delay	727428	B>A	Žemieji Paneriai–Centras–Antakalnis	784	778	-7.5999999	Petro Vileišio st.	816.40002	-5.0999999	Vilkpėdės st.	788.29999	4	Troleibusai	4	04M	3-10694	831	824	1	1
delay	727428	A>B	Antakalnis–Centras–Žemieji Paneriai	841	836	-4.8000002	Antakalnio žiedas	836.40002	-0.5	Šv. Petro ir Povilo bažnyčia	853.20001	4	Troleibusai	4	04M	3-10694	887	882	1	1
delay	727428	B>A	Žemieji Paneriai–Centras–Antakalnis	897	894	-4.0999999	Petro Vileišio st.	933	-0.40000001	Vilkpėdės st.	906	4	Troleibusai	4	04M	3-10694	944	940	1	1
delay	727428	A>B	Antakalnis–Centras–Žemieji Paneriai	957	947	-12	Simono Konarskio st.	977.29999	-8.8000002	Petro Vileišio st.	957.59998	4	Troleibusai	4	04M	3-10694	1005	994	1	1
delay	727428	B>A	Žemieji Paneriai–Centras–Antakalnis	1016	1001	-14.9	Baldai	1006	-9.3999996	Karaliaus Mindaugo tiltas	1042	4	Troleibusai	4	04M	3-10694	1067	1055	1	1
delay	727428	A>B	Antakalnis–Centras–Žemieji Paneriai	1110	1063	-46.400002	Antakalnio žiedas	1063.8	-36	Mikalojaus Konstantino Čiurlionio st.	1104.3	4	Troleibusai	4	04M	3-10694	1158	1120	1	1
delay	727428	B>A	Žemieji Paneriai–Centras–Antakalnis	1166	1121	-46.799999	Riovonys	1127.3	-41.099998	Antakalnis	1167.5	4	Troleibusai	4	04M	3-10694	1210	1168	1	1
delay	727428	A>B	Antakalnis–Centras–Žemieji Paneriai	1219	1208	-11.7	Baldai	1248.9	-10.5	Kražių st.	1230.3	4	Troleibusai	4	04M	3-10694	1264	1252	1	1
delay	727428	A>B	Antakalnis–Centras–Žemieji Paneriai	1219	1319	1440	NULL	0	-1440	NULL	0	4	Troleibusai	4	04M	3-10694	1264	1361	0	1
delay	727428	B>A	Žemieji Paneriai–Centras–Antakalnis	1273	1259	-14.2	Valkininkų st.	1258.9	-12.9	Vingis	1275.7	4	Troleibusai	4	04M	3-10694	1316	1302	1	1
delay	727428	B>A	Žemieji Paneriai–Centras–Antakalnis	1273	1372	1440	NULL	0	-1440	NULL	0	4	Troleibusai	4	04M	3-10694	1316	1415	0	1
delay	727486	A>B	Antakalnis–Centras–Žemieji Paneriai	423	421	-1.8	Operos ir baleto teatras	445.20001	0.30000001	Šv. Petro ir Povilo bažnyčia	438	4	Troleibusai	4	05	3-2729	472	471	0	0
delay	727486	B>A	Žemieji Paneriai–Centras–Antakalnis	481	477	-3.9000001	Savanorių prospektas	492.60001	-0.1	Kalnų parkas	515.40002	4	Troleibusai	4	05	3-2729	529	527	1	1
delay	727486	A>B	Antakalnis–Centras–Žemieji Paneriai	541	536	-5.5999999	Baldai	577.90002	-3.5999999	Šv. Petro ir Povilo bažnyčia	550.09998	4	Troleibusai	4	05	3-2729	587	579	1	1
delay	727486	B>A	Žemieji Paneriai–Centras–Antakalnis	597	913	1440	NULL	0	-1440	NULL	0	4	Troleibusai	4	05	3-2729	644	960	0	1
delay	727486	A>B	Antakalnis–Centras–Žemieji Paneriai	930	971	40.799999	Antakalnio žiedas	970.90002	46.900002	Vilkpėdės st.	1015	4	Troleibusai	4	05	3-2729	976	1020	1	1
delay	727486	B>A	Žemieji Paneriai–Centras–Antakalnis	985	1026	40.900002	Valkininkų st.	1026	51.599998	Leono Sapiegos st.	1077.8	4	Troleibusai	4	05	3-2729	1035	1086	1	1
delay	727486	A>B	Antakalnis–Centras–Žemieji Paneriai	1050	1091	41.200001	Antakalnio žiedas	1091.4	47.400002	Operos ir baleto teatras	1120.2	4	Troleibusai	4	05	3-2729	1098	1143	1	1
delay	727486	B>A	Žemieji Paneriai–Centras–Antakalnis	1106	1146	34	Karaliaus Mindaugo tiltas	1174.9	41.099998	Vilkpėdės st.	1156.5	4	Troleibusai	4	05	3-2729	1155	1190	1	1
delay	727415	A>B	Antakalnis–Centras–Žemieji Paneriai	371	375	2.0999999	Simono Konarskio st.	402.5	4.0999999	Tverečiaus st.	378.10001	4	Troleibusai	4	06	3-3009	416	418	1	1
delay	727415	B>A	Žemieji Paneriai–Centras–Antakalnis	424	428	4.4000001	Savanorių prospektas	444.10001	12.9	Antakalnis	483.10001	4	Troleibusai	4	06	3-3009	471	484	1	1
delay	727415	A>B	Antakalnis–Centras–Žemieji Paneriai	483	485	1.9	Tverečiaus st.	487.89999	9.6999998	Operos ir baleto teatras	518.5	4	Troleibusai	4	06	3-3009	534	542	1	1
delay	727415	B>A	Žemieji Paneriai–Centras–Antakalnis	541	543	0.40000001	Simono Konarskio st.	560.40002	2.8	Riovonys	551.79999	4	Troleibusai	4	06	3-3009	587	588	0	0
delay	727415	A>B	Antakalnis–Centras–Žemieji Paneriai	633	628	-5.3000002	Simono Konarskio st.	658	-3.2	Riovonys	669.09998	4	Troleibusai	4	06	3-3009	679	675	1	1
delay	727415	B>A	Žemieji Paneriai–Centras–Antakalnis	686	681	-5.6999998	Pakalniškių st.	686.40002	-4	Simono Konarskio st.	700.90002	4	Troleibusai	4	06	3-3009	733	728	1	1
delay	727415	A>B	Antakalnis–Centras–Žemieji Paneriai	738	736	-2.9000001	Simono Konarskio st.	765.40002	-1.1	Šv. Petro ir Povilo bažnyčia	749.59998	4	Troleibusai	4	06	3-3009	784	781	0	0
delay	727415	B>A	Žemieji Paneriai–Centras–Antakalnis	793	790	-3.0999999	Savanorių prospektas	805.5	-1	Leono Sapiegos st.	830.09998	4	Troleibusai	4	06	3-3009	840	838	1	0
delay	727415	A>B	Antakalnis–Centras–Žemieji Paneriai	851	847	-7.5999999	Žemieji Paneriai	887.29999	-3.8	Šv. Petro ir Povilo bažnyčia	859.90002	4	Troleibusai	4	06	3-3009	897	889	1	1
delay	727415	B>A	Žemieji Paneriai–Centras–Antakalnis	912	902	-13	Savanorių prospektas	915.09998	-9.6999998	Šilo tiltas	944	4	Troleibusai	4	06	3-3009	960	949	1	1
delay	727415	A>B	Antakalnis–Centras–Žemieji Paneriai	968	958	-10.4	Vingis	991.40002	-8.8999996	Pakalniškių st.	1002.1	4	Troleibusai	4	06	3-3009	1016	1005	1	1
delay	727415	B>A	Žemieji Paneriai–Centras–Antakalnis	1028	1014	-14.4	Baldai	1018.5	-1.5	Tverečiaus st.	1075.4	4	Troleibusai	4	06	3-3009	1079	1077	1	1
delay	727415	A>B	Antakalnis–Centras–Žemieji Paneriai	1088	1078	-10.5	Karaliaus Mindaugo tiltas	1096.3	-4.1999998	Kražių st.	1108.6	4	Troleibusai	4	06	3-3009	1136	1129	1	1
delay	727415	B>A	Žemieji Paneriai–Centras–Antakalnis	1144	1138	-5.8000002	Baldai	1142.9	2.0999999	Šilo tiltas	1184	4	Troleibusai	4	06	3-3009	1188	1189	1	1
delay	727415	A>B	Antakalnis–Centras–Žemieji Paneriai	1229	1228	-2.3	Vingis	1257.3	-0.5	Kražių st.	1250.3	4	Troleibusai	4	06	3-3009	1274	1271	0	0
delay	727415	B>A	Žemieji Paneriai–Centras–Antakalnis	1281	1283	1.6	Gerosios Vilties st.	1294.9	4.5	Kalnų parkas	1315.8	4	Troleibusai	4	06	3-3009	1324	1327	1	0
delay	727415	A>B	Antakalnis–Centras–Žemieji Paneriai	1332	1333	-1.5	Žemieji Paneriai	1373.4	0.60000002	Operos ir baleto teatras	1352.4	4	Troleibusai	4	06	3-3009	1377	1375	0	0
delay	727415	B>A	Žemieji Paneriai–Centras–Antakalnis	1385	1385	-0.5	Sausupio st.	1388	1.6	Karaliaus Mindaugo tiltas	1415.7	4	Troleibusai	4	06	3-3009	1428	1427	0	0
missed	662927	A>B	Antakalnis–Centras–Žemieji Paneriai	378	NULL	NULL	NULL	NULL	NULL	NULL	NULL	4	Troleibusai	4	07		423	NULL	NULL	NULL
missed	662927	B>A	Žemieji Paneriai–Centras–Antakalnis	432	NULL	NULL	NULL	NULL	NULL	NULL	NULL	4	Troleibusai	4	07		479	NULL	NULL	NULL
delay	727509	A>B	Antakalnis–Centras–Žemieji Paneriai	491	446	-44.799999	Antakalnio žiedas	446.5	-32	Kražių st.	484.79999	4	Troleibusai	4	07	3-2604	540	506	1	1
delay	727509	A>B	Antakalnis–Centras–Žemieji Paneriai	491	559	1440	NULL	0	-1440	NULL	0	4	Troleibusai	4	07	3-2604	540	605	0	1
delay	727509	B>A	Žemieji Paneriai–Centras–Antakalnis	550	615	59.900002	Valkininkų st.	609.90002	56.099998	Valkininkų st.	606.09998	4	Troleibusai	4	07	3-2604	597	660	1	1
delay	727509	B>A	Žemieji Paneriai–Centras–Antakalnis	550	506	-44.200001	Kražių st.	532.5	-41.299999	Vilkpėdės st.	518.09998	4	Troleibusai	4	07	3-2604	597	554	1	1
delay	727509	A>B	Antakalnis–Centras–Žemieji Paneriai	906	952	45.799999	Vingis	983.5	47.700001	Šv. Petro ir Povilo bažnyčia	966.40002	4	Troleibusai	4	07	3-2604	952	999	1	1
delay	727509	B>A	Žemieji Paneriai–Centras–Antakalnis	960	1008	48.200001	Pakalniškių st.	1014.7	59.400002	Operos ir baleto teatras	1050.7	4	Troleibusai	4	07	3-2604	1009	1074	1	1
delay	727509	A>B	Antakalnis–Centras–Žemieji Paneriai	1019	1074	55.099998	Antakalnio žiedas	1074.4	56.299999	Šv. Petro ir Povilo bažnyčia	1089	4	Troleibusai	4	07	3-2604	1067	1129	1	1
delay	727509	B>A	Žemieji Paneriai–Centras–Antakalnis	1073	1130	49.200001	Kalnų parkas	1159.5	57.299999	Ūmėdžių st.	1131.3	4	Troleibusai	4	07	3-2604	1124	1176	1	1
delay	727350	A>B	Antakalnis–Centras–Žemieji Paneriai	312	313	-1.2	Vingis	341.60001	1.5	Šv. Petro ir Povilo bažnyčia	326.20001	4	Troleibusai	4	08	3-2677	357	356	0	0
delay	727350	B>A	Žemieji Paneriai–Centras–Antakalnis	363	363	-0.69999999	Petro Vileišio st.	400.20001	1.9	Vilkpėdės st.	374.29999	4	Troleibusai	4	08	3-2677	408	407	0	0
delay	727350	A>B	Antakalnis–Centras–Žemieji Paneriai	417	418	-0.1	Operos ir baleto teatras	440.79999	3.5	Riovonys	462.79999	4	Troleibusai	4	08	3-2677	466	468	1	0
delay	727350	B>A	Žemieji Paneriai–Centras–Antakalnis	474	472	-2.2	Valkininkų st.	472	1.5	Operos ir baleto teatras	504.70001	4	Troleibusai	4	08	3-2677	522	523	0	0
delay	727350	A>B	Antakalnis–Centras–Žemieji Paneriai	567	552	-14.6	Antakalnio žiedas	552.59998	-8.8999996	Riovonys	597.40002	4	Troleibusai	4	08	3-2677	613	603	1	1
delay	727350	B>A	Žemieji Paneriai–Centras–Antakalnis	622	604	-17.9	Savanorių prospektas	619.79999	-16.1	Juozo Tumo-Vaižganto st.	631	4	Troleibusai	4	08	3-2677	669	652	1	1
delay	727350	A>B	Antakalnis–Centras–Žemieji Paneriai	681	669	-12.4	Antakalnio žiedas	668.79999	-8.5	Žemieji Paneriai	716.29999	4	Troleibusai	4	08	3-2677	727	718	1	1
delay	727350	B>A	Žemieji Paneriai–Centras–Antakalnis	735	721	-14.7	Savanorių prospektas	735.79999	-13.4	Riovonys	729.5	4	Troleibusai	4	08	3-2677	782	768	1	1
delay	727350	A>B	Antakalnis–Centras–Žemieji Paneriai	789	776	-12.8	Antakalnio žiedas	776.40002	-10.6	Riovonys	817.70001	4	Troleibusai	4	08	3-2677	835	823	1	1
delay	727350	B>A	Žemieji Paneriai–Centras–Antakalnis	848	832	-16.6	Karaliaus Mindaugo tiltas	864.79999	-13.7	Sausupio st.	837.70001	4	Troleibusai	4	08	3-2677	895	880	1	1
delay	727350	A>B	Antakalnis–Centras–Žemieji Paneriai	900	888	-12.2	Antakalnio žiedas	888.09998	-10.2	Kražių st.	912.59998	4	Troleibusai	4	08	3-2677	946	935	1	1
delay	727350	B>A	Žemieji Paneriai–Centras–Antakalnis	953	941	-14.5	Kalnų parkas	975.20001	-10.7	Tverečiaus st.	989.29999	4	Troleibusai	4	08	3-2677	1002	991	1	1
delay	727350	A>B	Antakalnis–Centras–Žemieji Paneriai	1010	1000	-10.7	Antakalnio žiedas	999.40002	5.8000002	Gerosios Vilties st.	1052.6	4	Troleibusai	4	08	3-2677	1058	1061	1	1
delay	727350	B>A	Žemieji Paneriai–Centras–Antakalnis	1066	1064	-2.2	Baldai	1068.7	15.6	Klinikų st.	1129	4	Troleibusai	4	08	3-2677	1117	1132	1	1
missed	662923	A>B	Antakalnis–Centras–Žemieji Paneriai	1157	NULL	NULL	NULL	NULL	NULL	NULL	NULL	4	Troleibusai	4	08		1202	NULL	NULL	NULL
missed	662923	B>A	Žemieji Paneriai–Centras–Antakalnis	1212	NULL	NULL	NULL	NULL	NULL	NULL	NULL	4	Troleibusai	4	08		1255	NULL	NULL	NULL
delay	727350	A>B	Antakalnis–Centras–Žemieji Paneriai	1274	1253	-21.5	Leono Sapiegos st.	1263.7	-18.9	Gerosios Vilties st.	1288.9	4	Troleibusai	4	08	3-2677	1319	1298	1	1
delay	727350	B>A	Žemieji Paneriai–Centras–Antakalnis	1325	1313	-12.5	Riovonys	1320.5	-8.3999996	Kalnų parkas	1347	4	Troleibusai	4	08	3-2677	1368	1358	1	1
missed	662929	A>B	Antakalnis–Centras–Žemieji Paneriai	320	NULL	NULL	NULL	NULL	NULL	NULL	NULL	4	Troleibusai	4	09		365	NULL	NULL	NULL
missed	662929	B>A	Žemieji Paneriai–Centras–Antakalnis	375	NULL	NULL	NULL	NULL	NULL	NULL	NULL	4	Troleibusai	4	09		420	NULL	NULL	NULL
delay	727409	A>B	Antakalnis–Centras–Žemieji Paneriai	429	499	1440	NULL	0	-1440	NULL	0	4	Troleibusai	4	09	3-103	480	556	0	1
delay	727409	A>B	Antakalnis–Centras–Žemieji Paneriai	429	388	-44.200001	Operos ir baleto teatras	410.70001	-40.099998	Tverečiaus st.	391.89999	4	Troleibusai	4	09	3-103	480	436	1	1
delay	727409	B>A	Žemieji Paneriai–Centras–Antakalnis	487	439	-48.099998	Valkininkų st.	439	-36.400002	Leono Sapiegos st.	489.70001	4	Troleibusai	4	09	3-103	535	498	1	1
delay	727409	B>A	Žemieji Paneriai–Centras–Antakalnis	487	556	1440	NULL	0	-1440	NULL	0	4	Troleibusai	4	09	3-103	535	601	0	1
missed	662929	A>B	Antakalnis–Centras–Žemieji Paneriai	580	NULL	NULL	NULL	NULL	NULL	NULL	NULL	4	Troleibusai	4	09		626	NULL	NULL	NULL
missed	662929	B>A	Žemieji Paneriai–Centras–Antakalnis	633	NULL	NULL	NULL	NULL	NULL	NULL	NULL	4	Troleibusai	4	09		680	NULL	NULL	NULL
missed	662929	A>B	Antakalnis–Centras–Žemieji Paneriai	690	NULL	NULL	NULL	NULL	NULL	NULL	NULL	4	Troleibusai	4	09		736	NULL	NULL	NULL
missed	662929	B>A	Žemieji Paneriai–Centras–Antakalnis	745	NULL	NULL	NULL	NULL	NULL	NULL	NULL	4	Troleibusai	4	09		792	NULL	NULL	NULL
missed	662929	A>B	Antakalnis–Centras–Žemieji Paneriai	800	NULL	NULL	NULL	NULL	NULL	NULL	NULL	4	Troleibusai	4	09		846	NULL	NULL	NULL
missed	662929	B>A	Žemieji Paneriai–Centras–Antakalnis	856	NULL	NULL	NULL	NULL	NULL	NULL	NULL	4	Troleibusai	4	09		903	NULL	NULL	NULL
delay	727409	A>B	Antakalnis–Centras–Žemieji Paneriai	912	900	-12.5	Antakalnio žiedas	899.59998	-4.8000002	Žemieji Paneriai	951	4	Troleibusai	4	09	3-103	958	952	1	1
delay	727409	B>A	Žemieji Paneriai–Centras–Antakalnis	967	955	-11.9	Valkininkų st.	955.20001	-1.6	Antakalnis	1013.7	4	Troleibusai	4	09	3-103	1016	1014	1	1
delay	727409	A>B	Antakalnis–Centras–Žemieji Paneriai	1027	1016	-11.8	Antakalnio žiedas	1015.5	7.8000002	Riovonys	1076.1	4	Troleibusai	4	09	3-103	1075	1082	1	1
delay	727409	B>A	Žemieji Paneriai–Centras–Antakalnis	1080	1082	-1.5	Kražių st.	1106.8	11.5	Antakalnis	1141.3	4	Troleibusai	4	09	3-103	1131	1142	1	1
missed	662929	A>B	Antakalnis–Centras–Žemieji Paneriai	1172	NULL	NULL	NULL	NULL	NULL	NULL	NULL	4	Troleibusai	4	09		1217	NULL	NULL	NULL
missed	662929	B>A	Žemieji Paneriai–Centras–Antakalnis	1223	NULL	NULL	NULL	NULL	NULL	NULL	NULL	4	Troleibusai	4	09		1266	NULL	NULL	NULL
missed	662929	A>B	Antakalnis–Centras–Žemieji Paneriai	1284	NULL	NULL	NULL	NULL	NULL	NULL	NULL	4	Troleibusai	4	09		1329	NULL	NULL	NULL
missed	662929	B>A	Žemieji Paneriai–Centras–Antakalnis	1334	NULL	NULL	NULL	NULL	NULL	NULL	NULL	4	Troleibusai	4	09		1377	NULL	NULL	NULL
delay	727366	A>B	Antakalnis–Centras–Žemieji Paneriai	443	680	1440	NULL	0	-1440	NULL	0	4	Troleibusai	4	10	3-3132	496	730	0	1
delay	727366	A>B	Antakalnis–Centras–Žemieji Paneriai	443	574	1440	NULL	0	-1440	NULL	0	4	Troleibusai	4	10	3-3132	496	625	0	1
delay	727366	A>B	Antakalnis–Centras–Žemieji Paneriai	443	428	-17.9	Kražių st.	455.20001	-13.1	Šilo tiltas	438.39999	4	Troleibusai	4	10	3-3132	496	481	1	1
delay	727366	A>B	Antakalnis–Centras–Žemieji Paneriai	443	320	1440	NULL	0	-1440	NULL	0	4	Troleibusai	4	10	3-3132	496	363	0	1
delay	727366	A>B	Antakalnis–Centras–Žemieji Paneriai	443	893	1440	NULL	0	-1440	NULL	0	4	Troleibusai	4	10	3-3132	496	942	0	1
delay	727366	A>B	Antakalnis–Centras–Žemieji Paneriai	443	785	1440	NULL	0	-1440	NULL	0	4	Troleibusai	4	10	3-3132	496	833	0	1
delay	727366	B>A	Žemieji Paneriai–Centras–Antakalnis	504	370	1440	NULL	0	-1440	NULL	0	4	Troleibusai	4	10	3-3132	550	414	0	1
delay	727366	B>A	Žemieji Paneriai–Centras–Antakalnis	504	488	-16.299999	Valkininkų st.	487.79999	-10.6	Tverečiaus st.	537.20001	4	Troleibusai	4	10	3-3132	550	539	1	1
delay	727366	B>A	Žemieji Paneriai–Centras–Antakalnis	504	733	1440	NULL	0	-1440	NULL	0	4	Troleibusai	4	10	3-3132	550	784	0	1
delay	727366	B>A	Žemieji Paneriai–Centras–Antakalnis	504	627	1440	NULL	0	-1440	NULL	0	4	Troleibusai	4	10	3-3132	550	674	0	1
missed	662928	A>B1	Antakalnis–Centras–st.Žemieji Paneriai	558	NULL	NULL	NULL	NULL	NULL	NULL	NULL	4	Troleibusai	4	10		601	NULL	NULL	NULL
delay	727366	B>A	Žemieji Paneriai–Centras–Antakalnis	884	841	-43.700001	Savanorių prospektas	855.79999	-40.599998	Antakalnis	889.59998	4	Troleibusai	4	10	3-3132	931	890	1	1
delay	727366	A>B	Antakalnis–Centras–Žemieji Paneriai	943	1007	59.799999	Antakalnio žiedas	1002.8	57.799999	Antakalnio žiedas	1000.8	4	Troleibusai	4	10	3-3132	990	1066	1	1
delay	727366	B>A	Žemieji Paneriai–Centras–Antakalnis	1000	946	-54.200001	Kražių st.	974.79999	-49.700001	Antakalnis	999.59998	4	Troleibusai	4	10	3-3132	1050	1000	1	1
delay	727366	A>B	Antakalnis–Centras–Žemieji Paneriai	1067	1153	1440	NULL	0	-1440	NULL	0	4	Troleibusai	4	10	3-3132	1115	1200	0	1
delay	727366	A>B	Antakalnis–Centras–Žemieji Paneriai	1067	1267	1440	NULL	0	-1440	NULL	0	4	Troleibusai	4	10	3-3132	1115	1311	0	1
delay	727366	B>A	Žemieji Paneriai–Centras–Antakalnis	1123	1067	-56.099998	Baldai	1071.6	-35.200001	Tverečiaus st.	1131	4	Troleibusai	4	10	3-3132	1169	1133	1	1
delay	727366	B>A	Žemieji Paneriai–Centras–Antakalnis	1123	1208	1440	NULL	0	-1440	NULL	0	4	Troleibusai	4	10	3-3132	1169	1254	0	1
delay	727366	B>A	Žemieji Paneriai–Centras–Antakalnis	1123	1321	1440	NULL	0	-1440	NULL	0	4	Troleibusai	4	10	3-3132	1169	1364	0	1
delay	727468	A>B	Antakalnis–Centras–Žemieji Paneriai	392	395	2.2	Antakalnio žiedas	394.29999	5.5999999	Pakalniškių st.	437.60001	4	Troleibusai	4	11M	3-98	437	441	1	1
delay	727468	B>A	Žemieji Paneriai–Centras–Antakalnis	445	446	1.1	Valkininkų st.	446.20001	9	Leono Sapiegos st.	493.10001	4	Troleibusai	4	11M	3-98	493	501	1	1
delay	727468	A>B	Antakalnis–Centras–Žemieji Paneriai	502	502	0.30000001	Antakalnio žiedas	502.5	6.5999999	Operos ir baleto teatras	532.40002	4	Troleibusai	4	11M	3-98	551	556	1	1
delay	727468	B>A	Žemieji Paneriai–Centras–Antakalnis	558	559	-1.7	Šv. Petro ir Povilo bažnyčia	592.79999	2.2	Vilkpėdės st.	569.59998	4	Troleibusai	4	11M	3-98	605	604	0	0
missed	662920	A>B	Antakalnis–Centras–Žemieji Paneriai	651	NULL	NULL	NULL	NULL	NULL	NULL	NULL	4	Troleibusai	4	11M		697	NULL	NULL	NULL
missed	662920	B>A	Žemieji Paneriai–Centras–Antakalnis	705	NULL	NULL	NULL	NULL	NULL	NULL	NULL	4	Troleibusai	4	11M		752	NULL	NULL	NULL
missed	662920	A>B	Antakalnis–Centras–Žemieji Paneriai	761	NULL	NULL	NULL	NULL	NULL	NULL	NULL	4	Troleibusai	4	11M		807	NULL	NULL	NULL
missed	662920	B>A	Žemieji Paneriai–Centras–Antakalnis	816	NULL	NULL	NULL	NULL	NULL	NULL	NULL	4	Troleibusai	4	11M		863	NULL	NULL	NULL
delay	727468	A>B	Antakalnis–Centras–Žemieji Paneriai	870	915	44.099998	Antakalnio žiedas	915.09998	48.799999	Žemieji Paneriai	962.59998	4	Troleibusai	4	11M	3-98	916	964	1	1
delay	727468	B>A	Žemieji Paneriai–Centras–Antakalnis	928	968	40.299999	Valkininkų st.	968.5	51.900002	Antakalnis	1026.7	4	Troleibusai	4	11M	3-98	976	1027	1	1
delay	727468	A>B	Antakalnis–Centras–Žemieji Paneriai	986	1028	42.299999	Antakalnio žiedas	1028.5	56.200001	Mikalojaus Konstantino Čiurlionio st.	1072.5	4	Troleibusai	4	11M	3-98	1034	1089	1	1
delay	727468	B>A	Žemieji Paneriai–Centras–Antakalnis	1041	1089	42.900002	Kražių st.	1112.7	54.5	Klinikų st.	1142.8	4	Troleibusai	4	11M	3-98	1092	1146	1	1
missed	662920	A>B	Antakalnis–Centras–Žemieji Paneriai	1101	NULL	NULL	NULL	NULL	NULL	NULL	NULL	4	Troleibusai	4	11M		1149	NULL	NULL	NULL
missed	662920	B>A	Žemieji Paneriai–Centras–Antakalnis	1154	NULL	NULL	NULL	NULL	NULL	NULL	NULL	4	Troleibusai	4	11M		1198	NULL	NULL	NULL
missed	662920	A>B	Antakalnis–Centras–Žemieji Paneriai	1238	NULL	NULL	NULL	NULL	NULL	NULL	NULL	4	Troleibusai	4	11M		1283	NULL	NULL	NULL
missed	662920	B>A	Žemieji Paneriai–Centras–Antakalnis	1292	NULL	NULL	NULL	NULL	NULL	NULL	NULL	4	Troleibusai	4	11M		1335	NULL	NULL	NULL
missed	662920	A>B	Antakalnis–Centras–Žemieji Paneriai	1345	NULL	NULL	NULL	NULL	NULL	NULL	NULL	4	Troleibusai	4	11M		1390	NULL	NULL	NULL
delay	727371	A>B	Antakalnis–Centras–Žemieji Paneriai	330	327	-5.1999998	Vingis	355.5	-2.4000001	Tverečiaus st.	330.60001	4	Troleibusai	4	12	3-3071	375	370	1	1
delay	727371	B>A	Žemieji Paneriai–Centras–Antakalnis	386	378	-8	Valkininkų st.	378.10001	-5.9000001	Vilkpėdės st.	389.39999	4	Troleibusai	4	12	3-3071	431	423	1	1
delay	727371	A>B	Antakalnis–Centras–Žemieji Paneriai	437	433	-4	Operos ir baleto teatras	458.89999	-0.89999998	Petro Vileišio st.	445.79999	4	Troleibusai	4	12	3-3071	488	484	1	1
delay	727371	B>A	Žemieji Paneriai–Centras–Antakalnis	497	492	-5.4000001	Antakalnis	539	-2.9000001	Riovonys	502.10001	4	Troleibusai	4	12	3-3071	545	539	1	1
delay	727371	A>B	Antakalnis–Centras–Žemieji Paneriai	591	582	-11.1	Simono Konarskio st.	610.29999	-8.1999998	Petro Vileišio st.	592.20001	4	Troleibusai	4	12	3-3071	637	627	1	1
delay	727371	B>A	Žemieji Paneriai–Centras–Antakalnis	644	632	-13.4	Petro Vileišio st.	670.59998	-10.3	Vilkpėdės st.	643.09998	4	Troleibusai	4	12	3-3071	691	678	1	1
delay	727371	A>B	Antakalnis–Centras–Žemieji Paneriai	701	687	-17	Simono Konarskio st.	714.29999	-13.9	Baldai	729.59998	4	Troleibusai	4	12	3-3071	747	732	1	1
delay	727371	B>A	Žemieji Paneriai–Centras–Antakalnis	755	738	-19.6	Šv. Petro ir Povilo bažnyčia	771.90002	-16.700001	Sausupio st.	741.70001	4	Troleibusai	4	12	3-3071	802	784	1	1
delay	727371	A>B	Antakalnis–Centras–Žemieji Paneriai	811	794	-19.1	Žemieji Paneriai	835.79999	-16.6	Karaliaus Mindaugo tiltas	812.09998	4	Troleibusai	4	12	3-3071	857	837	1	1
delay	727371	B>A	Žemieji Paneriai–Centras–Antakalnis	868	850	-20.700001	Kalnų parkas	881.90002	-17.299999	Sausupio st.	854.09998	4	Troleibusai	4	12	3-3071	915	896	1	1
delay	727371	A>B	Antakalnis–Centras–Žemieji Paneriai	925	906	-18.6	Antakalnio žiedas	906.5	-14	Pakalniškių st.	952	4	Troleibusai	4	12	3-3071	971	956	1	1
delay	727371	B>A	Žemieji Paneriai–Centras–Antakalnis	979	962	-17.9	Kražių st.	990.29999	-13.5	Antakalnis	1013.8	4	Troleibusai	4	12	3-3071	1028	1014	1	1
missed	662918	A>B	Antakalnis–Centras–Žemieji Paneriai	1043	NULL	NULL	NULL	NULL	NULL	NULL	NULL	4	Troleibusai	4	12		1091	NULL	NULL	NULL
delay	727371	B>A	Žemieji Paneriai–Centras–Antakalnis	1097	1094	-18.5	Kražių st.	1106.8	-5.3000002	Klinikų st.	1138.4	4	Troleibusai	4	12	3-3071	1148	1142	1	1
delay	727371	A>B	Antakalnis–Centras–Žemieji Paneriai	1186	1162	-25.9	Vaduvos st.	1204	-22.9	Karaliaus Mindaugo tiltas	1179.8	4	Troleibusai	4	12	3-3071	1231	1205	1	1
delay	727371	B>A	Žemieji Paneriai–Centras–Antakalnis	1237	1218	-18.700001	Simono Konarskio st.	1235.2	-16.4	Karaliaus Mindaugo tiltas	1249.7	4	Troleibusai	4	12	3-3071	1280	1262	1	1
delay	727371	A>B	Antakalnis–Centras–Žemieji Paneriai	1293	1276	-19.5	Vaduvos st.	1317.4	-15.9	Karaliaus Mindaugo tiltas	1293.8	4	Troleibusai	4	12	3-3071	1338	1318	1	1
delay	727371	B>A	Žemieji Paneriai–Centras–Antakalnis	1350	1329	-21.6	Gerosios Vilties st.	1340.6	-19.1	Juozo Tumo-Vaižganto st.	1352.8	4	Troleibusai	4	12	3-3071	1393	1371	1	1
delay	727393	A>B	Antakalnis–Centras–Žemieji Paneriai	337	335	-6.4000001	Savanorių prospektas	363.29999	-1.4	Tverečiaus st.	338.60001	4	Troleibusai	4	13	3-2624	382	377	1	1
delay	727393	B>A	Žemieji Paneriai–Centras–Antakalnis	392	386	-7	Šilo tiltas	425	-4.8000002	Juozo Tumo-Vaižganto st.	411.10001	4	Troleibusai	4	13	3-2624	438	431	1	1
delay	727393	A>B	Antakalnis–Centras–Žemieji Paneriai	449	591	1440	NULL	0	-1440	NULL	0	4	Troleibusai	4	13	3-2624	502	636	0	1
delay	727393	A>B	Antakalnis–Centras–Žemieji Paneriai	449	699	1440	NULL	0	-1440	NULL	0	4	Troleibusai	4	13	3-2624	502	743	0	1
delay	727393	A>B	Antakalnis–Centras–Žemieji Paneriai	449	439	-10	Antakalnio žiedas	439.20001	-2.2	Šv. Petro ir Povilo bažnyčia	461.5	4	Troleibusai	4	13	3-2624	502	495	1	1
delay	727393	A>B	Antakalnis–Centras–Žemieji Paneriai	449	806	1440	NULL	0	-1440	NULL	0	4	Troleibusai	4	13	3-2624	502	855	0	1
delay	727393	B>A	Žemieji Paneriai–Centras–Antakalnis	510	500	-11.5	Antakalnis	544.79999	-8	Vilkpėdės st.	511.29999	4	Troleibusai	4	13	3-2624	557	545	1	1
delay	727393	B>A	Žemieji Paneriai–Centras–Antakalnis	510	750	1440	NULL	0	-1440	NULL	0	4	Troleibusai	4	13	3-2624	557	797	0	1
delay	727393	B>A	Žemieji Paneriai–Centras–Antakalnis	510	644	1440	NULL	0	-1440	NULL	0	4	Troleibusai	4	13	3-2624	557	692	0	1
missed	662919	A>B1	Antakalnis–Centras–st.Žemieji Paneriai	573	NULL	NULL	NULL	NULL	NULL	NULL	NULL	4	Troleibusai	4	13		616	NULL	NULL	NULL
delay	727393	B>A	Žemieji Paneriai–Centras–Antakalnis	906	863	-43.400002	Valkininkų st.	862.70001	-39.200001	Antakalnis	913.59998	4	Troleibusai	4	13	3-2624	954	914	1	1
delay	727393	A>B	Antakalnis–Centras–Žemieji Paneriai	963	921	-42.400002	Antakalnio žiedas	920.59998	-38	Žemieji Paneriai	970.79999	4	Troleibusai	4	13	3-2624	1011	973	1	1
delay	727393	A>B	Antakalnis–Centras–Žemieji Paneriai	963	1286	1440	NULL	0	-1440	NULL	0	4	Troleibusai	4	13	3-2624	1011	1332	0	1
delay	727393	A>B	Antakalnis–Centras–Žemieji Paneriai	963	1174	1440	NULL	0	-1440	NULL	0	4	Troleibusai	4	13	3-2624	1011	1223	0	1
delay	727393	A>B	Antakalnis–Centras–Žemieji Paneriai	963	1034	1440	NULL	0	-1440	NULL	0	4	Troleibusai	4	13	3-2624	1011	1095	0	1
delay	727393	B>A	Žemieji Paneriai–Centras–Antakalnis	1022	974	-48.099998	Valkininkų st.	974.09998	-40.799999	Antakalnis	1031.5	4	Troleibusai	4	13	3-2624	1073	1032	1	1
delay	727393	B>A	Žemieji Paneriai–Centras–Antakalnis	1022	1096	1440	NULL	0	-1440	NULL	0	4	Troleibusai	4	13	3-2624	1073	1150	0	1
delay	727393	B>A	Žemieji Paneriai–Centras–Antakalnis	1022	1226	1440	NULL	0	-1440	NULL	0	4	Troleibusai	4	13	3-2624	1073	1272	0	1
delay	727393	B>A	Žemieji Paneriai–Centras–Antakalnis	1022	1341	1440	NULL	0	-1440	NULL	0	4	Troleibusai	4	13	3-2624	1073	1382	0	1
delay	727437	A>B	Antakalnis–Centras–Žemieji Paneriai	345	344	-4.8000002	Vilkpėdės st.	377.29999	-1	Tverečiaus st.	347	4	Troleibusai	4	14Ž	3-2574	390	385	1	1
delay	727437	B>A	Žemieji Paneriai–Centras–Antakalnis	400	393	-6.6999998	Šv. Petro ir Povilo bažnyčia	429.60001	-4.6999998	Vilkpėdės st.	404.60001	4	Troleibusai	4	14Ž	3-2574	447	440	1	1
delay	727437	A>B	Antakalnis–Centras–Žemieji Paneriai	457	456	-1.3	Antakalnio žiedas	455.89999	11.5	Operos ir baleto teatras	494.29999	4	Troleibusai	4	14Ž	3-2574	510	519	1	1
delay	727437	B>A	Žemieji Paneriai–Centras–Antakalnis	518	520	1.2	Vingis	536.90002	4.0999999	Riovonys	530.09998	4	Troleibusai	4	14Ž	3-2574	565	568	1	0
delay	727437	A>B	Antakalnis–Centras–Žemieji Paneriai	604	569	-34.799999	Antakalnio žiedas	569.29999	-29.200001	Šv. Petro ir Povilo bažnyčia	587.5	4	Troleibusai	4	14Ž	3-2574	650	616	1	1
missed	662916	B>A	Žemieji Paneriai–Centras–Antakalnis	657	NULL	NULL	NULL	NULL	NULL	NULL	NULL	4	Troleibusai	4	14Ž		704	NULL	NULL	NULL
missed	662916	A>B	Antakalnis–Centras–Žemieji Paneriai	712	NULL	NULL	NULL	NULL	NULL	NULL	NULL	4	Troleibusai	4	14Ž		758	NULL	NULL	NULL
missed	662916	B>A	Žemieji Paneriai–Centras–Antakalnis	765	NULL	NULL	NULL	NULL	NULL	NULL	NULL	4	Troleibusai	4	14Ž		812	NULL	NULL	NULL
missed	662916	A>B	Antakalnis–Centras–Žemieji Paneriai	820	NULL	NULL	NULL	NULL	NULL	NULL	NULL	4	Troleibusai	4	14Ž		866	NULL	NULL	NULL
delay	727437	B>A	Žemieji Paneriai–Centras–Antakalnis	876	926	49.200001	Savanorių prospektas	940.79999	56.599998	Tverečiaus st.	977.40002	4	Troleibusai	4	14Ž	3-2574	923	979	1	1
delay	727437	A>B	Antakalnis–Centras–Žemieji Paneriai	936	986	50	Antakalnio žiedas	986.5	57.5	Šv. Petro ir Povilo bažnyčia	1006.3	4	Troleibusai	4	14Ž	3-2574	982	1052	1	1
missed	662916	B>A	Žemieji Paneriai–Centras–Antakalnis	993	NULL	NULL	NULL	NULL	NULL	NULL	NULL	4	Troleibusai	4	14Ž		1043	NULL	NULL	NULL
missed	662916	A>B	Antakalnis–Centras–Žemieji Paneriai	1058	NULL	NULL	NULL	NULL	NULL	NULL	NULL	4	Troleibusai	4	14Ž		1106	NULL	NULL	NULL
delay	727437	B>A	Žemieji Paneriai–Centras–Antakalnis	1114	1055	-58.299999	Sausupio st.	1059.1	-40.400002	Tverečiaus st.	1119	4	Troleibusai	4	14Ž	3-2574	1162	1121	1	1
missed	662916	A>B	Antakalnis–Centras–Žemieji Paneriai	1198	NULL	NULL	NULL	NULL	NULL	NULL	NULL	4	Troleibusai	4	14Ž		1243	NULL	NULL	NULL
missed	662916	B>A	Žemieji Paneriai–Centras–Antakalnis	1249	NULL	NULL	NULL	NULL	NULL	NULL	NULL	4	Troleibusai	4	14Ž		1292	NULL	NULL	NULL
missed	662916	A>B	Antakalnis–Centras–Žemieji Paneriai	1306	NULL	NULL	NULL	NULL	NULL	NULL	NULL	4	Troleibusai	4	14Ž		1351	NULL	NULL	NULL
missed	662916	B>A	Žemieji Paneriai–Centras–Antakalnis	1361	NULL	NULL	NULL	NULL	NULL	NULL	NULL	4	Troleibusai	4	14Ž		1404	NULL	NULL	NULL
delay	727417	A>B	Antakalnis–Centras–Žemieji Paneriai	406	351	-59.700001	Operos ir baleto teatras	368.20001	-55	Antakalnis	353.20001	4	Troleibusai	4	15	3-10382	453	391	1	1
delay	727417	B>A	Žemieji Paneriai–Centras–Antakalnis	459	521	1440	NULL	0	-1440	NULL	0	4	Troleibusai	4	15	3-10382	507	570	0	1
delay	727417	B>A	Žemieji Paneriai–Centras–Antakalnis	459	403	-58.900002	Petro Vileišio st.	441.10001	-55.099998	Vilkpėdės st.	413.29999	4	Troleibusai	4	15	3-10382	507	448	1	1
delay	727417	A>B	Antakalnis–Centras–Žemieji Paneriai	516	602	1440	NULL	0	-1440	NULL	0	4	Troleibusai	4	15	3-10382	565	650	0	1
delay	727417	A>B	Antakalnis–Centras–Žemieji Paneriai	516	461	-54.5	Antakalnio žiedas	461.70001	-43	Žemieji Paneriai	519.79999	4	Troleibusai	4	15	3-10382	565	521	1	1
delay	727417	B>A	Žemieji Paneriai–Centras–Antakalnis	577	655	1440	NULL	0	-1440	NULL	0	4	Troleibusai	4	15	3-10382	624	700	0	1
delay	727417	A>B	Antakalnis–Centras–Žemieji Paneriai	663	707	41.799999	Simono Konarskio st.	735.20001	44.700001	Šv. Petro ir Povilo bažnyčia	720.40002	4	Troleibusai	4	15	3-10382	709	753	1	1
delay	727417	B>A	Žemieji Paneriai–Centras–Antakalnis	717	763	43.5	Petro Vileišio st.	800.5	47.299999	Vilkpėdės st.	773.59998	4	Troleibusai	4	15	3-10382	764	808	1	1
delay	727417	A>B	Antakalnis–Centras–Žemieji Paneriai	770	816	45.700001	Simono Konarskio st.	846.09998	48.400002	Karaliaus Mindaugo tiltas	836.09998	4	Troleibusai	4	15	3-10382	816	861	1	1
delay	727417	B>A	Žemieji Paneriai–Centras–Antakalnis	827	872	42.200001	Kalnų parkas	903.79999	47.200001	Vilkpėdės st.	883.59998	4	Troleibusai	4	15	3-10382	874	918	1	1
delay	727417	A>B	Antakalnis–Centras–Žemieji Paneriai	882	927	43.400002	Simono Konarskio st.	955.70001	46.400002	Šv. Petro ir Povilo bažnyčia	941.09998	4	Troleibusai	4	15	3-10382	928	972	1	1
delay	727417	B>A	Žemieji Paneriai–Centras–Antakalnis	938	981	42.700001	Baldai	985.59998	51.900002	Antakalnis	1037.7	4	Troleibusai	4	15	3-10382	987	1038	1	1
delay	727417	A>B	Antakalnis–Centras–Žemieji Paneriai	996	1041	44.5	Kalnų parkas	1056.7	56.099998	Operos ir baleto teatras	1074.9	4	Troleibusai	4	15	3-10382	1044	1097	1	1
delay	727417	B>A	Žemieji Paneriai–Centras–Antakalnis	1051	1098	41.599998	Kalnų parkas	1129.8	47.799999	Antakalnis	1149.1	4	Troleibusai	4	15	3-10382	1102	1150	1	1
delay	727417	A>B	Antakalnis–Centras–Žemieji Paneriai	1122	1188	59.799999	Vaduvos st.	1227.1	60	Žemieji Paneriai	1226.2	4	Troleibusai	4	15	3-10382	1168	1227	1	1
delay	727417	B>A	Žemieji Paneriai–Centras–Antakalnis	1175	1239	59.900002	Valkininkų st.	1234.9	52.900002	Valkininkų st.	1227.9	4	Troleibusai	4	15	3-10382	1219	1281	1	1
delay	727417	A>B	Antakalnis–Centras–Žemieji Paneriai	1263	1297	28.5	Vaduvos st.	1335.4	34.200001	Antakalnis	1299.4	4	Troleibusai	4	15	3-10382	1308	1336	1	1
delay	727417	B>A	Žemieji Paneriai–Centras–Antakalnis	1315	1351	33.5	Petro Vileišio st.	1384.4	35.900002	Baldai	1355.6	4	Troleibusai	4	15	3-10382	1358	1391	1	1
missed	662917	A>B	Antakalnis–Centras–Žemieji Paneriai	1363	NULL	NULL	NULL	NULL	NULL	NULL	NULL	4	Troleibusai	4	15		1408	NULL	NULL	NULL
delay	727475	A>B	Antakalnis–Centras–Žemieji Paneriai	352	399	46.900002	Petro Vileišio st.	408.29999	48.099998	Operos ir baleto teatras	419.89999	4	Troleibusai	4	16	3-729	397	444	1	1
delay	727475	B>A	Žemieji Paneriai–Centras–Antakalnis	409	451	42.599998	Valkininkų st.	451.70001	46.799999	Leono Sapiegos st.	493.89999	4	Troleibusai	4	16	3-729	456	502	1	1
delay	727475	A>B	Antakalnis–Centras–Žemieji Paneriai	464	508	39.599998	Vilkpėdės st.	548.79999	44.599998	Operos ir baleto teatras	534.40002	4	Troleibusai	4	16	3-729	517	556	1	1
delay	727475	B>A	Žemieji Paneriai–Centras–Antakalnis	523	565	39.400002	Šv. Petro ir Povilo bažnyčia	598.90002	42.400002	Pakalniškių st.	571.5	4	Troleibusai	4	16	3-729	570	610	1	1
delay	727475	A>B	Antakalnis–Centras–Žemieji Paneriai	613	656	41	Simono Konarskio st.	684.29999	43.299999	Petro Vileišio st.	665.70001	4	Troleibusai	4	16	3-729	659	701	1	1
delay	727475	B>A	Žemieji Paneriai–Centras–Antakalnis	666	713	45	Savanorių prospektas	726.59998	47	Sausupio st.	716.5	4	Troleibusai	4	16	3-729	713	758	1	1
delay	727475	A>B	Antakalnis–Centras–Žemieji Paneriai	719	765	44.400002	Vaduvos st.	808.20001	47.700001	Šv. Petro ir Povilo bažnyčia	779.40002	4	Troleibusai	4	16	3-729	765	809	1	1
delay	727475	B>A	Žemieji Paneriai–Centras–Antakalnis	774	819	43.099998	Šv. Petro ir Povilo bažnyčia	853.5	45.200001	Riovonys	827.09998	4	Troleibusai	4	16	3-729	821	864	1	1
delay	727475	A>B	Antakalnis–Centras–Žemieji Paneriai	831	876	44.799999	Klinikų st.	881.59998	47.700001	Pakalniškių st.	919.70001	4	Troleibusai	4	16	3-729	877	924	1	1
delay	727475	B>A	Žemieji Paneriai–Centras–Antakalnis	890	932	41.700001	Savanorių prospektas	947.20001	46.599998	Tverečiaus st.	981.40002	4	Troleibusai	4	16	3-729	937	983	1	1
delay	727475	A>B	Antakalnis–Centras–Žemieji Paneriai	949	992	43.400002	Antakalnio žiedas	992.59998	58.599998	Savanorių prospektas	1043.2	4	Troleibusai	4	16	3-729	997	1058	1	1
delay	727475	B>A	Žemieji Paneriai–Centras–Antakalnis	1006	1059	50.799999	Juozo Tumo-Vaižganto st.	1084.2	58.900002	Petro Vileišio st.	1107.9	4	Troleibusai	4	16	3-729	1056	1121	1	1
delay	727475	A>B	Antakalnis–Centras–Žemieji Paneriai	1076	1122	40.700001	Vaduvos st.	1163.5	45.799999	Šilo tiltas	1130.3	4	Troleibusai	4	16	3-729	1124	1164	1	1
delay	727475	B>A	Žemieji Paneriai–Centras–Antakalnis	1131	1164	28.5	Operos ir baleto teatras	1186.7	33.400002	Valkininkų st.	1164.4	4	Troleibusai	4	16	3-729	1175	1204	1	1
delay	727475	A>B	Antakalnis–Centras–Žemieji Paneriai	1211	1249	37.900002	Antakalnio žiedas	1249	41	Gerosios Vilties st.	1285.8	4	Troleibusai	4	16	3-729	1256	1295	1	1
delay	727475	B>A	Žemieji Paneriai–Centras–Antakalnis	1262	1301	38.099998	Gerosios Vilties st.	1312.4	40	Kalnų parkas	1332.3	4	Troleibusai	4	16	3-729	1305	1343	1	1
delay	727475	A>B	Antakalnis–Centras–Žemieji Paneriai	1316	1358	40.099998	Vaduvos st.	1400	42.799999	Šv. Petro ir Povilo bažnyčia	1371.5	4	Troleibusai	4	16	3-729	1361	1401	1	1
delay	727475	B>A	Žemieji Paneriai–Centras–Antakalnis	1372	1409	36.099998	Klinikų st.	1446.7	38.200001	Kalnų parkas	1440.5	4	Troleibusai	4	16	3-729	1415	1446	1	1
delay	727521	B>A	Žemieji Paneriai–Centras–Antakalnis	NULL	1253	NULL	NULL	NULL	NULL	NULL	NULL	4	Troleibusai	4	17	3-82	NULL	1298	0	0
delay	727521	A>B	Antakalnis–Centras–Žemieji Paneriai	NULL	1195	NULL	NULL	NULL	NULL	NULL	NULL	4	Troleibusai	4	17	3-82	NULL	1240	0	0
delay	727521	A>B	Antakalnis–Centras–Žemieji Paneriai	NULL	1309	NULL	NULL	NULL	NULL	NULL	NULL	4	Troleibusai	4	17	3-82	NULL	1353	0	0
delay	727521	B>A	Žemieji Paneriai–Centras–Antakalnis	NULL	1363	NULL	NULL	NULL	NULL	NULL	NULL	4	Troleibusai	4	17	3-82	NULL	1406	0	0
delay	727521	A>B	Antakalnis–Centras–Žemieji Paneriai	NULL	1058	NULL	NULL	NULL	NULL	NULL	NULL	4	Troleibusai	4	17	3-82	NULL	1119	0	0
delay	727521	B>A	Žemieji Paneriai–Centras–Antakalnis	NULL	1120	NULL	NULL	NULL	NULL	NULL	NULL	4	Troleibusai	4	17	3-82	NULL	1166	0	0
delay	727521	B>A	Žemieji Paneriai–Centras–Antakalnis	NULL	882	NULL	NULL	NULL	NULL	NULL	NULL	4	Troleibusai	4	17	3-82	NULL	934	0	0
delay	727521	B>A	Žemieji Paneriai–Centras–Antakalnis	NULL	998	NULL	NULL	NULL	NULL	NULL	NULL	4	Troleibusai	4	17	3-82	NULL	1055	0	0
delay	727521	A>B	Antakalnis–Centras–Žemieji Paneriai	NULL	939	NULL	NULL	NULL	NULL	NULL	NULL	4	Troleibusai	4	17	3-82	NULL	989	0	0
delay	727521	A>B	Antakalnis–Centras–Žemieji Paneriai	NULL	825	NULL	NULL	NULL	NULL	NULL	NULL	4	Troleibusai	4	17	3-82	NULL	875	0	0
delay	727330	B>A	Žemieji Paneriai–J. Basanavičiaus–Kalvarijų g.–Žirmūnai	333	336	-1.2	Giedraičių st.	369.70001	3.0999999	Baldai	340.79999	6	Troleibusai	6	01	3-2699	380	380	1	0
delay	727330	A>B	Žirmūnai–Kalvarijų–J. Basanavičiaus g.–Žemieji Paneriai	387	388	-0.40000001	Kalvarijų turgus	402.5	1.6	Riovonys	428.5	6	Troleibusai	6	01	3-2699	433	434	0	0
delay	727330	B>A	Žemieji Paneriai–J. Basanavičiaus–Kalvarijų g.–Žirmūnai	442	439	-4.3000002	Pramogų arena	482	-2.2	Riovonys	447.79999	6	Troleibusai	6	01	3-2699	492	488	1	1
delay	727330	A>B	Žirmūnai–Kalvarijų–J. Basanavičiaus g.–Žemieji Paneriai	526	530	3.9000001	Šaltinėlio st.	531.09998	6.8000002	Žalgirio st.	549.09998	6	Troleibusai	6	01	3-2699	578	583	1	1
delay	727330	B>A	Žemieji Paneriai–J. Basanavičiaus–Kalvarijų g.–Žirmūnai	585	589	2.4000001	Pramogų arena	631.5	4.6999998	Pakalniškių st.	595.90002	6	Troleibusai	6	01	3-2699	635	638	1	1
delay	727330	A>B	Žirmūnai–Kalvarijų–J. Basanavičiaus g.–Žemieji Paneriai	649	651	-1.4	Pramogų arena	657.59998	2.9000001	Riovonys	696.09998	6	Troleibusai	6	01	3-2699	700	701	0	0
delay	727330	B>A	Žemieji Paneriai–J. Basanavičiaus–Kalvarijų g.–Žirmūnai	705	706	0.89999998	Simono Konarskio st.	725	4.4000001	Reformatų st.	735	6	Troleibusai	6	01	3-2699	756	758	1	0
delay	727330	A>B	Žirmūnai–Kalvarijų–J. Basanavičiaus g.–Žemieji Paneriai	765	765	-1.3	Verkių st.	771.90002	0.89999998	Pakalniškių st.	811.79999	6	Troleibusai	6	01	3-2699	816	816	0	0
delay	727330	B>A	Žemieji Paneriai–J. Basanavičiaus–Kalvarijų g.–Žirmūnai	826	827	1.6	Valkininkų st.	827.59998	5.5999999	Kalvarijų turgus	867	6	Troleibusai	6	01	3-2699	877	879	1	0
delay	727330	A>B	Žirmūnai–Kalvarijų–J. Basanavičiaus g.–Žemieji Paneriai	887	887	-0.89999998	Vinco Kudirkos aikštė	910.70001	3.2	Vilkpėdės st.	933.59998	6	Troleibusai	6	01	3-2699	938	940	1	0
delay	727330	B>A	Žemieji Paneriai–J. Basanavičiaus–Kalvarijų g.–Žirmūnai	944	946	2.0999999	Baldai	951.09998	15.6	Šaltinėlio st.	1015	6	Troleibusai	6	01	3-2699	1000	1016	1	1
delay	727330	A>B	Žirmūnai–Kalvarijų–J. Basanavičiaus g.–Žemieji Paneriai	1010	1022	11.6	Šaltinėlio st.	1022.8	20.700001	Žemieji Paneriai	1082.6	6	Troleibusai	6	01	3-2699	1064	1084	1	1
delay	727330	B>A	Žemieji Paneriai–J. Basanavičiaus–Kalvarijų g.–Žirmūnai	1072	1085	7	Verkių st.	1133.3	13	Sausupio st.	1088.5	6	Troleibusai	6	01	3-2699	1130	1139	1	1
delay	727330	A>B	Žirmūnai–Kalvarijų–J. Basanavičiaus g.–Žemieji Paneriai	1172	1178	4.4000001	Vaduvos st.	1222.8	6.3000002	Simono Konarskio st.	1210.2	6	Troleibusai	6	01	3-2699	1219	1223	1	1
delay	727330	B>A	Žemieji Paneriai–J. Basanavičiaus–Kalvarijų g.–Žirmūnai	1225	1230	3.0999999	Šaltinėlio st.	1272.7	5.1999998	Algirdo st.	1248.8	6	Troleibusai	6	01	3-2699	1270	1273	1	1
delay	727330	A>B	Žirmūnai–Kalvarijų–J. Basanavičiaus g.–Žemieji Paneriai	1279	1282	-0.89999998	Vaduvos st.	1323.2	2.4000001	Šaltinėlio st.	1282.5	6	Troleibusai	6	01	3-2699	1325	1324	0	0
delay	727330	B>A	Žemieji Paneriai–J. Basanavičiaus–Kalvarijų g.–Žirmūnai	1332	1334	-2.7	Tauragnų st.	1367	1.6	Ūmėdžių st.	1334.6	6	Troleibusai	6	01	3-2699	1377	1375	0	0
delay	727391	B>A	Žemieji Paneriai–J. Basanavičiaus–Kalvarijų g.–Žirmūnai	399	390	-9.8000002	Algirdo st.	409.79999	-8.1000004	Vilkpėdės st.	400.29999	6	Troleibusai	6	02	3-2666	448	439	1	1
delay	727391	A>B	Žirmūnai–Kalvarijų–J. Basanavičiaus g.–Žemieji Paneriai	459	453	-5.9000001	Pramogų arena	463.10001	-0.2	Pakalniškių st.	506.70001	6	Troleibusai	6	02	3-2666	512	511	1	1
delay	727391	B>A	Žemieji Paneriai–J. Basanavičiaus–Kalvarijų g.–Žirmūnai	520	514	-6.3000002	Trakų st.	538.29999	-3.0999999	Kalvarijų turgus	552.29999	6	Troleibusai	6	02	3-2666	570	566	1	1
delay	727391	A>B	Žirmūnai–Kalvarijų–J. Basanavičiaus g.–Žemieji Paneriai	905	879	-26.200001	Šaltinėlio st.	880	-20.799999	Vilkpėdės st.	927.59998	6	Troleibusai	6	02	3-2666	956	935	1	1
delay	727391	B>A	Žemieji Paneriai–J. Basanavičiaus–Kalvarijų g.–Žirmūnai	963	941	-27.200001	Žaliasis tiltas	973.29999	-13.3	Šaltinėlio st.	1005.9	6	Troleibusai	6	02	3-2666	1020	1006	1	1
delay	727391	A>B	Žirmūnai–Kalvarijų–J. Basanavičiaus g.–Žemieji Paneriai	1028	1012	-16.4	Šaltinėlio st.	1012.9	0.2	Riovonys	1076.2	6	Troleibusai	6	02	3-2666	1083	1082	1	1
delay	727391	B>A	Žemieji Paneriai–J. Basanavičiaus–Kalvarijų g.–Žirmūnai	1090	1082	-13.9	Žaliasis tiltas	1112.9	-7.8000002	Vilkpėdės st.	1091.6	6	Troleibusai	6	02	3-2666	1147	1134	1	1
delay	727408	A>B	Žirmūnai–Kalvarijų–J. Basanavičiaus g.–Žemieji Paneriai	368	367	-2.7	Simono Konarskio st.	396.39999	-1	Šaltinėlio st.	368.10001	6	Troleibusai	6	03	3-2528	414	412	0	0
delay	727408	B>A	Žemieji Paneriai–J. Basanavičiaus–Kalvarijų g.–Žirmūnai	425	422	-2.9000001	Valkininkų st.	422.20001	-0.89999998	Šaltinėlio st.	473.39999	6	Troleibusai	6	03	3-2528	475	474	0	1
delay	727408	A>B	Žirmūnai–Kalvarijų–J. Basanavičiaus g.–Žemieji Paneriai	484	487	2.9000001	Šaltinėlio st.	488.10001	9.3999996	Vinco Kudirkos aikštė	518.70001	6	Troleibusai	6	03	3-2528	537	543	1	1
delay	727408	B>A	Žemieji Paneriai–J. Basanavičiaus–Kalvarijų g.–Žirmūnai	544	549	5.4000001	Valkininkų st.	549.5	9.3999996	Kalvarijų turgus	588.79999	6	Troleibusai	6	03	3-2528	594	602	1	1
delay	727408	A>B	Žirmūnai–Kalvarijų–J. Basanavičiaus g.–Žemieji Paneriai	635	637	0	Pramogų arena	645.09998	8.3999996	Vilkpėdės st.	686.40002	6	Troleibusai	6	03	3-2528	686	693	1	1
delay	727408	B>A	Žemieji Paneriai–J. Basanavičiaus–Kalvarijų g.–Žirmūnai	693	695	1	Vingis	711.90002	5.9000001	Verkių st.	745.29999	6	Troleibusai	6	03	3-2528	744	749	1	1
delay	727408	A>B	Žirmūnai–Kalvarijų–J. Basanavičiaus g.–Žemieji Paneriai	752	753	-0.30000001	Verkių st.	759.79999	2.9000001	Gerosios Vilties st.	794.59998	6	Troleibusai	6	03	3-2528	803	804	0	0
delay	727408	B>A	Žemieji Paneriai–J. Basanavičiaus–Kalvarijų g.–Žirmūnai	811	810	-2	Savanorių prospektas	824.5	7.1999998	Autobusų parkas	866.09998	6	Troleibusai	6	03	3-2528	862	868	1	1
delay	727408	A>B	Žirmūnai–Kalvarijų–J. Basanavičiaus g.–Žemieji Paneriai	874	872	-2.5	Verkių st.	879.70001	0	Baldai	921.40002	6	Troleibusai	6	03	3-2528	925	924	0	0
delay	727408	B>A	Žemieji Paneriai–J. Basanavičiaus–Kalvarijų g.–Žirmūnai	933	933	-1.2	Savanorių prospektas	947.90002	12.4	Šaltinėlio st.	996.5	6	Troleibusai	6	03	3-2528	985	997	1	1
delay	727408	A>B	Žirmūnai–Kalvarijų–J. Basanavičiaus g.–Žemieji Paneriai	999	1000	1.3	Šaltinėlio st.	1001.6	13.4	Pakalniškių st.	1061.4	6	Troleibusai	6	03	3-2528	1053	1065	1	1
delay	727408	B>A	Žemieji Paneriai–J. Basanavičiaus–Kalvarijų g.–Žirmūnai	1062	1066	1.6	Jogailos st.	1095.3	6.9000001	Broniaus Laurinavičiaus skveras	1112.1	6	Troleibusai	6	03	3-2528	1120	1124	1	1
delay	727408	A>B	Žirmūnai–Kalvarijų–J. Basanavičiaus g.–Žemieji Paneriai	1158	1162	3.0999999	Verkių st.	1168.3	8.3000002	Reformatų st.	1192.9	6	Troleibusai	6	03	3-2528	1206	1212	1	1
delay	727408	B>A	Žemieji Paneriai–J. Basanavičiaus–Kalvarijų g.–Žirmūnai	1213	1215	0.80000001	Gerosios Vilties st.	1226	3.3	Verkių st.	1257.5	6	Troleibusai	6	03	3-2528	1258	1261	1	0
delay	727408	A>B	Žirmūnai–Kalvarijų–J. Basanavičiaus g.–Žemieji Paneriai	1267	1268	0.89999998	Pramogų arena	1276.9	5.4000001	Simono Konarskio st.	1303	6	Troleibusai	6	03	3-2528	1313	1315	1	0
delay	727408	B>A	Žemieji Paneriai–J. Basanavičiaus–Kalvarijų g.–Žirmūnai	1321	1320	-2.5999999	Gerosios Vilties st.	1330.6	-0.80000001	Algirdo st.	1338.8	6	Troleibusai	6	03	3-2528	1366	1364	0	0
delay	727445	A>B	Žirmūnai–Kalvarijų–J. Basanavičiaus g.–Žemieji Paneriai	413	498	1440	NULL	0	-1440	NULL	0	6	Troleibusai	6	04	3-186	465	556	0	1
delay	727445	A>B	Žirmūnai–Kalvarijų–J. Basanavičiaus g.–Žemieji Paneriai	413	379	-39.099998	Simono Konarskio st.	410.60001	-34.599998	Kareivių st.	383.29999	6	Troleibusai	6	04	3-186	465	428	1	1
delay	727445	B>A	Žemieji Paneriai–J. Basanavičiaus–Kalvarijų g.–Žirmūnai	470	557	1440	NULL	0	-1440	NULL	0	6	Troleibusai	6	04	3-186	520	605	0	1
delay	727445	B>A	Žemieji Paneriai–J. Basanavičiaus–Kalvarijų g.–Žirmūnai	470	433	-37.099998	Valkininkų st.	432.89999	-33.799999	Šaltinėlio st.	485.60001	6	Troleibusai	6	04	3-186	520	486	1	1
missed	662942	A>B2	Žirmūnai–st. Žemieji Paneriai	534	NULL	NULL	NULL	NULL	NULL	NULL	NULL	6	Troleibusai	6	04		583	NULL	NULL	NULL
missed	662942	B>A	Žemieji Paneriai–J. Basanavičiaus–Kalvarijų g.–Žirmūnai	885	NULL	NULL	NULL	NULL	NULL	NULL	NULL	6	Troleibusai	6	04		937	NULL	NULL	NULL
delay	727445	A>B	Žirmūnai–Kalvarijų–J. Basanavičiaus g.–Žemieji Paneriai	945	918	-26.700001	Šaltinėlio st.	919.5	-20.5	Pakalniškių st.	971.40002	6	Troleibusai	6	04	3-186	997	975	1	1
delay	727445	B>A	Žemieji Paneriai–J. Basanavičiaus–Kalvarijų g.–Žirmūnai	1004	978	-27.4	Jogailos st.	1008.3	-10.8	Autobusų parkas	1049	6	Troleibusai	6	04	3-186	1062	1051	1	1
delay	727445	A>B	Žirmūnai–Kalvarijų–J. Basanavičiaus g.–Žemieji Paneriai	1069	1055	-13.6	Žirmūnų seniūnija	1060.1	-8.3000002	Vilkpėdės st.	1107.5	6	Troleibusai	6	04	3-186	1124	1114	1	1
delay	727445	B>A	Žemieji Paneriai–J. Basanavičiaus–Kalvarijų g.–Žirmūnai	1133	1119	-14.5	Savanorių prospektas	1133.1	-12.6	Verkių st.	1162.7	6	Troleibusai	6	04	3-186	1180	1167	1	1
delay	727331	A>B	Žirmūnai–Kalvarijų–J. Basanavičiaus g.–Žemieji Paneriai	303	304	-1.5	Savanorių prospektas	335.39999	0.80000001	Šaltinėlio st.	304.89999	6	Troleibusai	6	05Ž	3-10631	349	349	0	0
delay	727331	B>A	Žemieji Paneriai–J. Basanavičiaus–Kalvarijų g.–Žirmūnai	353	355	0.5	Simono Konarskio st.	372.29999	4.6999998	Šaltinėlio st.	403.89999	6	Troleibusai	6	05Ž	3-10631	400	405	1	1
delay	727331	A>B	Žirmūnai–Kalvarijų–J. Basanavičiaus g.–Žemieji Paneriai	405	414	6.6999998	Pramogų arena	420.79999	12	Centro poliklinika	443.60001	6	Troleibusai	6	05Ž	3-10631	456	466	1	1
delay	727331	B>A	Žemieji Paneriai–J. Basanavičiaus–Kalvarijų g.–Žirmūnai	461	467	6.0999999	Savanorių prospektas	482.60001	14.2	Šaltinėlio st.	524.5	6	Troleibusai	6	05Ž	3-10631	511	525	1	1
delay	727331	A>B	Žirmūnai–Kalvarijų–J. Basanavičiaus g.–Žemieji Paneriai	553	561	8	Šaltinėlio st.	562.29999	14	Žemieji Paneriai	615.70001	6	Troleibusai	6	05Ž	3-10631	604	617	1	1
delay	727331	B>A	Žemieji Paneriai–J. Basanavičiaus–Kalvarijų g.–Žirmūnai	611	623	11.9	Valkininkų st.	623.09998	17.200001	Kalvarijų turgus	663.59998	6	Troleibusai	6	05Ž	3-10631	662	676	1	1
delay	727331	A>B	Žirmūnai–Kalvarijų–J. Basanavičiaus g.–Žemieji Paneriai	671	681	6.9000001	Simono Konarskio st.	713.20001	14	Baldai	732.40002	6	Troleibusai	6	05Ž	3-10631	722	734	1	1
delay	727331	B>A	Žemieji Paneriai–J. Basanavičiaus–Kalvarijų g.–Žirmūnai	727	734	4.0999999	Pramogų arena	776.59998	9.3000002	Algirdo st.	757.40002	6	Troleibusai	6	05Ž	3-10631	778	782	1	1
delay	727331	A>B	Žirmūnai–Kalvarijų–J. Basanavičiaus g.–Žemieji Paneriai	789	792	2.8	Žirmūnų seniūnija	795.79999	9.1999998	Riovonys	842.40002	6	Troleibusai	6	05Ž	3-10631	840	848	1	1
delay	727331	B>A	Žemieji Paneriai–J. Basanavičiaus–Kalvarijų g.–Žirmūnai	853	855	0.80000001	Gerosios Vilties st.	867.20001	4.8000002	Autobusų parkas	905.79999	6	Troleibusai	6	05Ž	3-10631	904	908	1	1
delay	727331	A>B	Žirmūnai–Kalvarijų–J. Basanavičiaus g.–Žemieji Paneriai	912	912	-0.80000001	Žirmūnų seniūnija	914.90002	9.8999996	Žemieji Paneriai	971	6	Troleibusai	6	05Ž	3-10631	963	973	1	1
delay	727331	B>A	Žemieji Paneriai–J. Basanavičiaus–Kalvarijų g.–Žirmūnai	970	974	4.3000002	Valkininkų st.	974.5	22.700001	Autobusų parkas	1047.6	6	Troleibusai	6	05Ž	3-10631	1027	1050	1	1
delay	727331	A>B	Žirmūnai–Kalvarijų–J. Basanavičiaus g.–Žemieji Paneriai	1038	1051	12.7	Šaltinėlio st.	1051.9	22.200001	Gerosios Vilties st.	1103.7	6	Troleibusai	6	05Ž	3-10631	1093	1113	1	1
delay	727331	B>A	Žemieji Paneriai–J. Basanavičiaus–Kalvarijų g.–Žirmūnai	1102	1114	6	Žaliasis tiltas	1144.9	12.8	Pakalniškių st.	1120.9	6	Troleibusai	6	05Ž	3-10631	1156	1162	1	1
delay	727331	A>B	Žirmūnai–Kalvarijų–J. Basanavičiaus g.–Žemieji Paneriai	1194	1200	5.5999999	Pramogų arena	1208.6	11.7	Vingis	1238	6	Troleibusai	6	05Ž	3-10631	1240	1252	1	1
delay	727331	B>A	Žemieji Paneriai–J. Basanavičiaus–Kalvarijų g.–Žirmūnai	1248	1252	4.1999998	Gerosios Vilties st.	1264.5	6.5999999	Verkių st.	1295.9	6	Troleibusai	6	05Ž	3-10631	1293	1299	1	1
delay	727331	A>B	Žirmūnai–Kalvarijų–J. Basanavičiaus g.–Žemieji Paneriai	1305	1304	-3.0999999	Pramogų arena	1311.1	0.30000001	Gerosios Vilties st.	1340.4	6	Troleibusai	6	05Ž	3-10631	1351	1350	1	0
delay	727331	B>A	Žemieji Paneriai–J. Basanavičiaus–Kalvarijų g.–Žirmūnai	1358	1355	-3.7	Tauragnų st.	1392.1	-2.4000001	Reformatų st.	1378.2	6	Troleibusai	6	05Ž	3-10631	1403	1400	1	0
delay	727459	A>B	Žirmūnai–Kalvarijų–J. Basanavičiaus g.–Žemieji Paneriai	395	394	-3.4000001	Simono Konarskio st.	424.5	-1.4	Kareivių st.	398.5	6	Troleibusai	6	06	3-2685	443	441	1	0
delay	727459	B>A	Žemieji Paneriai–J. Basanavičiaus–Kalvarijų g.–Žirmūnai	449	446	-3.2	Valkininkų st.	446	-0.30000001	Algirdo st.	469.79999	6	Troleibusai	6	06	3-2685	499	497	1	1
delay	727459	A>B	Žirmūnai–Kalvarijų–J. Basanavičiaus g.–Žemieji Paneriai	511	506	-5	Šaltinėlio st.	507.20001	2.0999999	Tauragnų st.	526.29999	6	Troleibusai	6	06	3-2685	563	561	1	1
delay	727459	B>A	Žemieji Paneriai–J. Basanavičiaus–Kalvarijų g.–Žirmūnai	570	567	-4.0999999	Savanorių prospektas	581.40002	-1.4	Reformatų st.	595.90002	6	Troleibusai	6	06	3-2685	620	616	1	1
delay	727459	A>B	Žirmūnai–Kalvarijų–J. Basanavičiaus g.–Žemieji Paneriai	659	661	0.5	Pramogų arena	669.5	3.0999999	Gerosios Vilties st.	701.90002	6	Troleibusai	6	06	3-2685	710	711	1	0
delay	727459	B>A	Žemieji Paneriai–J. Basanavičiaus–Kalvarijų g.–Žirmūnai	716	718	0.40000001	Savanorių prospektas	732.09998	2.5999999	Jogailos st.	746.29999	6	Troleibusai	6	06	3-2685	767	768	0	0
delay	727459	A>B	Žirmūnai–Kalvarijų–J. Basanavičiaus g.–Žemieji Paneriai	777	774	-5.0999999	Pramogų arena	781.79999	0.5	Gerosios Vilties st.	817.29999	6	Troleibusai	6	06	3-2685	828	827	1	0
delay	727459	B>A	Žemieji Paneriai–J. Basanavičiaus–Kalvarijų g.–Žirmūnai	837	838	-0.1	Verkių st.	883.29999	2.7	Reformatų st.	865.40002	6	Troleibusai	6	06	3-2685	888	888	0	0
delay	727459	A>B	Žirmūnai–Kalvarijų–J. Basanavičiaus g.–Žemieji Paneriai	898	901	2.4000001	Verkių st.	908.70001	8.1000004	Gerosios Vilties st.	946.20001	6	Troleibusai	6	06	3-2685	949	956	1	1
delay	727459	B>A	Žemieji Paneriai–J. Basanavičiaus–Kalvarijų g.–Žirmūnai	956	962	4.0999999	Simono Konarskio st.	980.09998	16	Šaltinėlio st.	1027.5	6	Troleibusai	6	06	3-2685	1012	1028	1	1
delay	727459	A>B	Žirmūnai–Kalvarijų–J. Basanavičiaus g.–Žemieji Paneriai	1019	1031	12.4	Šaltinėlio st.	1032.6	23.4	Vilkpėdės st.	1089.6	6	Troleibusai	6	06	3-2685	1074	1095	1	1
delay	727459	B>A	Žemieji Paneriai–J. Basanavičiaus–Kalvarijų g.–Žirmūnai	1079	1096	11.8	Autobusų parkas	1146.2	18.299999	Vilkpėdės st.	1106.7	6	Troleibusai	6	06	3-2685	1137	1148	1	1
delay	727459	A>B	Žirmūnai–Kalvarijų–J. Basanavičiaus g.–Žemieji Paneriai	1180	1188	7.8000002	Žirmūnų seniūnija	1191.5	14.5	Simono Konarskio st.	1226.4	6	Troleibusai	6	06	3-2685	1227	1240	1	1
delay	727459	B>A	Žemieji Paneriai–J. Basanavičiaus–Kalvarijų g.–Žirmūnai	1234	1241	6.8000002	Gerosios Vilties st.	1253	9.6999998	Pramogų arena	1282.8	6	Troleibusai	6	06	3-2685	1279	1288	1	1
delay	727459	A>B	Žirmūnai–Kalvarijų–J. Basanavičiaus g.–Žemieji Paneriai	1291	1294	1.6	Giedraičių st.	1305.2	6	Savanorių prospektas	1330.9	6	Troleibusai	6	06	3-2685	1337	1341	1	1
delay	727459	B>A	Žemieji Paneriai–J. Basanavičiaus–Kalvarijų g.–Žirmūnai	1345	1344	-0.89999998	Riovonys	1352.2	3.5999999	Verkių st.	1389.8	6	Troleibusai	6	06	3-2685	1390	1392	1	0
delay	727467	A>B	Žirmūnai–Kalvarijų–J. Basanavičiaus g.–Žemieji Paneriai	427	402	-29.4	Simono Konarskio st.	434.79999	-25.299999	Šaltinėlio st.	402.70001	6	Troleibusai	6	07	3-17	480	452	1	1
delay	727467	B>A	Žemieji Paneriai–J. Basanavičiaus–Kalvarijų g.–Žirmūnai	486	458	-28	Reformatų st.	483.79999	21.200001	Kalvarijų turgus	542.5	6	Troleibusai	6	07	3-17	536	557	1	1
missed	662943	A>B	Žirmūnai–Kalvarijų–J. Basanavičiaus g.–Žemieji Paneriai	544	NULL	NULL	NULL	NULL	NULL	NULL	NULL	6	Troleibusai	6	07		595	NULL	NULL	NULL
missed	662943	B>A	Žemieji Paneriai–J. Basanavičiaus–Kalvarijų g.–Žirmūnai	600	NULL	NULL	NULL	NULL	NULL	NULL	NULL	6	Troleibusai	6	07		650	NULL	NULL	NULL
delay	727467	A>B	Žirmūnai–Kalvarijų–J. Basanavičiaus g.–Žemieji Paneriai	951	941	-10.3	Šaltinėlio st.	942.09998	-1.5	Žemieji Paneriai	1000.2	6	Troleibusai	6	07	3-17	1004	1002	1	1
delay	727467	B>A	Žemieji Paneriai–J. Basanavičiaus–Kalvarijų g.–Žirmūnai	1012	1002	-10.1	Baldai	1006.9	11.6	Šaltinėlio st.	1080.8	6	Troleibusai	6	07	3-17	1070	1081	1	1
delay	727467	A>B	Žirmūnai–Kalvarijų–J. Basanavičiaus g.–Žemieji Paneriai	1082	1083	0	Vingis	1121.5	2.5	Riovonys	1131.5	6	Troleibusai	6	07	3-17	1136	1137	0	0
delay	727467	B>A	Žemieji Paneriai–J. Basanavičiaus–Kalvarijų g.–Žirmūnai	1143	1137	-5.4000001	Valkininkų st.	1137.6	-1.7	Verkių st.	1183.5	6	Troleibusai	6	07	3-17	1190	1187	1	1
delay	727347	A>B	Žirmūnai–Kalvarijų–J. Basanavičiaus g.–Žemieji Paneriai	312	319	5.6999998	Algirdo st.	346.39999	7.3000002	Giedraičių st.	331.89999	6	Troleibusai	6	08	3-229	358	364	1	1
delay	727347	B>A	Žemieji Paneriai–J. Basanavičiaus–Kalvarijų g.–Žirmūnai	365	372	5.1999998	Trakų st.	393.79999	8.6000004	Vilkpėdės st.	383	6	Troleibusai	6	08	3-229	412	420	1	1
delay	727347	A>B	Žirmūnai–Kalvarijų–J. Basanavičiaus g.–Žemieji Paneriai	420	428	7.8000002	Šaltinėlio st.	429	14.6	Riovonys	480.79999	6	Troleibusai	6	08	3-229	473	486	1	1
delay	727347	B>A	Žemieji Paneriai–J. Basanavičiaus–Kalvarijų g.–Žirmūnai	479	487	8.1000004	Valkininkų st.	487.29999	11.6	Broniaus Laurinavičiaus skveras	529.20001	6	Troleibusai	6	08	3-229	529	540	1	1
delay	727347	A>B	Žirmūnai–Kalvarijų–J. Basanavičiaus g.–Žemieji Paneriai	572	576	3.3	Verkių st.	583.40002	6.3000002	Vilkpėdės st.	621.29999	6	Troleibusai	6	08	3-229	623	627	1	1
delay	727347	B>A	Žemieji Paneriai–J. Basanavičiaus–Kalvarijų g.–Žirmūnai	628	635	6.8000002	Žaliasis tiltas	667.40002	8.1000004	Sausupio st.	639.5	6	Troleibusai	6	08	3-229	679	685	1	1
delay	727347	A>B	Žirmūnai–Kalvarijų–J. Basanavičiaus g.–Žemieji Paneriai	685	699	13	Tauragnų st.	710.29999	17.700001	Pakalniškių st.	748.59998	6	Troleibusai	6	08	3-229	736	753	1	1
delay	727347	B>A	Žemieji Paneriai–J. Basanavičiaus–Kalvarijų g.–Žirmūnai	742	755	12.3	Savanorių prospektas	769.90002	17.799999	Verkių st.	806.20001	6	Troleibusai	6	08	3-229	793	810	1	1
delay	727347	A>B	Žirmūnai–Kalvarijų–J. Basanavičiaus g.–Žemieji Paneriai	803	817	12.3	Verkių st.	823.5	19	Riovonys	866.20001	6	Troleibusai	6	08	3-229	854	872	1	1
delay	727347	B>A	Žemieji Paneriai–J. Basanavičiaus–Kalvarijų g.–Žirmūnai	866	876	10.6	Valkininkų st.	876.79999	17.1	Šaltinėlio st.	932.59998	6	Troleibusai	6	08	3-229	917	933	1	1
delay	727347	A>B	Žirmūnai–Kalvarijų–J. Basanavičiaus g.–Žemieji Paneriai	928	935	6.9000001	Šaltinėlio st.	936.20001	15.5	Pakalniškių st.	989.79999	6	Troleibusai	6	08	3-229	979	994	1	1
delay	727347	B>A	Žemieji Paneriai–J. Basanavičiaus–Kalvarijų g.–Žirmūnai	988	995	6.5999999	Baldai	999.5	25.299999	Šaltinėlio st.	1070.7	6	Troleibusai	6	08	3-229	1046	1071	1	1
delay	727347	A>B	Žirmūnai–Kalvarijų–J. Basanavičiaus g.–Žemieji Paneriai	1056	1090	31.799999	Simono Konarskio st.	1127	33.599998	Centro poliklinika	1120	6	Troleibusai	6	08	3-229	1111	1142	1	1
delay	727347	B>A	Žemieji Paneriai–J. Basanavičiaus–Kalvarijų g.–Žirmūnai	1124	1151	24.4	Savanorių prospektas	1163.9	27.4	Baldai	1156.1	6	Troleibusai	6	08	3-229	1172	1197	1	1
delay	727347	A>B	Žirmūnai–Kalvarijų–J. Basanavičiaus g.–Žemieji Paneriai	1217	1209	-9.8999996	Kalvarijų turgus	1223	-7.4000001	Gerosios Vilties st.	1245	6	Troleibusai	6	08	3-229	1263	1254	1	1
delay	727347	B>A	Žemieji Paneriai–J. Basanavičiaus–Kalvarijų g.–Žirmūnai	1271	1263	-9.6999998	Šaltinėlio st.	1305.8	-7.4000001	Algirdo st.	1282.2	6	Troleibusai	6	08	3-229	1316	1306	1	1
missed	662938	A>B	Žirmūnai–Kalvarijų–J. Basanavičiaus g.–Žemieji Paneriai	1326	NULL	NULL	NULL	NULL	NULL	NULL	NULL	6	Troleibusai	6	08		1372	NULL	NULL	NULL
missed	662938	B>A	Žemieji Paneriai–J. Basanavičiaus–Kalvarijų g.–Žirmūnai	1379	NULL	NULL	NULL	NULL	NULL	NULL	NULL	6	Troleibusai	6	08		1424	NULL	NULL	NULL
missed	662944	A>B	Žirmūnai–Kalvarijų–J. Basanavičiaus g.–Žemieji Paneriai	327	NULL	NULL	NULL	NULL	NULL	NULL	NULL	6	Troleibusai	6	09		373	NULL	NULL	NULL
missed	662944	B>A	Žemieji Paneriai–J. Basanavičiaus–Kalvarijų g.–Žirmūnai	379	NULL	NULL	NULL	NULL	NULL	NULL	NULL	6	Troleibusai	6	09		427	NULL	NULL	NULL
delay	727485	A>B	Žirmūnai–Kalvarijų–J. Basanavičiaus g.–Žemieji Paneriai	434	419	-16.299999	Pramogų arena	427.70001	-12.9	Žemieji Paneriai	471.89999	6	Troleibusai	6	09	3-1689	487	474	1	1
delay	727485	B>A	Žemieji Paneriai–J. Basanavičiaus–Kalvarijų g.–Žirmūnai	496	475	-20.700001	Valkininkų st.	475.39999	-14.6	Šaltinėlio st.	530.70001	6	Troleibusai	6	09	3-1689	546	531	1	1
delay	727485	A>B	Žirmūnai–Kalvarijų–J. Basanavičiaus g.–Žemieji Paneriai	582	543	-39.099998	Šaltinėlio st.	544.20001	-29.700001	Pakalniškių st.	598.09998	6	Troleibusai	6	09	3-1689	633	602	1	1
delay	727485	B>A	Žemieji Paneriai–J. Basanavičiaus–Kalvarijų g.–Žirmūnai	639	604	-35.400002	Savanorių prospektas	619.09998	-31.200001	Kalvarijų turgus	643.20001	6	Troleibusai	6	09	3-1689	689	656	1	1
delay	727485	A>B	Žirmūnai–Kalvarijų–J. Basanavičiaus g.–Žemieji Paneriai	699	688	-13.3	Pramogų arena	695.79999	-6.3000002	Žemieji Paneriai	741.40002	6	Troleibusai	6	09	3-1689	750	743	1	1
delay	727485	B>A	Žemieji Paneriai–J. Basanavičiaus–Kalvarijų g.–Žirmūnai	757	746	-10.8	Valkininkų st.	746.29999	-8.3999996	Jogailos st.	776.29999	6	Troleibusai	6	09	3-1689	807	798	1	1
delay	727485	A>B	Žirmūnai–Kalvarijų–J. Basanavičiaus g.–Žemieji Paneriai	816	805	-13.2	Pramogų arena	813.09998	-4.9000001	Riovonys	855.29999	6	Troleibusai	6	09	3-1689	867	861	1	1
delay	727485	B>A	Žemieji Paneriai–J. Basanavičiaus–Kalvarijų g.–Žirmūnai	877	866	-11.6	Simono Konarskio st.	884.5	-7.5	Šaltinėlio st.	919.79999	6	Troleibusai	6	09	3-1689	928	920	1	1
delay	727485	A>B	Žirmūnai–Kalvarijų–J. Basanavičiaus g.–Žemieji Paneriai	935	928	-7.8000002	Žirmūnų seniūnija	931	21.799999	Gerosios Vilties st.	997.5	6	Troleibusai	6	09	3-1689	987	1001	1	1
delay	727485	B>A	Žemieji Paneriai–J. Basanavičiaus–Kalvarijų g.–Žirmūnai	997	1002	-9.3999996	Žaliasis tiltas	1025	10.2	Šaltinėlio st.	1064.6	6	Troleibusai	6	09	3-1689	1055	1065	1	1
delay	727485	A>B	Žirmūnai–Kalvarijų–J. Basanavičiaus g.–Žemieji Paneriai	1092	1068	-24.799999	Verkių st.	1076.8	-5.8000002	Centro poliklinika	1115.5	6	Troleibusai	6	09	3-1689	1146	1137	1	1
delay	727485	B>A	Žemieji Paneriai–J. Basanavičiaus–Kalvarijų g.–Žirmūnai	1154	1137	-21.200001	Šaltinėlio st.	1179.2	-16.5	Sausupio st.	1141	6	Troleibusai	6	09	3-1689	1201	1180	1	1
delay	727485	A>B	Žirmūnai–Kalvarijų–J. Basanavičiaus g.–Žemieji Paneriai	1207	1325	1440	NULL	0	-1440	NULL	0	6	Troleibusai	6	09	3-1689	1253	1370	0	1
delay	727485	A>B	Žirmūnai–Kalvarijų–J. Basanavičiaus g.–Žemieji Paneriai	1207	1216	8.6999998	Pramogų arena	1224.7	13.7	Simono Konarskio st.	1251.6	6	Troleibusai	6	09	3-1689	1253	1264	1	1
delay	727485	B>A	Žemieji Paneriai–J. Basanavičiaus–Kalvarijų g.–Žirmūnai	1261	1378	1440	NULL	0	-1440	NULL	0	6	Troleibusai	6	09	3-1689	1306	1425	0	1
delay	727485	B>A	Žemieji Paneriai–J. Basanavičiaus–Kalvarijų g.–Žirmūnai	1261	1269	7.8000002	Baldai	1273.5	10.1	Pramogų arena	1310.1	6	Troleibusai	6	09	3-1689	1306	1315	1	1
delay	727473	A>B	Žirmūnai–Kalvarijų–J. Basanavičiaus g.–Žemieji Paneriai	444	436	-9.8999996	Pramogų arena	444.10001	-7	Vinco Kudirkos aikštė	462.29999	6	Troleibusai	6	10	3-2792	497	487	1	1
delay	727473	B>A	Žemieji Paneriai–J. Basanavičiaus–Kalvarijų g.–Žirmūnai	505	493	-11.7	Valkininkų st.	493.39999	-3.5	Šaltinėlio st.	550.79999	6	Troleibusai	6	10	3-2792	555	552	1	1
delay	727473	A>B2	Žirmūnai–st. Žemieji Paneriai	564	553	-10.8	Šaltinėlio st.	554.40002	-4.0999999	Gerosios Vilties st.	599.59998	6	Troleibusai	6	10	3-2792	613	607	1	1
delay	727473	B>A	Žemieji Paneriai–J. Basanavičiaus–Kalvarijų g.–Žirmūnai	914	898	-20.299999	Pramogų arena	939.40002	-15.5	Vaduvos st.	900.79999	6	Troleibusai	6	10	3-2792	966	947	1	1
delay	727473	A>B	Žirmūnai–Kalvarijų–J. Basanavičiaus g.–Žemieji Paneriai	978	957	-22.4	Kareivių st.	960.79999	-12.9	Vilkpėdės st.	1011.4	6	Troleibusai	6	10	3-2792	1032	1018	1	1
delay	727473	B>A	Žemieji Paneriai–J. Basanavičiaus–Kalvarijų g.–Žirmūnai	1041	1021	-20.4	Pakalniškių st.	1027.1	-2.8	Tauragnų st.	1084.9	6	Troleibusai	6	10	3-2792	1099	1093	1	1
delay	727473	A>B	Žirmūnai–Kalvarijų–J. Basanavičiaus g.–Žemieji Paneriai	1104	1100	-7	Simono Konarskio st.	1135	-4.0999999	Šaltinėlio st.	1101	6	Troleibusai	6	10	3-2792	1158	1151	1	1
delay	727473	B>A	Žemieji Paneriai–J. Basanavičiaus–Kalvarijų g.–Žirmūnai	1164	1161	-3.5999999	Simono Konarskio st.	1178.2	-1.5	Broniaus Laurinavičiaus skveras	1197.8	6	Troleibusai	6	10	3-2792	1211	1208	1	0
delay	727356	A>B	Žirmūnai–Kalvarijų–J. Basanavičiaus g.–Žemieji Paneriai	339	327	-14.3	Reformatų st.	350.29999	-12.2	Šaltinėlio st.	327.89999	6	Troleibusai	6	11	3-2552	385	371	1	1
delay	727356	B>A	Žemieji Paneriai–J. Basanavičiaus–Kalvarijų g.–Žirmūnai	391	380	-13.2	Pramogų arena	420.89999	-9.5	Riovonys	389.39999	6	Troleibusai	6	11	3-2552	440	427	1	1
delay	727356	A>B	Žirmūnai–Kalvarijų–J. Basanavičiaus g.–Žemieji Paneriai	453	442	-13.4	Savanorių prospektas	480.10001	-11.3	Verkių st.	449.79999	6	Troleibusai	6	11	3-2552	506	492	1	1
delay	727356	B>A	Žemieji Paneriai–J. Basanavičiaus–Kalvarijų g.–Žirmūnai	513	505	-9.1000004	Simono Konarskio st.	523	-3.8	Kalvarijų turgus	544.59998	6	Troleibusai	6	11	3-2552	563	558	1	1
delay	727356	A>B	Žirmūnai–Kalvarijų–J. Basanavičiaus g.–Žemieji Paneriai	597	594	-4.1999998	Pramogų arena	602.90002	-2.3	Gerosios Vilties st.	634.40002	6	Troleibusai	6	11	3-2552	648	644	1	1
delay	727356	B>A	Žemieji Paneriai–J. Basanavičiaus–Kalvarijų g.–Žirmūnai	652	653	-1.7	Žaliasis tiltas	682.90002	1.6	Vilkpėdės st.	662.90002	6	Troleibusai	6	11	3-2552	702	702	0	0
delay	727356	A>B	Žirmūnai–Kalvarijų–J. Basanavičiaus g.–Žemieji Paneriai	713	711	-4.4000001	Pramogų arena	718.79999	1.5	Gerosios Vilties st.	754.20001	6	Troleibusai	6	11	3-2552	764	762	1	0
delay	727356	B>A	Žemieji Paneriai–J. Basanavičiaus–Kalvarijų g.–Žirmūnai	774	769	-7.6999998	Žaliasis tiltas	798.79999	-4.9000001	Sausupio st.	772.5	6	Troleibusai	6	11	3-2552	825	819	1	1
delay	727356	A>B	Žirmūnai–Kalvarijų–J. Basanavičiaus g.–Žemieji Paneriai	833	827	-9.1999998	Pramogų arena	834	-2.4000001	Riovonys	874.79999	6	Troleibusai	6	11	3-2552	884	880	1	1
delay	727356	B>A	Žemieji Paneriai–J. Basanavičiaus–Kalvarijų g.–Žirmūnai	895	892	-3.8	Broniaus Laurinavičiaus skveras	930.5	-1.3	Vilkpėdės st.	903.09998	6	Troleibusai	6	11	3-2552	947	943	1	1
delay	727356	A>B	Žirmūnai–Kalvarijų–J. Basanavičiaus g.–Žemieji Paneriai	961	952	-9.1000004	Žirmūnų seniūnija	955.59998	4.0999999	Vilkpėdės st.	1011.3	6	Troleibusai	6	11	3-2552	1015	1017	1	1
delay	727356	B>A	Žemieji Paneriai–J. Basanavičiaus–Kalvarijų g.–Žirmūnai	1023	1019	-4.4000001	Valkininkų st.	1018.7	13.2	Tauragnų st.	1082.8	6	Troleibusai	6	11	3-2552	1081	1093	1	1
delay	727356	A>B	Žirmūnai–Kalvarijų–J. Basanavičiaus g.–Žemieji Paneriai	1116	1109	-6.8000002	Šaltinėlio st.	1110.5	-1.6	Giedraičių st.	1129.2	6	Troleibusai	6	11	3-2552	1167	1164	1	1
delay	727356	B>A	Žemieji Paneriai–J. Basanavičiaus–Kalvarijų g.–Žirmūnai	1177	1171	-6.5	Žaliasis tiltas	1200.9	-2.8	Verkių st.	1216.5	6	Troleibusai	6	11	3-2552	1224	1220	1	1
delay	727356	A>B	Žirmūnai–Kalvarijų–J. Basanavičiaus g.–Žemieji Paneriai	1231	1231	-1.1	Pramogų arena	1239.1	2.0999999	Algirdo st.	1262	6	Troleibusai	6	11	3-2552	1277	1277	0	0
delay	727356	B>A	Žemieji Paneriai–J. Basanavičiaus–Kalvarijų g.–Žirmūnai	1286	1282	-4.5999999	Pakalniškių st.	1287.5	-1.6	Verkių st.	1325.6	6	Troleibusai	6	11	3-2552	1331	1329	1	1
delay	727356	A>B	Žirmūnai–Kalvarijų–J. Basanavičiaus g.–Žemieji Paneriai	1343	1342	-2.8	Vaduvos st.	1385.3	-0.2	Vinco Kudirkos aikštė	1363.4	6	Troleibusai	6	11	3-2552	1389	1386	0	0
delay	727379	A>B	Žirmūnai–Kalvarijų–J. Basanavičiaus g.–Žemieji Paneriai	352	341	-12.6	Tauragnų st.	350.79999	-11.2	Riovonys	380.70001	6	Troleibusai	6	12Ž	3-2259	398	386	1	1
delay	727379	B>A	Žemieji Paneriai–J. Basanavičiaus–Kalvarijų g.–Žirmūnai	405	397	-8.8999996	Simono Konarskio st.	415.10001	-5.4000001	Verkių st.	446	6	Troleibusai	6	12Ž	3-2259	455	449	1	1
delay	727379	A>B	Žirmūnai–Kalvarijų–J. Basanavičiaus g.–Žemieji Paneriai	469	462	-6.8000002	Šaltinėlio st.	463.39999	0	Vinco Kudirkos aikštė	494.39999	6	Troleibusai	6	12Ž	3-2259	522	519	1	1
delay	727379	B>A	Žemieji Paneriai–J. Basanavičiaus–Kalvarijų g.–Žirmūnai	527	520	-8.1999998	Vingis	536.59998	-5.1999998	Kalvarijų turgus	557.20001	6	Troleibusai	6	12Ž	3-2259	578	570	1	1
delay	727379	A>B	Žirmūnai–Kalvarijų–J. Basanavičiaus g.–Žemieji Paneriai	613	609	-5.5999999	Pramogų arena	617.59998	-3	Riovonys	654.20001	6	Troleibusai	6	12Ž	3-2259	664	660	1	1
delay	727379	B>A	Žemieji Paneriai–J. Basanavičiaus–Kalvarijų g.–Žirmūnai	668	666	-2.8	Savanorių prospektas	680.79999	0.30000001	Verkių st.	714.70001	6	Troleibusai	6	12Ž	3-2259	719	718	0	0
delay	727379	A>B	Žirmūnai–Kalvarijų–J. Basanavičiaus g.–Žemieji Paneriai	729	727	-3.5999999	Pramogų arena	735.5	2.3	Riovonys	775.5	6	Troleibusai	6	12Ž	3-2259	780	781	1	0
delay	727379	B>A	Žemieji Paneriai–J. Basanavičiaus–Kalvarijų g.–Žirmūnai	787	784	-4.4000001	Žaliasis tiltas	815.20001	-2.0999999	Pakalniškių st.	791	6	Troleibusai	6	12Ž	3-2259	838	833	1	1
delay	727379	A>B	Žirmūnai–Kalvarijų–J. Basanavičiaus g.–Žemieji Paneriai	851	848	-4.0999999	Pramogų arena	857.20001	1.3	Riovonys	896.5	6	Troleibusai	6	12Ž	3-2259	902	902	1	1
delay	727379	B>A	Žemieji Paneriai–J. Basanavičiaus–Kalvarijų g.–Žirmūnai	907	908	1.2	Valkininkų st.	908.29999	7.1999998	Šaltinėlio st.	965.29999	6	Troleibusai	6	12Ž	3-2259	959	966	1	1
delay	727379	A>B	Žirmūnai–Kalvarijų–J. Basanavičiaus g.–Žemieji Paneriai	972	970	-2	Šaltinėlio st.	971.20001	12.3	Pakalniškių st.	1033.4	6	Troleibusai	6	12Ž	3-2259	1026	1038	1	1
delay	727379	B>A	Žemieji Paneriai–J. Basanavičiaus–Kalvarijų g.–Žirmūnai	1033	1040	6.6999998	Valkininkų st.	1039.9	17.200001	Broniaus Laurinavičiaus skveras	1093.4	6	Troleibusai	6	12Ž	3-2259	1091	1107	1	1
delay	727379	A>B	Žirmūnai–Kalvarijų–J. Basanavičiaus g.–Žemieji Paneriai	1131	1128	-3.2	Šaltinėlio st.	1129	2.2	Vinco Kudirkos aikštė	1156.1	6	Troleibusai	6	12Ž	3-2259	1180	1182	1	1
delay	727379	B>A	Žemieji Paneriai–J. Basanavičiaus–Kalvarijų g.–Žirmūnai	1189	1186	-2.4000001	Valkininkų st.	1186.7	5.0999999	Verkių st.	1235.3	6	Troleibusai	6	12Ž	3-2259	1234	1239	1	1
delay	727379	A>B	Žirmūnai–Kalvarijų–J. Basanavičiaus g.–Žemieji Paneriai	1245	1243	-2.8	Pramogų arena	1251.3	2.2	Riovonys	1287.1	6	Troleibusai	6	12Ž	3-2259	1291	1292	0	0
delay	727379	B>A	Žemieji Paneriai–J. Basanavičiaus–Kalvarijų g.–Žirmūnai	1299	1298	-1.7	Riovonys	1305.3	0	Jogailos st.	1323.6	6	Troleibusai	6	12Ž	3-2259	1344	1344	0	0
delay	727403	A>B	Žirmūnai–Kalvarijų–J. Basanavičiaus g.–Žemieji Paneriai	360	349	-12.4	Tauragnų st.	358.89999	-10.3	Žemieji Paneriai	394.10001	6	Troleibusai	6	13	3-3293	406	396	1	1
delay	727403	B>A	Žemieji Paneriai–J. Basanavičiaus–Kalvarijų g.–Žirmūnai	415	404	-12.1	Savanorių prospektas	418.39999	-9.5	Šaltinėlio st.	454.79999	6	Troleibusai	6	13	3-3293	465	455	1	1
delay	727403	A>B	Žirmūnai–Kalvarijų–J. Basanavičiaus g.–Žemieji Paneriai	476	469	-6.5999999	Šaltinėlio st.	470.60001	1.9	Centro poliklinika	506.39999	6	Troleibusai	6	13	3-3293	529	528	1	1
delay	727403	B>A	Žemieji Paneriai–J. Basanavičiaus–Kalvarijų g.–Žirmūnai	536	530	-5.9000001	Baldai	534.90002	2.3	Verkių st.	584.70001	6	Troleibusai	6	13	3-3293	587	588	1	1
missed	662945	A>B	Žirmūnai–Kalvarijų–J. Basanavičiaus g.–Žemieji Paneriai	627	NULL	NULL	NULL	NULL	NULL	NULL	NULL	6	Troleibusai	6	13		678	NULL	NULL	NULL
missed	662945	B>A	Žemieji Paneriai–J. Basanavičiaus–Kalvarijų g.–Žirmūnai	683	NULL	NULL	NULL	NULL	NULL	NULL	NULL	6	Troleibusai	6	13		734	NULL	NULL	NULL
missed	662945	A>B	Žirmūnai–Kalvarijų–J. Basanavičiaus g.–Žemieji Paneriai	742	NULL	NULL	NULL	NULL	NULL	NULL	NULL	6	Troleibusai	6	13		793	NULL	NULL	NULL
missed	662945	B>A	Žemieji Paneriai–J. Basanavičiaus–Kalvarijų g.–Žirmūnai	800	NULL	NULL	NULL	NULL	NULL	NULL	NULL	6	Troleibusai	6	13		851	NULL	NULL	NULL
delay	727403	A>B	Žirmūnai–Kalvarijų–J. Basanavičiaus g.–Žemieji Paneriai	865	861	-5.4000001	Verkių st.	867.70001	0.69999999	Žemieji Paneriai	914.5	6	Troleibusai	6	13	3-3293	916	916	1	1
delay	727403	B>A	Žemieji Paneriai–J. Basanavičiaus–Kalvarijų g.–Žirmūnai	925	924	-2.2	Savanorių prospektas	939	4.8000002	Autobusų parkas	979.40002	6	Troleibusai	6	13	3-3293	977	982	1	1
delay	727403	A>B	Žirmūnai–Kalvarijų–J. Basanavičiaus g.–Žemieji Paneriai	992	992	-1.1	Giedraičių st.	1007	10.7	Riovonys	1050.1	6	Troleibusai	6	13	3-3293	1046	1055	1	1
delay	727403	B>A	Žemieji Paneriai–J. Basanavičiaus–Kalvarijų g.–Žirmūnai	1053	1056	2.9000001	Baldai	1060.8	10.9	Tauragnų st.	1110.6	6	Troleibusai	6	13	3-3293	1111	1119	1	1
missed	662945	A>B	Žirmūnai–Kalvarijų–J. Basanavičiaus g.–Žemieji Paneriai	1146	NULL	NULL	NULL	NULL	NULL	NULL	NULL	6	Troleibusai	6	13		1194	NULL	NULL	NULL
missed	662945	B>A	Žemieji Paneriai–J. Basanavičiaus–Kalvarijų g.–Žirmūnai	1201	NULL	NULL	NULL	NULL	NULL	NULL	NULL	6	Troleibusai	6	13		1246	NULL	NULL	NULL
missed	662945	A>B	Žirmūnai–Kalvarijų–J. Basanavičiaus g.–Žemieji Paneriai	1258	NULL	NULL	NULL	NULL	NULL	NULL	NULL	6	Troleibusai	6	13		1304	NULL	NULL	NULL
missed	662945	B>A	Žemieji Paneriai–J. Basanavičiaus–Kalvarijų g.–Žirmūnai	1312	NULL	NULL	NULL	NULL	NULL	NULL	NULL	6	Troleibusai	6	13		1357	NULL	NULL	NULL
delay	727418	A>B	Žirmūnai–Kalvarijų–J. Basanavičiaus g.–Žemieji Paneriai	377	360	-18.5	Pramogų arena	367.60001	-16.6	Riovonys	400.29999	6	Troleibusai	6	14	3-2871	423	406	1	1
delay	727418	B>A	Žemieji Paneriai–J. Basanavičiaus–Kalvarijų g.–Žirmūnai	433	415	-19.299999	Reformatų st.	439.60001	-17.200001	Riovonys	423.79999	6	Troleibusai	6	14	3-2871	483	465	1	1
delay	727418	A>B	Žirmūnai–Kalvarijų–J. Basanavičiaus g.–Žemieji Paneriai	498	738	1440	NULL	0	-1440	NULL	0	6	Troleibusai	6	14	3-2871	550	790	0	1
delay	727418	A>B	Žirmūnai–Kalvarijų–J. Basanavičiaus g.–Žemieji Paneriai	498	625	1440	NULL	0	-1440	NULL	0	6	Troleibusai	6	14	3-2871	550	676	0	1
delay	727418	A>B	Žirmūnai–Kalvarijų–J. Basanavičiaus g.–Žemieji Paneriai	498	479	-18.799999	Šaltinėlio st.	480.39999	-8	Žemieji Paneriai	540.29999	6	Troleibusai	6	14	3-2871	550	542	1	1
delay	727418	A>B	Žirmūnai–Kalvarijų–J. Basanavičiaus g.–Žemieji Paneriai	498	855	1440	NULL	0	-1440	NULL	0	6	Troleibusai	6	14	3-2871	550	909	0	1
delay	727418	B>A	Žemieji Paneriai–J. Basanavičiaus–Kalvarijų g.–Žirmūnai	555	683	1440	NULL	0	-1440	NULL	0	6	Troleibusai	6	14	3-2871	605	735	0	1
delay	727418	B>A	Žemieji Paneriai–J. Basanavičiaus–Kalvarijų g.–Žirmūnai	555	542	-14.6	Pramogų arena	584.59998	-9.8000002	Verkių st.	591.59998	6	Troleibusai	6	14	3-2871	605	595	1	1
delay	727418	B>A	Žemieji Paneriai–J. Basanavičiaus–Kalvarijų g.–Žirmūnai	555	915	1440	NULL	0	-1440	NULL	0	6	Troleibusai	6	14	3-2871	605	973	0	1
delay	727418	B>A	Žemieji Paneriai–J. Basanavičiaus–Kalvarijų g.–Žirmūnai	555	795	1440	NULL	0	-1440	NULL	0	6	Troleibusai	6	14	3-2871	605	854	0	1
missed	662933	A>B	Žirmūnai–Kalvarijų–J. Basanavičiaus g.–Žemieji Paneriai	920	NULL	NULL	NULL	NULL	NULL	NULL	NULL	6	Troleibusai	6	14		971	NULL	NULL	NULL
missed	662933	B>A	Žemieji Paneriai–J. Basanavičiaus–Kalvarijų g.–Žirmūnai	978	NULL	NULL	NULL	NULL	NULL	NULL	NULL	6	Troleibusai	6	14		1036	NULL	NULL	NULL
delay	727418	A>B	Žirmūnai–Kalvarijų–J. Basanavičiaus g.–Žemieji Paneriai	1046	1259	1440	NULL	0	-1440	NULL	0	6	Troleibusai	6	14	3-2871	1101	1306	0	1
delay	727418	A>B	Žirmūnai–Kalvarijų–J. Basanavičiaus g.–Žemieji Paneriai	1046	980	-56.900002	Gerosios Vilties st.	1032.9	-52.400002	Pakalniškių st.	1043.3	6	Troleibusai	6	14	3-2871	1101	1047	1	1
delay	727418	A>B	Žirmūnai–Kalvarijų–J. Basanavičiaus g.–Žemieji Paneriai	1046	1145	1440	NULL	0	-1440	NULL	0	6	Troleibusai	6	14	3-2871	1101	1196	0	1
delay	727418	A>B	Žirmūnai–Kalvarijų–J. Basanavičiaus g.–Žemieji Paneriai	1046	1366	1440	NULL	0	-1440	NULL	0	6	Troleibusai	6	14	3-2871	1101	1411	0	1
delay	727418	B>A	Žemieji Paneriai–J. Basanavičiaus–Kalvarijų g.–Žirmūnai	1111	1048	-59.599998	Pakalniškių st.	1057.5	-50.200001	Broniaus Laurinavičiaus skveras	1100.5	6	Troleibusai	6	14	3-2871	1163	1110	1	1
delay	727418	B>A	Žemieji Paneriai–J. Basanavičiaus–Kalvarijų g.–Žirmūnai	1111	1313	1440	NULL	0	-1440	NULL	0	6	Troleibusai	6	14	3-2871	1163	1362	0	1
delay	727418	B>A	Žemieji Paneriai–J. Basanavičiaus–Kalvarijų g.–Žirmūnai	1111	1198	1440	NULL	0	-1440	NULL	0	6	Troleibusai	6	14	3-2871	1163	1245	0	1
delay	727340	B>A	Stotis–Žvėrynas–Justiniškės–Pašilaičiai	324	324	-1.1	Islandijos st.	333.20001	0.80000001	Lūžiai	355	7	Troleibusai	7	01	3-2428	362	362	0	0
delay	727340	A>B	Pašilaičiai–Justiniškės–Žvėrynas–Stotis	369	371	1.8	Skalvių st.	371.89999	4.4000001	Spaudos rūmai	387.10001	7	Troleibusai	7	01	3-2428	408	411	1	0
delay	727340	B>A	Stotis–Žvėrynas–Justiniškės–Pašilaičiai	409	412	2.3	Islandijos st.	421.60001	5.9000001	Lūžiai	445.10001	7	Troleibusai	7	01	3-2428	447	452	1	1
delay	727340	A>B	Pašilaičiai–Justiniškės–Žvėrynas–Stotis	460	464	-0.2	Kaukaro st.	476.39999	9.1000004	Liubarto tiltas	500.20001	7	Troleibusai	7	01	3-2428	507	514	1	1
delay	727340	B>A	Stotis–Žvėrynas–Justiniškės–Pašilaičiai	509	515	5.8000002	Rūdninkų st.	518.40002	7.6999998	Lūžiai	546.90002	7	Troleibusai	7	01	3-2428	547	553	1	1
delay	727340	A>B	Pašilaičiai–Justiniškės–Žvėrynas–Stotis	591	592	1	Lūžiai	601.09998	2.4000001	Spaudos rūmai	607.09998	7	Troleibusai	7	01	3-2428	630	631	0	0
delay	727340	B>A	Stotis–Žvėrynas–Justiniškės–Pašilaičiai	631	634	3.3	Stotis	634.40002	7	Medeinos st.	674.29999	7	Troleibusai	7	01	3-2428	669	676	1	1
delay	727340	A>B	Pašilaičiai–Justiniškės–Žvėrynas–Stotis	687	684	-2.8	Skalvių st.	685.20001	-0.1	Liubarto tiltas	711.29999	7	Troleibusai	7	01	3-2428	726	724	0	0
delay	727340	B>A	Stotis–Žvėrynas–Justiniškės–Pašilaičiai	727	726	-1.4	Stotis	725.79999	1.6	Jokūbo Jasinskio st.	740.70001	7	Troleibusai	7	01	3-2428	765	766	0	0
delay	727340	A>B	Pašilaičiai–Justiniškės–Žvėrynas–Stotis	777	775	-1.9	Skalvių st.	776.20001	1.3	Kęstučio st.	801.5	7	Troleibusai	7	01	3-2428	816	816	0	0
delay	727340	B>A	Stotis–Žvėrynas–Justiniškės–Pašilaičiai	817	817	-1.3	Islandijos st.	826	1.7	Teodoro Narbuto st.	840.90002	7	Troleibusai	7	01	3-2428	855	857	0	0
delay	727340	A>B	Pašilaičiai–Justiniškės–Žvėrynas–Stotis	865	867	2.3	Kaukaro st.	878.20001	3.9000001	Gėlių st.	904.59998	7	Troleibusai	7	01	3-2428	904	907	1	0
delay	727340	B>A	Stotis–Žvėrynas–Justiniškės–Pašilaičiai	905	910	4.4000001	Spaudos rūmai	937.79999	7.5	Jokūbo Jasinskio st.	924.5	7	Troleibusai	7	01	3-2428	944	948	1	1
delay	727340	A>B	Pašilaičiai–Justiniškės–Žvėrynas–Stotis	954	960	6	Justiniškės	967.29999	7.8000002	Gėlių st.	997.5	7	Troleibusai	7	01	3-2428	993	1000	1	1
delay	727340	B>A	Stotis–Žvėrynas–Justiniškės–Pašilaičiai	994	1002	8.1000004	Stotis	1002.2	12.8	Sėlių st.	1026.5	7	Troleibusai	7	01	3-2428	1037	1048	1	1
delay	727340	A>B	Pašilaičiai–Justiniškės–Žvėrynas–Stotis	1049	1059	9.6999998	Teodoro Narbuto st.	1075.5	11.9	Gėlių st.	1096.5	7	Troleibusai	7	01	3-2428	1088	1099	1	1
delay	727340	B>A	Stotis–Žvėrynas–Justiniškės–Pašilaičiai	1089	1102	11.7	Spaudos rūmai	1133.6	14.1	Teodoro Narbuto st.	1128.8	7	Troleibusai	7	01	3-2428	1133	1145	1	1
delay	727340	A>B	Pašilaičiai–Justiniškės–Žvėrynas–Stotis	1175	1181	6.0999999	Skalvių st.	1182.1	7.8000002	Latvių st.	1204.6	7	Troleibusai	7	01	3-2428	1214	1221	1	1
delay	727340	B>A	Stotis–Žvėrynas–Justiniškės–Pašilaičiai	1215	1225	8.8000002	Taikos st.	1258	11.4	Jokūbo Jasinskio st.	1238.5	7	Troleibusai	7	01	3-2428	1253	1262	1	1
delay	727340	A>B	Pašilaičiai–Justiniškės–Žvėrynas–Stotis	1258	1271	12.2	Lūžiai	1279.3	13.2	Pamėnkalnio st.	1298.9	7	Troleibusai	7	01	3-2428	1297	1309	1	1
delay	727340	B>A	Stotis–Žvėrynas–Justiniškės–Pašilaičiai	1298	1313	14.3	Spaudos rūmai	1339.7	17.1	Jokūbo Jasinskio st.	1327.1	7	Troleibusai	7	01	3-2428	1336	1350	1	1
missed	662954	A>B	Pašilaičiai–Justiniškės–Žvėrynas–Stotis	1344	NULL	NULL	NULL	NULL	NULL	NULL	NULL	7	Troleibusai	7	01		1383	NULL	NULL	NULL
missed	662954	B>A	Stotis–Žvėrynas–Justiniškės–Pašilaičiai	1384	NULL	NULL	NULL	NULL	NULL	NULL	NULL	7	Troleibusai	7	01		1422	NULL	NULL	NULL
delay	727491	A>B	Pašilaičiai–Justiniškės–Žvėrynas–Stotis	408	420	11.7	Skalvių st.	420.79999	16.6	Pamėnkalnio st.	456.39999	7	Troleibusai	7	02	3-2464	451	466	1	1
delay	727491	B>A	Stotis–Žvėrynas–Justiniškės–Pašilaičiai	453	468	14.6	Stotis	467.79999	16.9	Teodoro Narbuto st.	492.10001	7	Troleibusai	7	02	3-2464	491	506	1	1
delay	727491	A>B	Pašilaičiai–Justiniškės–Žvėrynas–Stotis	501	522	17.700001	Kaukaro st.	534.29999	22.799999	Sūduvių st.	527.09998	7	Troleibusai	7	02	3-2464	547	565	1	1
delay	727491	B>A	Stotis–Žvėrynas–Justiniškės–Pašilaičiai	548	567	16.200001	Spaudos rūmai	591.5	18.9	Jokūbo Jasinskio st.	578.90002	7	Troleibusai	7	02	3-2464	586	604	1	1
missed	662957	A>B	Pašilaičiai–Justiniškės–Žvėrynas–Stotis	918	NULL	NULL	NULL	NULL	NULL	NULL	NULL	7	Troleibusai	7	02		957	NULL	NULL	NULL
delay	727491	B>A	Stotis–Žvėrynas–Justiniškės–Pašilaičiai	958	920	-39.799999	Spaudos rūmai	947.59998	-37.900002	Reformatų st.	927.5	7	Troleibusai	7	02	3-2464	998	959	1	1
delay	727491	A>B	Pašilaičiai–Justiniškės–Žvėrynas–Stotis	1012	970	-42	Justiniškės	977.29999	-35.599998	Centro poliklinika	1007	7	Troleibusai	7	02	3-2464	1051	1014	1	1
delay	727491	B>A	Stotis–Žvėrynas–Justiniškės–Pašilaičiai	1052	1017	-34.599998	Stotis	1017.5	-28.799999	Sėlių st.	1043	7	Troleibusai	7	02	3-2464	1096	1065	1	1
delay	727491	A>B	Pašilaičiai–Justiniškės–Žvėrynas–Stotis	1110	1070	-39.799999	Skalvių st.	1071.3	-37.099998	Pamėnkalnio st.	1100.7	7	Troleibusai	7	02	3-2464	1149	1111	1	1
delay	727491	B>A	Stotis–Žvėrynas–Justiniškės–Pašilaičiai	1150	1113	-37	Liubarto tiltas	1128.4	-31.799999	Medeinos st.	1155.4	7	Troleibusai	7	02	3-2464	1189	1157	1	1
delay	727482	A>B	Pašilaičiai–Justiniškės–Žvėrynas–Stotis	411	413	-1.6	Kaukaro st.	425.10001	5.3000002	Žvėrynas	442.39999	7	Troleibusai	7	03M	3-2222	457	460	1	0
delay	727482	B>A	Stotis–Žvėrynas–Justiniškės–Pašilaičiai	459	462	2.8	Lūžiai	492	5.8000002	Jokūbo Jasinskio st.	476.79999	7	Troleibusai	7	03M	3-2222	497	500	1	1
delay	727482	A>B	Pašilaičiai–Justiniškės–Žvėrynas–Stotis	506	512	4.8000002	Kaukaro st.	524.40002	8	Vingriai	553.5	7	Troleibusai	7	03M	3-2222	550	557	1	1
delay	727482	B>A	Stotis–Žvėrynas–Justiniškės–Pašilaičiai	551	559	5.6999998	Taikos st.	590.90002	9.6999998	Jokūbo Jasinskio st.	572.70001	7	Troleibusai	7	03M	3-2222	589	594	1	1
delay	727482	A>B	Pašilaičiai–Justiniškės–Žvėrynas–Stotis	624	637	12.6	Skalvių st.	637.59998	14.4	Pamėnkalnio st.	666.09998	7	Troleibusai	7	03M	3-2222	663	676	1	1
delay	727482	B>A	Stotis–Žvėrynas–Justiniškės–Pašilaičiai	664	679	14.7	Spaudos rūmai	706	16.299999	Jokūbo Jasinskio st.	692.40002	7	Troleibusai	7	03M	3-2222	702	718	1	1
delay	727482	A>B	Pašilaičiai–Justiniškės–Žvėrynas–Stotis	711	726	14.7	Troleibusų parkas	738	16.9	Gėlių st.	763.5	7	Troleibusai	7	03M	3-2222	750	766	1	1
delay	727482	B>A	Stotis–Žvėrynas–Justiniškės–Pašilaičiai	751	769	17.700001	Stotis	768.90002	19.6	Jokūbo Jasinskio st.	782.59998	7	Troleibusai	7	03M	3-2222	789	808	1	1
delay	727482	A>B	Pašilaičiai–Justiniškės–Žvėrynas–Stotis	801	818	16.9	Taikos st.	823.5	18.6	Žvėrynas	838.90002	7	Troleibusai	7	03M	3-2222	840	858	1	1
delay	727482	B>A	Stotis–Žvėrynas–Justiniškės–Pašilaičiai	841	860	19.1	Sietyno st.	884.40002	22.299999	Medeinos st.	899.5	7	Troleibusai	7	03M	3-2222	879	901	1	1
delay	727482	A>B	Pašilaičiai–Justiniškės–Žvėrynas–Stotis	889	910	20.9	Taikos st.	915.59998	22.1	Troleibusų parkas	923.40002	7	Troleibusai	7	03M	3-2222	928	949	1	1
delay	727482	B>A	Stotis–Žvėrynas–Justiniškės–Pašilaičiai	929	952	22.6	Stotis	951.79999	25.4	Jokūbo Jasinskio st.	966.40002	7	Troleibusai	7	03M	3-2222	968	991	1	1
delay	727482	A>B	Pašilaičiai–Justiniškės–Žvėrynas–Stotis	984	1003	19.1	Pumpėnų st.	1007.6	22.9	Vingriai	1041.2	7	Troleibusai	7	03M	3-2222	1023	1045	1	1
delay	727482	B>A	Stotis–Žvėrynas–Justiniškės–Pašilaičiai	1024	1048	24.1	Stotis	1048.3	29.6	Jokūbo Jasinskio st.	1066.7	7	Troleibusai	7	03M	3-2222	1068	1093	1	1
delay	727482	A>B	Pašilaičiai–Justiniškės–Žvėrynas–Stotis	1075	1108	32.400002	Trakų st.	1140.4	34.5	Justiniškės	1116.7	7	Troleibusai	7	03M	3-2222	1114	1146	1	1
delay	727482	B>A	Stotis–Žvėrynas–Justiniškės–Pašilaičiai	1115	1149	31.5	Liubarto tiltas	1161.9	34.299999	Teodoro Narbuto st.	1175	7	Troleibusai	7	03M	3-2222	1158	1191	1	1
delay	727482	A>B	Pašilaičiai–Justiniškės–Žvėrynas–Stotis	1194	1225	29.1	Trakų st.	1256.1	31.200001	Medeinos st.	1227.5	7	Troleibusai	7	03M	3-2222	1233	1261	1	1
delay	727482	B>A	Stotis–Žvėrynas–Justiniškės–Pašilaičiai	1234	1264	29.200001	Islandijos st.	1273.6	30.9	Jokūbo Jasinskio st.	1276.9	7	Troleibusai	7	03M	3-2222	1272	1303	1	1
delay	727482	A>B	Pašilaičiai–Justiniškės–Žvėrynas–Stotis	1278	1315	34.700001	Trakų st.	1345.7	37.400002	Taikos st.	1321	7	Troleibusai	7	03M	3-2222	1317	1351	1	1
delay	727482	B>A	Stotis–Žvėrynas–Justiniškės–Pašilaičiai	1318	1355	35.400002	Spaudos rūmai	1380.7	36.700001	Jokūbo Jasinskio st.	1366.8	7	Troleibusai	7	03M	3-2222	1356	1392	1	1
missed	662947	A>B	Pašilaičiai–Justiniškės–Žvėrynas–Stotis	1364	NULL	NULL	NULL	NULL	NULL	NULL	NULL	7	Troleibusai	7	03M		1403	NULL	NULL	NULL
delay	727494	A>B	Pašilaičiai–Justiniškės–Žvėrynas–Stotis	418	429	5.6999998	Spaudos rūmai	444	15.7	Vingriai	475.70001	7	Troleibusai	7	04	3-2905	465	480	1	1
delay	727494	B>A	Stotis–Žvėrynas–Justiniškės–Pašilaičiai	467	482	14.6	Stotis	481.70001	18	Lūžiai	515.20001	7	Troleibusai	7	04	3-2905	505	522	1	1
delay	727494	A>B	Pašilaičiai–Justiniškės–Žvėrynas–Stotis	515	529	11	Spaudos rūmai	543.40002	14.2	Justiniškės	536.5	7	Troleibusai	7	04	3-2905	557	571	1	1
delay	727494	B>A	Stotis–Žvėrynas–Justiniškės–Pašilaičiai	558	574	14.2	Spaudos rūmai	599.5	16.9	Jokūbo Jasinskio st.	586.90002	7	Troleibusai	7	04	3-2905	596	610	1	1
delay	727494	B>A	Stotis–Žvėrynas–Justiniškės–Pašilaičiai	914	926	9.3000002	Spaudos rūmai	951.5	12.6	Jokūbo Jasinskio st.	938.59998	7	Troleibusai	7	04	3-2905	953	963	1	1
delay	727494	A>B	Pašilaičiai–Justiniškės–Žvėrynas–Stotis	966	978	11.6	Kaukaro st.	988.5	15.4	Gėlių st.	1017.1	7	Troleibusai	7	04	3-2905	1005	1020	1	1
delay	727494	B>A	Stotis–Žvėrynas–Justiniškės–Pašilaičiai	1006	1023	16.700001	Spaudos rūmai	1055.5	19.6	Sėlių st.	1045.4	7	Troleibusai	7	04	3-2905	1050	1068	1	1
delay	727494	A>B	Pašilaičiai–Justiniškės–Žvėrynas–Stotis	1058	1080	22	Skalvių st.	1081	23.200001	Spaudos rūmai	1094.9	7	Troleibusai	7	04	3-2905	1097	1118	1	1
delay	727494	B>A	Stotis–Žvėrynas–Justiniškės–Pašilaičiai	1098	1121	20.4	Spaudos rūmai	1151.1	23.6	Jokūbo Jasinskio st.	1134.6	7	Troleibusai	7	04	3-2905	1142	1163	1	1
delay	727501	A>B	Pašilaičiai–Justiniškės–Žvėrynas–Stotis	425	434	5.0999999	Kaukaro st.	446.60001	19.6	Pamėnkalnio st.	480	7	Troleibusai	7	05	3-2854	472	490	1	1
delay	727501	B>A	Stotis–Žvėrynas–Justiniškės–Pašilaičiai	474	491	16.200001	Islandijos st.	500.60001	19	Jokūbo Jasinskio st.	505.10001	7	Troleibusai	7	05	3-2854	512	530	1	1
delay	727501	A>B	Pašilaičiai–Justiniškės–Žvėrynas–Stotis	525	535	7.9000001	Kaukaro st.	546.40002	11.3	Vingriai	573.20001	7	Troleibusai	7	05	3-2854	566	577	1	1
delay	727501	B>A	Stotis–Žvėrynas–Justiniškės–Pašilaičiai	567	580	9.3000002	Spaudos rūmai	603.59998	13.1	Jokūbo Jasinskio st.	592.20001	7	Troleibusai	7	05	3-2854	605	615	1	1
delay	727501	A>B	Pašilaičiai–Justiniškės–Žvėrynas–Stotis	648	659	10.9	Skalvių st.	659.90002	11.7	Medeinos st.	662	7	Troleibusai	7	05	3-2854	687	697	1	1
delay	727501	B>A	Stotis–Žvėrynas–Justiniškės–Pašilaičiai	688	701	10.3	Spaudos rūmai	725.59998	13.7	Medeinos st.	737.90002	7	Troleibusai	7	05	3-2854	726	739	1	1
delay	727501	A>B	Pašilaičiai–Justiniškės–Žvėrynas–Stotis	735	749	14.2	Skalvių st.	750.20001	18.200001	Vingriai	787.5	7	Troleibusai	7	05	3-2854	774	792	1	1
delay	727501	B>A	Stotis–Žvėrynas–Justiniškės–Pašilaičiai	775	793	16.9	Islandijos st.	802.29999	19.700001	Medeinos st.	831	7	Troleibusai	7	05	3-2854	813	833	1	1
delay	727501	A>B	Pašilaičiai–Justiniškės–Žvėrynas–Stotis	823	839	15.7	Skalvių st.	839.79999	18.200001	Kaukaro st.	852.09998	7	Troleibusai	7	05	3-2854	862	879	1	1
delay	727501	B>A	Stotis–Žvėrynas–Justiniškės–Pašilaičiai	863	883	18.799999	Stotis	882	21.799999	Jokūbo Jasinskio st.	896.90002	7	Troleibusai	7	05	3-2854	901	922	1	1
delay	727501	A>B	Pašilaičiai–Justiniškės–Žvėrynas–Stotis	913	932	19.1	Skalvių st.	933.09998	23.299999	Gėlių st.	972	7	Troleibusai	7	05	3-2854	952	975	1	1
delay	727501	B>A	Stotis–Žvėrynas–Justiniškės–Pašilaičiai	953	977	23.6	Islandijos st.	987	28.799999	Medeinos st.	1020	7	Troleibusai	7	05	3-2854	993	1022	1	1
delay	727501	A>B	Pašilaičiai–Justiniškės–Žvėrynas–Stotis	1008	1028	20.4	Skalvių st.	1029.5	29	Vingriai	1071.3	7	Troleibusai	7	05	3-2854	1047	1075	1	1
delay	727501	B>A	Stotis–Žvėrynas–Justiniškės–Pašilaičiai	1048	1077	27.6	Spaudos rūmai	1108.3	32	Latvių st.	1097.5	7	Troleibusai	7	05	3-2854	1092	1121	1	1
delay	727529	A>B	Pašilaičiai–Justiniškės–Žvėrynas–Stotis	1106	1135	28.9	Sūduvių st.	1138.3	33.599998	Liubarto tiltas	1164	7	Troleibusai	7	05	3-56	1145	1177	1	1
delay	727529	B>A	Stotis–Žvėrynas–Justiniškės–Pašilaičiai	1146	1178	29.200001	Spaudos rūmai	1203.6	31.6	Stotis	1177.6	7	Troleibusai	7	05	3-56	1185	1216	1	1
delay	727529	A>B	Pašilaičiai–Justiniškės–Žvėrynas–Stotis	1219	1255	35.400002	Skalvių st.	1255.4	38.400002	Gėlių st.	1293.1	7	Troleibusai	7	05	3-56	1258	1296	1	1
delay	727529	B>A	Stotis–Žvėrynas–Justiniškės–Pašilaičiai	1259	1298	38	Taikos st.	1331.3	40.299999	Jokūbo Jasinskio st.	1311.4	7	Troleibusai	7	05	3-56	1297	1335	1	1
delay	727529	A>B	Pašilaičiai–Justiniškės–Žvėrynas–Stotis	1302	1345	42.900002	Skalvių st.	1346	45.5	Žvėrynas	1366.8	7	Troleibusai	7	05	3-56	1341	1386	1	1
delay	727529	B>A	Stotis–Žvėrynas–Justiniškės–Pašilaičiai	1342	1387	45.200001	Islandijos st.	1397.5	46.900002	Lūžiai	1419.1	7	Troleibusai	7	05	3-56	1380	1426	1	1
missed	662946	A>B	Pašilaičiai–Justiniškės–Žvėrynas–Stotis	1387	NULL	NULL	NULL	NULL	NULL	NULL	NULL	7	Troleibusai	7	05		1426	NULL	NULL	NULL
delay	727505	A>B	Pašilaičiai–Justiniškės–Žvėrynas–Stotis	433	441	5.5	Kaukaro st.	455	21.9	Pamėnkalnio st.	490.29999	7	Troleibusai	7	06	3-2955	480	501	1	1
delay	727505	B>A	Stotis–Žvėrynas–Justiniškės–Pašilaičiai	482	501	15.8	Sūduvių st.	533.09998	19	Jokūbo Jasinskio st.	513.09998	7	Troleibusai	7	06	3-2955	520	536	1	1
delay	727505	A>B	Pašilaičiai–Justiniškės–Žvėrynas–Stotis	529	543	11.1	Kęstučio st.	565.90002	14.2	Medeinos st.	545.5	7	Troleibusai	7	06	3-2955	570	582	1	1
delay	727505	B>A	Stotis–Žvėrynas–Justiniškės–Pašilaičiai	571	585	13.3	Spaudos rūmai	611.59998	15.5	Medeinos st.	622.70001	7	Troleibusai	7	06	3-2955	609	624	1	1
delay	727505	B>A	Stotis–Žvėrynas–Justiniškės–Pašilaičiai	920	931	10.1	Trakų st.	936.29999	13.4	Medeinos st.	970.59998	7	Troleibusai	7	06	3-2955	959	972	1	1
delay	727505	A>B	Pašilaičiai–Justiniškės–Žvėrynas–Stotis	972	986	13.6	Skalvių st.	986.59998	16.799999	Vingriai	1023.1	7	Troleibusai	7	06	3-2955	1011	1027	1	1
delay	727505	B>A	Stotis–Žvėrynas–Justiniškės–Pašilaičiai	1013	1031	17.700001	Rūdninkų st.	1034.3	24.9	Sėlių st.	1057.7	7	Troleibusai	7	06	3-2955	1057	1080	1	1
delay	727505	A>B	Pašilaičiai–Justiniškės–Žvėrynas–Stotis	1067	1083	15.6	Skalvių st.	1083.7	17.9	Pamėnkalnio st.	1112.6	7	Troleibusai	7	06	3-2955	1106	1123	1	1
delay	727505	B>A	Stotis–Žvėrynas–Justiniškės–Pašilaičiai	1107	1126	17.5	Spaudos rūmai	1157.3	20.4	Teodoro Narbuto st.	1153.2	7	Troleibusai	7	06	3-2955	1151	1169	1	1
delay	727401	A>B	Pašilaičiai–Justiniškės–Žvėrynas–Stotis	327	339	11.2	Gėlių st.	373.89999	13.4	Spaudos rūmai	354.10001	7	Troleibusai	7	07M	3-1715	366	376	1	1
delay	727401	B>A	Stotis–Žvėrynas–Justiniškės–Pašilaičiai	367	379	9.3000002	Spaudos rūmai	403.60001	11.8	Medeinos st.	415	7	Troleibusai	7	07M	3-1715	405	417	1	1
delay	727401	A>B	Pašilaičiai–Justiniškės–Žvėrynas–Stotis	414	425	6.4000001	Kaukaro st.	437	15.2	Pamėnkalnio st.	464.60001	7	Troleibusai	7	07M	3-1715	461	475	1	1
delay	727401	B>A	Stotis–Žvėrynas–Justiniškės–Pašilaičiai	463	477	12.7	Sūduvių st.	510.89999	15.8	Jokūbo Jasinskio st.	490.79999	7	Troleibusai	7	07M	3-1715	501	515	1	1
delay	727401	A>B	Pašilaičiai–Justiniškės–Žvėrynas–Stotis	509	555	42.900002	Centro poliklinika	587.90002	46.5	Medeinos st.	557.79999	7	Troleibusai	7	07M	3-1715	553	596	1	1
delay	727401	B>A	Stotis–Žvėrynas–Justiniškės–Pašilaičiai	554	598	43.400002	Trakų st.	603.59998	46.700001	Jokūbo Jasinskio st.	612.79999	7	Troleibusai	7	07M	3-1715	592	636	1	1
delay	727401	A>B	Pašilaičiai–Justiniškės–Žvėrynas–Stotis	630	650	19.9	Skalvių st.	650.90002	22.799999	Vingriai	687.09998	7	Troleibusai	7	07M	3-1715	669	691	1	1
delay	727401	B>A	Stotis–Žvėrynas–Justiniškės–Pašilaičiai	670	693	22.200001	Spaudos rūmai	719.5	24.5	Jokūbo Jasinskio st.	706.5	7	Troleibusai	7	07M	3-1715	708	731	1	1
delay	727401	A>B	Pašilaičiai–Justiniškės–Žvėrynas–Stotis	719	742	22.9	Skalvių st.	742.90002	25.6	Pamėnkalnio st.	772.29999	7	Troleibusai	7	07M	3-1715	758	783	1	1
delay	727401	B>A	Stotis–Žvėrynas–Justiniškės–Pašilaičiai	759	786	25	Spaudos rūmai	811.29999	27.6	Jokūbo Jasinskio st.	798.59998	7	Troleibusai	7	07M	3-1715	797	822	1	1
delay	727401	A>B	Pašilaičiai–Justiniškės–Žvėrynas–Stotis	807	833	25.6	Skalvių st.	833.59998	26.4	Kaukaro st.	844.29999	7	Troleibusai	7	07M	3-1715	846	871	1	1
delay	727401	B>A	Stotis–Žvėrynas–Justiniškės–Pašilaičiai	847	875	27.700001	Trakų st.	880.90002	31.1	Medeinos st.	914.29999	7	Troleibusai	7	07M	3-1715	885	916	1	1
delay	727401	A>B	Pašilaičiai–Justiniškės–Žvėrynas–Stotis	895	925	29.200001	Lūžiai	933.29999	31.4	Latvių st.	948.09998	7	Troleibusai	7	07M	3-1715	934	964	1	1
delay	727401	B>A	Stotis–Žvėrynas–Justiniškės–Pašilaičiai	935	966	31	Rūdninkų st.	969.5	35.5	Medeinos st.	1007.8	7	Troleibusai	7	07M	3-1715	974	1009	1	1
delay	727401	A>B	Pašilaičiai–Justiniškės–Žvėrynas–Stotis	991	1019	28.299999	Lūžiai	1028.4	32.5	Gėlių st.	1059.2	7	Troleibusai	7	07M	3-1715	1030	1062	1	1
delay	727401	B>A	Stotis–Žvėrynas–Justiniškės–Pašilaičiai	1031	1065	29.200001	Spaudos rūmai	1093	34.799999	Jokūbo Jasinskio st.	1078.8	7	Troleibusai	7	07M	3-1715	1075	1104	1	1
delay	727401	A>B	Pašilaičiai–Justiniškės–Žvėrynas–Stotis	1117	1150	33	Skalvių st.	1151.1	34.400002	Justiniškės	1158.7	7	Troleibusai	7	07M	3-1715	1156	1189	1	1
delay	727401	B>A	Stotis–Žvėrynas–Justiniškės–Pašilaičiai	1157	1192	34	Rūdninkų st.	1194.4	37.599998	Medeinos st.	1231.8	7	Troleibusai	7	07M	3-1715	1196	1233	1	1
delay	727401	A>B	Pašilaičiai–Justiniškės–Žvėrynas–Stotis	1202	1242	38.900002	Kęstučio st.	1264.2	39.700001	Vingriai	1276	7	Troleibusai	7	07M	3-1715	1241	1280	1	1
delay	727401	B>A	Stotis–Žvėrynas–Justiniškės–Pašilaičiai	1242	1283	39.900002	Islandijos st.	1292.3	41.900002	Jokūbo Jasinskio st.	1296	7	Troleibusai	7	07M	3-1715	1280	1320	1	1
missed	662961	A>B	Pašilaičiai–Justiniškės–Žvėrynas–Stotis	1288	NULL	NULL	NULL	NULL	NULL	NULL	NULL	7	Troleibusai	7	07M		1327	NULL	NULL	NULL
missed	662961	B>A	Stotis–Žvėrynas–Justiniškės–Pašilaičiai	1328	NULL	NULL	NULL	NULL	NULL	NULL	NULL	7	Troleibusai	7	07M		1366	NULL	NULL	NULL
delay	727508	A>B	Pašilaičiai–Justiniškės–Žvėrynas–Stotis	441	453	7.3000002	Kaukaro st.	464.89999	19.299999	Vingriai	502.29999	7	Troleibusai	7	08	3-2495	488	506	1	1
delay	727508	B>A	Stotis–Žvėrynas–Justiniškės–Pašilaičiai	490	508	15.8	Taikos st.	540	19.299999	Jokūbo Jasinskio st.	521.40002	7	Troleibusai	7	08	3-2495	528	545	1	1
delay	727508	A>B	Pašilaičiai–Justiniškės–Žvėrynas–Stotis	537	563	25.6	Skalvių st.	563.59998	27.6	Vingriai	598.90002	7	Troleibusai	7	08	3-2495	576	603	1	1
delay	727508	B>A	Stotis–Žvėrynas–Justiniškės–Pašilaičiai	577	606	27.200001	Kaukaro st.	633.5	29.6	Jokūbo Jasinskio st.	618.59998	7	Troleibusai	7	08	3-2495	615	643	1	1
delay	727508	B>A	Stotis–Žvėrynas–Justiniškės–Pašilaičiai	932	934	2.2	Islandijos st.	944.59998	5.6999998	Medeinos st.	974.90002	7	Troleibusai	7	08	3-2495	971	976	1	1
delay	727508	A>B	Pašilaičiai–Justiniškės–Žvėrynas–Stotis	987	989	2.0999999	Lūžiai	998.20001	3.5999999	Pamėnkalnio st.	1018.3	7	Troleibusai	7	08	3-2495	1026	1029	1	0
delay	727508	B>A	Stotis–Žvėrynas–Justiniškės–Pašilaičiai	1027	1033	5.3000002	Rūdninkų st.	1035.9	12.5	Jokūbo Jasinskio st.	1052.6	7	Troleibusai	7	08	3-2495	1071	1080	1	1
delay	727508	A>B	Pašilaičiai–Justiniškės–Žvėrynas–Stotis	1084	1086	2	Justiniškės	1093.3	4.4000001	Pamėnkalnio st.	1116.1	7	Troleibusai	7	08	3-2495	1123	1126	1	0
missed	662965	B>A	Stotis–Žvėrynas–Justiniškės–Pašilaičiai	1124	NULL	NULL	NULL	NULL	NULL	NULL	NULL	7	Troleibusai	7	08		1164	NULL	NULL	NULL
delay	727327	B>A	Stotis–Žvėrynas–Justiniškės–Pašilaičiai	311	311	-1.1	Sietyno st.	334.10001	0.69999999	Jokūbo Jasinskio st.	323.79999	7	Troleibusai	7	09Ž	3-2341	349	349	0	0
delay	727327	A>B	Pašilaičiai–Justiniškės–Žvėrynas–Stotis	354	358	3.3	Justiniškės	364.60001	4.5	Centro poliklinika	389.10001	7	Troleibusai	7	09Ž	3-2341	393	396	1	1
delay	727327	B>A	Stotis–Žvėrynas–Justiniškės–Pašilaičiai	394	399	4.6999998	Rūdninkų st.	402.29999	8.8999996	Medeinos st.	439.10001	7	Troleibusai	7	09Ž	3-2341	432	441	1	1
delay	727327	A>B	Pašilaičiai–Justiniškės–Žvėrynas–Stotis	445	448	1.2	Spaudos rūmai	466.60001	12.7	Gėlių st.	501.10001	7	Troleibusai	7	09Ž	3-2341	492	504	1	1
delay	727327	B>A	Stotis–Žvėrynas–Justiniškės–Pašilaičiai	494	504	10.4	Stotis	504.60001	12.8	Lūžiai	537	7	Troleibusai	7	09Ž	3-2341	532	543	1	1
delay	727327	A>B	Pašilaičiai–Justiniškės–Žvėrynas–Stotis	571	574	2.5999999	Skalvių st.	574.59998	3.4000001	Taikos st.	580	7	Troleibusai	7	09Ž	3-2341	610	612	1	0
delay	727327	B>A	Stotis–Žvėrynas–Justiniškės–Pašilaičiai	611	615	4	Trakų st.	621.09998	5.8000002	Jokūbo Jasinskio st.	628.90002	7	Troleibusai	7	09Ž	3-2341	649	654	1	1
delay	727327	A>B	Pašilaičiai–Justiniškės–Žvėrynas–Stotis	663	666	2.0999999	Taikos st.	670.70001	3.5999999	Gėlių st.	702.29999	7	Troleibusai	7	09Ž	3-2341	702	705	1	0
delay	727327	B>A	Stotis–Žvėrynas–Justiniškės–Pašilaičiai	703	708	3.8	Trakų st.	712.90002	8.5	Medeinos st.	747.70001	7	Troleibusai	7	09Ž	3-2341	741	749	1	1
delay	727327	A>B	Pašilaičiai–Justiniškės–Žvėrynas–Stotis	752	756	3.9000001	Skalvių st.	757	6.4000001	Latvių st.	780.09998	7	Troleibusai	7	09Ž	3-2341	791	796	1	1
delay	727327	B>A	Stotis–Žvėrynas–Justiniškės–Pašilaičiai	792	798	4.9000001	Rūdninkų st.	800.5	11.8	Medeinos st.	840	7	Troleibusai	7	09Ž	3-2341	830	842	1	1
delay	727327	A>B	Pašilaičiai–Justiniškės–Žvėrynas–Stotis	840	850	9.8999996	Skalvių st.	850.90002	11.7	Spaudos rūmai	865.40002	7	Troleibusai	7	09Ž	3-2341	879	889	1	1
delay	727327	B>A	Stotis–Žvėrynas–Justiniškės–Pašilaičiai	880	891	11.2	Stotis	891.29999	14.6	Jokūbo Jasinskio st.	906.59998	7	Troleibusai	7	09Ž	3-2341	919	931	1	1
delay	727327	A>B	Pašilaičiai–Justiniškės–Žvėrynas–Stotis	926	943	16.1	Jokūbo Jasinskio st.	968.40002	17.799999	Sūduvių st.	947.09998	7	Troleibusai	7	09Ž	3-2341	965	981	1	1
delay	727327	B>A	Stotis–Žvėrynas–Justiniškės–Pašilaičiai	966	983	17.5	Islandijos st.	993.90002	21.5	Medeinos st.	1026.7	7	Troleibusai	7	09Ž	3-2341	1007	1028	1	1
delay	727327	A>B	Pašilaičiai–Justiniškės–Žvėrynas–Stotis	1019	1040	20.200001	Pumpėnų st.	1043.7	25.5	Vingriai	1078.8	7	Troleibusai	7	09Ž	3-2341	1058	1083	1	1
delay	727327	B>A	Stotis–Žvėrynas–Justiniškės–Pašilaičiai	1059	1085	19.200001	Spaudos rūmai	1110.9	26.5	Jokūbo Jasinskio st.	1098.5	7	Troleibusai	7	09Ž	3-2341	1103	1125	1	1
delay	727327	A>B	Pašilaičiai–Justiniškės–Žvėrynas–Stotis	1145	1159	12.7	Skalvių st.	1158.8	15.4	Latvių st.	1182.2	7	Troleibusai	7	09Ž	3-2341	1184	1198	1	1
delay	727327	B>A	Stotis–Žvėrynas–Justiniškės–Pašilaičiai	1185	1200	14.2	Spaudos rūmai	1227.5	16.200001	Medeinos st.	1238.4	7	Troleibusai	7	09Ž	3-2341	1224	1240	1	1
delay	727327	A>B	Pašilaičiai–Justiniškės–Žvėrynas–Stotis	1233	1250	16.4	Trakų st.	1282.4	18.200001	Spaudos rūmai	1265	7	Troleibusai	7	09Ž	3-2341	1272	1288	1	1
delay	727327	B>A	Stotis–Žvėrynas–Justiniškės–Pašilaičiai	1273	1291	18.1	Stotis	1291.3	21.6	Jokūbo Jasinskio st.	1306.7	7	Troleibusai	7	09Ž	3-2341	1311	1330	1	1
missed	662955	A>B	Pašilaičiai–Justiniškės–Žvėrynas–Stotis	1318	NULL	NULL	NULL	NULL	NULL	NULL	NULL	7	Troleibusai	7	09Ž		1357	NULL	NULL	NULL
missed	662955	B>A	Stotis–Žvėrynas–Justiniškės–Pašilaičiai	1358	NULL	NULL	NULL	NULL	NULL	NULL	NULL	7	Troleibusai	7	09Ž		1396	NULL	NULL	NULL
delay	727402	A>B	Pašilaičiai–Justiniškės–Žvėrynas–Stotis	449	438	-15.1	Spaudos rūmai	454.39999	-3.8	Liubarto tiltas	477.29999	7	Troleibusai	7	10	3-2047	497	491	1	1
delay	727402	A>B	Pašilaičiai–Justiniškės–Žvėrynas–Stotis	449	344	1440	NULL	0	-1440	NULL	0	7	Troleibusai	7	10	3-2047	497	382	0	1
delay	727402	B>A	Stotis–Žvėrynas–Justiniškės–Pašilaičiai	499	387	1440	NULL	0	-1440	NULL	0	7	Troleibusai	7	10	3-2047	537	426	0	1
delay	727402	B>A	Stotis–Žvėrynas–Justiniškės–Pašilaičiai	499	492	-6.9000001	Stotis	492.20001	-4.0999999	Jokūbo Jasinskio st.	507	7	Troleibusai	7	10	3-2047	537	532	1	1
delay	727402	A>B	Pašilaičiai–Justiniškės–Žvėrynas–Stotis	544	939	1440	NULL	0	-1440	NULL	0	7	Troleibusai	7	10	3-2047	583	979	0	1
delay	727402	B>A	Stotis–Žvėrynas–Justiniškės–Pašilaičiai	584	888	1440	NULL	0	-1440	NULL	0	7	Troleibusai	7	10	3-2047	622	929	0	1
delay	727402	B>A	Stotis–Žvėrynas–Justiniškės–Pašilaičiai	941	983	41.099998	Stotis	982.20001	48.299999	Medeinos st.	1026.5	7	Troleibusai	7	10	3-2047	980	1028	1	1
delay	727402	A>B	Pašilaičiai–Justiniškės–Žvėrynas–Stotis	997	1034	36.400002	Kaukaro st.	1044.3	42.900002	Gėlių st.	1075.6	7	Troleibusai	7	10	3-2047	1036	1078	1	1
delay	727402	B>A	Stotis–Žvėrynas–Justiniškės–Pašilaičiai	1037	1080	40.5	Justiniškės	1115.3	43.099998	Latvių st.	1097.6	7	Troleibusai	7	10	3-2047	1081	1121	1	1
missed	662952	A>B	Pašilaičiai–Justiniškės–Žvėrynas–Stotis	1093	NULL	NULL	NULL	NULL	NULL	NULL	NULL	7	Troleibusai	7	10		1132	NULL	NULL	NULL
missed	662952	B>A	Stotis–Žvėrynas–Justiniškės–Pašilaičiai	1133	NULL	NULL	NULL	NULL	NULL	NULL	NULL	7	Troleibusai	7	10		1173	NULL	NULL	NULL
delay	727410	A>B	Pašilaičiai–Justiniškės–Žvėrynas–Stotis	348	352	3.5	Lūžiai	360.70001	5.4000001	Centro poliklinika	384	7	Troleibusai	7	11	3-2816	387	392	1	1
delay	727410	B>A	Stotis–Žvėrynas–Justiniškės–Pašilaičiai	388	395	6.1999998	Rūdninkų st.	397.79999	8.8999996	Lūžiai	427.10001	7	Troleibusai	7	11	3-2816	426	433	1	1
delay	727410	A>B	Pašilaičiai–Justiniškės–Žvėrynas–Stotis	437	445	3.4000001	Troleibusų parkas	458.29999	18.1	Pamėnkalnio st.	490.5	7	Troleibusai	7	11	3-2816	484	501	1	1
delay	727410	B>A	Stotis–Žvėrynas–Justiniškės–Pašilaičiai	486	502	11.9	Sūduvių st.	533.09998	16.6	Jokūbo Jasinskio st.	514.59998	7	Troleibusai	7	11	3-2816	524	537	1	1
delay	727410	B>A	Stotis–Žvėrynas–Justiniškės–Pašilaičiai	876	896	20.1	Rūdninkų st.	899.70001	22.5	Jokūbo Jasinskio st.	910.59998	7	Troleibusai	7	11	3-2816	915	937	1	1
delay	727410	A>B	Pašilaičiai–Justiniškės–Žvėrynas–Stotis	930	946	15.2	Troleibusų parkas	957.59998	18.299999	Gėlių st.	984	7	Troleibusai	7	11	3-2816	969	987	1	1
delay	727410	B>A	Stotis–Žvėrynas–Justiniškės–Pašilaičiai	970	989	18.6	Spaudos rūmai	1020.8	23.5	Jokūbo Jasinskio st.	1006.5	7	Troleibusai	7	11	3-2816	1013	1033	1	1
delay	727410	A>B	Pašilaičiai–Justiniškės–Žvėrynas–Stotis	1023	1043	19.9	Skalvių st.	1043.9	25.9	Vingriai	1083.2	7	Troleibusai	7	11	3-2816	1062	1087	1	1
delay	727410	B>A	Stotis–Žvėrynas–Justiniškės–Pašilaičiai	1063	1089	21.4	Spaudos rūmai	1117.3	27	Reformatų st.	1097.4	7	Troleibusai	7	11	3-2816	1107	1130	1	1
delay	727378	A>B	Pašilaičiai–Justiniškės–Žvėrynas–Stotis	343	363	19.299999	Vingriai	396.70001	20.299999	Spaudos rūmai	377	7	Troleibusai	7	12	3-2560	382	400	1	1
delay	727378	B>A	Stotis–Žvėrynas–Justiniškės–Pašilaičiai	383	404	19.9	Islandijos st.	413.29999	22.200001	Medeinos st.	441.39999	7	Troleibusai	7	12	3-2560	421	443	1	1
delay	727378	A>B	Pašilaičiai–Justiniškės–Žvėrynas–Stotis	429	456	22.799999	Spaudos rūmai	472.29999	34.400002	Gėlių st.	506.79999	7	Troleibusai	7	12	3-2560	476	510	1	1
delay	727378	B>A	Stotis–Žvėrynas–Justiniškės–Pašilaičiai	478	511	29.200001	Sūduvių st.	542.5	32.700001	Jokūbo Jasinskio st.	522.79999	7	Troleibusai	7	12	3-2560	516	545	1	1
delay	727378	A>B	Pašilaičiai–Justiniškės–Žvėrynas–Stotis	561	581	20.4	Skalvių st.	582.5	22.299999	Spaudos rūmai	597	7	Troleibusai	7	12	3-2560	600	621	1	1
delay	727378	B>A	Stotis–Žvėrynas–Justiniškės–Pašilaičiai	601	624	21	Islandijos st.	632.40002	23.4	Jokūbo Jasinskio st.	636.40002	7	Troleibusai	7	12	3-2560	639	662	1	1
delay	727378	A>B	Pašilaičiai–Justiniškės–Žvėrynas–Stotis	655	674	18.6	Skalvių st.	674.59998	21.200001	Pamėnkalnio st.	703.90002	7	Troleibusai	7	12	3-2560	694	714	1	1
delay	727378	B>A	Stotis–Žvėrynas–Justiniškės–Pašilaičiai	695	716	19.299999	Islandijos st.	724.70001	22	Medeinos st.	753.20001	7	Troleibusai	7	12	3-2560	733	755	1	1
delay	727378	A>B	Pašilaičiai–Justiniškės–Žvėrynas–Stotis	744	767	22.4	Skalvių st.	767.5	24.200001	Vingriai	802.5	7	Troleibusai	7	12	3-2560	783	807	1	1
delay	727378	B>A	Stotis–Žvėrynas–Justiniškės–Pašilaičiai	784	808	23.200001	Islandijos st.	817.5	29.200001	Medeinos st.	849.5	7	Troleibusai	7	12	3-2560	822	851	1	1
delay	727378	A>B	Pašilaičiai–Justiniškės–Žvėrynas–Stotis	832	859	27.1	Skalvių st.	860.20001	30.9	Vingriai	897.09998	7	Troleibusai	7	12	3-2560	871	901	1	1
delay	727378	B>A	Stotis–Žvėrynas–Justiniškės–Pašilaičiai	872	902	29.6	Islandijos st.	911.90002	33.599998	Medeinos st.	941.79999	7	Troleibusai	7	12	3-2560	910	943	1	1
delay	727378	A>B	Pašilaičiai–Justiniškės–Žvėrynas–Stotis	922	950	27.700001	Kaukaro st.	960.59998	29.200001	Gėlių st.	986.90002	7	Troleibusai	7	12	3-2560	961	990	1	1
delay	727378	B>A	Stotis–Žvėrynas–Justiniškės–Pašilaičiai	962	993	29.700001	Stotis	991.79999	36.299999	Medeinos st.	1036.5	7	Troleibusai	7	12	3-2560	1002	1038	1	1
delay	727378	A>B	Pašilaičiai–Justiniškės–Žvėrynas–Stotis	1015	1047	30.299999	Kaukaro st.	1056.2	34	Vingriai	1083.3	7	Troleibusai	7	12	3-2560	1054	1087	1	1
delay	727378	B>A	Stotis–Žvėrynas–Justiniškės–Pašilaičiai	1055	1089	31.799999	Spaudos rūmai	1119.6	35.799999	Medeinos st.	1132.5	7	Troleibusai	7	12	3-2560	1099	1134	1	1
delay	727378	A>B	Pašilaičiai–Justiniškės–Žvėrynas–Stotis	1135	1170	34.799999	Skalvių st.	1170.9	38.700001	Pamėnkalnio st.	1201.4	7	Troleibusai	7	12	3-2560	1174	1212	1	1
delay	727378	B>A	Stotis–Žvėrynas–Justiniškės–Pašilaičiai	1175	1214	38.099998	Spaudos rūmai	1241.3	38.900002	Medeinos st.	1251.2	7	Troleibusai	7	12	3-2560	1214	1253	1	1
delay	727378	A>B	Pašilaičiai–Justiniškės–Žvėrynas–Stotis	1227	1265	37.5	Skalvių st.	1265.5	39.299999	Gėlių st.	1302	7	Troleibusai	7	12	3-2560	1266	1305	1	1
delay	727378	A>B	Pašilaičiai–Justiniškės–Žvėrynas–Stotis	1227	1358	1440	NULL	0	-1440	NULL	0	7	Troleibusai	7	12	3-2560	1266	1398	0	1
delay	727378	B>A	Stotis–Žvėrynas–Justiniškės–Pašilaičiai	1267	1307	39.700001	Spaudos rūmai	1334	42.599998	Jokūbo Jasinskio st.	1321.6	7	Troleibusai	7	12	3-2560	1305	1345	1	1
delay	727426	A>B	Pašilaičiai–Justiniškės–Žvėrynas–Stotis	364	366	2.3	Skalvių st.	367.29999	4	Pamėnkalnio st.	395.70001	7	Troleibusai	7	13	3-225	403	406	1	0
delay	727426	B>A	Stotis–Žvėrynas–Justiniškės–Pašilaičiai	404	409	2.5	Spaudos rūmai	433.79999	5.0999999	Jokūbo Jasinskio st.	421.20001	7	Troleibusai	7	13	3-225	442	446	1	1
delay	727426	A>B	Pašilaičiai–Justiniškės–Žvėrynas–Stotis	457	460	-1.1	Kaukaro st.	472.5	10.1	Latvių st.	495.5	7	Troleibusai	7	13	3-225	504	512	1	1
delay	727426	B>A	Stotis–Žvėrynas–Justiniškės–Pašilaičiai	506	514	5.4000001	Lūžiai	541.59998	9.1999998	Jokūbo Jasinskio st.	527.29999	7	Troleibusai	7	13	3-225	544	549	1	1
delay	727426	B>A	Stotis–Žvėrynas–Justiniškės–Pašilaičiai	885	906	19.4	Islandijos st.	914.79999	21.799999	Medeinos st.	944	7	Troleibusai	7	13	3-225	924	946	1	1
delay	727426	A>B	Pašilaičiai–Justiniškės–Žvėrynas–Stotis	934	955	20.799999	Skalvių st.	955.90002	22.200001	Teodoro Narbuto st.	973	7	Troleibusai	7	13	3-225	973	994	1	1
delay	727426	B>A	Stotis–Žvėrynas–Justiniškės–Pašilaičiai	974	997	22	Spaudos rūmai	1028.3	26.1	Jokūbo Jasinskio st.	1013.2	7	Troleibusai	7	13	3-225	1017	1041	1	1
delay	727426	A>B	Pašilaičiai–Justiniškės–Žvėrynas–Stotis	1027	1051	23.9	Skalvių st.	1051.9	27.9	Vingriai	1089.2	7	Troleibusai	7	13	3-225	1066	1093	1	1
delay	727426	B>A	Stotis–Žvėrynas–Justiniškės–Pašilaičiai	1067	1095	23.700001	Spaudos rūmai	1123.5	28.5	Jokūbo Jasinskio st.	1108.6	7	Troleibusai	7	13	3-225	1111	1134	1	1
missed	662956	A>B	Pašilaičiai–Justiniškės–Žemieji Paneriai–Titnago g.	336	NULL	NULL	NULL	NULL	NULL	NULL	NULL	18	Troleibusai	7	14		378	NULL	NULL	NULL
missed	662956	B>A	Titnago g.–Žemieji Paneriai–Justiniškės–Pašilaičiai	383	NULL	NULL	NULL	NULL	NULL	NULL	NULL	18	Troleibusai	7	14		425	NULL	NULL	NULL
missed	662956	A>B	Pašilaičiai–Justiniškės–Žemieji Paneriai–Titnago g.	431	NULL	NULL	NULL	NULL	NULL	NULL	NULL	18	Troleibusai	7	14		480	NULL	NULL	NULL
missed	662956	B>A	Titnago g.–Žemieji Paneriai–Justiniškės–Pašilaičiai	493	NULL	NULL	NULL	NULL	NULL	NULL	NULL	18	Troleibusai	7	14		535	NULL	NULL	NULL
delay	727438	A>B	Pašilaičiai–Justiniškės–Žvėrynas–Stotis	552	601	48.900002	Skalvių st.	601.90002	50.099998	Pamėnkalnio st.	629.79999	7	Troleibusai	7	14	3-2359	591	640	1	1
delay	727438	A>B	Pašilaičiai–Justiniškės–Žvėrynas–Stotis	552	374	1440	NULL	0	-1440	NULL	0	7	Troleibusai	7	14	3-2359	591	414	0	1
delay	727438	A>B	Pašilaičiai–Justiniškės–Žvėrynas–Stotis	552	468	1440	NULL	0	-1440	NULL	0	7	Troleibusai	7	14	3-2359	591	515	0	1
delay	727438	B>A	Stotis–Žvėrynas–Justiniškės–Pašilaičiai	592	417	1440	NULL	0	-1440	NULL	0	7	Troleibusai	7	14	3-2359	630	457	0	1
delay	727438	B>A	Stotis–Žvėrynas–Justiniškės–Pašilaičiai	592	517	1440	NULL	0	-1440	NULL	0	7	Troleibusai	7	14	3-2359	630	557	0	1
delay	727438	B>A	Stotis–Žvėrynas–Justiniškės–Pašilaičiai	592	643	50.200001	Spaudos rūmai	669.5	53.299999	Medeinos st.	681.5	7	Troleibusai	7	14	3-2359	630	683	1	1
delay	727438	A>B	Pašilaičiai–Justiniškės–Žvėrynas–Stotis	672	695	21.5	Žvėrynas	712.90002	23.200001	Medeinos st.	697.5	7	Troleibusai	7	14	3-2359	711	733	1	1
delay	727438	B>A	Stotis–Žvėrynas–Justiniškės–Pašilaičiai	712	736	24.1	Spaudos rūmai	763.5	26.799999	Jokūbo Jasinskio st.	750.90002	7	Troleibusai	7	14	3-2359	750	776	1	1
delay	727438	A>B	Pašilaičiai–Justiniškės–Žvėrynas–Stotis	762	785	22.200001	Troleibusų parkas	796.59998	24.4	Vingriai	820.59998	7	Troleibusai	7	14	3-2359	801	825	1	1
delay	727438	B>A	Stotis–Žvėrynas–Justiniškės–Pašilaičiai	802	827	24.700001	Islandijos st.	837	28.299999	Medeinos st.	866.5	7	Troleibusai	7	14	3-2359	840	868	1	1
delay	727438	A>B	Pašilaičiai–Justiniškės–Žvėrynas–Stotis	850	879	29.200001	Skalvių st.	880.20001	32.400002	Gėlių st.	918.09998	7	Troleibusai	7	14	3-2359	889	921	1	1
delay	727438	B>A	Stotis–Žvėrynas–Justiniškės–Pašilaičiai	890	922	31.1	Spaudos rūmai	949.40002	33	Jokūbo Jasinskio st.	935	7	Troleibusai	7	14	3-2359	929	961	1	1
delay	727438	A>B	Pašilaičiai–Justiniškės–Žvėrynas–Stotis	939	974	35.099998	Skalvių st.	975.09998	40.700001	Vingriai	1014	7	Troleibusai	7	14	3-2359	978	1018	1	1
delay	727438	B>A	Stotis–Žvėrynas–Justiniškės–Pašilaičiai	979	1021	42	Stotis	1021.1	45.900002	Sėlių st.	1044.7	7	Troleibusai	7	14	3-2359	1022	1068	1	1
delay	727438	A>B	Pašilaičiai–Justiniškės–Žvėrynas–Stotis	1032	1074	41.299999	Kaukaro st.	1084.3	42.5	Gėlių st.	1110.2	7	Troleibusai	7	14	3-2359	1071	1113	1	1
delay	727438	B>A	Stotis–Žvėrynas–Justiniškės–Pašilaičiai	1072	1115	42.5	Rūdninkų st.	1118.1	46.200001	Teodoro Narbuto st.	1143.9	7	Troleibusai	7	14	3-2359	1116	1159	1	1
delay	727438	A>B	Pašilaičiai–Justiniškės–Žvėrynas–Stotis	1152	1191	38.400002	Skalvių st.	1191.4	39.700001	Medeinos st.	1194	7	Troleibusai	7	14	3-2359	1191	1230	1	1
delay	727438	B>A	Stotis–Žvėrynas–Justiniškės–Pašilaičiai	1192	1230	36.900002	Rūdninkų st.	1232.5	43.099998	Medeinos st.	1271.3	7	Troleibusai	7	14	3-2359	1230	1273	1	1
delay	727438	A>B	Pašilaičiai–Justiniškės–Žvėrynas–Stotis	1239	1372	1440	NULL	0	-1440	NULL	0	7	Troleibusai	7	14	3-2359	1278	1409	0	1
delay	727438	A>B	Pašilaičiai–Justiniškės–Žvėrynas–Stotis	1239	1283	44.299999	Skalvių st.	1284.3	46.599998	Teodoro Narbuto st.	1302.4	7	Troleibusai	7	14	3-2359	1278	1323	1	1
delay	727438	B>A	Stotis–Žvėrynas–Justiniškės–Pašilaičiai	1279	1324	44.200001	Spaudos rūmai	1350.5	46	Jokūbo Jasinskio st.	1337	7	Troleibusai	7	14	3-2359	1317	1362	1	1
delay	727442	A>B	Pašilaičiai–Justiniškės–Žvėrynas–Stotis	373	378	4.9000001	Skalvių st.	379	7.3000002	Latvių st.	402.10001	7	Troleibusai	7	15	3-1913	412	418	1	1
delay	727442	B>A	Stotis–Žvėrynas–Justiniškės–Pašilaičiai	413	421	6.3000002	Trakų st.	425.5	11.6	Medeinos st.	460.79999	7	Troleibusai	7	15	3-1913	451	462	1	1
delay	727442	A>B	Pašilaičiai–Justiniškės–Žvėrynas–Stotis	465	474	4.9000001	Kaukaro st.	486.5	10.7	Latvių st.	504	7	Troleibusai	7	15	3-1913	512	522	1	1
delay	727442	A>B	Pašilaičiai–Justiniškės–Žvėrynas–Stotis	465	874	1440	NULL	0	-1440	NULL	0	7	Troleibusai	7	15	3-1913	512	915	0	1
delay	727442	B>A	Stotis–Žvėrynas–Justiniškės–Pašilaičiai	513	523	8.8999996	Taikos st.	556.09998	11.8	Jokūbo Jasinskio st.	536.90002	7	Troleibusai	7	15	3-1913	551	561	1	1
delay	727442	B>A	Stotis–Žvėrynas–Justiniškės–Pašilaičiai	893	916	23.200001	Stotis	916.40002	27.4	Jokūbo Jasinskio st.	932.5	7	Troleibusai	7	15	3-1913	932	959	1	1
delay	727442	A>B	Pašilaičiai–Justiniškės–Žvėrynas–Stotis	942	967	24.5	Skalvių st.	967.5	27.5	Gėlių st.	1005.2	7	Troleibusai	7	15	3-1913	981	1008	1	1
delay	727442	B>A	Stotis–Žvėrynas–Justiniškės–Pašilaičiai	982	1011	28.5	Stotis	1010.5	32.900002	Medeinos st.	1056.1	7	Troleibusai	7	15	3-1913	1025	1058	1	1
delay	727442	A>B	Pašilaičiai–Justiniškės–Žvėrynas–Stotis	1035	1067	31	Justiniškės	1073.4	35.400002	Pamėnkalnio st.	1098.1	7	Troleibusai	7	15	3-1913	1074	1108	1	1
delay	727442	B>A	Stotis–Žvėrynas–Justiniškės–Pašilaičiai	1075	1111	35.400002	Stotis	1110.6	37.599998	Jokūbo Jasinskio st.	1125.6	7	Troleibusai	7	15	3-1913	1119	1155	1	1
delay	727448	A>B	Pašilaičiai–Justiniškės–Žvėrynas–Stotis	377	381	3.9000001	Lūžiai	390.10001	6.0999999	Gėlių st.	418.79999	7	Troleibusai	7	16	3-122	416	422	1	1
delay	727448	B>A	Stotis–Žvėrynas–Justiniškės–Pašilaičiai	417	425	6.6999998	Islandijos st.	434	10.2	Medeinos st.	463.39999	7	Troleibusai	7	16	3-122	455	465	1	1
delay	727448	A>B	Pašilaičiai–Justiniškės–Žvėrynas–Stotis	469	476	1.6	Kaukaro st.	487.10001	7	Latvių st.	504.29999	7	Troleibusai	7	16	3-122	516	522	1	1
delay	727448	B>A	Stotis–Žvėrynas–Justiniškės–Pašilaičiai	517	523	6.3000002	Islandijos st.	533.59998	8.6000004	Medeinos st.	561.79999	7	Troleibusai	7	16	3-122	555	563	1	1
delay	727448	A>B	Pašilaičiai–Justiniškės–Žvėrynas–Stotis	877	899	21.200001	Justiniškės	905.40002	23.4	Gėlių st.	936.09998	7	Troleibusai	7	16	3-122	916	939	1	1
delay	727448	B>A	Stotis–Žvėrynas–Justiniškės–Pašilaičiai	917	941	22.4	Spaudos rūmai	967.70001	25.799999	Medeinos st.	980	7	Troleibusai	7	16	3-122	956	982	1	1
delay	727448	A>B	Pašilaičiai–Justiniškės–Žvėrynas–Stotis	969	996	26.299999	Lūžiai	1004.5	30.4	Gėlių st.	1035.1	7	Troleibusai	7	16	3-122	1008	1038	1	1
delay	727448	B>A	Stotis–Žvėrynas–Justiniškės–Pašilaičiai	1009	1039	29.9	Stotis	1039.1	34.5	Jokūbo Jasinskio st.	1056.5	7	Troleibusai	7	16	3-122	1053	1085	1	1
delay	727448	A>B	Pašilaičiai–Justiniškės–Žvėrynas–Stotis	1063	1096	32	Lūžiai	1104.2	34.099998	Gėlių st.	1132.8	7	Troleibusai	7	16	3-122	1102	1136	1	1
delay	727448	B>A	Stotis–Žvėrynas–Justiniškės–Pašilaičiai	1103	1138	33.700001	Spaudos rūmai	1169.5	36	Teodoro Narbuto st.	1164.7	7	Troleibusai	7	16	3-122	1147	1181	1	1
delay	727335	A>B	Pašilaičiai–Justiniškės–Žvėrynas–Stotis	359	303	-56.599998	Kaukaro st.	313.29999	-55.299999	Liubarto tiltas	328.10001	7	Troleibusai	7	17Ž	3-2478	398	341	1	1
delay	727335	A>B	Pašilaičiai–Justiniškės–Žvėrynas–Stotis	359	394	35.400002	Skalvių st.	395.5	38.299999	Žvėrynas	416.60001	7	Troleibusai	7	17Ž	3-2478	398	433	1	1
delay	727335	B>A	Stotis–Žvėrynas–Justiniškės–Pašilaičiai	399	439	38.900002	Islandijos st.	448.29999	42.099998	Medeinos st.	477.29999	7	Troleibusai	7	17Ž	3-2478	437	479	1	1
delay	727335	B>A	Stotis–Žvėrynas–Justiniškės–Pašilaičiai	399	345	-55.200001	Taikos st.	378	-53.400002	Jokūbo Jasinskio st.	357.70001	7	Troleibusai	7	17Ž	3-2478	437	382	1	1
delay	727335	A>B	Pašilaičiai–Justiniškės–Žvėrynas–Stotis	453	489	31.200001	Spaudos rūmai	504.5	36.099998	Pumpėnų st.	493.5	7	Troleibusai	7	17Ž	3-2478	501	534	1	1
delay	727335	B>A	Stotis–Žvėrynas–Justiniškės–Pašilaičiai	503	537	33.400002	Sietyno st.	560.70001	35.5	Jokūbo Jasinskio st.	550.5	7	Troleibusai	7	17Ž	3-2478	541	576	1	1
delay	727335	A>B	Pašilaičiai–Justiniškės–Žvėrynas–Stotis	580	611	31.200001	Taikos st.	616.79999	32.400002	Pamėnkalnio st.	640.09998	7	Troleibusai	7	17Ž	3-2478	619	651	1	1
delay	727335	B>A	Stotis–Žvėrynas–Justiniškės–Pašilaičiai	620	654	33.200001	Trakų st.	659.40002	35.700001	Medeinos st.	691.90002	7	Troleibusai	7	17Ž	3-2478	658	693	1	1
delay	727335	A>B	Pašilaičiai–Justiniškės–Žvėrynas–Stotis	679	703	23.5	Taikos st.	708.20001	24.799999	Gėlių st.	739.5	7	Troleibusai	7	17Ž	3-2478	718	742	1	1
delay	727335	B>A	Stotis–Žvėrynas–Justiniškės–Pašilaičiai	719	746	25.6	Spaudos rūmai	771.90002	28.9	Medeinos st.	784.09998	7	Troleibusai	7	17Ž	3-2478	757	786	1	1
delay	727335	A>B	Pašilaičiai–Justiniškės–Žvėrynas–Stotis	769	795	25.4	Lūžiai	803.59998	27.799999	Vingriai	831.09998	7	Troleibusai	7	17Ž	3-2478	808	835	1	1
delay	727335	B>A	Stotis–Žvėrynas–Justiniškės–Pašilaičiai	809	838	27.299999	Spaudos rūmai	863.5	29.6	Jokūbo Jasinskio st.	850.59998	7	Troleibusai	7	17Ž	3-2478	847	876	1	1
delay	727335	A>B	Pašilaičiai–Justiniškės–Žvėrynas–Stotis	857	886	27.700001	Jokūbo Jasinskio st.	911	29.700001	Medeinos st.	889	7	Troleibusai	7	17Ž	3-2478	896	924	1	1
delay	727335	B>A	Stotis–Žvėrynas–Justiniškės–Pašilaičiai	897	927	28.1	Spaudos rūmai	953.5	31.4	Jokūbo Jasinskio st.	940.5	7	Troleibusai	7	17Ž	3-2478	936	967	1	1
delay	727335	A>B	Pašilaičiai–Justiniškės–Žvėrynas–Stotis	946	982	35	Lūžiai	990.20001	38.5	Pamėnkalnio st.	1012.2	7	Troleibusai	7	17Ž	3-2478	985	1023	1	1
delay	727335	B>A	Stotis–Žvėrynas–Justiniškės–Pašilaičiai	986	1025	39	Rūdninkų st.	1028.6	42.099998	Sėlių st.	1047.9	7	Troleibusai	7	17Ž	3-2478	1029	1068	1	1
delay	727335	A>B	Pašilaičiai–Justiniškės–Žvėrynas–Stotis	1039	1102	1440	NULL	0	-1440	NULL	0	7	Troleibusai	7	17Ž	3-2478	1078	1140	0	1
delay	727335	B>A	Stotis–Žvėrynas–Justiniškės–Pašilaičiai	1079	1143	1440	NULL	0	-1440	NULL	0	7	Troleibusai	7	17Ž	3-2478	1123	1187	0	1
delay	727335	A>B	Pašilaičiai–Justiniškės–Žvėrynas–Stotis	1160	1202	41.700001	Taikos st.	1207.3	43.200001	Spaudos rūmai	1216.9	7	Troleibusai	7	17Ž	3-2478	1199	1241	1	1
delay	727335	B>A	Stotis–Žvėrynas–Justiniškės–Pašilaičiai	1200	1242	41.799999	Trakų st.	1248	44	Jokūbo Jasinskio st.	1256	7	Troleibusai	7	17Ž	3-2478	1238	1281	1	1
missed	662962	A>B	Pašilaičiai–Justiniškės–Žvėrynas–Stotis	1247	NULL	NULL	NULL	NULL	NULL	NULL	NULL	7	Troleibusai	7	17Ž		1286	NULL	NULL	NULL
missed	662962	B>A	Stotis–Žvėrynas–Justiniškės–Pašilaičiai	1287	NULL	NULL	NULL	NULL	NULL	NULL	NULL	7	Troleibusai	7	17Ž		1325	NULL	NULL	NULL
missed	662962	A>B	Pašilaičiai–Justiniškės–Žvėrynas–Stotis	1331	NULL	NULL	NULL	NULL	NULL	NULL	NULL	7	Troleibusai	7	17Ž		1370	NULL	NULL	NULL
missed	662962	B>A	Stotis–Žvėrynas–Justiniškės–Pašilaičiai	1371	NULL	NULL	NULL	NULL	NULL	NULL	NULL	7	Troleibusai	7	17Ž		1409	NULL	NULL	NULL
delay	727404	A>B	Pašilaičiai–Justiniškės–Žvėrynas–Stotis	381	385	3.7	Skalvių st.	385.70001	6	Liubarto tiltas	411.39999	7	Troleibusai	7	18	3-1992	420	424	1	1
delay	727404	B>A	Stotis–Žvėrynas–Justiniškės–Pašilaičiai	422	428	4.8000002	Spaudos rūmai	454.10001	8.6000004	Medeinos st.	466.89999	7	Troleibusai	7	18	3-1992	460	468	1	1
delay	727404	A>B	Pašilaičiai–Justiniškės–Žvėrynas–Stotis	473	478	-0.60000002	Kaukaro st.	488.89999	6.5999999	Gėlių st.	523.5	7	Troleibusai	7	18	3-1992	520	526	1	1
delay	727404	B>A	Stotis–Žvėrynas–Justiniškės–Pašilaičiai	521	527	4.8000002	Taikos st.	560	8.3000002	Jokūbo Jasinskio st.	541.40002	7	Troleibusai	7	18	3-1992	559	564	1	1
delay	727404	A>B	Pašilaičiai–Justiniškės–Žvėrynas–Stotis	886	914	27.6	Troleibusų parkas	925.90002	29	Liubarto tiltas	939.40002	7	Troleibusai	7	18	3-1992	925	952	1	1
delay	727404	B>A	Stotis–Žvėrynas–Justiniškės–Pašilaičiai	926	954	28.299999	Stotis	954.40002	32.700001	Medeinos st.	995.90002	7	Troleibusai	7	18	3-1992	965	998	1	1
delay	727404	A>B	Pašilaičiai–Justiniškės–Žvėrynas–Stotis	980	1007	26.799999	Liubarto tiltas	1031.2	28.5	Pamėnkalnio st.	1036.2	7	Troleibusai	7	18	3-1992	1019	1047	1	1
delay	727404	B>A	Stotis–Žvėrynas–Justiniškės–Pašilaičiai	1020	1050	29.4	Stotis	1049.5	34.200001	Jokūbo Jasinskio st.	1067.3	7	Troleibusai	7	18	3-1992	1064	1095	1	1
delay	727404	A>B	Pašilaičiai–Justiniškės–Žvėrynas–Stotis	1071	1112	40.200001	Kaukaro st.	1122.1	41.400002	Žvėrynas	1131.8	7	Troleibusai	7	18	3-1992	1110	1150	1	1
delay	727404	B>A	Stotis–Žvėrynas–Justiniškės–Pašilaičiai	1111	1152	40.400002	Trakų st.	1157.6	43.200001	Teodoro Narbuto st.	1179.9	7	Troleibusai	7	18	3-1992	1154	1196	1	1
missed	662963	A>B	Pašilaičiai–Justiniškės–Žvėrynas–Stotis	304	NULL	NULL	NULL	NULL	NULL	NULL	NULL	7	Troleibusai	7	19		343	NULL	NULL	NULL
delay	727375	B>A	Stotis–Žvėrynas–Justiniškės–Pašilaičiai	344	349	5.9000001	Trakų st.	356.20001	7.8000002	Jokūbo Jasinskio st.	363.89999	7	Troleibusai	7	19	3-1748	382	388	1	1
delay	727375	A>B	Pašilaičiai–Justiniškės–Žvėrynas–Stotis	389	401	11.9	Kaukaro st.	412.79999	14.2	Kęstučio st.	427.39999	7	Troleibusai	7	19	3-1748	429	441	1	1
delay	727375	B>A	Stotis–Žvėrynas–Justiniškės–Pašilaičiai	431	445	12.2	Islandijos st.	453.5	18.200001	Medeinos st.	485.39999	7	Troleibusai	7	19	3-1748	469	487	1	1
delay	727375	A>B	Pašilaičiai–Justiniškės–Žvėrynas–Stotis	481	497	10.3	Spaudos rūmai	511.70001	15.5	Medeinos st.	498.79999	7	Troleibusai	7	19	3-1748	528	540	1	1
delay	727375	B>A	Stotis–Žvėrynas–Justiniškės–Pašilaičiai	529	541	11.1	Spaudos rūmai	567.29999	13.6	Jokūbo Jasinskio st.	554.70001	7	Troleibusai	7	19	3-1748	567	580	1	1
delay	727375	A>B	Pašilaičiai–Justiniškės–Žvėrynas–Stotis	603	617	14.2	Teodoro Narbuto st.	634.09998	15.4	Vingriai	652.59998	7	Troleibusai	7	19	3-1748	642	657	1	1
delay	727375	B>A	Stotis–Žvėrynas–Justiniškės–Pašilaičiai	643	659	15.4	Islandijos st.	668.70001	18.299999	Medeinos st.	697.5	7	Troleibusai	7	19	3-1748	681	699	1	1
delay	727375	A>B	Pašilaičiai–Justiniškės–Žvėrynas–Stotis	694	709	14.7	Taikos st.	714.40002	15.7	Gėlių st.	745.40002	7	Troleibusai	7	19	3-1748	733	748	1	1
delay	727375	B>A	Stotis–Žvėrynas–Justiniškės–Pašilaičiai	734	751	16.9	Sietyno st.	775.09998	19.200001	Medeinos st.	789.40002	7	Troleibusai	7	19	3-1748	772	791	1	1
delay	727375	A>B	Pašilaičiai–Justiniškės–Žvėrynas–Stotis	783	800	16.1	Lūžiai	808.29999	17.4	Latvių st.	822.09998	7	Troleibusai	7	19	3-1748	822	838	1	1
delay	727375	B>A	Stotis–Žvėrynas–Justiniškės–Pašilaičiai	823	842	18.200001	Trakų st.	847.40002	20.4	Medeinos st.	879.59998	7	Troleibusai	7	19	3-1748	861	881	1	1
delay	727375	A>B	Pašilaičiai–Justiniškės–Žvėrynas–Stotis	871	895	23.799999	Skalvių st.	895.79999	26.4	Gėlių st.	933.09998	7	Troleibusai	7	19	3-1748	910	936	1	1
delay	727375	B>A	Stotis–Žvėrynas–Justiniškės–Pašilaičiai	911	938	26.200001	Islandijos st.	947.5	29.4	Medeinos st.	977.59998	7	Troleibusai	7	19	3-1748	950	979	1	1
delay	727375	A>B	Pašilaičiai–Justiniškės–Žvėrynas–Stotis	962	992	30.299999	Skalvių st.	993.29999	34.5	Centro poliklinika	1027.1	7	Troleibusai	7	19	3-1748	1001	1035	1	1
delay	727375	B>A	Stotis–Žvėrynas–Justiniškės–Pašilaičiai	1002	1036	34.5	Stotis	1036.7	39.700001	Jokūbo Jasinskio st.	1054.7	7	Troleibusai	7	19	3-1748	1046	1081	1	1
delay	727375	A>B	Pašilaičiai–Justiniškės–Žvėrynas–Stotis	1080	1092	11.9	Skalvių st.	1093	15.3	Gėlių st.	1131	7	Troleibusai	7	19	3-1748	1119	1134	1	1
delay	727375	B>A	Stotis–Žvėrynas–Justiniškės–Pašilaičiai	1120	1136	14.7	Liubarto tiltas	1150.2	18.299999	Teodoro Narbuto st.	1162	7	Troleibusai	7	19	3-1748	1161	1225	1	1
delay	727375	A>B	Pašilaičiai–Justiniškės–Žvėrynas–Stotis	1167	1384	1440	NULL	0	-1440	NULL	0	7	Troleibusai	7	19	3-1748	1206	1421	0	1
delay	727375	A>B	Pašilaičiai–Justiniškės–Žvėrynas–Stotis	1167	1297	1440	NULL	0	-1440	NULL	0	7	Troleibusai	7	19	3-1748	1206	1336	0	1
delay	727375	B>A	Stotis–Žvėrynas–Justiniškės–Pašilaičiai	1207	1339	1440	NULL	0	-1440	NULL	0	7	Troleibusai	7	19	3-1748	1245	1376	0	1
delay	727458	A>B	Pašilaičiai–Justiniškės–Žvėrynas–Stotis	385	389	3.8	Kaukaro st.	400.79999	6.0999999	Pamėnkalnio st.	419.79999	7	Troleibusai	7	20	3-1945	425	430	1	1
delay	727458	B>A	Stotis–Žvėrynas–Justiniškės–Pašilaičiai	427	433	6.0999999	Rūdninkų st.	436.70001	9.3000002	Sūduvių st.	471.5	7	Troleibusai	7	20	3-1945	465	474	1	1
delay	727458	A>B	Pašilaičiai–Justiniškės–Žvėrynas–Stotis	477	485	3.4000001	Kaukaro st.	497.10001	8.3999996	Medeinos st.	487.79999	7	Troleibusai	7	20	3-1945	524	529	1	1
delay	727458	B>A	Stotis–Žvėrynas–Justiniškės–Pašilaičiai	525	532	6.6999998	Taikos st.	565.90002	9.5	Jokūbo Jasinskio st.	546.59998	7	Troleibusai	7	20	3-1945	563	570	1	1
delay	727458	A>B	Pašilaičiai–Justiniškės–Žvėrynas–Stotis	898	929	30.799999	Skalvių st.	930	32.299999	Žvėrynas	949.59998	7	Troleibusai	7	20	3-1945	937	968	1	1
delay	727458	B>A	Stotis–Žvėrynas–Justiniškės–Pašilaičiai	938	972	33.599998	Islandijos st.	981.90002	39.799999	Medeinos st.	1015	7	Troleibusai	7	20	3-1945	977	1017	1	1
delay	727458	A>B	Pašilaičiai–Justiniškės–Žvėrynas–Stotis	994	1024	30	Justiniškės	1031.3	35.299999	Vingriai	1063.6	7	Troleibusai	7	20	3-1945	1033	1068	1	1
delay	727458	B>A	Stotis–Žvėrynas–Justiniškės–Pašilaičiai	1034	1069	28.9	Spaudos rūmai	1095.7	36.099998	Reformatų st.	1077.5	7	Troleibusai	7	20	3-1945	1078	1109	1	1
delay	727458	A>B	Pašilaičiai–Justiniškės–Žvėrynas–Stotis	1088	1121	32.299999	Jokūbo Jasinskio st.	1146.5	33.5	Medeinos st.	1123.8	7	Troleibusai	7	20	3-1945	1127	1159	1	1
delay	727458	B>A	Stotis–Žvėrynas–Justiniškės–Pašilaičiai	1128	1163	34.400002	Spaudos rūmai	1191.7	36.5	Teodoro Narbuto st.	1187.7	7	Troleibusai	7	20	3-1945	1168	1202	1	1
missed	662949	A>B	Pašilaičiai–Justiniškės–Žvėrynas–Stotis	316	NULL	NULL	NULL	NULL	NULL	NULL	NULL	7	Troleibusai	7	21		355	NULL	NULL	NULL
delay	727373	B>A	Stotis–Žvėrynas–Justiniškės–Pašilaičiai	356	367	9.3000002	Islandijos st.	375.70001	12.1	Medeinos st.	404.29999	7	Troleibusai	7	21	3-1878	394	406	1	1
delay	727373	A>B	Pašilaičiai–Justiniškės–Žvėrynas–Stotis	401	415	13.3	Taikos st.	420.89999	21.700001	Žvėrynas	443	7	Troleibusai	7	21	3-1878	441	461	1	1
delay	727373	B>A	Stotis–Žvėrynas–Justiniškės–Pašilaičiai	443	463	20.5	Stotis	463.60001	24.200001	Medeinos st.	503.39999	7	Troleibusai	7	21	3-1878	481	505	1	1
delay	727373	A>B	Pašilaičiai–Justiniškės–Žvėrynas–Stotis	493	516	17.9	Jokūbo Jasinskio st.	544.59998	24.4	Medeinos st.	519.70001	7	Troleibusai	7	21	3-1878	540	558	1	1
delay	727373	B>A	Stotis–Žvėrynas–Justiniškės–Pašilaičiai	541	559	19.1	Spaudos rūmai	587.40002	20.299999	Jokūbo Jasinskio st.	573.40002	7	Troleibusai	7	21	3-1878	579	599	1	1
delay	727373	A>B	Pašilaičiai–Justiniškės–Žvėrynas–Stotis	613	641	27.5	Jokūbo Jasinskio st.	666.70001	28.4	Kaukaro st.	652.29999	7	Troleibusai	7	21	3-1878	652	679	1	1
delay	727373	B>A	Stotis–Žvėrynas–Justiniškės–Pašilaičiai	653	683	29.1	Spaudos rūmai	709.40002	31.200001	Jokūbo Jasinskio st.	696.29999	7	Troleibusai	7	21	3-1878	691	722	1	1
delay	727373	A>B	Pašilaičiai–Justiniškės–Žvėrynas–Stotis	703	734	31.200001	Skalvių st.	735.29999	33.200001	Pamėnkalnio st.	764	7	Troleibusai	7	21	3-1878	742	774	1	1
delay	727373	B>A	Stotis–Žvėrynas–Justiniškės–Pašilaičiai	743	777	33	Spaudos rūmai	803.40002	35.400002	Jokūbo Jasinskio st.	790.40002	7	Troleibusai	7	21	3-1878	781	816	1	1
delay	727373	A>B	Pašilaičiai–Justiniškės–Žvėrynas–Stotis	793	826	32.700001	Skalvių st.	826.70001	33.799999	Gėlių st.	862.5	7	Troleibusai	7	21	3-1878	832	865	1	1
delay	727373	B>A	Stotis–Žvėrynas–Justiniškės–Pašilaičiai	833	867	33.799999	Islandijos st.	877.09998	38.599998	Medeinos st.	907.79999	7	Troleibusai	7	21	3-1878	871	909	1	1
delay	727373	A>B	Pašilaičiai–Justiniškės–Žvėrynas–Stotis	883	920	36.299999	Jokūbo Jasinskio st.	945.40002	37.5	Teodoro Narbuto st.	937.40002	7	Troleibusai	7	21	3-1878	922	959	1	1
delay	727373	B>A	Stotis–Žvėrynas–Justiniškės–Pašilaičiai	923	962	38.700001	Rūdninkų st.	965.40002	45.5	Medeinos st.	1005.7	7	Troleibusai	7	21	3-1878	962	1007	1	1
delay	727373	A>B	Pašilaičiai–Justiniškės–Žvėrynas–Stotis	976	1015	38.700001	Skalvių st.	1015.8	44.5	Gėlių st.	1056.2	7	Troleibusai	7	21	3-1878	1015	1059	1	1
delay	727373	B>A	Stotis–Žvėrynas–Justiniškės–Pašilaičiai	1016	1060	41.599998	Spaudos rūmai	1090.3	45.700001	Jokūbo Jasinskio st.	1074.8	7	Troleibusai	7	21	3-1878	1060	1104	1	1
delay	727373	A>B	Pašilaičiai–Justiniškės–Žvėrynas–Stotis	1102	1140	37.200001	Lūžiai	1148.4	39.900002	Gėlių st.	1177.6	7	Troleibusai	7	21	3-1878	1141	1180	1	1
delay	727373	B>A	Stotis–Žvėrynas–Justiniškės–Pašilaičiai	1142	1182	38.299999	Sėlių st.	1200.2	41.5	Teodoro Narbuto st.	1206.7	7	Troleibusai	7	21	3-1878	1182	1223	1	1
missed	662949	A>B	Pašilaičiai–Justiniškės–Žvėrynas–Stotis	1186	NULL	NULL	NULL	NULL	NULL	NULL	NULL	7	Troleibusai	7	21		1225	NULL	NULL	NULL
missed	662949	B>A	Stotis–Žvėrynas–Justiniškės–Pašilaičiai	1226	NULL	NULL	NULL	NULL	NULL	NULL	NULL	7	Troleibusai	7	21		1264	NULL	NULL	NULL
delay	727373	A>B	Pašilaičiai–Justiniškės–Žvėrynas–Stotis	1270	1234	-36.400002	Taikos st.	1239.3	-34.900002	Gėlių st.	1270.8	7	Troleibusai	7	21	3-1878	1309	1274	1	1
delay	727373	A>B	Pašilaičiai–Justiniškės–Žvėrynas–Stotis	1270	1326	54.700001	Žvėrynas	1344	56.099998	Centro poliklinika	1356.7	7	Troleibusai	7	21	3-1878	1309	1364	1	1
delay	727373	B>A	Stotis–Žvėrynas–Justiniškės–Pašilaičiai	1310	1276	-34.299999	Islandijos st.	1286	-31.799999	Jokūbo Jasinskio st.	1290.3	7	Troleibusai	7	21	3-1878	1348	1314	1	1
delay	727373	B>A	Stotis–Žvėrynas–Justiniškės–Pašilaičiai	1310	1367	55.799999	Spaudos rūmai	1393.2	58.299999	Jokūbo Jasinskio st.	1380.3	7	Troleibusai	7	21	3-1878	1348	1404	1	1
delay	727465	A>B	Pašilaičiai–Justiniškės–Žvėrynas–Stotis	393	396	2.5	Taikos st.	402.29999	5.5	Žvėrynas	418.89999	7	Troleibusai	7	22	3-111	433	437	1	1
delay	727465	B>A	Stotis–Žvėrynas–Justiniškės–Pašilaičiai	435	439	3.9000001	Stotis	439.10001	8.5	Medeinos st.	479.70001	7	Troleibusai	7	22	3-111	473	481	1	1
delay	727465	A>B	Pašilaičiai–Justiniškės–Žvėrynas–Stotis	485	491	0.80000001	Kaukaro st.	502.39999	6.3000002	Sūduvių st.	494.60001	7	Troleibusai	7	22	3-111	532	535	1	1
delay	727465	B>A	Stotis–Žvėrynas–Justiniškės–Pašilaičiai	533	538	3.7	Spaudos rūmai	564	7.4000001	Medeinos st.	576.59998	7	Troleibusai	7	22	3-111	571	578	1	1
delay	727465	B>A	Stotis–Žvėrynas–Justiniškės–Pašilaičiai	533	907	1440	NULL	0	-1440	NULL	0	7	Troleibusai	7	22	3-111	571	948	0	1
delay	727465	A>B	Pašilaičiai–Justiniškės–Žvėrynas–Stotis	909	956	46.900002	Justiniškės	963.20001	48.299999	Vingriai	991.5	7	Troleibusai	7	22	3-111	948	996	1	1
missed	662950	B>A	Stotis–Žvėrynas–Justiniškės–Pašilaičiai	949	NULL	NULL	NULL	NULL	NULL	NULL	NULL	7	Troleibusai	7	22		989	NULL	NULL	NULL
delay	727465	A>B	Pašilaičiai–Justiniškės–Žvėrynas–Stotis	1004	1052	47.900002	Skalvių st.	1052.9	53.900002	Vingriai	1092.2	7	Troleibusai	7	22	3-111	1043	1096	1	1
delay	727465	B>A	Stotis–Žvėrynas–Justiniškės–Pašilaičiai	1044	999	-44.5	Stotis	999.70001	-37.599998	Sėlių st.	1026.3	7	Troleibusai	7	22	3-111	1088	1048	1	1
delay	727465	B>A	Stotis–Žvėrynas–Justiniškės–Pašilaičiai	1044	1097	48.5	Spaudos rūmai	1125.2	53.400002	Jokūbo Jasinskio st.	1110.5	7	Troleibusai	7	22	3-111	1088	1137	1	1
missed	662950	A>B	Pašilaičiai–Justiniškės–Žvėrynas–Stotis	1098	NULL	NULL	NULL	NULL	NULL	NULL	NULL	7	Troleibusai	7	22		1137	NULL	NULL	NULL
missed	662950	B>A	Stotis–Žvėrynas–Justiniškės–Pašilaičiai	1138	NULL	NULL	NULL	NULL	NULL	NULL	NULL	7	Troleibusai	7	22		1178	NULL	NULL	NULL
delay	727351	A>B	Pašilaičiai–Justiniškės–Žvėrynas–Stotis	335	318	-17.700001	Vingriai	351.70001	-16.5	Sūduvių st.	321.79999	7	Troleibusai	7	23	3-2882	374	356	1	1
delay	727351	B>A	Stotis–Žvėrynas–Justiniškės–Pašilaičiai	375	360	-16	Trakų st.	365.10001	-12.4	Lūžiai	392.79999	7	Troleibusai	7	23	3-2882	413	400	1	1
delay	727351	A>B	Pašilaičiai–Justiniškės–Žvėrynas–Stotis	421	408	-15.2	Kaukaro st.	422.5	-11.9	Centro poliklinika	447.39999	7	Troleibusai	7	23	3-2882	468	455	1	1
delay	727351	B>A	Stotis–Žvėrynas–Justiniškės–Pašilaičiai	470	456	-14.2	Stotis	455.89999	-10	Justiniškės	492.20001	7	Troleibusai	7	23	3-2882	508	498	1	1
delay	727351	A>B	Pašilaičiai–Justiniškės–Žvėrynas–Stotis	520	507	-12.8	Spaudos rūmai	524.5	-9.6000004	Centro poliklinika	544.59998	7	Troleibusai	7	23	3-2882	562	552	1	1
delay	727351	B>A	Stotis–Žvėrynas–Justiniškės–Pašilaičiai	563	554	-12.8	Spaudos rūmai	577.5	-8.6000004	Jokūbo Jasinskio st.	566.40002	7	Troleibusai	7	23	3-2882	601	590	1	1
delay	727351	A>B	Pašilaičiai–Justiniškės–Žvėrynas–Stotis	639	625	-14.7	Sėlių st.	644.90002	-13.5	Medeinos st.	627.79999	7	Troleibusai	7	23	3-2882	678	663	1	1
delay	727351	B>A	Stotis–Žvėrynas–Justiniškės–Pašilaičiai	679	667	-12.3	Trakų st.	673	-9.8999996	Medeinos st.	705.29999	7	Troleibusai	7	23	3-2882	717	707	1	1
delay	727351	A>B	Pašilaičiai–Justiniškės–Žvėrynas–Stotis	727	717	-9.6999998	Skalvių st.	718.40002	-8.1000004	Gėlių st.	754.59998	7	Troleibusai	7	23	3-2882	766	757	1	1
delay	727351	B>A	Stotis–Žvėrynas–Justiniškės–Pašilaičiai	767	759	-8.3999996	Islandijos st.	768.90002	-4.0999999	Medeinos st.	799.09998	7	Troleibusai	7	23	3-2882	805	801	1	1
delay	727351	A>B	Pašilaičiai–Justiniškės–Žvėrynas–Stotis	816	810	-5.8000002	Skalvių st.	811.29999	-2.8	Gėlių st.	848.90002	7	Troleibusai	7	23	3-2882	855	852	1	1
delay	727351	B>A	Stotis–Žvėrynas–Justiniškės–Pašilaičiai	856	854	-2.4000001	Stotis	853.79999	3.3	Medeinos st.	895.5	7	Troleibusai	7	23	3-2882	894	897	1	0
delay	727351	A>B	Pašilaičiai–Justiniškės–Žvėrynas–Stotis	904	905	1	Skalvių st.	906.09998	5	Liubarto tiltas	933.40002	7	Troleibusai	7	23	3-2882	943	946	1	0
delay	727351	B>A	Stotis–Žvėrynas–Justiniškės–Pašilaičiai	944	948	3.4000001	Rūdninkų st.	950.90002	8.3000002	Medeinos st.	989.5	7	Troleibusai	7	23	3-2882	983	991	1	1
delay	727351	A>B	Pašilaičiai–Justiniškės–Žvėrynas–Stotis	1000	1000	-0.2	Skalvių st.	1000.8	6.8000002	Vingriai	1041.1	7	Troleibusai	7	23	3-2882	1039	1045	1	1
delay	727351	B>A	Stotis–Žvėrynas–Justiniškės–Pašilaičiai	1040	1048	7.8000002	Spaudos rūmai	1080.5	13.5	Jokūbo Jasinskio st.	1066.6	7	Troleibusai	7	23	3-2882	1084	1093	1	1
delay	727351	A>B	Pašilaičiai–Justiniškės–Žvėrynas–Stotis	1125	1126	1	Justiniškės	1133.3	4.9000001	Vingriai	1164.2	7	Troleibusai	7	23	3-2882	1164	1168	1	1
delay	727351	B>A	Stotis–Žvėrynas–Justiniškės–Pašilaičiai	1165	1169	3.8	Rūdninkų st.	1172.5	6	Jokūbo Jasinskio st.	1184.1	7	Troleibusai	7	23	3-2882	1204	1210	1	1
delay	727351	A>B	Pašilaičiai–Justiniškės–Žvėrynas–Stotis	1210	1216	6.4000001	Skalvių st.	1217.5	8.5	Gėlių st.	1254.2	7	Troleibusai	7	23	3-2882	1249	1257	1	1
delay	727351	B>A	Stotis–Žvėrynas–Justiniškės–Pašilaičiai	1250	1258	8.5	Rūdninkų st.	1262.2	11.6	Medeinos st.	1297.8	7	Troleibusai	7	23	3-2882	1288	1299	1	1
delay	727478	A>B	Pašilaičiai–Justiniškės–Žvėrynas–Stotis	397	406	8.8000002	Taikos st.	412.5	16.200001	Pamėnkalnio st.	441.89999	7	Troleibusai	7	24	3-164	437	452	1	1
delay	727478	B>A	Stotis–Žvėrynas–Justiniškės–Pašilaičiai	439	455	15.5	Stotis	454.60001	18.700001	Teodoro Narbuto st.	479.89999	7	Troleibusai	7	24	3-164	477	495	1	1
delay	727478	A>B	Pašilaičiai–Justiniškės–Žvėrynas–Stotis	489	499	4.9000001	Spaudos rūmai	514.29999	10.3	Sūduvių st.	502.60001	7	Troleibusai	7	24	3-164	536	544	1	1
delay	727478	B>A	Stotis–Žvėrynas–Justiniškės–Pašilaičiai	537	547	9.3000002	Rūdninkų st.	549.79999	12.5	Latvių st.	566	7	Troleibusai	7	24	3-164	575	587	1	1
delay	727478	B>A	Stotis–Žvėrynas–Justiniškės–Pašilaičiai	901	914	10	Rūdninkų st.	914.79999	14.1	Sėlių st.	935.70001	7	Troleibusai	7	24	3-164	940	953	1	1
delay	727478	A>B	Pašilaičiai–Justiniškės–Žvėrynas–Stotis	950	965	15.3	Skalvių st.	966.29999	19.4	Gėlių st.	1005.1	7	Troleibusai	7	24	3-164	989	1008	1	1
delay	727478	B>A	Stotis–Žvėrynas–Justiniškės–Pašilaičiai	990	1010	20.299999	Stotis	1010.4	24.700001	Medeinos st.	1055.9	7	Troleibusai	7	24	3-164	1033	1057	1	1
delay	727478	A>B	Pašilaičiai–Justiniškės–Žvėrynas–Stotis	1044	1062	17.4	Skalvių st.	1062.5	24.5	Gėlių st.	1104.2	7	Troleibusai	7	24	3-164	1083	1107	1	1
delay	727478	B>A	Stotis–Žvėrynas–Justiniškės–Pašilaičiai	1084	1110	25.799999	Rūdninkų st.	1113.5	28.1	Teodoro Narbuto st.	1137.8	7	Troleibusai	7	24	3-164	1128	1155	1	1
missed	662968	A>B	Pašilaičiai–Justiniškės–Žvėrynas–Stotis	405	NULL	NULL	NULL	NULL	NULL	NULL	NULL	7	Troleibusai	7	25		447	NULL	NULL	NULL
missed	662968	B>A	Stotis–Žvėrynas–Justiniškės–Pašilaičiai	449	NULL	NULL	NULL	NULL	NULL	NULL	NULL	7	Troleibusai	7	25		487	NULL	NULL	NULL
missed	662968	A>B	Pašilaičiai–Justiniškės–Žvėrynas–Stotis	497	NULL	NULL	NULL	NULL	NULL	NULL	NULL	7	Troleibusai	7	25		544	NULL	NULL	NULL
missed	662968	B>A	Stotis–Žvėrynas–Justiniškės–Pašilaičiai	545	NULL	NULL	NULL	NULL	NULL	NULL	NULL	7	Troleibusai	7	25		583	NULL	NULL	NULL
missed	662968	B>A	Stotis–Žvėrynas–Justiniškės–Pašilaičiai	908	NULL	NULL	NULL	NULL	NULL	NULL	NULL	7	Troleibusai	7	25		947	NULL	NULL	NULL
missed	662968	A>B	Pašilaičiai–Justiniškės–Žvėrynas–Stotis	958	NULL	NULL	NULL	NULL	NULL	NULL	NULL	7	Troleibusai	7	25		997	NULL	NULL	NULL
missed	662968	B>A	Stotis–Žvėrynas–Justiniškės–Pašilaičiai	998	NULL	NULL	NULL	NULL	NULL	NULL	NULL	7	Troleibusai	7	25		1041	NULL	NULL	NULL
missed	662968	A>B	Pašilaičiai–Justiniškės–Žvėrynas–Stotis	1053	NULL	NULL	NULL	NULL	NULL	NULL	NULL	7	Troleibusai	7	25		1092	NULL	NULL	NULL
missed	662968	B>A	Stotis–Žvėrynas–Justiniškės–Pašilaičiai	1093	NULL	NULL	NULL	NULL	NULL	NULL	NULL	7	Troleibusai	7	25		1137	NULL	NULL	NULL
delay	727359	A>B	Karoliniškės–Šeimyniškių g.–Šiaurės miestelis	332	328	-3.9000001	Nacionalinė dailės galerija	346.39999	-1.7	Šiaurės miestelis	360.20001	9	Troleibusai	9	01	3-1423	364	362	1	1
delay	727359	B>A	Šiaurės miestelis–Šeimyniškių g.–Karoliniškės	372	366	-5.9000001	Sietyno st.	390.39999	-5.5	Šeimyniškių st.	373.60001	9	Troleibusai	9	01	3-1423	404	398	1	1
delay	727359	A>B	Karoliniškės–Šeimyniškių g.–Šiaurės miestelis	411	413	1.5	Minties st.	444.29999	4.6999998	Lietuvos sąjūdžio kelias	433.70001	9	Troleibusai	9	01	3-1423	449	450	1	0
delay	727359	B>A	Šiaurės miestelis–Šeimyniškių g.–Karoliniškės	458	459	1.8	Šiaurės miestelis	461.60001	4	Lietuvos edukologijos universitetas	480.60001	9	Troleibusai	9	01	3-1423	495	498	1	0
delay	727359	A>B	Karoliniškės–Šeimyniškių g.–Šiaurės miestelis	506	507	0.60000002	Ugniagesių st.	509.60001	3.5	Nacionalinė dailės galerija	528.59998	9	Troleibusai	9	01	3-1423	543	545	1	0
delay	727359	B>A	Šiaurės miestelis–Šeimyniškių g.–Karoliniškės	554	554	-0.89999998	Sietyno st.	579.5	0.60000002	Povilo Lukšio st.	554.70001	9	Troleibusai	9	01	3-1423	588	587	0	0
delay	727359	A>B	Karoliniškės–Šeimyniškių g.–Šiaurės miestelis	625	624	-0.89999998	Minties st.	654.40002	0.69999999	Lvovo st.	647.40002	9	Troleibusai	9	01	3-1423	660	660	0	0
delay	727359	B>A	Šiaurės miestelis–Šeimyniškių g.–Karoliniškės	665	666	0.69999999	„Žalgirio“ stadionas	676.59998	2.3	Nacionalinė dailės galerija	682.59998	9	Troleibusai	9	01	3-1423	699	700	0	0
delay	727359	A>B	Karoliniškės–Šeimyniškių g.–Šiaurės miestelis	706	708	2.2	Ugniagesių st.	711.20001	4.3000002	Šiaurės miestelis	743.09998	9	Troleibusai	9	01	3-1423	741	745	1	1
delay	727359	B>A	Šiaurės miestelis–Šeimyniškių g.–Karoliniškės	746	751	4.9000001	Povilo Lukšio st.	751.09998	5.5999999	Atminties st.	783.5	9	Troleibusai	9	01	3-1423	780	786	1	1
delay	727359	A>B	Karoliniškės–Šeimyniškių g.–Šiaurės miestelis	787	791	3.8	Atminties st.	792.40002	8.3999996	Šiaurės miestelis	828.29999	9	Troleibusai	9	01	3-1423	822	830	1	1
delay	727359	B>A	Šiaurės miestelis–Šeimyniškių g.–Karoliniškės	828	833	4.3000002	Sietyno st.	858.70001	6.5999999	Tuskulėnų rimties parkas	841.20001	9	Troleibusai	9	01	3-1423	862	866	1	1
delay	727359	A>B	Karoliniškės–Šeimyniškių g.–Šiaurės miestelis	872	879	5.8000002	Panorama	892.70001	9.8000002	Šiaurės miestelis	914.59998	9	Troleibusai	9	01	3-1423	907	917	1	1
delay	727359	B>A	Šiaurės miestelis–Šeimyniškių g.–Karoliniškės	913	920	6.6999998	„Žalgirio“ stadionas	930.59998	10.7	Teodoro Narbuto st.	947	9	Troleibusai	9	01	3-1423	947	957	1	1
delay	727359	A>B	Karoliniškės–Šeimyniškių g.–Šiaurės miestelis	956	965	7.3000002	Panorama	978.29999	19.799999	Šiaurės miestelis	1009.6	9	Troleibusai	9	01	3-1423	992	1012	1	1
delay	727359	B>A	Šiaurės miestelis–Šeimyniškių g.–Karoliniškės	1000	1013	11.6	Povilo Lukšio st.	1012	21.5	Teodoro Narbuto st.	1045.2	9	Troleibusai	9	01	3-1423	1037	1058	1	1
delay	727359	A>B	Karoliniškės–Šeimyniškių g.–Šiaurės miestelis	1048	1059	10.1	Panorama	1073	25.6	Šiaurės miestelis	1108.5	9	Troleibusai	9	01	3-1423	1085	1110	1	1
delay	727359	B>A	Šiaurės miestelis–Šeimyniškių g.–Karoliniškės	1091	1111	19.299999	Lvovo st.	1123.1	21.4	Teodoro Narbuto st.	1136	9	Troleibusai	9	01	3-1423	1128	1147	1	1
delay	727359	A>B	Karoliniškės–Šeimyniškių g.–Šiaurės miestelis	1165	1179	13.5	Lietuvos sąjūdžio kelias	1195.1	16.5	Šiaurės miestelis	1212.4	9	Troleibusai	9	01	3-1423	1198	1214	1	1
delay	727359	B>A	Šiaurės miestelis–Šeimyniškių g.–Karoliniškės	1204	1220	15.2	Povilo Lukšio st.	1219.3	17	Lietuvos sąjūdžio kelias	1235.3	9	Troleibusai	9	01	3-1423	1236	1253	1	1
delay	727359	A>B	Karoliniškės–Šeimyniškių g.–Šiaurės miestelis	1254	1262	7.5	Nacionalinė dailės galerija	1279.7	8.3999996	Šiaurės miestelis	1292.3	9	Troleibusai	9	01	3-1423	1286	1294	1	1
delay	727359	B>A	Šiaurės miestelis–Šeimyniškių g.–Karoliniškės	1291	1306	14.6	Povilo Lukšio st.	1305.7	15.8	Lietuvos sąjūdžio kelias	1321.1	9	Troleibusai	9	01	3-1423	1323	1339	1	1
delay	727359	A>B	Karoliniškės–Šeimyniškių g.–Šiaurės miestelis	1329	1348	17.6	Nacionalinė dailės galerija	1364.9	21	Šiaurės miestelis	1379.9	9	Troleibusai	9	01	3-1423	1361	1382	1	1
delay	727359	B>A	Šiaurės miestelis–Šeimyniškių g.–Karoliniškės	1365	1394	28.6	Povilo Lukšio st.	1393.7	29.5	Lietuvos sąjūdžio kelias	1408.8	9	Troleibusai	9	01	3-1423	1397	1426	1	1
delay	727472	A>B	Karoliniškės–Šeimyniškių g.–Šiaurės miestelis	455	404	-53.299999	Minties st.	433.89999	-50.099998	Lvovo st.	427.70001	9	Troleibusai	9	02	3-3010	493	440	1	1
delay	727472	B>A	Šiaurės miestelis–Šeimyniškių g.–Karoliniškės	501	452	-49	Minties st.	457.10001	-44.200001	Laisvės prospektas	484.20001	9	Troleibusai	9	02	3-3010	538	493	1	1
delay	727472	B>A	Šiaurės miestelis–Šeimyniškių g.–Karoliniškės	501	546	45	„Žalgirio“ stadionas	557	46.5	Panorama	567.09998	9	Troleibusai	9	02	3-3010	538	582	1	1
delay	727472	A>B	Karoliniškės–Šeimyniškių g.–Šiaurės miestelis	543	501	-42.599998	Pasakų parkas	500.79999	-39	Lvovo st.	525.59998	9	Troleibusai	9	02	3-3010	578	538	1	1
delay	727472	A>B	Karoliniškės–Šeimyniškių g.–Šiaurės miestelis	543	890	1440	NULL	0	-1440	NULL	0	9	Troleibusai	9	02	3-3010	578	929	0	1
delay	727472	B>A	Šiaurės miestelis–Šeimyniškių g.–Karoliniškės	584	935	1440	NULL	0	-1440	NULL	0	9	Troleibusai	9	02	3-3010	618	970	0	1
delay	727472	A>B	Karoliniškės–Šeimyniškių g.–Šiaurės miestelis	963	981	18.1	Atminties st.	982.70001	34	Šiaurės miestelis	1030.9	9	Troleibusai	9	02	3-3010	999	1033	1	1
delay	727472	B>A	Šiaurės miestelis–Šeimyniškių g.–Karoliniškės	1008	1035	26.200001	Povilo Lukšio st.	1034.5	37.400002	Teodoro Narbuto st.	1069	9	Troleibusai	9	02	3-3010	1045	1080	1	1
delay	727472	A>B	Karoliniškės–Šeimyniškių g.–Šiaurės miestelis	1055	1083	27.9	Atminties st.	1084.5	34.5	Šiaurės miestelis	1124.3	9	Troleibusai	9	02	3-3010	1092	1126	1	1
missed	662981	B>A	Šiaurės miestelis–Šeimyniškių g.–Karoliniškės	1097	NULL	NULL	NULL	NULL	NULL	NULL	NULL	9	Troleibusai	9	02		1134	NULL	NULL	NULL
missed	662981	A>B	Karoliniškės–Šeimyniškių g.–Šiaurės miestelis	1143	NULL	NULL	NULL	NULL	NULL	NULL	NULL	9	Troleibusai	9	02		1176	NULL	NULL	NULL
delay	727472	B>A	Šiaurės miestelis–Šeimyniškių g.–Karoliniškės	1183	1127	-56.299999	Povilo Lukšio st.	1126.8	-8.8000002	Teodoro Narbuto st.	1195.5	9	Troleibusai	9	02	3-3010	1215	1196	1	1
delay	727481	B>A	Šiaurės miestelis–Šeimyniškių g.–Karoliniškės	449	502	51.5	„Žalgirio“ stadionas	511.60001	52.799999	Povilo Lukšio st.	501.79999	9	Troleibusai	9	03	3-2555	486	537	1	1
delay	727481	B>A	Šiaurės miestelis–Šeimyniškių g.–Karoliniškės	449	408	-42.599998	„Žalgirio“ stadionas	417.60001	-40.299999	Povilo Lukšio st.	408.79999	9	Troleibusai	9	03	3-2555	486	444	1	1
delay	727481	A>B	Karoliniškės–Šeimyniškių g.–Šiaurės miestelis	497	455	-41.700001	Atminties st.	456.89999	-33.599998	Žvėrynas	475.89999	9	Troleibusai	9	03	3-2555	534	496	1	1
delay	727481	A>B	Karoliniškės–Šeimyniškių g.–Šiaurės miestelis	497	544	44.299999	Šiaurės miestelis	576.29999	47.700001	Žvėrynas	557.20001	9	Troleibusai	9	03	3-2555	534	578	1	1
missed	662978	B>A	Šiaurės miestelis–Šeimyniškių g.–Karoliniškės	547	NULL	NULL	NULL	NULL	NULL	NULL	NULL	9	Troleibusai	9	03		581	NULL	NULL	NULL
delay	727481	A>B	Karoliniškės–Šeimyniškių g.–Šiaurės miestelis	597	943	1440	NULL	0	-1440	NULL	0	9	Troleibusai	9	03	3-2555	632	981	0	1
delay	727481	B>A	Šiaurės miestelis–Šeimyniškių g.–Karoliniškės	933	986	52.700001	Povilo Lukšio st.	986.09998	57	Karoliniškių poliklinika	1020.3	9	Troleibusai	9	03	3-2555	969	1026	1	1
delay	727481	B>A	Šiaurės miestelis–Šeimyniškių g.–Karoliniškės	933	899	-33.900002	Povilo Lukšio st.	899.09998	-30.5	Teodoro Narbuto st.	925.79999	9	Troleibusai	9	03	3-2555	969	938	1	1
missed	662978	A>B	Karoliniškės–Šeimyniškių g.–Šiaurės miestelis	987	NULL	NULL	NULL	NULL	NULL	NULL	NULL	9	Troleibusai	9	03		1023	NULL	NULL	NULL
delay	727481	B>A	Šiaurės miestelis–Šeimyniškių g.–Karoliniškės	1033	1089	55.900002	Atminties st.	1122.1	57.099998	Laisvės prospektas	1117.6	9	Troleibusai	9	03	3-2555	1070	1125	1	1
delay	727481	A>B	Karoliniškės–Šeimyniškių g.–Šiaurės miestelis	1081	1032	-49.599998	Karoliniškių poliklinika	1035.9	-29.1	Šiaurės miestelis	1086.8	9	Troleibusai	9	03	3-2555	1118	1089	1	1
delay	727481	A>B	Karoliniškės–Šeimyniškių g.–Šiaurės miestelis	1081	1124	39.5	„Žalgirio“ stadionas	1146	43.400002	Pasakų parkas	1124.7	9	Troleibusai	9	03	3-2555	1118	1159	1	1
missed	662978	B>A	Šiaurės miestelis–Šeimyniškių g.–Karoliniškės	1126	NULL	NULL	NULL	NULL	NULL	NULL	NULL	9	Troleibusai	9	03		1161	NULL	NULL	NULL
missed	662978	A>B	Karoliniškės–Šeimyniškių g.–Šiaurės miestelis	1173	NULL	NULL	NULL	NULL	NULL	NULL	NULL	9	Troleibusai	9	03		1206	NULL	NULL	NULL
delay	727363	B>A	Šiaurės miestelis–Šeimyniškių g.–Karoliniškės	327	328	-0.5	Sietyno st.	350.79999	0.60000002	Lietuvos sąjūdžio kelias	341.89999	9	Troleibusai	9	04	3-2453	359	358	0	0
delay	727363	A>B	Karoliniškės–Šeimyniškių g.–Šiaurės miestelis	366	364	-1.6	Atminties st.	365.89999	0.2	Šiaurės miestelis	396.10001	9	Troleibusai	9	04	3-2453	398	398	0	0
delay	727363	B>A	Šiaurės miestelis–Šeimyniškių g.–Karoliniškės	404	404	-0.60000002	Lvovo st.	413.79999	0.80000001	Laisvės prospektas	429.89999	9	Troleibusai	9	04	3-2453	438	438	0	0
delay	727363	A>B	Karoliniškės–Šeimyniškių g.–Šiaurės miestelis	444	448	3.7	Pasakų parkas	448.10001	10.3	Lietuvos sąjūdžio kelias	472.79999	9	Troleibusai	9	04	3-2453	482	492	1	1
delay	727363	B>A	Šiaurės miestelis–Šeimyniškių g.–Karoliniškės	493	491	-1	Povilo Lukšio st.	492.29999	2.3	Žvėrynas	516.90002	9	Troleibusai	9	04	3-2453	530	531	0	0
delay	727363	A>B	Karoliniškės–Šeimyniškių g.–Šiaurės miestelis	565	564	-0.89999998	Nacionalinė dailės galerija	583.29999	0.2	Šiaurės miestelis	598.09998	9	Troleibusai	9	04	3-2453	600	600	0	0
delay	727363	B>A	Šiaurės miestelis–Šeimyniškių g.–Karoliniškės	605	601	-3.9000001	Šeimyniškių st.	610.29999	-2.9000001	Nacionalinė dailės galerija	617.5	9	Troleibusai	9	04	3-2453	639	636	1	1
delay	727363	A>B	Karoliniškės–Šeimyniškių g.–Šiaurės miestelis	655	647	-8.6000004	Panorama	661.29999	-5.6999998	Lvovo st.	670.90002	9	Troleibusai	9	04	3-2453	690	683	1	1
delay	727363	B>A	Šiaurės miestelis–Šeimyniškių g.–Karoliniškės	698	688	-9.3999996	Povilo Lukšio st.	688.90002	-7.4000001	Nacionalinė dailės galerija	706.09998	9	Troleibusai	9	04	3-2453	732	724	1	1
delay	727363	A>B	Karoliniškės–Šeimyniškių g.–Šiaurės miestelis	738	731	-8.3000002	Teodoro Narbuto st.	740.20001	-6.0999999	Žvėrynas	744.5	9	Troleibusai	9	04	3-2453	773	766	1	1
delay	727363	B>A	Šiaurės miestelis–Šeimyniškių g.–Karoliniškės	778	771	-8.1999998	„Žalgirio“ stadionas	780.90002	-7.3000002	Tuskulėnų rimties parkas	777.29999	9	Troleibusai	9	04	3-2453	812	804	1	1
delay	727363	A>B	Karoliniškės–Šeimyniškių g.–Šiaurės miestelis	817	809	-9.1999998	Minties st.	838	-8	Laisvės prospektas	816.5	9	Troleibusai	9	04	3-2453	852	844	1	1
delay	727363	B>A	Šiaurės miestelis–Šeimyniškių g.–Karoliniškės	864	854	-10.7	„Žalgirio“ stadionas	864.20001	-9.1000004	Atminties st.	886.79999	9	Troleibusai	9	04	3-2453	898	889	1	1
delay	727363	A>B	Karoliniškės–Šeimyniškių g.–Šiaurės miestelis	910	898	-12.6	Panorama	912.20001	-9	Šiaurės miestelis	933.79999	9	Troleibusai	9	04	3-2453	945	936	1	1
delay	727363	B>A	Šiaurės miestelis–Šeimyniškių g.–Karoliniškės	950	943	-6.8000002	Šeimyniškių st.	952.29999	-4.3000002	Teodoro Narbuto st.	969	9	Troleibusai	9	04	3-2453	986	981	1	1
delay	727363	A>B	Karoliniškės–Šeimyniškių g.–Šiaurės miestelis	1002	990	-11.9	Teodoro Narbuto st.	1000.6	3.4000001	Šiaurės miestelis	1040.3	9	Troleibusai	9	04	3-2453	1039	1042	1	1
delay	727363	B>A	Šiaurės miestelis–Šeimyniškių g.–Karoliniškės	1049	1043	-6.0999999	Povilo Lukšio st.	1043.1	0.60000002	Teodoro Narbuto st.	1073.2	9	Troleibusai	9	04	3-2453	1086	1085	1	1
delay	727363	A>B	Karoliniškės–Šeimyniškių g.–Šiaurės miestelis	1098	1115	16.1	Šiaurės miestelis	1149.1	17.6	Lvovo st.	1137.2	9	Troleibusai	9	04	3-2453	1135	1150	1	1
delay	727363	B>A	Šiaurės miestelis–Šeimyniškių g.–Karoliniškės	1141	1159	15.2	Povilo Lukšio st.	1156.3	18.6	Šeimyniškių st.	1166.8	9	Troleibusai	9	04	3-2453	1173	1191	1	1
delay	727363	A>B	Karoliniškės–Šeimyniškių g.–Šiaurės miestelis	1206	1196	-10	Ugniagesių st.	1199	-7.6999998	Šiaurės miestelis	1228.2	9	Troleibusai	9	04	3-2453	1238	1230	1	1
delay	727363	B>A	Šiaurės miestelis–Šeimyniškių g.–Karoliniškės	1244	1235	-9.1999998	Minties st.	1238.9	-6.8000002	Teodoro Narbuto st.	1258.5	9	Troleibusai	9	04	3-2453	1276	1268	1	1
delay	727363	A>B	Karoliniškės–Šeimyniškių g.–Šiaurės miestelis	1284	1277	-7.6999998	Karoliniškių poliklinika	1280.8	-6.5	Šiaurės miestelis	1307.4	9	Troleibusai	9	04	3-2453	1316	1309	1	1
delay	727363	B>A	Šiaurės miestelis–Šeimyniškių g.–Karoliniškės	1322	1325	1.7	Minties st.	1327.8	3.0999999	Karoliniškių poliklinika	1352.3	9	Troleibusai	9	04	3-2453	1354	1357	1	0
delay	727363	A>B	Karoliniškės–Šeimyniškių g.–Šiaurės miestelis	1361	1365	3.5	Europos aikštė	1383.7	5.4000001	Šiaurės miestelis	1396.3	9	Troleibusai	9	04	3-2453	1393	1398	1	1
delay	727451	B>A	Šiaurės miestelis–Šeimyniškių g.–Karoliniškės	381	380	-1.4	Povilo Lukšio st.	379.70001	0.5	Lietuvos sąjūdžio kelias	395.89999	9	Troleibusai	9	05	3-2549	413	412	0	0
delay	727451	A>B	Karoliniškės–Šeimyniškių g.–Šiaurės miestelis	420	421	1	Karoliniškių poliklinika	425.5	3.7	Lvovo st.	446.5	9	Troleibusai	9	05	3-2549	458	460	1	0
delay	727451	B>A	Šiaurės miestelis–Šeimyniškių g.–Karoliniškės	469	466	-2.8	„Žalgirio“ stadionas	477.20001	-1.1	Nacionalinė dailės galerija	483.70001	9	Troleibusai	9	05	3-2549	506	504	0	0
delay	727451	A>B	Karoliniškės–Šeimyniškių g.–Šiaurės miestelis	514	515	0.60000002	Tuskulėnų rimties parkas	543.79999	2.9000001	Lietuvos sąjūdžio kelias	534.29999	9	Troleibusai	9	05	3-2549	550	552	0	0
delay	727451	B>A	Šiaurės miestelis–Šeimyniškių g.–Karoliniškės	887	875	-11.1	Povilo Lukšio st.	876.29999	-7.8000002	Minties st.	884.29999	9	Troleibusai	9	05	3-2549	921	912	1	1
delay	727451	A>B	Karoliniškės–Šeimyniškių g.–Šiaurės miestelis	929	923	-7.5	„Žalgirio“ stadionas	946	-4.1999998	Šiaurės miestelis	957.70001	9	Troleibusai	9	05	3-2549	964	960	1	1
delay	727451	B>A	Šiaurės miestelis–Šeimyniškių g.–Karoliniškės	969	965	-3.8	Povilo Lukšio st.	965.29999	-0.89999998	Žvėrynas	989.70001	9	Troleibusai	9	05	3-2549	1006	1004	1	1
delay	727451	A>B	Karoliniškės–Šeimyniškių g.–Šiaurės miestelis	1019	1014	-5.1999998	Panorama	1028.7	5.8000002	Tuskulėnų rimties parkas	1054	9	Troleibusai	9	05	3-2549	1056	1061	1	1
delay	727451	B>A	Šiaurės miestelis–Šeimyniškių g.–Karoliniškės	1067	1063	-6.9000001	Lvovo st.	1072.9	-4.0999999	Šiaurės miestelis	1064.6	9	Troleibusai	9	05	3-2549	1104	1098	1	1
delay	727451	A>B	Karoliniškės–Šeimyniškių g.–Šiaurės miestelis	1118	1106	-13.1	„Žalgirio“ stadionas	1130.1	-9.6000004	Šiaurės miestelis	1142.1	9	Troleibusai	9	05	3-2549	1154	1144	1	1
delay	727405	A>B	Karoliniškės–Šeimyniškių g.–Šiaurės miestelis	353	351	-2.2	Europos aikštė	370.20001	-0.60000002	Šiaurės miestelis	382.20001	9	Troleibusai	9	06Ž	3-2108	385	384	0	0
delay	727405	B>A	Šiaurės miestelis–Šeimyniškių g.–Karoliniškės	392	397	3.9000001	Minties st.	400	5.9000001	Atminties st.	427.79999	9	Troleibusai	9	06Ž	3-2108	425	431	1	1
delay	727405	A>B	Karoliniškės–Šeimyniškių g.–Šiaurės miestelis	436	440	3.3	Karoliniškių poliklinika	443.79999	8.6000004	Lvovo st.	467.29999	9	Troleibusai	9	06Ž	3-2108	474	480	1	1
delay	727405	B>A	Šiaurės miestelis–Šeimyniškių g.–Karoliniškės	484	486	1	„Žalgirio“ stadionas	496.20001	3.5999999	Laisvės prospektas	515	9	Troleibusai	9	06Ž	3-2108	521	524	1	0
delay	727405	A>B	Karoliniškės–Šeimyniškių g.–Šiaurės miestelis	532	538	5.5999999	Minties st.	567.79999	7.5999999	Lvovo st.	561.29999	9	Troleibusai	9	06Ž	3-2108	567	572	1	1
delay	727405	B>A	Šiaurės miestelis–Šeimyniškių g.–Karoliniškės	574	583	7.3000002	„Žalgirio“ stadionas	592.29999	9.1999998	Ugniagesių st.	614	9	Troleibusai	9	06Ž	3-2108	608	617	1	1
delay	727405	A>B	Karoliniškės–Šeimyniškių g.–Šiaurės miestelis	642	659	14.8	Minties st.	687.09998	16.5	Pasakų parkas	658.79999	9	Troleibusai	9	06Ž	3-2108	677	692	1	1
delay	727405	B>A	Šiaurės miestelis–Šeimyniškių g.–Karoliniškės	682	703	19.6	Atminties st.	733.59998	22.1	Lietuvos sąjūdžio kelias	720.5	9	Troleibusai	9	06Ž	3-2108	716	735	1	1
delay	727405	A>B	Karoliniškės–Šeimyniškių g.–Šiaurės miestelis	722	747	23.700001	Panorama	760.59998	26.200001	Šiaurės miestelis	781.09998	9	Troleibusai	9	06Ž	3-2108	757	783	1	1
delay	727405	B>A	Šiaurės miestelis–Šeimyniškių g.–Karoliniškės	762	787	23.5	Atminties st.	817.5	25.5	Panorama	806.79999	9	Troleibusai	9	06Ž	3-2108	796	819	1	1
delay	727405	A>B	Karoliniškės–Šeimyniškių g.–Šiaurės miestelis	802	829	26.9	Panorama	843.90002	29	Lvovo st.	852.70001	9	Troleibusai	9	06Ž	3-2108	837	865	1	1
delay	727405	B>A	Šiaurės miestelis–Šeimyniškių g.–Karoliniškės	845	868	22.200001	Šeimyniškių st.	876.5	24.1	Ugniagesių st.	899.90002	9	Troleibusai	9	06Ž	3-2108	879	903	1	1
delay	727405	A>B	Karoliniškės–Šeimyniškių g.–Šiaurės miestelis	889	919	29.5	Atminties st.	920.09998	31.6	Šiaurės miestelis	953.5	9	Troleibusai	9	06Ž	3-2108	924	955	1	1
delay	727405	B>A	Šiaurės miestelis–Šeimyniškių g.–Karoliniškės	929	959	29.200001	„Žalgirio“ stadionas	969.20001	32.599998	Atminties st.	993.5	9	Troleibusai	9	06Ž	3-2108	964	997	1	1
delay	727405	A>B	Karoliniškės–Šeimyniškių g.–Šiaurės miestelis	979	1006	27.1	Teodoro Narbuto st.	1016.5	42.400002	Tuskulėnų rimties parkas	1050.6	9	Troleibusai	9	06Ž	3-2108	1015	1057	1	1
delay	727405	B>A	Šiaurės miestelis–Šeimyniškių g.–Karoliniškės	1023	1058	34.200001	„Žalgirio“ stadionas	1068.4	39.099998	Laisvės prospektas	1089.5	9	Troleibusai	9	06Ž	3-2108	1060	1098	1	1
delay	727405	A>B	Karoliniškės–Šeimyniškių g.–Šiaurės miestelis	1072	1099	26.700001	Tuskulėnų rimties parkas	1128	27.6	Lietuvos sąjūdžio kelias	1117	9	Troleibusai	9	06Ž	3-2108	1109	1136	1	1
delay	727405	B>A	Šiaurės miestelis–Šeimyniškių g.–Karoliniškės	1118	1145	25.799999	Lvovo st.	1156.6	27	Tuskulėnų rimties parkas	1151.7	9	Troleibusai	9	06Ž	3-2108	1153	1179	1	1
delay	727405	A>B	Karoliniškės–Šeimyniškių g.–Šiaurės miestelis	1187	1215	25.700001	Nacionalinė dailės galerija	1230.9	27.5	Pasakų parkas	1214.8	9	Troleibusai	9	06Ž	3-2108	1219	1245	1	1
delay	727405	B>A	Šiaurės miestelis–Šeimyniškių g.–Karoliniškės	1225	1255	29.299999	Povilo Lukšio st.	1254.3	31.299999	Panorama	1273.7	9	Troleibusai	9	06Ž	3-2108	1257	1288	1	1
delay	727405	A>B	Karoliniškės–Šeimyniškių g.–Šiaurės miestelis	1265	1292	27.200001	Karoliniškių poliklinika	1296.6	28.9	Tuskulėnų rimties parkas	1319.1	9	Troleibusai	9	06Ž	3-2108	1297	1325	1	1
delay	727405	B>A	Šiaurės miestelis–Šeimyniškių g.–Karoliniškės	1308	1341	32.700001	Nacionalinė dailės galerija	1354.2	33.5	Šeimyniškių st.	1348.6	9	Troleibusai	9	06Ž	3-2108	1340	1373	1	1
delay	727405	A>B	Karoliniškės–Šeimyniškių g.–Šiaurės miestelis	1346	1384	37.299999	Nacionalinė dailės galerija	1401.5	39.200001	Šiaurės miestelis	1415.1	9	Troleibusai	9	06Ž	3-2108	1378	1417	1	1
delay	727405	B>A	Šiaurės miestelis–Šeimyniškių g.–Karoliniškės	1384	1422	36.599998	Lvovo st.	1431.1	37.700001	Šiaurės miestelis	1422.5	9	Troleibusai	9	06Ž	3-2108	1416	1443	1	1
delay	727453	B>A	Šiaurės miestelis–Šeimyniškių g.–Karoliniškės	415	419	3	Nacionalinė dailės galerija	432.60001	4.5	Laisvės prospektas	445.89999	9	Troleibusai	9	07	3-3161	451	454	1	1
delay	727453	A>B	Karoliniškės–Šeimyniškių g.–Šiaurės miestelis	462	465	2.5999999	Karoliniškių poliklinika	469	9	Lvovo st.	493.79999	9	Troleibusai	9	07	3-3161	500	507	1	1
delay	727453	B>A	Šiaurės miestelis–Šeimyniškių g.–Karoliniškės	507	509	1.5	„Žalgirio“ stadionas	519.5	2.7	Panorama	529.40002	9	Troleibusai	9	07	3-3161	543	545	0	0
delay	727453	A>B	Karoliniškės–Šeimyniškių g.–Šiaurės miestelis	552	555	1	Minties st.	583.20001	3.3	Laisvės prospektas	562.79999	9	Troleibusai	9	07	3-3161	587	589	1	0
delay	727453	B>A	Šiaurės miestelis–Šeimyniškių g.–Karoliniškės	907	915	6.6999998	„Žalgirio“ stadionas	924.59998	10	Atminties st.	948.90002	9	Troleibusai	9	07	3-3161	941	949	1	1
delay	727453	A>B	Karoliniškės–Šeimyniškių g.–Šiaurės miestelis	949	960	10.4	Karoliniškių poliklinika	963.79999	24.299999	Šiaurės miestelis	1007.1	9	Troleibusai	9	07	3-3161	985	1009	1	1
delay	727453	B>A	Šiaurės miestelis–Šeimyniškių g.–Karoliniškės	991	1010	19.1	Povilo Lukšio st.	1010.4	30.4	Teodoro Narbuto st.	1045	9	Troleibusai	9	07	3-3161	1028	1057	1	1
delay	727453	A>B	Karoliniškės–Šeimyniškių g.–Šiaurės miestelis	1036	1057	20.6	Atminties st.	1058.2	34.200001	Tuskulėnų rimties parkas	1099.5	9	Troleibusai	9	07	3-3161	1073	1106	1	1
delay	727453	B>A	Šiaurės miestelis–Šeimyniškių g.–Karoliniškės	1082	1106	23.4	Nacionalinė dailės galerija	1121.2	24.6	Atminties st.	1139.9	9	Troleibusai	9	07	3-3161	1119	1143	1	1
delay	727453	A>B	Karoliniškės–Šeimyniškių g.–Šiaurės miestelis	1136	1149	12.7	Minties st.	1176.9	14.7	Žvėrynas	1162.2	9	Troleibusai	9	07	3-3161	1169	1181	1	1
delay	727390	B>A	Šiaurės miestelis–Šeimyniškių g.–Karoliniškės	343	342	-1.6	Atminties st.	371.29999	0.69999999	Šeimyniškių st.	350.79999	9	Troleibusai	9	08	3-1824	375	373	0	0
delay	727390	A>B	Karoliniškės–Šeimyniškių g.–Šiaurės miestelis	382	381	-2.0999999	Nacionalinė dailės galerija	398	0.69999999	Šiaurės miestelis	412.60001	9	Troleibusai	9	08	3-1824	414	414	0	0
delay	727390	B>A	Šiaurės miestelis–Šeimyniškių g.–Karoliniškės	423	425	0.69999999	„Žalgirio“ stadionas	434.70001	2.8	Laisvės prospektas	453.20001	9	Troleibusai	9	08	3-1824	460	462	0	0
delay	727390	A>B	Karoliniškės–Šeimyniškių g.–Šiaurės miestelis	474	472	-3	Šiaurės miestelis	506	2.3	Žvėrynas	488.79999	9	Troleibusai	9	08	3-1824	511	507	0	1
delay	727390	B>A	Šiaurės miestelis–Šeimyniškių g.–Karoliniškės	517	516	-1.8	Europos aikštė	529.59998	-0.40000001	Sietyno st.	543.29999	9	Troleibusai	9	08	3-1824	552	550	0	0
delay	727390	A>B	Karoliniškės–Šeimyniškių g.–Šiaurės miestelis	586	591	3.4000001	Nacionalinė dailės galerija	608.59998	4.8000002	Laisvės prospektas	598.29999	9	Troleibusai	9	08	3-1824	621	625	1	1
delay	727390	B>A	Šiaurės miestelis–Šeimyniškių g.–Karoliniškės	626	632	5	Šeimyniškių st.	640.09998	6.1999998	Povilo Lukšio st.	632.20001	9	Troleibusai	9	08	3-1824	660	666	1	1
delay	727390	A>B	Karoliniškės–Šeimyniškių g.–Šiaurės miestelis	670	678	6.1999998	Nacionalinė dailės galerija	695.40002	9.3999996	Lvovo st.	701.09998	9	Troleibusai	9	08	3-1824	705	714	1	1
delay	727390	B>A	Šiaurės miestelis–Šeimyniškių g.–Karoliniškės	711	721	8.8000002	Lvovo st.	732.40002	10	Nacionalinė dailės galerija	736.59998	9	Troleibusai	9	08	3-1824	745	755	1	1
delay	727390	A>B	Karoliniškės–Šeimyniškių g.–Šiaurės miestelis	753	761	5.6999998	Minties st.	788.90002	7.6999998	Šiaurės miestelis	793.59998	9	Troleibusai	9	08	3-1824	788	795	1	1
delay	727390	B>A	Šiaurės miestelis–Šeimyniškių g.–Karoliniškės	793	804	9.8000002	„Žalgirio“ stadionas	813.79999	11.4	Šiaurės miestelis	806.09998	9	Troleibusai	9	08	3-1824	827	838	1	1
delay	727390	A>B	Karoliniškės–Šeimyniškių g.–Šiaurės miestelis	833	843	9.6000004	Panorama	857.5	15	Šiaurės miestelis	880.90002	9	Troleibusai	9	08	3-1824	868	883	1	1
delay	727390	B>A	Šiaurės miestelis–Šeimyniškių g.–Karoliniškės	878	891	12.1	„Žalgirio“ stadionas	901	13.5	Panorama	910.79999	9	Troleibusai	9	08	3-1824	912	924	1	1
delay	727390	A>B	Karoliniškės–Šeimyniškių g.–Šiaurės miestelis	919	932	13	Lvovo st.	953.90002	15.1	Šiaurės miestelis	966.90002	9	Troleibusai	9	08	3-1824	954	969	1	1
delay	727390	B>A	Šiaurės miestelis–Šeimyniškių g.–Karoliniškės	959	975	15.5	Nacionalinė dailės galerija	990.20001	17.6	Atminties st.	1009.8	9	Troleibusai	9	08	3-1824	996	1013	1	1
delay	727390	A>B	Karoliniškės–Šeimyniškių g.–Šiaurės miestelis	1009	1022	12.8	Panorama	1036.6	29.299999	Tuskulėnų rimties parkas	1067.5	9	Troleibusai	9	08	3-1824	1046	1075	1	1
delay	727390	B>A	Šiaurės miestelis–Šeimyniškių g.–Karoliniškės	1059	1076	16.200001	Atminties st.	1108.6	17.700001	Tuskulėnų rimties parkas	1083.4	9	Troleibusai	9	08	3-1824	1096	1111	1	1
delay	727390	A>B	Karoliniškės–Šeimyniškių g.–Šiaurės miestelis	1107	1137	28.5	Tuskulėnų rimties parkas	1164.8	29.799999	Lvovo st.	1158.5	9	Troleibusai	9	08	3-1824	1144	1173	1	1
delay	727390	B>A	Šiaurės miestelis–Šeimyniškių g.–Karoliniškės	1150	1176	25.799999	Povilo Lukšio st.	1175.9	27.5	Šeimyniškių st.	1184.6	9	Troleibusai	9	08	3-1824	1182	1209	1	1
delay	727390	A>B	Karoliniškės–Šeimyniškių g.–Šiaurės miestelis	1223	1228	4.1999998	Lvovo st.	1248.1	6.5	Šiaurės miestelis	1259.4	9	Troleibusai	9	08	3-1824	1255	1261	1	1
delay	727390	B>A	Šiaurės miestelis–Šeimyniškių g.–Karoliniškės	1260	1275	14.7	Povilo Lukšio st.	1274.8	16.799999	Žvėrynas	1296.2	9	Troleibusai	9	08	3-1824	1292	1308	1	1
delay	727390	A>B	Karoliniškės–Šeimyniškių g.–Šiaurės miestelis	1302	1313	10.2	Ugniagesių st.	1315.2	12.9	Šiaurės miestelis	1344.8	9	Troleibusai	9	08	3-1824	1334	1347	1	1
delay	727390	B>A	Šiaurės miestelis–Šeimyniškių g.–Karoliniškės	1340	1358	17.700001	„Žalgirio“ stadionas	1366.7	18.799999	Lietuvos sąjūdžio kelias	1373.2	9	Troleibusai	9	08	3-1824	1372	1390	1	1
delay	727390	A>B	Karoliniškės–Šeimyniškių g.–Šiaurės miestelis	1379	1397	16.299999	Nacionalinė dailės galerija	1413.5	19.299999	Šiaurės miestelis	1428.2	9	Troleibusai	9	08	3-1824	1411	1430	1	1
missed	662977	A>B	Karoliniškės–Šeimyniškių g.–Šiaurės miestelis	428	NULL	NULL	NULL	NULL	NULL	NULL	NULL	9	Troleibusai	9	09		466	NULL	NULL	NULL
delay	727504	B>A	Šiaurės miestelis–Šeimyniškių g.–Karoliniškės	476	436	-40.200001	Povilo Lukšio st.	435.89999	-33.599998	Atminties st.	475.60001	9	Troleibusai	9	09	3-3035	513	479	1	1
delay	727504	B>A	Šiaurės miestelis–Šeimyniškių g.–Karoliniškės	476	528	52.5	Ugniagesių st.	560.59998	53.900002	Tuskulėnų rimties parkas	536.59998	9	Troleibusai	9	09	3-3035	513	565	1	1
delay	727504	A>B	Karoliniškės–Šeimyniškių g.–Šiaurės miestelis	524	482	-41.5	Atminties st.	484.10001	-36.700001	Šiaurės miestelis	520.09998	9	Troleibusai	9	09	3-3035	559	522	1	1
delay	727504	A>B	Karoliniškės–Šeimyniškių g.–Šiaurės miestelis	524	572	47.900002	Ugniagesių st.	575	48.900002	Žvėrynas	585.40002	9	Troleibusai	9	09	3-3035	559	659	1	1
missed	662977	B>A	Šiaurės miestelis–Šeimyniškių g.–Karoliniškės	564	NULL	NULL	NULL	NULL	NULL	NULL	NULL	9	Troleibusai	9	09		598	NULL	NULL	NULL
missed	662977	A>B	Karoliniškės–Šeimyniškių g.–Šiaurės miestelis	897	NULL	NULL	NULL	NULL	NULL	NULL	NULL	9	Troleibusai	9	09		932	NULL	NULL	NULL
delay	727504	B>A	Šiaurės miestelis–Šeimyniškių g.–Karoliniškės	940	930	-10.9	Povilo Lukšio st.	929.09998	-5.3000002	Laisvės prospektas	961.79999	9	Troleibusai	9	09	3-3035	976	971	1	1
delay	727504	A>B	Karoliniškės–Šeimyniškių g.–Šiaurės miestelis	994	974	-20.5	Atminties st.	975	-4.6999998	Šiaurės miestelis	1024.2	9	Troleibusai	9	09	3-3035	1031	1026	1	1
delay	727504	B>A	Šiaurės miestelis–Šeimyniškių g.–Karoliniškės	1043	1034	-9.6000004	Povilo Lukšio st.	1033.5	2.2	Teodoro Narbuto st.	1068.8	9	Troleibusai	9	09	3-3035	1080	1080	1	1
delay	727504	A>B	Karoliniškės–Šeimyniškių g.–Šiaurės miestelis	1091	1080	-11.5	Nacionalinė dailės galerija	1098.8	-3.8	Šiaurės miestelis	1122	9	Troleibusai	9	09	3-3035	1128	1124	1	1
delay	727504	A>B	Karoliniškės–Šeimyniškių g.–Šiaurės miestelis	1091	1167	1440	NULL	0	-1440	NULL	0	9	Troleibusai	9	09	3-3035	1128	1202	0	1
delay	727504	B>A	Šiaurės miestelis–Šeimyniškių g.–Karoliniškės	1134	1124	-9.8999996	Minties st.	1129.2	-8.3000002	Karoliniškių poliklinika	1154	9	Troleibusai	9	09	3-3035	1167	1159	1	1
delay	727419	B>A	Šiaurės miestelis–Šeimyniškių g.–Karoliniškės	432	442	10.9	Minties st.	448	14.8	Laisvės prospektas	474.20001	9	Troleibusai	9	10	3-2242	469	483	1	1
delay	727419	B>A	Šiaurės miestelis–Šeimyniškių g.–Karoliniškės	432	355	1440	NULL	0	-1440	NULL	0	9	Troleibusai	9	10	3-2242	469	389	0	1
delay	727419	A>B	Karoliniškės–Šeimyniškių g.–Šiaurės miestelis	481	492	10.5	Minties st.	522.70001	13.7	Lvovo st.	516.40002	9	Troleibusai	9	10	3-2242	518	529	1	1
delay	727419	A>B	Karoliniškės–Šeimyniškių g.–Šiaurės miestelis	481	398	1440	NULL	0	-1440	NULL	0	9	Troleibusai	9	10	3-2242	518	432	0	1
delay	727419	B>A	Šiaurės miestelis–Šeimyniškių g.–Karoliniškės	528	538	10.3	Povilo Lukšio st.	538.59998	12.1	Europos aikštė	554.29999	9	Troleibusai	9	10	3-2242	563	573	1	1
delay	727419	B>A	Šiaurės miestelis–Šeimyniškių g.–Karoliniškės	528	654	1440	NULL	0	-1440	NULL	0	9	Troleibusai	9	10	3-2242	563	690	0	1
delay	727419	B>A	Šiaurės miestelis–Šeimyniškių g.–Karoliniškės	528	736	1440	NULL	0	-1440	NULL	0	9	Troleibusai	9	10	3-2242	563	774	0	1
delay	727419	B>A	Šiaurės miestelis–Šeimyniškių g.–Karoliniškės	528	821	1440	NULL	0	-1440	NULL	0	9	Troleibusai	9	10	3-2242	563	855	0	1
delay	727419	A>B	Karoliniškės–Šeimyniškių g.–Šiaurės miestelis	576	865	1440	NULL	0	-1440	NULL	0	9	Troleibusai	9	10	3-2242	611	900	0	1
delay	727419	A>B	Karoliniškės–Šeimyniškių g.–Šiaurės miestelis	576	614	36.599998	Panorama	627.40002	38.599998	Lvovo st.	636.20001	9	Troleibusai	9	10	3-2242	611	649	1	1
delay	727419	A>B	Karoliniškės–Šeimyniškių g.–Šiaurės miestelis	576	777	1440	NULL	0	-1440	NULL	0	9	Troleibusai	9	10	3-2242	611	815	0	1
delay	727419	A>B	Karoliniškės–Šeimyniškių g.–Šiaurės miestelis	576	695	1440	NULL	0	-1440	NULL	0	9	Troleibusai	9	10	3-2242	611	730	0	1
delay	727419	B>A	Šiaurės miestelis–Šeimyniškių g.–Karoliniškės	921	908	-12.8	„Žalgirio“ stadionas	919.29999	-9.1999998	Atminties st.	943.70001	9	Troleibusai	9	10	3-2242	955	946	1	1
delay	727419	A>B	Karoliniškės–Šeimyniškių g.–Šiaurės miestelis	971	950	-21.200001	Panorama	964.70001	-17.1	Šiaurės miestelis	987.70001	9	Troleibusai	9	10	3-2242	1007	990	1	1
delay	727419	B>A	Šiaurės miestelis–Šeimyniškių g.–Karoliniškės	1015	995	-19.200001	Povilo Lukšio st.	996	-6.5	Atminties st.	1041.8	9	Troleibusai	9	10	3-2242	1052	1045	1	1
missed	662979	A>B	Karoliniškės–Šeimyniškių g.–Šiaurės miestelis	1063	NULL	NULL	NULL	NULL	NULL	NULL	NULL	9	Troleibusai	9	10		1100	NULL	NULL	NULL
delay	727419	B>A	Šiaurės miestelis–Šeimyniškių g.–Karoliniškės	1105	1098	-11.4	Atminties st.	1126.9	-7.3000002	Šiaurės miestelis	1099.4	9	Troleibusai	9	10	3-2242	1141	1129	1	1
delay	727419	B>A	Šiaurės miestelis–Šeimyniškių g.–Karoliniškės	1105	1369	1440	NULL	0	-1440	NULL	0	9	Troleibusai	9	10	3-2242	1141	1401	0	1
delay	727419	B>A	Šiaurės miestelis–Šeimyniškių g.–Karoliniškės	1105	1292	1440	NULL	0	-1440	NULL	0	9	Troleibusai	9	10	3-2242	1141	1323	0	1
delay	727419	B>A	Šiaurės miestelis–Šeimyniškių g.–Karoliniškės	1105	1196	1440	NULL	0	-1440	NULL	0	9	Troleibusai	9	10	3-2242	1141	1228	0	1
delay	727419	A>B	Karoliniškės–Šeimyniškių g.–Šiaurės miestelis	1153	1332	1440	NULL	0	-1440	NULL	0	9	Troleibusai	9	10	3-2242	1186	1362	0	1
delay	727419	A>B	Karoliniškės–Šeimyniškių g.–Šiaurės miestelis	1153	1409	1440	NULL	0	-1440	NULL	0	9	Troleibusai	9	10	3-2242	1186	1438	0	1
delay	727419	A>B	Karoliniškės–Šeimyniškių g.–Šiaurės miestelis	1153	1243	1440	NULL	0	-1440	NULL	0	9	Troleibusai	9	10	3-2242	1186	1275	0	1
delay	727419	A>B	Karoliniškės–Šeimyniškių g.–Šiaurės miestelis	1153	1159	4.6999998	Minties st.	1185.9	6.1999998	Lietuvos edukologijos universitetas	1174.1	9	Troleibusai	9	10	3-2242	1186	1191	1	1
missed	662980	B>A	Šiaurės miestelis–Šeimyniškių g.–Karoliniškės	359	NULL	NULL	NULL	NULL	NULL	NULL	NULL	9	Troleibusai	9	11		391	NULL	NULL	NULL
delay	727476	A>B	Karoliniškės–Šeimyniškių g.–Šiaurės miestelis	399	429	29.799999	Pasakų parkas	429.29999	36.099998	Lvovo st.	455.70001	9	Troleibusai	9	11	3-2606	435	470	1	1
delay	727476	B>A	Šiaurės miestelis–Šeimyniškių g.–Karoliniškės	441	474	32.599998	Atminties st.	506.89999	34.400002	Lietuvos edukologijos universitetas	494	9	Troleibusai	9	11	3-2606	478	510	1	1
delay	727476	A>B	Karoliniškės–Šeimyniškių g.–Šiaurės miestelis	488	522	34	Minties st.	553.20001	35	Lvovo st.	544.59998	9	Troleibusai	9	11	3-2606	525	558	1	1
delay	727476	B>A	Šiaurės miestelis–Šeimyniškių g.–Karoliniškės	539	568	28.5	Šeimyniškių st.	576.79999	29.700001	Teodoro Narbuto st.	592	9	Troleibusai	9	11	3-2606	573	602	1	1
missed	662980	A>B	Karoliniškės–Šeimyniškių g.–Šiaurės miestelis	606	NULL	NULL	NULL	NULL	NULL	NULL	NULL	9	Troleibusai	9	11		641	NULL	NULL	NULL
missed	662980	B>A	Šiaurės miestelis–Šeimyniškių g.–Karoliniškės	646	NULL	NULL	NULL	NULL	NULL	NULL	NULL	9	Troleibusai	9	11		680	NULL	NULL	NULL
missed	662980	A>B	Karoliniškės–Šeimyniškių g.–Šiaurės miestelis	686	NULL	NULL	NULL	NULL	NULL	NULL	NULL	9	Troleibusai	9	11		721	NULL	NULL	NULL
missed	662980	B>A	Šiaurės miestelis–Šeimyniškių g.–Karoliniškės	729	NULL	NULL	NULL	NULL	NULL	NULL	NULL	9	Troleibusai	9	11		763	NULL	NULL	NULL
missed	662980	A>B	Karoliniškės–Šeimyniškių g.–Šiaurės miestelis	770	NULL	NULL	NULL	NULL	NULL	NULL	NULL	9	Troleibusai	9	11		805	NULL	NULL	NULL
missed	662980	B>A	Šiaurės miestelis–Šeimyniškių g.–Karoliniškės	810	NULL	NULL	NULL	NULL	NULL	NULL	NULL	9	Troleibusai	9	11		844	NULL	NULL	NULL
delay	727476	A>B	Karoliniškės–Šeimyniškių g.–Šiaurės miestelis	852	907	55.5	Atminties st.	909	59.599998	Šiaurės miestelis	944.5	9	Troleibusai	9	11	3-2606	887	946	1	1
missed	662980	B>A	Šiaurės miestelis–Šeimyniškių g.–Karoliniškės	898	NULL	NULL	NULL	NULL	NULL	NULL	NULL	9	Troleibusai	9	11		932	NULL	NULL	NULL
missed	662980	A>B	Karoliniškės–Šeimyniškių g.–Šiaurės miestelis	939	NULL	NULL	NULL	NULL	NULL	NULL	NULL	9	Troleibusai	9	11		975	NULL	NULL	NULL
delay	727476	B>A	Šiaurės miestelis–Šeimyniškių g.–Karoliniškės	981	952	-29.5	Povilo Lukšio st.	951.79999	-26.6	Žvėrynas	976	9	Troleibusai	9	11	3-2606	1018	990	1	1
delay	727476	A>B	Karoliniškės–Šeimyniškių g.–Šiaurės miestelis	1027	999	-28.200001	Atminties st.	1000.3	-9.6999998	Šiaurės miestelis	1052.1	9	Troleibusai	9	11	3-2606	1064	1054	1	1
delay	727476	B>A	Šiaurės miestelis–Šeimyniškių g.–Karoliniškės	1074	1056	-19.200001	Povilo Lukšio st.	1055.1	-15.5	Teodoro Narbuto st.	1082.1	9	Troleibusai	9	11	3-2606	1111	1093	1	1
delay	727476	A>B	Karoliniškės–Šeimyniškių g.–Šiaurės miestelis	1127	1092	-35.799999	Nacionalinė dailės galerija	1110.5	-32.099998	Šiaurės miestelis	1126.8	9	Troleibusai	9	11	3-2606	1161	1129	1	1
delay	727476	B>A	Šiaurės miestelis–Šeimyniškių g.–Karoliniškės	1166	1136	-31	Povilo Lukšio st.	1135.1	-27.5	Laisvės prospektas	1163.6	9	Troleibusai	9	11	3-2606	1198	1170	1	1
missed	662980	A>B	Karoliniškės–Šeimyniškių g.–Šiaurės miestelis	1237	NULL	NULL	NULL	NULL	NULL	NULL	NULL	9	Troleibusai	9	11		1269	NULL	NULL	NULL
missed	662980	B>A	Šiaurės miestelis–Šeimyniškių g.–Karoliniškės	1274	NULL	NULL	NULL	NULL	NULL	NULL	NULL	9	Troleibusai	9	11		1306	NULL	NULL	NULL
missed	662980	A>B	Karoliniškės–Šeimyniškių g.–Šiaurės miestelis	1317	NULL	NULL	NULL	NULL	NULL	NULL	NULL	9	Troleibusai	9	11		1349	NULL	NULL	NULL
missed	662980	B>A	Šiaurės miestelis–Šeimyniškių g.–Karoliniškės	1354	NULL	NULL	NULL	NULL	NULL	NULL	NULL	9	Troleibusai	9	11		1386	NULL	NULL	NULL
missed	662980	A>B	Karoliniškės–Šeimyniškių g.–Šiaurės miestelis	1393	NULL	NULL	NULL	NULL	NULL	NULL	NULL	9	Troleibusai	9	11		1425	NULL	NULL	NULL

(9780 rows affected)
