mode	RunID	Tipas	Pavadinimas	planStartTime	startTime	ahead	aStop	aStopTime	behind	bStop	bStopTime	TripLine	Transport	Line	Run	GPSNum	planEndTime	endTime	irregularAllStops	irregularEndPoints
----	-----	-----	-----------	-------------	---------	-----	-----	---------	------	-----	---------	--------	---------	----	---	------	-----------	-------	-----------------	------------------
missed	628359	A>B	Stotis–Vikingų g.–Oro uostas	315	NULL	NULL	NULL	NULL	NULL	NULL	NULL	1	Autobusai	1	01-Ž		337	NULL	NULL	NULL
missed	628359	B>A	Oro uostas–Vikingų g.–Stotis	341	NULL	NULL	NULL	NULL	NULL	NULL	NULL	1	Autobusai	1	01-Ž		360	NULL	NULL	NULL
missed	628359	A>B	Stotis–Vikingų g.–Oro uostas	365	NULL	NULL	NULL	NULL	NULL	NULL	NULL	1	Autobusai	1	01-Ž		388	NULL	NULL	NULL
missed	628359	B>A	Oro uostas–Vikingų g.–Stotis	391	NULL	NULL	NULL	NULL	NULL	NULL	NULL	1	Autobusai	1	01-Ž		410	NULL	NULL	NULL
missed	628359	A>B	Stotis–Vikingų g.–Oro uostas	415	NULL	NULL	NULL	NULL	NULL	NULL	NULL	1	Autobusai	1	01-Ž		438	NULL	NULL	NULL
missed	628359	B>A	Oro uostas–Vikingų g.–Stotis	443	NULL	NULL	NULL	NULL	NULL	NULL	NULL	1	Autobusai	1	01-Ž		462	NULL	NULL	NULL
missed	628359	A>B	Stotis–Vikingų g.–Oro uostas	476	NULL	NULL	NULL	NULL	NULL	NULL	NULL	1	Autobusai	1	01-Ž		499	NULL	NULL	NULL
missed	628359	B>A	Oro uostas–Vikingų g.–Stotis	504	NULL	NULL	NULL	NULL	NULL	NULL	NULL	1	Autobusai	1	01-Ž		522	NULL	NULL	NULL
missed	628359	A>B	Stotis–Vikingų g.–Oro uostas	556	NULL	NULL	NULL	NULL	NULL	NULL	NULL	1	Autobusai	1	01-Ž		578	NULL	NULL	NULL
missed	628359	B>A	Oro uostas–Vikingų g.–Stotis	587	NULL	NULL	NULL	NULL	NULL	NULL	NULL	1	Autobusai	1	01-Ž		605	NULL	NULL	NULL
missed	628359	A>B	Stotis–Vikingų g.–Oro uostas	627	NULL	NULL	NULL	NULL	NULL	NULL	NULL	1	Autobusai	1	01-Ž		650	NULL	NULL	NULL
missed	628359	B>A	Oro uostas–Vikingų g.–Stotis	655	NULL	NULL	NULL	NULL	NULL	NULL	NULL	1	Autobusai	1	01-Ž		674	NULL	NULL	NULL
missed	628359	A>B	Stotis–Vikingų g.–Oro uostas	679	NULL	NULL	NULL	NULL	NULL	NULL	NULL	1	Autobusai	1	01-Ž		702	NULL	NULL	NULL
missed	628359	B>A	Oro uostas–Vikingų g.–Stotis	707	NULL	NULL	NULL	NULL	NULL	NULL	NULL	1	Autobusai	1	01-Ž		726	NULL	NULL	NULL
missed	628359	A>B	Stotis–Vikingų g.–Oro uostas	732	NULL	NULL	NULL	NULL	NULL	NULL	NULL	1	Autobusai	1	01-Ž		755	NULL	NULL	NULL
missed	628359	B>A	Oro uostas–Vikingų g.–Stotis	760	NULL	NULL	NULL	NULL	NULL	NULL	NULL	1	Autobusai	1	01-Ž		779	NULL	NULL	NULL
missed	628359	A>B	Stotis–Vikingų g.–Oro uostas	784	NULL	NULL	NULL	NULL	NULL	NULL	NULL	1	Autobusai	1	01-Ž		807	NULL	NULL	NULL
missed	628359	B>A	Oro uostas–Vikingų g.–Stotis	812	NULL	NULL	NULL	NULL	NULL	NULL	NULL	1	Autobusai	1	01-Ž		831	NULL	NULL	NULL
missed	628359	A>B	Stotis–Vikingų g.–Oro uostas	841	NULL	NULL	NULL	NULL	NULL	NULL	NULL	1	Autobusai	1	01-Ž		864	NULL	NULL	NULL
missed	628359	B>A	Oro uostas–Vikingų g.–Stotis	869	NULL	NULL	NULL	NULL	NULL	NULL	NULL	1	Autobusai	1	01-Ž		888	NULL	NULL	NULL
missed	628359	A>B	Stotis–Vikingų g.–Oro uostas	906	NULL	NULL	NULL	NULL	NULL	NULL	NULL	1	Autobusai	1	01-Ž		929	NULL	NULL	NULL
missed	628359	B>A	Oro uostas–Vikingų g.–Stotis	934	NULL	NULL	NULL	NULL	NULL	NULL	NULL	1	Autobusai	1	01-Ž		953	NULL	NULL	NULL
missed	628359	A>B	Stotis–Vikingų g.–Oro uostas	958	NULL	NULL	NULL	NULL	NULL	NULL	NULL	1	Autobusai	1	01-Ž		981	NULL	NULL	NULL
missed	628359	B>A	Oro uostas–Vikingų g.–Stotis	986	NULL	NULL	NULL	NULL	NULL	NULL	NULL	1	Autobusai	1	01-Ž		1005	NULL	NULL	NULL
missed	628359	A>B	Stotis–Vikingų g.–Oro uostas	1011	NULL	NULL	NULL	NULL	NULL	NULL	NULL	1	Autobusai	1	01-Ž		1034	NULL	NULL	NULL
missed	628359	B>A	Oro uostas–Vikingų g.–Stotis	1039	NULL	NULL	NULL	NULL	NULL	NULL	NULL	1	Autobusai	1	01-Ž		1058	NULL	NULL	NULL
missed	628359	A>B	Stotis–Vikingų g.–Oro uostas	1096	NULL	NULL	NULL	NULL	NULL	NULL	NULL	1	Autobusai	1	01-Ž		1118	NULL	NULL	NULL
missed	628359	B>A	Oro uostas–Vikingų g.–Stotis	1123	NULL	NULL	NULL	NULL	NULL	NULL	NULL	1	Autobusai	1	01-Ž		1142	NULL	NULL	NULL
missed	628359	A>B	Stotis–Vikingų g.–Oro uostas	1148	NULL	NULL	NULL	NULL	NULL	NULL	NULL	1	Autobusai	1	01-Ž		1171	NULL	NULL	NULL
missed	628359	B>A	Oro uostas–Vikingų g.–Stotis	1176	NULL	NULL	NULL	NULL	NULL	NULL	NULL	1	Autobusai	1	01-Ž		1195	NULL	NULL	NULL
missed	628359	A>B	Stotis–Vikingų g.–Oro uostas	1200	NULL	NULL	NULL	NULL	NULL	NULL	NULL	1	Autobusai	1	01-Ž		1223	NULL	NULL	NULL
missed	628359	B>A	Oro uostas–Vikingų g.–Stotis	1228	NULL	NULL	NULL	NULL	NULL	NULL	NULL	1	Autobusai	1	01-Ž		1247	NULL	NULL	NULL
missed	628359	A>B	Stotis–Vikingų g.–Oro uostas	1252	NULL	NULL	NULL	NULL	NULL	NULL	NULL	1	Autobusai	1	01-Ž		1275	NULL	NULL	NULL
missed	628359	B>A	Oro uostas–Vikingų g.–Stotis	1280	NULL	NULL	NULL	NULL	NULL	NULL	NULL	1	Autobusai	1	01-Ž		1299	NULL	NULL	NULL
missed	628359	A>B	Stotis–Vikingų g.–Oro uostas	1304	NULL	NULL	NULL	NULL	NULL	NULL	NULL	1	Autobusai	1	01-Ž		1327	NULL	NULL	NULL
missed	628359	B>A	Oro uostas–Vikingų g.–Stotis	1332	NULL	NULL	NULL	NULL	NULL	NULL	NULL	1	Autobusai	1	01-Ž		1351	NULL	NULL	NULL
missed	614743	A>B	Fabijoniškės–Baltupiai–Markučiai	325	NULL	NULL	NULL	NULL	NULL	NULL	NULL	10	Autobusai	10	01-Ž		362	NULL	NULL	NULL
missed	614743	B>A	Markučiai–Baltupiai–Fabijoniškės	367	NULL	NULL	NULL	NULL	NULL	NULL	NULL	10	Autobusai	10	01-Ž		409	NULL	NULL	NULL
missed	614743	A>B	Fabijoniškės–Baltupiai–Markučiai	418	NULL	NULL	NULL	NULL	NULL	NULL	NULL	10	Autobusai	10	01-Ž		468	NULL	NULL	NULL
missed	614743	B>A	Markučiai–Baltupiai–Fabijoniškės	474	NULL	NULL	NULL	NULL	NULL	NULL	NULL	10	Autobusai	10	01-Ž		520	NULL	NULL	NULL
missed	614743	A>B	Fabijoniškės–Baltupiai–Markučiai	529	NULL	NULL	NULL	NULL	NULL	NULL	NULL	10	Autobusai	10	01-Ž		577	NULL	NULL	NULL
missed	614743	B>A	Markučiai–Baltupiai–Fabijoniškės	582	NULL	NULL	NULL	NULL	NULL	NULL	NULL	10	Autobusai	10	01-Ž		626	NULL	NULL	NULL
missed	614743	A>B	Fabijoniškės–Baltupiai–Markučiai	663	NULL	NULL	NULL	NULL	NULL	NULL	NULL	10	Autobusai	10	01-Ž		709	NULL	NULL	NULL
missed	614743	B>A	Markučiai–Baltupiai–Fabijoniškės	715	NULL	NULL	NULL	NULL	NULL	NULL	NULL	10	Autobusai	10	01-Ž		759	NULL	NULL	NULL
missed	614743	A>B	Fabijoniškės–Baltupiai–Markučiai	771	NULL	NULL	NULL	NULL	NULL	NULL	NULL	10	Autobusai	10	01-Ž		817	NULL	NULL	NULL
missed	614743	B>A	Markučiai–Baltupiai–Fabijoniškės	826	NULL	NULL	NULL	NULL	NULL	NULL	NULL	10	Autobusai	10	01-Ž		870	NULL	NULL	NULL
missed	614743	A>B	Fabijoniškės–Baltupiai–Markučiai	880	NULL	NULL	NULL	NULL	NULL	NULL	NULL	10	Autobusai	10	01-Ž		928	NULL	NULL	NULL
missed	614743	B>A	Markučiai–Baltupiai–Fabijoniškės	935	NULL	NULL	NULL	NULL	NULL	NULL	NULL	10	Autobusai	10	01-Ž		980	NULL	NULL	NULL
missed	614743	A>B	Fabijoniškės–Baltupiai–Markučiai	996	NULL	NULL	NULL	NULL	NULL	NULL	NULL	10	Autobusai	10	01-Ž		1044	NULL	NULL	NULL
missed	614743	B>A	Markučiai–Baltupiai–Fabijoniškės	1049	NULL	NULL	NULL	NULL	NULL	NULL	NULL	10	Autobusai	10	01-Ž		1099	NULL	NULL	NULL
missed	614743	A>B	Fabijoniškės–Baltupiai–Markučiai	1129	NULL	NULL	NULL	NULL	NULL	NULL	NULL	10	Autobusai	10	01-Ž		1174	NULL	NULL	NULL
missed	614743	B>A	Markučiai–Baltupiai–Fabijoniškės	1179	NULL	NULL	NULL	NULL	NULL	NULL	NULL	10	Autobusai	10	01-Ž		1221	NULL	NULL	NULL
missed	614743	A>B	Fabijoniškės–Baltupiai–Markučiai	1233	NULL	NULL	NULL	NULL	NULL	NULL	NULL	10	Autobusai	10	01-Ž		1274	NULL	NULL	NULL
missed	614743	B>A	Markučiai–Baltupiai–Fabijoniškės	1281	NULL	NULL	NULL	NULL	NULL	NULL	NULL	10	Autobusai	10	01-Ž		1320	NULL	NULL	NULL
missed	614743	A>B	Fabijoniškės–Baltupiai–Markučiai	1330	NULL	NULL	NULL	NULL	NULL	NULL	NULL	10	Autobusai	10	01-Ž		1371	NULL	NULL	NULL
missed	614743	B>A	Markučiai–Baltupiai–Fabijoniškės	1382	NULL	NULL	NULL	NULL	NULL	NULL	NULL	10	Autobusai	10	01-Ž		1421	NULL	NULL	NULL
missed	614744	B>A	Markučiai–Baltupiai–Fabijoniškės	376	NULL	NULL	NULL	NULL	NULL	NULL	NULL	10	Autobusai	10	02		418	NULL	NULL	NULL
missed	614744	A>B	Fabijoniškės–Baltupiai–Markučiai	426	NULL	NULL	NULL	NULL	NULL	NULL	NULL	10	Autobusai	10	02		476	NULL	NULL	NULL
missed	614744	B>A	Markučiai–Baltupiai–Fabijoniškės	484	NULL	NULL	NULL	NULL	NULL	NULL	NULL	10	Autobusai	10	02		530	NULL	NULL	NULL
missed	614744	A>B	Fabijoniškės–Baltupiai–Markučiai	543	NULL	NULL	NULL	NULL	NULL	NULL	NULL	10	Autobusai	10	02		589	NULL	NULL	NULL
missed	614744	B>A	Markučiai–Baltupiai–Fabijoniškės	595	NULL	NULL	NULL	NULL	NULL	NULL	NULL	10	Autobusai	10	02		639	NULL	NULL	NULL
missed	614744	A>B	Fabijoniškės–Baltupiai–Markučiai	908	NULL	NULL	NULL	NULL	NULL	NULL	NULL	10	Autobusai	10	02		956	NULL	NULL	NULL
missed	614744	B>A	Markučiai–Baltupiai–Fabijoniškės	961	NULL	NULL	NULL	NULL	NULL	NULL	NULL	10	Autobusai	10	02		1011	NULL	NULL	NULL
missed	614744	A>B	Fabijoniškės–Baltupiai–Markučiai	1020	NULL	NULL	NULL	NULL	NULL	NULL	NULL	10	Autobusai	10	02		1067	NULL	NULL	NULL
missed	614744	B>A	Markučiai–Baltupiai–Fabijoniškės	1072	NULL	NULL	NULL	NULL	NULL	NULL	NULL	10	Autobusai	10	02		1120	NULL	NULL	NULL
missed	614742	A>B	Fabijoniškės–Baltupiai–Markučiai	341	NULL	NULL	NULL	NULL	NULL	NULL	NULL	10	Autobusai	10	03		380	NULL	NULL	NULL
missed	614742	B>A	Markučiai–Baltupiai–Fabijoniškės	386	NULL	NULL	NULL	NULL	NULL	NULL	NULL	10	Autobusai	10	03		428	NULL	NULL	NULL
missed	614742	A>B	Fabijoniškės–Baltupiai–Markučiai	436	NULL	NULL	NULL	NULL	NULL	NULL	NULL	10	Autobusai	10	03		486	NULL	NULL	NULL
missed	614742	B>A	Markučiai–Baltupiai–Fabijoniškės	494	NULL	NULL	NULL	NULL	NULL	NULL	NULL	10	Autobusai	10	03		540	NULL	NULL	NULL
missed	614742	A>B	Fabijoniškės–Baltupiai–Markučiai	572	NULL	NULL	NULL	NULL	NULL	NULL	NULL	10	Autobusai	10	03		618	NULL	NULL	NULL
missed	614742	B>A	Markučiai–Baltupiai–Fabijoniškės	624	NULL	NULL	NULL	NULL	NULL	NULL	NULL	10	Autobusai	10	03		668	NULL	NULL	NULL
missed	614742	A>B	Fabijoniškės–Baltupiai–Markučiai	683	NULL	NULL	NULL	NULL	NULL	NULL	NULL	10	Autobusai	10	03		729	NULL	NULL	NULL
missed	614742	B>A	Markučiai–Baltupiai–Fabijoniškės	734	NULL	NULL	NULL	NULL	NULL	NULL	NULL	10	Autobusai	10	03		778	NULL	NULL	NULL
missed	614742	A>B	Fabijoniškės–Baltupiai–Markučiai	789	NULL	NULL	NULL	NULL	NULL	NULL	NULL	10	Autobusai	10	03		835	NULL	NULL	NULL
missed	614742	B>A	Markučiai–Baltupiai–Fabijoniškės	844	NULL	NULL	NULL	NULL	NULL	NULL	NULL	10	Autobusai	10	03		888	NULL	NULL	NULL
missed	614742	A>B	Fabijoniškės–Baltupiai–Markučiai	898	NULL	NULL	NULL	NULL	NULL	NULL	NULL	10	Autobusai	10	03		946	NULL	NULL	NULL
missed	614742	B>A	Markučiai–Baltupiai–Fabijoniškės	951	NULL	NULL	NULL	NULL	NULL	NULL	NULL	10	Autobusai	10	03		1000	NULL	NULL	NULL
missed	614742	A>B	Fabijoniškės–Baltupiai–Markučiai	1009	NULL	NULL	NULL	NULL	NULL	NULL	NULL	10	Autobusai	10	03		1057	NULL	NULL	NULL
missed	614742	B>A	Markučiai–Baltupiai–Fabijoniškės	1062	NULL	NULL	NULL	NULL	NULL	NULL	NULL	10	Autobusai	10	03		1110	NULL	NULL	NULL
missed	614742	A>B	Fabijoniškės–Baltupiai–Markučiai	1148	NULL	NULL	NULL	NULL	NULL	NULL	NULL	10	Autobusai	10	03		1192	NULL	NULL	NULL
missed	614742	B>A	Markučiai–Baltupiai–Fabijoniškės	1197	NULL	NULL	NULL	NULL	NULL	NULL	NULL	10	Autobusai	10	03		1236	NULL	NULL	NULL
missed	614742	A>B	Fabijoniškės–Baltupiai–Markučiai	1248	NULL	NULL	NULL	NULL	NULL	NULL	NULL	10	Autobusai	10	03		1289	NULL	NULL	NULL
missed	614742	B>A	Markučiai–Baltupiai–Fabijoniškės	1297	NULL	NULL	NULL	NULL	NULL	NULL	NULL	10	Autobusai	10	03		1336	NULL	NULL	NULL
missed	614742	A>B	Fabijoniškės–Baltupiai–Markučiai	1346	NULL	NULL	NULL	NULL	NULL	NULL	NULL	10	Autobusai	10	03		1387	NULL	NULL	NULL
missed	614741	A>B	Fabijoniškės–Baltupiai–Markučiai	408	NULL	NULL	NULL	NULL	NULL	NULL	NULL	10	Autobusai	10	04		457	NULL	NULL	NULL
missed	614741	B>A	Markučiai–Baltupiai–Fabijoniškės	462	NULL	NULL	NULL	NULL	NULL	NULL	NULL	10	Autobusai	10	04		508	NULL	NULL	NULL
missed	614741	A>B	Fabijoniškės–Baltupiai–Markučiai	517	NULL	NULL	NULL	NULL	NULL	NULL	NULL	10	Autobusai	10	04		565	NULL	NULL	NULL
missed	614741	B>A	Markučiai–Baltupiai–Fabijoniškės	572	NULL	NULL	NULL	NULL	NULL	NULL	NULL	10	Autobusai	10	04		616	NULL	NULL	NULL
missed	614741	A>B	Fabijoniškės–Baltupiai–Markučiai	926	NULL	NULL	NULL	NULL	NULL	NULL	NULL	10	Autobusai	10	04		974	NULL	NULL	NULL
missed	614741	B>A	Markučiai–Baltupiai–Fabijoniškės	979	NULL	NULL	NULL	NULL	NULL	NULL	NULL	10	Autobusai	10	04		1029	NULL	NULL	NULL
missed	614741	A>B	Fabijoniškės–Baltupiai–Markučiai	1039	NULL	NULL	NULL	NULL	NULL	NULL	NULL	10	Autobusai	10	04		1088	NULL	NULL	NULL
missed	614741	B>A	Markučiai–Baltupiai–Fabijoniškės	1093	NULL	NULL	NULL	NULL	NULL	NULL	NULL	10	Autobusai	10	04		1141	NULL	NULL	NULL
missed	614740	B>A	Markučiai–Baltupiai–Fabijoniškės	328	NULL	NULL	NULL	NULL	NULL	NULL	NULL	10	Autobusai	10	05		368	NULL	NULL	NULL
missed	614740	A>B	Fabijoniškės–Baltupiai–Markučiai	373	NULL	NULL	NULL	NULL	NULL	NULL	NULL	10	Autobusai	10	05		416	NULL	NULL	NULL
missed	614740	B>A	Markučiai–Baltupiai–Fabijoniškės	426	NULL	NULL	NULL	NULL	NULL	NULL	NULL	10	Autobusai	10	05		472	NULL	NULL	NULL
missed	614740	A>B	Fabijoniškės–Baltupiai–Markučiai	481	NULL	NULL	NULL	NULL	NULL	NULL	NULL	10	Autobusai	10	05		532	NULL	NULL	NULL
missed	614740	B>A	Markučiai–Baltupiai–Fabijoniškės	537	NULL	NULL	NULL	NULL	NULL	NULL	NULL	10	Autobusai	10	05		581	NULL	NULL	NULL
missed	614740	A>B	Fabijoniškės–Baltupiai–Markučiai	616	NULL	NULL	NULL	NULL	NULL	NULL	NULL	10	Autobusai	10	05		662	NULL	NULL	NULL
missed	614740	B>A	Markučiai–Baltupiai–Fabijoniškės	667	NULL	NULL	NULL	NULL	NULL	NULL	NULL	10	Autobusai	10	05		711	NULL	NULL	NULL
missed	614740	A>B	Fabijoniškės–Baltupiai–Markučiai	721	NULL	NULL	NULL	NULL	NULL	NULL	NULL	10	Autobusai	10	05		767	NULL	NULL	NULL
missed	614740	B>A	Markučiai–Baltupiai–Fabijoniškės	772	NULL	NULL	NULL	NULL	NULL	NULL	NULL	10	Autobusai	10	05		816	NULL	NULL	NULL
missed	614740	A>B	Fabijoniškės–Baltupiai–Markučiai	823	NULL	NULL	NULL	NULL	NULL	NULL	NULL	10	Autobusai	10	05		869	NULL	NULL	NULL
missed	614740	B>A	Markučiai–Baltupiai–Fabijoniškės	879	NULL	NULL	NULL	NULL	NULL	NULL	NULL	10	Autobusai	10	05		923	NULL	NULL	NULL
missed	614740	A>B	Fabijoniškės–Baltupiai–Markučiai	936	NULL	NULL	NULL	NULL	NULL	NULL	NULL	10	Autobusai	10	05		984	NULL	NULL	NULL
missed	614740	B>A	Markučiai–Baltupiai–Fabijoniškės	989	NULL	NULL	NULL	NULL	NULL	NULL	NULL	10	Autobusai	10	05		1039	NULL	NULL	NULL
missed	614740	A>B	Fabijoniškės–Baltupiai–Markučiai	1048	NULL	NULL	NULL	NULL	NULL	NULL	NULL	10	Autobusai	10	05		1097	NULL	NULL	NULL
missed	614740	B>A	Markučiai–Baltupiai–Fabijoniškės	1102	NULL	NULL	NULL	NULL	NULL	NULL	NULL	10	Autobusai	10	05		1150	NULL	NULL	NULL
missed	614740	A>B	Fabijoniškės–Baltupiai–Markučiai	1184	NULL	NULL	NULL	NULL	NULL	NULL	NULL	10	Autobusai	10	05		1226	NULL	NULL	NULL
missed	614740	B>A	Markučiai–Baltupiai–Fabijoniškės	1233	NULL	NULL	NULL	NULL	NULL	NULL	NULL	10	Autobusai	10	05		1272	NULL	NULL	NULL
missed	614740	A>B	Fabijoniškės–Baltupiai–Markučiai	1281	NULL	NULL	NULL	NULL	NULL	NULL	NULL	10	Autobusai	10	05		1322	NULL	NULL	NULL
missed	614740	B>A	Markučiai–Baltupiai–Fabijoniškės	1332	NULL	NULL	NULL	NULL	NULL	NULL	NULL	10	Autobusai	10	05		1371	NULL	NULL	NULL
missed	614747	B>A	Markučiai–Baltupiai–Fabijoniškės	397	NULL	NULL	NULL	NULL	NULL	NULL	NULL	10	Autobusai	10	06		439	NULL	NULL	NULL
missed	614747	A>B	Fabijoniškės–Baltupiai–Markučiai	449	NULL	NULL	NULL	NULL	NULL	NULL	NULL	10	Autobusai	10	06		501	NULL	NULL	NULL
missed	614747	B>A	Markučiai–Baltupiai–Fabijoniškės	506	NULL	NULL	NULL	NULL	NULL	NULL	NULL	10	Autobusai	10	06		552	NULL	NULL	NULL
missed	614747	A>B	Fabijoniškės–Baltupiai–Markučiai	557	NULL	NULL	NULL	NULL	NULL	NULL	NULL	10	Autobusai	10	06		603	NULL	NULL	NULL
missed	614747	B>A	Markučiai–Baltupiai–Fabijoniškės	608	NULL	NULL	NULL	NULL	NULL	NULL	NULL	10	Autobusai	10	06		652	NULL	NULL	NULL
missed	614747	A>B	Fabijoniškės–Baltupiai–Markučiai	946	NULL	NULL	NULL	NULL	NULL	NULL	NULL	10	Autobusai	10	06		994	NULL	NULL	NULL
missed	614747	B>A	Markučiai–Baltupiai–Fabijoniškės	999	NULL	NULL	NULL	NULL	NULL	NULL	NULL	10	Autobusai	10	06		1049	NULL	NULL	NULL
missed	614747	A>B	Fabijoniškės–Baltupiai–Markučiai	1059	NULL	NULL	NULL	NULL	NULL	NULL	NULL	10	Autobusai	10	06		1108	NULL	NULL	NULL
missed	614747	B>A	Markučiai–Baltupiai–Fabijoniškės	1113	NULL	NULL	NULL	NULL	NULL	NULL	NULL	10	Autobusai	10	06		1159	NULL	NULL	NULL
missed	614745	B>A	Markučiai–Baltupiai–Fabijoniškės	347	NULL	NULL	NULL	NULL	NULL	NULL	NULL	10	Autobusai	10	07		389	NULL	NULL	NULL
missed	614745	A>B	Fabijoniškės–Baltupiai–Markučiai	397	NULL	NULL	NULL	NULL	NULL	NULL	NULL	10	Autobusai	10	07		442	NULL	NULL	NULL
missed	614745	B>A	Markučiai–Baltupiai–Fabijoniškės	450	NULL	NULL	NULL	NULL	NULL	NULL	NULL	10	Autobusai	10	07		496	NULL	NULL	NULL
missed	614745	A>B	Fabijoniškės–Baltupiai–Markučiai	506	NULL	NULL	NULL	NULL	NULL	NULL	NULL	10	Autobusai	10	07		555	NULL	NULL	NULL
missed	614745	B>A	Markučiai–Baltupiai–Fabijoniškės	560	NULL	NULL	NULL	NULL	NULL	NULL	NULL	10	Autobusai	10	07		604	NULL	NULL	NULL
missed	614745	A>B	Fabijoniškės–Baltupiai–Markučiai	645	NULL	NULL	NULL	NULL	NULL	NULL	NULL	10	Autobusai	10	07		691	NULL	NULL	NULL
missed	614745	B>A	Markučiai–Baltupiai–Fabijoniškės	696	NULL	NULL	NULL	NULL	NULL	NULL	NULL	10	Autobusai	10	07		740	NULL	NULL	NULL
missed	614745	A>B	Fabijoniškės–Baltupiai–Markučiai	754	NULL	NULL	NULL	NULL	NULL	NULL	NULL	10	Autobusai	10	07		800	NULL	NULL	NULL
missed	614745	B>A	Markučiai–Baltupiai–Fabijoniškės	806	NULL	NULL	NULL	NULL	NULL	NULL	NULL	10	Autobusai	10	07		850	NULL	NULL	NULL
missed	614745	A>B	Fabijoniškės–Baltupiai–Markučiai	861	NULL	NULL	NULL	NULL	NULL	NULL	NULL	10	Autobusai	10	07		907	NULL	NULL	NULL
missed	614745	B>A	Markučiai–Baltupiai–Fabijoniškės	916	NULL	NULL	NULL	NULL	NULL	NULL	NULL	10	Autobusai	10	07		960	NULL	NULL	NULL
missed	614745	A>B	Fabijoniškės–Baltupiai–Markučiai	970	NULL	NULL	NULL	NULL	NULL	NULL	NULL	10	Autobusai	10	07		1018	NULL	NULL	NULL
missed	614745	B>A	Markučiai–Baltupiai–Fabijoniškės	1023	NULL	NULL	NULL	NULL	NULL	NULL	NULL	10	Autobusai	10	07		1073	NULL	NULL	NULL
missed	614745	A>B	Fabijoniškės–Baltupiai–Markučiai	1083	NULL	NULL	NULL	NULL	NULL	NULL	NULL	10	Autobusai	10	07		1132	NULL	NULL	NULL
missed	614745	B>A	Markučiai–Baltupiai–Fabijoniškės	1139	NULL	NULL	NULL	NULL	NULL	NULL	NULL	10	Autobusai	10	07		1183	NULL	NULL	NULL
missed	614745	A>B	Fabijoniškės–Baltupiai–Markučiai	1218	NULL	NULL	NULL	NULL	NULL	NULL	NULL	10	Autobusai	10	07		1259	NULL	NULL	NULL
missed	614745	B>A	Markučiai–Baltupiai–Fabijoniškės	1264	NULL	NULL	NULL	NULL	NULL	NULL	NULL	10	Autobusai	10	07		1303	NULL	NULL	NULL
missed	614745	A>B	Fabijoniškės–Baltupiai–Markučiai	1313	NULL	NULL	NULL	NULL	NULL	NULL	NULL	10	Autobusai	10	07		1354	NULL	NULL	NULL
missed	614745	B>A	Markučiai–Baltupiai–Fabijoniškės	1363	NULL	NULL	NULL	NULL	NULL	NULL	NULL	10	Autobusai	10	07		1402	NULL	NULL	NULL
missed	614746	A>B	Fabijoniškės–Baltupiai–Markučiai	357	NULL	NULL	NULL	NULL	NULL	NULL	NULL	10	Autobusai	10	08		399	NULL	NULL	NULL
missed	614746	B>A	Markučiai–Baltupiai–Fabijoniškės	406	NULL	NULL	NULL	NULL	NULL	NULL	NULL	10	Autobusai	10	08		451	NULL	NULL	NULL
missed	614746	A>B	Fabijoniškės–Baltupiai–Markučiai	459	NULL	NULL	NULL	NULL	NULL	NULL	NULL	10	Autobusai	10	08		511	NULL	NULL	NULL
missed	614746	B>A	Markučiai–Baltupiai–Fabijoniškės	516	NULL	NULL	NULL	NULL	NULL	NULL	NULL	10	Autobusai	10	08		561	NULL	NULL	NULL
missed	614746	A>B	Fabijoniškės–Baltupiai–Markučiai	600	NULL	NULL	NULL	NULL	NULL	NULL	NULL	10	Autobusai	10	08		646	NULL	NULL	NULL
missed	614746	B>A	Markučiai–Baltupiai–Fabijoniškės	651	NULL	NULL	NULL	NULL	NULL	NULL	NULL	10	Autobusai	10	08		695	NULL	NULL	NULL
missed	614746	A>B	Fabijoniškės–Baltupiai–Markučiai	703	NULL	NULL	NULL	NULL	NULL	NULL	NULL	10	Autobusai	10	08		749	NULL	NULL	NULL
missed	614746	B>A	Markučiai–Baltupiai–Fabijoniškės	754	NULL	NULL	NULL	NULL	NULL	NULL	NULL	10	Autobusai	10	08		798	NULL	NULL	NULL
missed	614746	A>B	Fabijoniškės–Baltupiai–Markučiai	807	NULL	NULL	NULL	NULL	NULL	NULL	NULL	10	Autobusai	10	08		853	NULL	NULL	NULL
missed	614746	B>A	Markučiai–Baltupiai–Fabijoniškės	860	NULL	NULL	NULL	NULL	NULL	NULL	NULL	10	Autobusai	10	08		904	NULL	NULL	NULL
missed	614746	A>B	Fabijoniškės–Baltupiai–Markučiai	917	NULL	NULL	NULL	NULL	NULL	NULL	NULL	10	Autobusai	10	08		965	NULL	NULL	NULL
missed	614746	B>A	Markučiai–Baltupiai–Fabijoniškės	970	NULL	NULL	NULL	NULL	NULL	NULL	NULL	10	Autobusai	10	08		1020	NULL	NULL	NULL
missed	614746	A>B	Fabijoniškės–Baltupiai–Markučiai	1030	NULL	NULL	NULL	NULL	NULL	NULL	NULL	10	Autobusai	10	08		1079	NULL	NULL	NULL
missed	614746	B>A	Markučiai–Baltupiai–Fabijoniškės	1084	NULL	NULL	NULL	NULL	NULL	NULL	NULL	10	Autobusai	10	08		1132	NULL	NULL	NULL
missed	614746	A>B	Fabijoniškės–Baltupiai–Markučiai	1166	NULL	NULL	NULL	NULL	NULL	NULL	NULL	10	Autobusai	10	08		1208	NULL	NULL	NULL
missed	614746	B>A	Markučiai–Baltupiai–Fabijoniškės	1214	NULL	NULL	NULL	NULL	NULL	NULL	NULL	10	Autobusai	10	08		1253	NULL	NULL	NULL
missed	614746	A>B	Fabijoniškės–Baltupiai–Markučiai	1264	NULL	NULL	NULL	NULL	NULL	NULL	NULL	10	Autobusai	10	08		1305	NULL	NULL	NULL
missed	614746	B>A	Markučiai–Baltupiai–Fabijoniškės	1314	NULL	NULL	NULL	NULL	NULL	NULL	NULL	10	Autobusai	10	08		1353	NULL	NULL	NULL
missed	614746	A>B	Fabijoniškės–Baltupiai–Markučiai	1368	NULL	NULL	NULL	NULL	NULL	NULL	NULL	10	Autobusai	10	08		1409	NULL	NULL	NULL
missed	614748	B>A	Markučiai–Baltupiai–Fabijoniškės	415	NULL	NULL	NULL	NULL	NULL	NULL	NULL	10	Autobusai	10	09		461	NULL	NULL	NULL
missed	614748	A>B	Fabijoniškės–Baltupiai–Markučiai	469	NULL	NULL	NULL	NULL	NULL	NULL	NULL	10	Autobusai	10	09		521	NULL	NULL	NULL
missed	614748	B>A	Markučiai–Baltupiai–Fabijoniškės	526	NULL	NULL	NULL	NULL	NULL	NULL	NULL	10	Autobusai	10	09		571	NULL	NULL	NULL
missed	614748	A>B	Fabijoniškės–Baltupiai–Markučiai	586	NULL	NULL	NULL	NULL	NULL	NULL	NULL	10	Autobusai	10	09		632	NULL	NULL	NULL
missed	614748	B>A	Markučiai–Baltupiai–Fabijoniškės	639	NULL	NULL	NULL	NULL	NULL	NULL	NULL	10	Autobusai	10	09		683	NULL	NULL	NULL
missed	614748	A>B	Fabijoniškės–Baltupiai–Markučiai	983	NULL	NULL	NULL	NULL	NULL	NULL	NULL	10	Autobusai	10	09		1031	NULL	NULL	NULL
missed	614748	B>A	Markučiai–Baltupiai–Fabijoniškės	1036	NULL	NULL	NULL	NULL	NULL	NULL	NULL	10	Autobusai	10	09		1086	NULL	NULL	NULL
missed	614748	A>B	Fabijoniškės–Baltupiai–Markučiai	1103	NULL	NULL	NULL	NULL	NULL	NULL	NULL	10	Autobusai	10	09		1152	NULL	NULL	NULL
missed	614748	B>A	Markučiai–Baltupiai–Fabijoniškės	1157	NULL	NULL	NULL	NULL	NULL	NULL	NULL	10	Autobusai	10	09		1201	NULL	NULL	NULL
missed	614749	A>B	Fabijoniškės–Baltupiai–Markučiai	385	NULL	NULL	NULL	NULL	NULL	NULL	NULL	10	Autobusai	10	10		428	NULL	NULL	NULL
missed	614749	B>A	Markučiai–Baltupiai–Fabijoniškės	437	NULL	NULL	NULL	NULL	NULL	NULL	NULL	10	Autobusai	10	10		483	NULL	NULL	NULL
missed	614749	A>B	Fabijoniškės–Baltupiai–Markučiai	493	NULL	NULL	NULL	NULL	NULL	NULL	NULL	10	Autobusai	10	10		542	NULL	NULL	NULL
missed	614749	B>A	Markučiai–Baltupiai–Fabijoniškės	547	NULL	NULL	NULL	NULL	NULL	NULL	NULL	10	Autobusai	10	10		591	NULL	NULL	NULL
missed	614749	A>B	Fabijoniškės–Baltupiai–Markučiai	630	NULL	NULL	NULL	NULL	NULL	NULL	NULL	10	Autobusai	10	10		676	NULL	NULL	NULL
missed	614749	B>A	Markučiai–Baltupiai–Fabijoniškės	681	NULL	NULL	NULL	NULL	NULL	NULL	NULL	10	Autobusai	10	10		725	NULL	NULL	NULL
missed	614749	A>B	Fabijoniškės–Baltupiai–Markučiai	737	NULL	NULL	NULL	NULL	NULL	NULL	NULL	10	Autobusai	10	10		783	NULL	NULL	NULL
missed	614749	B>A	Markučiai–Baltupiai–Fabijoniškės	788	NULL	NULL	NULL	NULL	NULL	NULL	NULL	10	Autobusai	10	10		832	NULL	NULL	NULL
missed	614749	A>B	Fabijoniškės–Baltupiai–Markučiai	841	NULL	NULL	NULL	NULL	NULL	NULL	NULL	10	Autobusai	10	10		887	NULL	NULL	NULL
missed	614749	B>A	Markučiai–Baltupiai–Fabijoniškės	897	NULL	NULL	NULL	NULL	NULL	NULL	NULL	10	Autobusai	10	10		941	NULL	NULL	NULL
missed	614749	A>B	Fabijoniškės–Baltupiai–Markučiai	957	NULL	NULL	NULL	NULL	NULL	NULL	NULL	10	Autobusai	10	10		1005	NULL	NULL	NULL
missed	614749	B>A	Markučiai–Baltupiai–Fabijoniškės	1011	NULL	NULL	NULL	NULL	NULL	NULL	NULL	10	Autobusai	10	10		1061	NULL	NULL	NULL
missed	614749	A>B	Fabijoniškės–Baltupiai–Markučiai	1072	NULL	NULL	NULL	NULL	NULL	NULL	NULL	10	Autobusai	10	10		1121	NULL	NULL	NULL
missed	614749	B>A	Markučiai–Baltupiai–Fabijoniškės	1126	NULL	NULL	NULL	NULL	NULL	NULL	NULL	10	Autobusai	10	10		1170	NULL	NULL	NULL
missed	614749	A>B	Fabijoniškės–Baltupiai–Markučiai	1202	NULL	NULL	NULL	NULL	NULL	NULL	NULL	10	Autobusai	10	10		1243	NULL	NULL	NULL
missed	614749	B>A	Markučiai–Baltupiai–Fabijoniškės	1249	NULL	NULL	NULL	NULL	NULL	NULL	NULL	10	Autobusai	10	10		1288	NULL	NULL	NULL
missed	614749	A>B	Fabijoniškės–Baltupiai–Markučiai	1298	NULL	NULL	NULL	NULL	NULL	NULL	NULL	10	Autobusai	10	10		1339	NULL	NULL	NULL
missed	614749	B>A	Markučiai–Baltupiai–Fabijoniškės	1348	NULL	NULL	NULL	NULL	NULL	NULL	NULL	10	Autobusai	10	10		1387	NULL	NULL	NULL
missed	614749	A>B	Fabijoniškės–Baltupiai–Markučiai	1389	NULL	NULL	NULL	NULL	NULL	NULL	NULL	10	Autobusai	10	10		1430	NULL	NULL	NULL
missed	538208	A>B	Saulėtekis–Žygimantų g.–Savanorių–Laisvės pr.–Fabijoniškės	1431	NULL	NULL	NULL	NULL	NULL	NULL	NULL	101N	Autobusai	101N	01		1496	NULL	NULL	NULL
missed	538208	B>A	Fabijoniškės–Laisvės–Savanorių pr.–Žygimantų g.–Saulėtekis	1501	NULL	NULL	NULL	NULL	NULL	NULL	NULL	101N	Autobusai	101N	01		1565	NULL	NULL	NULL
missed	538208	A>B	Saulėtekis–Žygimantų g.–Savanorių–Laisvės pr.–Fabijoniškės	1574	NULL	NULL	NULL	NULL	NULL	NULL	NULL	101N	Autobusai	101N	01		1639	NULL	NULL	NULL
missed	538209	A>B	Saulėtekis–Žygimantų g.–Savanorių–Laisvės pr.–Fabijoniškės	1474	NULL	NULL	NULL	NULL	NULL	NULL	NULL	101N	Autobusai	101N	02		1539	NULL	NULL	NULL
missed	538209	B>A	Fabijoniškės–Laisvės–Savanorių pr.–Žygimantų g.–Saulėtekis	1547	NULL	NULL	NULL	NULL	NULL	NULL	NULL	101N	Autobusai	101N	02		1611	NULL	NULL	NULL
missed	538210	B>A	Fabijoniškės–Laisvės–Savanorių pr.–Žygimantų g.–Saulėtekis	1439	NULL	NULL	NULL	NULL	NULL	NULL	NULL	101N	Autobusai	101N	03		1504	NULL	NULL	NULL
missed	538210	A>B	Saulėtekis–Žygimantų g.–Savanorių–Laisvės pr.–Fabijoniškės	1522	NULL	NULL	NULL	NULL	NULL	NULL	NULL	101N	Autobusai	101N	03		1587	NULL	NULL	NULL
missed	538211	A>B	Pilaitė–Žvėrynas–Žygimantų–Maironio g.–Stotis	1425	NULL	NULL	NULL	NULL	NULL	NULL	NULL	102N	Autobusai	102N	01		1463	NULL	NULL	NULL
missed	538211	B>A	Stotis–Maironio–Žygimantų g.–Žvėrynas–Pilaitė	1467	NULL	NULL	NULL	NULL	NULL	NULL	NULL	102N	Autobusai	102N	01		1503	NULL	NULL	NULL
missed	538211	A>B	Pilaitė–Žvėrynas–Žygimantų–Maironio g.–Stotis	1508	NULL	NULL	NULL	NULL	NULL	NULL	NULL	102N	Autobusai	102N	01		1546	NULL	NULL	NULL
missed	538211	B>A	Stotis–Maironio–Žygimantų g.–Žvėrynas–Pilaitė	1550	NULL	NULL	NULL	NULL	NULL	NULL	NULL	102N	Autobusai	102N	01		1586	NULL	NULL	NULL
missed	538212	A>B	Pilaitė–Žvėrynas–Žygimantų–Maironio g.–Stotis	1463	NULL	NULL	NULL	NULL	NULL	NULL	NULL	102N	Autobusai	102N	02		1501	NULL	NULL	NULL
missed	538212	B>A	Stotis–Maironio–Žygimantų g.–Žvėrynas–Pilaitė	1509	NULL	NULL	NULL	NULL	NULL	NULL	NULL	102N	Autobusai	102N	02		1545	NULL	NULL	NULL
missed	538212	A>B	Pilaitė–Žvėrynas–Žygimantų–Maironio g.–Stotis	1552	NULL	NULL	NULL	NULL	NULL	NULL	NULL	102N	Autobusai	102N	02		1590	NULL	NULL	NULL
missed	538212	B>A	Stotis–Maironio–Žygimantų g.–Žvėrynas–Pilaitė	1598	NULL	NULL	NULL	NULL	NULL	NULL	NULL	102N	Autobusai	102N	02		1634	NULL	NULL	NULL
missed	538213	A>B	Santariškės–Didlaukio–Kalvarijų–Pylimo g.–Stotis–Gerosios Vilties st.	1419	NULL	NULL	NULL	NULL	NULL	NULL	NULL	103N	Autobusai	103N	01		1469	NULL	NULL	NULL
missed	538213	B>A	Gerosios Vilties st.–Stotis–Pylimo–Kalvarijų–Didlaukio g.–Santariškės	1469	NULL	NULL	NULL	NULL	NULL	NULL	NULL	103N	Autobusai	103N	01		1518	NULL	NULL	NULL
missed	538213	A>B	Santariškės–Didlaukio–Kalvarijų–Pylimo g.–Stotis–Gerosios Vilties st.	1529	NULL	NULL	NULL	NULL	NULL	NULL	NULL	103N	Autobusai	103N	01		1579	NULL	NULL	NULL
missed	538213	B>A	Gerosios Vilties st.–Stotis–Pylimo–Kalvarijų–Didlaukio g.–Santariškės	1579	NULL	NULL	NULL	NULL	NULL	NULL	NULL	103N	Autobusai	103N	01		1628	NULL	NULL	NULL
missed	538214	B1>A	Gerosios Vilties st.–Stotis–Pylimo–Kalvarijų–Didlaukio g.–Santariškės	1443	NULL	NULL	NULL	NULL	NULL	NULL	NULL	103N	Autobusai	103N	02		1489	NULL	NULL	NULL
missed	538214	A>B	Santariškės–Didlaukio–Kalvarijų–Pylimo g.–Stotis–Gerosios Vilties st.	1500	NULL	NULL	NULL	NULL	NULL	NULL	NULL	103N	Autobusai	103N	02		1550	NULL	NULL	NULL
missed	538214	B>A	Gerosios Vilties st.–Stotis–Pylimo–Kalvarijų–Didlaukio g.–Santariškės	1550	NULL	NULL	NULL	NULL	NULL	NULL	NULL	103N	Autobusai	103N	02		1599	NULL	NULL	NULL
missed	538215	A>B	Santariškės–Didlaukio–Kalvarijų–Pylimo g.–Stotis–Gerosios Vilties st.	1453	NULL	NULL	NULL	NULL	NULL	NULL	NULL	103N	Autobusai	103N	03		1503	NULL	NULL	NULL
missed	538215	B>A	Gerosios Vilties st.–Stotis–Pylimo–Kalvarijų–Didlaukio g.–Santariškės	1503	NULL	NULL	NULL	NULL	NULL	NULL	NULL	103N	Autobusai	103N	03		1552	NULL	NULL	NULL
missed	538215	A>B	Santariškės–Didlaukio–Kalvarijų–Pylimo g.–Stotis–Gerosios Vilties st.	1557	NULL	NULL	NULL	NULL	NULL	NULL	NULL	103N	Autobusai	103N	03		1607	NULL	NULL	NULL
missed	538216	A>B	Ateities–Žirmūnų–Pylimo g.–Naujininkai	1408	NULL	NULL	NULL	NULL	NULL	NULL	NULL	104N	Autobusai	104N	01		1452	NULL	NULL	NULL
missed	538216	B>A	Naujininkai–Pylimo–Žirmūnų–Ateities g.	1456	NULL	NULL	NULL	NULL	NULL	NULL	NULL	104N	Autobusai	104N	01		1502	NULL	NULL	NULL
missed	538216	A>B	Ateities–Žirmūnų–Pylimo g.–Naujininkai	1507	NULL	NULL	NULL	NULL	NULL	NULL	NULL	104N	Autobusai	104N	01		1551	NULL	NULL	NULL
missed	538216	B>A	Naujininkai–Pylimo–Žirmūnų–Ateities g.	1556	NULL	NULL	NULL	NULL	NULL	NULL	NULL	104N	Autobusai	104N	01		1601	NULL	NULL	NULL
missed	538217	A>B	Ateities–Žirmūnų–Pylimo g.–Naujininkai	1458	NULL	NULL	NULL	NULL	NULL	NULL	NULL	104N	Autobusai	104N	02		1502	NULL	NULL	NULL
missed	538217	B>A	Naujininkai–Pylimo–Žirmūnų–Ateities g.	1507	NULL	NULL	NULL	NULL	NULL	NULL	NULL	104N	Autobusai	104N	02		1552	NULL	NULL	NULL
missed	538217	A>B	Ateities–Žirmūnų–Pylimo g.–Naujininkai	1558	NULL	NULL	NULL	NULL	NULL	NULL	NULL	104N	Autobusai	104N	02		1602	NULL	NULL	NULL
missed	538218	A>B	Pašilaičiai–Šeškinė–Konstitucijos pr.–Žygimantų g.–Polocko st.	1412	NULL	NULL	NULL	NULL	NULL	NULL	NULL	105N	Autobusai	105N	01		1443	NULL	NULL	NULL
missed	538218	B>A	Polocko st.–Žygimantų g.–Konstitucijos pr.–Šeškinė–Pašilaičiai	1443	NULL	NULL	NULL	NULL	NULL	NULL	NULL	105N	Autobusai	105N	01		1475	NULL	NULL	NULL
missed	538218	A>B	Pašilaičiai–Šeškinė–Konstitucijos pr.–Žygimantų g.–Polocko st.	1483	NULL	NULL	NULL	NULL	NULL	NULL	NULL	105N	Autobusai	105N	01		1514	NULL	NULL	NULL
missed	538218	B>A	Polocko st.–Žygimantų g.–Konstitucijos pr.–Šeškinė–Pašilaičiai	1514	NULL	NULL	NULL	NULL	NULL	NULL	NULL	105N	Autobusai	105N	01		1546	NULL	NULL	NULL
missed	538218	A>B	Pašilaičiai–Šeškinė–Konstitucijos pr.–Žygimantų g.–Polocko st.	1556	NULL	NULL	NULL	NULL	NULL	NULL	NULL	105N	Autobusai	105N	01		1587	NULL	NULL	NULL
missed	538218	B>A	Polocko st.–Žygimantų g.–Konstitucijos pr.–Šeškinė–Pašilaičiai	1587	NULL	NULL	NULL	NULL	NULL	NULL	NULL	105N	Autobusai	105N	01		1619	NULL	NULL	NULL
missed	538219	A>B	Pašilaičiai–Šeškinė–Konstitucijos pr.–Žygimantų g.–Polocko st.	1446	NULL	NULL	NULL	NULL	NULL	NULL	NULL	105N	Autobusai	105N	02		1477	NULL	NULL	NULL
missed	538219	B>A	Polocko st.–Žygimantų g.–Konstitucijos pr.–Šeškinė–Pašilaičiai	1477	NULL	NULL	NULL	NULL	NULL	NULL	NULL	105N	Autobusai	105N	02		1509	NULL	NULL	NULL
missed	538219	A>B	Pašilaičiai–Šeškinė–Konstitucijos pr.–Žygimantų g.–Polocko st.	1517	NULL	NULL	NULL	NULL	NULL	NULL	NULL	105N	Autobusai	105N	02		1548	NULL	NULL	NULL
missed	538219	B>A	Polocko st.–Žygimantų g.–Konstitucijos pr.–Šeškinė–Pašilaičiai	1548	NULL	NULL	NULL	NULL	NULL	NULL	NULL	105N	Autobusai	105N	02		1580	NULL	NULL	NULL
missed	444115	A>B	Žvėrynas–Senamiestis–Užupis	328	NULL	NULL	NULL	NULL	NULL	NULL	NULL	11	Autobusai	11	01-Ž		357	NULL	NULL	NULL
missed	444115	B>A	Užupis–Senamiestis–Žvėrynas	357	NULL	NULL	NULL	NULL	NULL	NULL	NULL	11	Autobusai	11	01-Ž		377	NULL	NULL	NULL
missed	444115	A>B	Žvėrynas–Senamiestis–Užupis	387	NULL	NULL	NULL	NULL	NULL	NULL	NULL	11	Autobusai	11	01-Ž		415	NULL	NULL	NULL
missed	444115	B>A	Užupis–Senamiestis–Žvėrynas	418	NULL	NULL	NULL	NULL	NULL	NULL	NULL	11	Autobusai	11	01-Ž		445	NULL	NULL	NULL
missed	444115	A>B	Žvėrynas–Senamiestis–Užupis	457	NULL	NULL	NULL	NULL	NULL	NULL	NULL	11	Autobusai	11	01-Ž		488	NULL	NULL	NULL
missed	444115	B>A	Užupis–Senamiestis–Žvėrynas	488	NULL	NULL	NULL	NULL	NULL	NULL	NULL	11	Autobusai	11	01-Ž		514	NULL	NULL	NULL
missed	444115	A>B	Žvėrynas–Senamiestis–Užupis	530	NULL	NULL	NULL	NULL	NULL	NULL	NULL	11	Autobusai	11	01-Ž		561	NULL	NULL	NULL
missed	444115	B>A	Užupis–Senamiestis–Žvėrynas	561	NULL	NULL	NULL	NULL	NULL	NULL	NULL	11	Autobusai	11	01-Ž		587	NULL	NULL	NULL
missed	444115	A>B	Žvėrynas–Senamiestis–Užupis	620	NULL	NULL	NULL	NULL	NULL	NULL	NULL	11	Autobusai	11	01-Ž		651	NULL	NULL	NULL
missed	444115	B>A	Užupis–Senamiestis–Žvėrynas	651	NULL	NULL	NULL	NULL	NULL	NULL	NULL	11	Autobusai	11	01-Ž		677	NULL	NULL	NULL
missed	444115	A>B	Žvėrynas–Senamiestis–Užupis	687	NULL	NULL	NULL	NULL	NULL	NULL	NULL	11	Autobusai	11	01-Ž		718	NULL	NULL	NULL
missed	444115	B>A	Užupis–Senamiestis–Žvėrynas	718	NULL	NULL	NULL	NULL	NULL	NULL	NULL	11	Autobusai	11	01-Ž		744	NULL	NULL	NULL
missed	444115	A>B	Žvėrynas–Senamiestis–Užupis	758	NULL	NULL	NULL	NULL	NULL	NULL	NULL	11	Autobusai	11	01-Ž		789	NULL	NULL	NULL
missed	444115	B>A	Užupis–Senamiestis–Žvėrynas	789	NULL	NULL	NULL	NULL	NULL	NULL	NULL	11	Autobusai	11	01-Ž		815	NULL	NULL	NULL
missed	444115	A>B	Žvėrynas–Senamiestis–Užupis	826	NULL	NULL	NULL	NULL	NULL	NULL	NULL	11	Autobusai	11	01-Ž		857	NULL	NULL	NULL
missed	444115	B>A	Užupis–Senamiestis–Žvėrynas	857	NULL	NULL	NULL	NULL	NULL	NULL	NULL	11	Autobusai	11	01-Ž		883	NULL	NULL	NULL
missed	444115	A>B	Žvėrynas–Senamiestis–Užupis	893	NULL	NULL	NULL	NULL	NULL	NULL	NULL	11	Autobusai	11	01-Ž		924	NULL	NULL	NULL
missed	444115	B>A	Užupis–Senamiestis–Žvėrynas	924	NULL	NULL	NULL	NULL	NULL	NULL	NULL	11	Autobusai	11	01-Ž		951	NULL	NULL	NULL
missed	444115	A>B	Žvėrynas–Senamiestis–Užupis	969	NULL	NULL	NULL	NULL	NULL	NULL	NULL	11	Autobusai	11	01-Ž		1000	NULL	NULL	NULL
missed	444115	B>A	Užupis–Senamiestis–Žvėrynas	1000	NULL	NULL	NULL	NULL	NULL	NULL	NULL	11	Autobusai	11	01-Ž		1027	NULL	NULL	NULL
missed	444115	A>B	Žvėrynas–Senamiestis–Užupis	1039	NULL	NULL	NULL	NULL	NULL	NULL	NULL	11	Autobusai	11	01-Ž		1070	NULL	NULL	NULL
missed	444115	B>A	Užupis–Senamiestis–Žvėrynas	1070	NULL	NULL	NULL	NULL	NULL	NULL	NULL	11	Autobusai	11	01-Ž		1097	NULL	NULL	NULL
missed	444115	A>B	Žvėrynas–Senamiestis–Užupis	1127	NULL	NULL	NULL	NULL	NULL	NULL	NULL	11	Autobusai	11	01-Ž		1158	NULL	NULL	NULL
missed	444115	B>A	Užupis–Senamiestis–Žvėrynas	1158	NULL	NULL	NULL	NULL	NULL	NULL	NULL	11	Autobusai	11	01-Ž		1183	NULL	NULL	NULL
missed	444115	A>B	Žvėrynas–Senamiestis–Užupis	1195	NULL	NULL	NULL	NULL	NULL	NULL	NULL	11	Autobusai	11	01-Ž		1224	NULL	NULL	NULL
missed	444115	B>A	Užupis–Senamiestis–Žvėrynas	1224	NULL	NULL	NULL	NULL	NULL	NULL	NULL	11	Autobusai	11	01-Ž		1244	NULL	NULL	NULL
missed	444115	A>B	Žvėrynas–Senamiestis–Užupis	1254	NULL	NULL	NULL	NULL	NULL	NULL	NULL	11	Autobusai	11	01-Ž		1283	NULL	NULL	NULL
missed	444115	B>A	Užupis–Senamiestis–Žvėrynas	1283	NULL	NULL	NULL	NULL	NULL	NULL	NULL	11	Autobusai	11	01-Ž		1303	NULL	NULL	NULL
missed	444116	B>A	Užupis–Senamiestis–Žvėrynas	324	NULL	NULL	NULL	NULL	NULL	NULL	NULL	11	Autobusai	11	02		344	NULL	NULL	NULL
missed	444116	A>B	Žvėrynas–Senamiestis–Užupis	354	NULL	NULL	NULL	NULL	NULL	NULL	NULL	11	Autobusai	11	02		383	NULL	NULL	NULL
missed	444116	B>A	Užupis–Senamiestis–Žvėrynas	383	NULL	NULL	NULL	NULL	NULL	NULL	NULL	11	Autobusai	11	02		405	NULL	NULL	NULL
missed	444116	A>B	Žvėrynas–Senamiestis–Užupis	416	NULL	NULL	NULL	NULL	NULL	NULL	NULL	11	Autobusai	11	02		446	NULL	NULL	NULL
missed	444116	B>A	Užupis–Senamiestis–Žvėrynas	446	NULL	NULL	NULL	NULL	NULL	NULL	NULL	11	Autobusai	11	02		474	NULL	NULL	NULL
missed	444116	A>B	Žvėrynas–Senamiestis–Užupis	493	NULL	NULL	NULL	NULL	NULL	NULL	NULL	11	Autobusai	11	02		524	NULL	NULL	NULL
missed	444116	B>A	Užupis–Senamiestis–Žvėrynas	524	NULL	NULL	NULL	NULL	NULL	NULL	NULL	11	Autobusai	11	02		550	NULL	NULL	NULL
missed	444116	A>B	Žvėrynas–Senamiestis–Užupis	560	NULL	NULL	NULL	NULL	NULL	NULL	NULL	11	Autobusai	11	02		591	NULL	NULL	NULL
missed	444116	B>A	Užupis–Senamiestis–Žvėrynas	591	NULL	NULL	NULL	NULL	NULL	NULL	NULL	11	Autobusai	11	02		617	NULL	NULL	NULL
missed	444116	A>B	Žvėrynas–Senamiestis–Užupis	659	NULL	NULL	NULL	NULL	NULL	NULL	NULL	11	Autobusai	11	02		690	NULL	NULL	NULL
missed	444116	B>A	Užupis–Senamiestis–Žvėrynas	690	NULL	NULL	NULL	NULL	NULL	NULL	NULL	11	Autobusai	11	02		716	NULL	NULL	NULL
missed	444116	A>B	Žvėrynas–Senamiestis–Užupis	727	NULL	NULL	NULL	NULL	NULL	NULL	NULL	11	Autobusai	11	02		758	NULL	NULL	NULL
missed	444116	B>A	Užupis–Senamiestis–Žvėrynas	758	NULL	NULL	NULL	NULL	NULL	NULL	NULL	11	Autobusai	11	02		784	NULL	NULL	NULL
missed	444116	A>B	Žvėrynas–Senamiestis–Užupis	794	NULL	NULL	NULL	NULL	NULL	NULL	NULL	11	Autobusai	11	02		825	NULL	NULL	NULL
missed	444116	B>A	Užupis–Senamiestis–Žvėrynas	825	NULL	NULL	NULL	NULL	NULL	NULL	NULL	11	Autobusai	11	02		851	NULL	NULL	NULL
missed	444116	A>B	Žvėrynas–Senamiestis–Užupis	861	NULL	NULL	NULL	NULL	NULL	NULL	NULL	11	Autobusai	11	02		892	NULL	NULL	NULL
missed	444116	B>A	Užupis–Senamiestis–Žvėrynas	892	NULL	NULL	NULL	NULL	NULL	NULL	NULL	11	Autobusai	11	02		919	NULL	NULL	NULL
missed	444116	A>B	Žvėrynas–Senamiestis–Užupis	934	NULL	NULL	NULL	NULL	NULL	NULL	NULL	11	Autobusai	11	02		965	NULL	NULL	NULL
missed	444116	B>A	Užupis–Senamiestis–Žvėrynas	965	NULL	NULL	NULL	NULL	NULL	NULL	NULL	11	Autobusai	11	02		992	NULL	NULL	NULL
missed	444116	A>B	Žvėrynas–Senamiestis–Užupis	1006	NULL	NULL	NULL	NULL	NULL	NULL	NULL	11	Autobusai	11	02		1037	NULL	NULL	NULL
missed	444116	B>A	Užupis–Senamiestis–Žvėrynas	1037	NULL	NULL	NULL	NULL	NULL	NULL	NULL	11	Autobusai	11	02		1064	NULL	NULL	NULL
missed	444116	A>B	Žvėrynas–Senamiestis–Užupis	1074	NULL	NULL	NULL	NULL	NULL	NULL	NULL	11	Autobusai	11	02		1105	NULL	NULL	NULL
missed	444116	B>A	Užupis–Senamiestis–Žvėrynas	1105	NULL	NULL	NULL	NULL	NULL	NULL	NULL	11	Autobusai	11	02		1132	NULL	NULL	NULL
missed	444116	A>B	Žvėrynas–Senamiestis–Užupis	1165	NULL	NULL	NULL	NULL	NULL	NULL	NULL	11	Autobusai	11	02		1194	NULL	NULL	NULL
missed	444116	B>A	Užupis–Senamiestis–Žvėrynas	1194	NULL	NULL	NULL	NULL	NULL	NULL	NULL	11	Autobusai	11	02		1214	NULL	NULL	NULL
missed	444116	A>B	Žvėrynas–Senamiestis–Užupis	1224	NULL	NULL	NULL	NULL	NULL	NULL	NULL	11	Autobusai	11	02		1253	NULL	NULL	NULL
missed	444116	B>A	Užupis–Senamiestis–Žvėrynas	1253	NULL	NULL	NULL	NULL	NULL	NULL	NULL	11	Autobusai	11	02		1273	NULL	NULL	NULL
missed	444116	A>B	Žvėrynas–Senamiestis–Užupis	1283	NULL	NULL	NULL	NULL	NULL	NULL	NULL	11	Autobusai	11	02		1312	NULL	NULL	NULL
missed	444116	B>A	Užupis–Senamiestis–Žvėrynas	1312	NULL	NULL	NULL	NULL	NULL	NULL	NULL	11	Autobusai	11	02		1332	NULL	NULL	NULL
missed	444116	A>B	Žvėrynas–Senamiestis–Užupis	1342	NULL	NULL	NULL	NULL	NULL	NULL	NULL	11	Autobusai	11	02		1371	NULL	NULL	NULL
missed	444116	B>A	Užupis–Senamiestis–Žvėrynas	1371	NULL	NULL	NULL	NULL	NULL	NULL	NULL	11	Autobusai	11	02		1391	NULL	NULL	NULL
missed	635436	A>B	Antakalnis–Mileišiškių –S.Kerbedžio g.–Dvarčionys–Vinciūniškės	354	NULL	NULL	NULL	NULL	NULL	NULL	NULL	114	Autobusai	114	01-mt		386	NULL	NULL	NULL
missed	635436	B>A	Vinciūniškės–Dvarčionys–S.Kerbedžio–Mileišiškių g.–Antakalnis	391	NULL	NULL	NULL	NULL	NULL	NULL	NULL	114	Autobusai	114	01-mt		423	NULL	NULL	NULL
missed	635436	A>B	Antakalnis–Mileišiškių –S.Kerbedžio g.–Dvarčionys–Vinciūniškės	428	NULL	NULL	NULL	NULL	NULL	NULL	NULL	114	Autobusai	114	01-mt		460	NULL	NULL	NULL
missed	635436	B>A	Vinciūniškės–Dvarčionys–S.Kerbedžio–Mileišiškių g.–Antakalnis	467	NULL	NULL	NULL	NULL	NULL	NULL	NULL	114	Autobusai	114	01-mt		499	NULL	NULL	NULL
missed	635436	A>B	Antakalnis–Mileišiškių –S.Kerbedžio g.–Dvarčionys–Vinciūniškės	504	NULL	NULL	NULL	NULL	NULL	NULL	NULL	114	Autobusai	114	01-mt		536	NULL	NULL	NULL
missed	635436	B>A	Vinciūniškės–Dvarčionys–S.Kerbedžio–Mileišiškių g.–Antakalnis	541	NULL	NULL	NULL	NULL	NULL	NULL	NULL	114	Autobusai	114	01-mt		573	NULL	NULL	NULL
missed	635436	A>B	Antakalnis–Mileišiškių –S.Kerbedžio g.–Dvarčionys–Vinciūniškės	583	NULL	NULL	NULL	NULL	NULL	NULL	NULL	114	Autobusai	114	01-mt		615	NULL	NULL	NULL
missed	635436	B>A	Vinciūniškės–Dvarčionys–S.Kerbedžio–Mileišiškių g.–Antakalnis	620	NULL	NULL	NULL	NULL	NULL	NULL	NULL	114	Autobusai	114	01-mt		652	NULL	NULL	NULL
missed	635436	A>B	Antakalnis–Mileišiškių –S.Kerbedžio g.–Dvarčionys–Vinciūniškės	684	NULL	NULL	NULL	NULL	NULL	NULL	NULL	114	Autobusai	114	01-mt		716	NULL	NULL	NULL
missed	635436	B>A	Vinciūniškės–Dvarčionys–S.Kerbedžio–Mileišiškių g.–Antakalnis	723	NULL	NULL	NULL	NULL	NULL	NULL	NULL	114	Autobusai	114	01-mt		755	NULL	NULL	NULL
missed	635436	A>B	Antakalnis–Mileišiškių –S.Kerbedžio g.–Dvarčionys–Vinciūniškės	759	NULL	NULL	NULL	NULL	NULL	NULL	NULL	114	Autobusai	114	01-mt		791	NULL	NULL	NULL
missed	635436	B>A	Vinciūniškės–Dvarčionys–S.Kerbedžio–Mileišiškių g.–Antakalnis	795	NULL	NULL	NULL	NULL	NULL	NULL	NULL	114	Autobusai	114	01-mt		827	NULL	NULL	NULL
missed	635436	A>B	Antakalnis–Mileišiškių –S.Kerbedžio g.–Dvarčionys–Vinciūniškės	846	NULL	NULL	NULL	NULL	NULL	NULL	NULL	114	Autobusai	114	01-mt		878	NULL	NULL	NULL
missed	635436	B>A	Vinciūniškės–Dvarčionys–S.Kerbedžio–Mileišiškių g.–Antakalnis	883	NULL	NULL	NULL	NULL	NULL	NULL	NULL	114	Autobusai	114	01-mt		915	NULL	NULL	NULL
missed	635436	A>B	Antakalnis–Mileišiškių –S.Kerbedžio g.–Dvarčionys–Vinciūniškės	930	NULL	NULL	NULL	NULL	NULL	NULL	NULL	114	Autobusai	114	01-mt		962	NULL	NULL	NULL
missed	635436	B>A	Vinciūniškės–Dvarčionys–S.Kerbedžio–Mileišiškių g.–Antakalnis	967	NULL	NULL	NULL	NULL	NULL	NULL	NULL	114	Autobusai	114	01-mt		999	NULL	NULL	NULL
missed	635436	A>B	Antakalnis–Mileišiškių –S.Kerbedžio g.–Dvarčionys–Vinciūniškės	1004	NULL	NULL	NULL	NULL	NULL	NULL	NULL	114	Autobusai	114	01-mt		1036	NULL	NULL	NULL
missed	635436	B>A	Vinciūniškės–Dvarčionys–S.Kerbedžio–Mileišiškių g.–Antakalnis	1041	NULL	NULL	NULL	NULL	NULL	NULL	NULL	114	Autobusai	114	01-mt		1073	NULL	NULL	NULL
missed	635436	A>B	Antakalnis–Mileišiškių –S.Kerbedžio g.–Dvarčionys–Vinciūniškės	1079	NULL	NULL	NULL	NULL	NULL	NULL	NULL	114	Autobusai	114	01-mt		1111	NULL	NULL	NULL
missed	635436	B>A	Vinciūniškės–Dvarčionys–S.Kerbedžio–Mileišiškių g.–Antakalnis	1116	NULL	NULL	NULL	NULL	NULL	NULL	NULL	114	Autobusai	114	01-mt		1148	NULL	NULL	NULL
missed	635436	A>B	Antakalnis–Mileišiškių –S.Kerbedžio g.–Dvarčionys–Vinciūniškės	1180	NULL	NULL	NULL	NULL	NULL	NULL	NULL	114	Autobusai	114	01-mt		1212	NULL	NULL	NULL
missed	635436	B>A	Vinciūniškės–Dvarčionys–S.Kerbedžio–Mileišiškių g.–Antakalnis	1215	NULL	NULL	NULL	NULL	NULL	NULL	NULL	114	Autobusai	114	01-mt		1247	NULL	NULL	NULL
missed	635436	A>B	Antakalnis–Mileišiškių –S.Kerbedžio g.–Dvarčionys–Vinciūniškės	1252	NULL	NULL	NULL	NULL	NULL	NULL	NULL	114	Autobusai	114	01-mt		1284	NULL	NULL	NULL
missed	635436	B>A	Vinciūniškės–Dvarčionys–S.Kerbedžio–Mileišiškių g.–Antakalnis	1295	NULL	NULL	NULL	NULL	NULL	NULL	NULL	114	Autobusai	114	01-mt		1327	NULL	NULL	NULL
missed	635436	A>B	Antakalnis–Mileišiškių –S.Kerbedžio g.–Dvarčionys–Vinciūniškės	1332	NULL	NULL	NULL	NULL	NULL	NULL	NULL	114	Autobusai	114	01-mt		1364	NULL	NULL	NULL
missed	635436	B>A	Vinciūniškės–Dvarčionys–S.Kerbedžio–Mileišiškių g.–Antakalnis	1370	NULL	NULL	NULL	NULL	NULL	NULL	NULL	114	Autobusai	114	01-mt		1402	NULL	NULL	NULL
missed	635437	A>B	Antakalnis–Mileišiškių –S.Kerbedžio g.–Dvarčionys–Vinciūniškės	381	NULL	NULL	NULL	NULL	NULL	NULL	NULL	114	Autobusai	114	02-mt		413	NULL	NULL	NULL
missed	635437	B>A	Vinciūniškės–Dvarčionys–S.Kerbedžio–Mileišiškių g.–Antakalnis	418	NULL	NULL	NULL	NULL	NULL	NULL	NULL	114	Autobusai	114	02-mt		450	NULL	NULL	NULL
missed	635437	A>B	Antakalnis–Mileišiškių –S.Kerbedžio g.–Dvarčionys–Vinciūniškės	455	NULL	NULL	NULL	NULL	NULL	NULL	NULL	114	Autobusai	114	02-mt		487	NULL	NULL	NULL
missed	635437	B>A	Vinciūniškės–Dvarčionys–S.Kerbedžio–Mileišiškių g.–Antakalnis	495	NULL	NULL	NULL	NULL	NULL	NULL	NULL	114	Autobusai	114	02-mt		527	NULL	NULL	NULL
missed	635437	A>B	Antakalnis–Mileišiškių –S.Kerbedžio g.–Dvarčionys–Vinciūniškės	532	NULL	NULL	NULL	NULL	NULL	NULL	NULL	114	Autobusai	114	02-mt		564	NULL	NULL	NULL
missed	635437	B>A	Vinciūniškės–Dvarčionys–S.Kerbedžio–Mileišiškių g.–Antakalnis	569	NULL	NULL	NULL	NULL	NULL	NULL	NULL	114	Autobusai	114	02-mt		601	NULL	NULL	NULL
missed	635437	A>B	Antakalnis–Mileišiškių –S.Kerbedžio g.–Dvarčionys–Vinciūniškės	633	NULL	NULL	NULL	NULL	NULL	NULL	NULL	114	Autobusai	114	02-mt		665	NULL	NULL	NULL
missed	635437	B>A	Vinciūniškės–Dvarčionys–S.Kerbedžio–Mileišiškių g.–Antakalnis	668	NULL	NULL	NULL	NULL	NULL	NULL	NULL	114	Autobusai	114	02-mt		700	NULL	NULL	NULL
missed	635437	A>B	Antakalnis–Mileišiškių –S.Kerbedžio g.–Dvarčionys–Vinciūniškės	706	NULL	NULL	NULL	NULL	NULL	NULL	NULL	114	Autobusai	114	02-mt		738	NULL	NULL	NULL
missed	635437	B>A	Vinciūniškės–Dvarčionys–S.Kerbedžio–Mileišiškių g.–Antakalnis	747	NULL	NULL	NULL	NULL	NULL	NULL	NULL	114	Autobusai	114	02-mt		779	NULL	NULL	NULL
missed	635437	A>B	Antakalnis–Mileišiškių –S.Kerbedžio g.–Dvarčionys–Vinciūniškės	783	NULL	NULL	NULL	NULL	NULL	NULL	NULL	114	Autobusai	114	02-mt		815	NULL	NULL	NULL
missed	635437	B>A	Vinciūniškės–Dvarčionys–S.Kerbedžio–Mileišiškių g.–Antakalnis	820	NULL	NULL	NULL	NULL	NULL	NULL	NULL	114	Autobusai	114	02-mt		852	NULL	NULL	NULL
missed	635437	A>B	Antakalnis–Mileišiškių –S.Kerbedžio g.–Dvarčionys–Vinciūniškės	870	NULL	NULL	NULL	NULL	NULL	NULL	NULL	114	Autobusai	114	02-mt		902	NULL	NULL	NULL
missed	635437	B>A	Vinciūniškės–Dvarčionys–S.Kerbedžio–Mileišiškių g.–Antakalnis	907	NULL	NULL	NULL	NULL	NULL	NULL	NULL	114	Autobusai	114	02-mt		939	NULL	NULL	NULL
missed	635437	A>B	Antakalnis–Mileišiškių –S.Kerbedžio g.–Dvarčionys–Vinciūniškės	956	NULL	NULL	NULL	NULL	NULL	NULL	NULL	114	Autobusai	114	02-mt		988	NULL	NULL	NULL
missed	635437	B>A	Vinciūniškės–Dvarčionys–S.Kerbedžio–Mileišiškių g.–Antakalnis	992	NULL	NULL	NULL	NULL	NULL	NULL	NULL	114	Autobusai	114	02-mt		1024	NULL	NULL	NULL
missed	635437	A>B	Antakalnis–Mileišiškių –S.Kerbedžio g.–Dvarčionys–Vinciūniškės	1031	NULL	NULL	NULL	NULL	NULL	NULL	NULL	114	Autobusai	114	02-mt		1063	NULL	NULL	NULL
missed	635437	B>A	Vinciūniškės–Dvarčionys–S.Kerbedžio–Mileišiškių g.–Antakalnis	1068	NULL	NULL	NULL	NULL	NULL	NULL	NULL	114	Autobusai	114	02-mt		1100	NULL	NULL	NULL
missed	635437	A>B	Antakalnis–Mileišiškių –S.Kerbedžio g.–Dvarčionys–Vinciūniškės	1105	NULL	NULL	NULL	NULL	NULL	NULL	NULL	114	Autobusai	114	02-mt		1137	NULL	NULL	NULL
missed	635437	B>A	Vinciūniškės–Dvarčionys–S.Kerbedžio–Mileišiškių g.–Antakalnis	1142	NULL	NULL	NULL	NULL	NULL	NULL	NULL	114	Autobusai	114	02-mt		1174	NULL	NULL	NULL
missed	635437	A>B	Antakalnis–Mileišiškių –S.Kerbedžio g.–Dvarčionys–Vinciūniškės	1206	NULL	NULL	NULL	NULL	NULL	NULL	NULL	114	Autobusai	114	02-mt		1238	NULL	NULL	NULL
missed	635437	B>A	Vinciūniškės–Dvarčionys–S.Kerbedžio–Mileišiškių g.–Antakalnis	1241	NULL	NULL	NULL	NULL	NULL	NULL	NULL	114	Autobusai	114	02-mt		1273	NULL	NULL	NULL
missed	635437	A>B	Antakalnis–Mileišiškių –S.Kerbedžio g.–Dvarčionys–Vinciūniškės	1279	NULL	NULL	NULL	NULL	NULL	NULL	NULL	114	Autobusai	114	02-mt		1311	NULL	NULL	NULL
missed	635437	B>A	Vinciūniškės–Dvarčionys–S.Kerbedžio–Mileišiškių g.–Antakalnis	1316	NULL	NULL	NULL	NULL	NULL	NULL	NULL	114	Autobusai	114	02-mt		1348	NULL	NULL	NULL
missed	635437	A>B	Antakalnis–Mileišiškių –S.Kerbedžio g.–Dvarčionys–Vinciūniškės	1353	NULL	NULL	NULL	NULL	NULL	NULL	NULL	114	Autobusai	114	02-mt		1385	NULL	NULL	NULL
missed	635437	B>A	Vinciūniškės–Dvarčionys–S.Kerbedžio–Mileišiškių g.–Antakalnis	1390	NULL	NULL	NULL	NULL	NULL	NULL	NULL	114	Autobusai	114	02-mt		1422	NULL	NULL	NULL
missed	635438	A>B	Antakalnis–Mileišiškių –S.Kerbedžio g.–Dvarčionys–Vinciūniškės	396	NULL	NULL	NULL	NULL	NULL	NULL	NULL	114	Autobusai	114	03-mt		428	NULL	NULL	NULL
missed	635438	B>A	Vinciūniškės–Dvarčionys–S.Kerbedžio–Mileišiškių g.–Antakalnis	433	NULL	NULL	NULL	NULL	NULL	NULL	NULL	114	Autobusai	114	03-mt		465	NULL	NULL	NULL
missed	635438	A>B	Antakalnis–Mileišiškių –S.Kerbedžio g.–Dvarčionys–Vinciūniškės	477	NULL	NULL	NULL	NULL	NULL	NULL	NULL	114	Autobusai	114	03-mt		509	NULL	NULL	NULL
missed	635438	B>A	Vinciūniškės–Dvarčionys–S.Kerbedžio–Mileišiškių g.–Antakalnis	514	NULL	NULL	NULL	NULL	NULL	NULL	NULL	114	Autobusai	114	03-mt		546	NULL	NULL	NULL
missed	635438	A>B	Antakalnis–Mileišiškių –S.Kerbedžio g.–Dvarčionys–Vinciūniškės	555	NULL	NULL	NULL	NULL	NULL	NULL	NULL	114	Autobusai	114	03-mt		587	NULL	NULL	NULL
missed	635438	B>A	Vinciūniškės–Dvarčionys–S.Kerbedžio–Mileišiškių g.–Antakalnis	592	NULL	NULL	NULL	NULL	NULL	NULL	NULL	114	Autobusai	114	03-mt		624	NULL	NULL	NULL
missed	635438	A>B	Antakalnis–Mileišiškių –S.Kerbedžio g.–Dvarčionys–Vinciūniškės	656	NULL	NULL	NULL	NULL	NULL	NULL	NULL	114	Autobusai	114	03-mt		688	NULL	NULL	NULL
missed	635438	B>A	Vinciūniškės–Dvarčionys–S.Kerbedžio–Mileišiškių g.–Antakalnis	697	NULL	NULL	NULL	NULL	NULL	NULL	NULL	114	Autobusai	114	03-mt		729	NULL	NULL	NULL
missed	635438	A>B	Antakalnis–Mileišiškių –S.Kerbedžio g.–Dvarčionys–Vinciūniškės	733	NULL	NULL	NULL	NULL	NULL	NULL	NULL	114	Autobusai	114	03-mt		765	NULL	NULL	NULL
missed	635438	B>A	Vinciūniškės–Dvarčionys–S.Kerbedžio–Mileišiškių g.–Antakalnis	770	NULL	NULL	NULL	NULL	NULL	NULL	NULL	114	Autobusai	114	03-mt		802	NULL	NULL	NULL
missed	635438	A>B	Antakalnis–Mileišiškių –S.Kerbedžio g.–Dvarčionys–Vinciūniškės	810	NULL	NULL	NULL	NULL	NULL	NULL	NULL	114	Autobusai	114	03-mt		842	NULL	NULL	NULL
missed	635438	B>A	Vinciūniškės–Dvarčionys–S.Kerbedžio–Mileišiškių g.–Antakalnis	847	NULL	NULL	NULL	NULL	NULL	NULL	NULL	114	Autobusai	114	03-mt		879	NULL	NULL	NULL
missed	635438	A>B	Antakalnis–Mileišiškių –S.Kerbedžio g.–Dvarčionys–Vinciūniškės	891	NULL	NULL	NULL	NULL	NULL	NULL	NULL	114	Autobusai	114	03-mt		923	NULL	NULL	NULL
missed	635438	B>A	Vinciūniškės–Dvarčionys–S.Kerbedžio–Mileišiškių g.–Antakalnis	934	NULL	NULL	NULL	NULL	NULL	NULL	NULL	114	Autobusai	114	03-mt		966	NULL	NULL	NULL
missed	635438	A>B	Antakalnis–Mileišiškių –S.Kerbedžio g.–Dvarčionys–Vinciūniškės	975	NULL	NULL	NULL	NULL	NULL	NULL	NULL	114	Autobusai	114	03-mt		1007	NULL	NULL	NULL
missed	635438	B>A	Vinciūniškės–Dvarčionys–S.Kerbedžio–Mileišiškių g.–Antakalnis	1017	NULL	NULL	NULL	NULL	NULL	NULL	NULL	114	Autobusai	114	03-mt		1049	NULL	NULL	NULL
missed	635438	A>B	Antakalnis–Mileišiškių –S.Kerbedžio g.–Dvarčionys–Vinciūniškės	1054	NULL	NULL	NULL	NULL	NULL	NULL	NULL	114	Autobusai	114	03-mt		1086	NULL	NULL	NULL
missed	635438	B>A	Vinciūniškės–Dvarčionys–S.Kerbedžio–Mileišiškių g.–Antakalnis	1095	NULL	NULL	NULL	NULL	NULL	NULL	NULL	114	Autobusai	114	03-mt		1127	NULL	NULL	NULL
missed	635438	A>B	Antakalnis–Mileišiškių –S.Kerbedžio g.–Dvarčionys–Vinciūniškės	1159	NULL	NULL	NULL	NULL	NULL	NULL	NULL	114	Autobusai	114	03-mt		1191	NULL	NULL	NULL
missed	635438	B>A	Vinciūniškės–Dvarčionys–S.Kerbedžio–Mileišiškių g.–Antakalnis	1194	NULL	NULL	NULL	NULL	NULL	NULL	NULL	114	Autobusai	114	03-mt		1226	NULL	NULL	NULL
missed	635438	A>B	Antakalnis–Mileišiškių –S.Kerbedžio g.–Dvarčionys–Vinciūniškės	1231	NULL	NULL	NULL	NULL	NULL	NULL	NULL	114	Autobusai	114	03-mt		1263	NULL	NULL	NULL
missed	635438	B>A	Vinciūniškės–Dvarčionys–S.Kerbedžio–Mileišiškių g.–Antakalnis	1268	NULL	NULL	NULL	NULL	NULL	NULL	NULL	114	Autobusai	114	03-mt		1300	NULL	NULL	NULL
missed	635438	A>B	Antakalnis–Mileišiškių –S.Kerbedžio g.–Dvarčionys–Vinciūniškės	1305	NULL	NULL	NULL	NULL	NULL	NULL	NULL	114	Autobusai	114	03-mt		1337	NULL	NULL	NULL
missed	635438	B>A	Vinciūniškės–Dvarčionys–S.Kerbedžio–Mileišiškių g.–Antakalnis	1341	NULL	NULL	NULL	NULL	NULL	NULL	NULL	114	Autobusai	114	03-mt		1373	NULL	NULL	NULL
missed	635441	A>B	Antakalnis–Rokantiškės–Parko g.	316	NULL	NULL	NULL	NULL	NULL	NULL	NULL	115	Autobusai	115	01		355	NULL	NULL	NULL
missed	635441	B>A	Parko g.–Rokantiškės–Antakalnis	365	NULL	NULL	NULL	NULL	NULL	NULL	NULL	115	Autobusai	115	01		400	NULL	NULL	NULL
missed	635441	A>B	Antakalnis–Rokantiškės–Parko g.	405	NULL	NULL	NULL	NULL	NULL	NULL	NULL	115	Autobusai	115	01		444	NULL	NULL	NULL
missed	635441	B>A	Parko g.–Rokantiškės–Antakalnis	449	NULL	NULL	NULL	NULL	NULL	NULL	NULL	115	Autobusai	115	01		484	NULL	NULL	NULL
missed	635441	A>B	Antakalnis–Rokantiškės–Parko g.	489	NULL	NULL	NULL	NULL	NULL	NULL	NULL	115	Autobusai	115	01		528	NULL	NULL	NULL
missed	635441	B>A	Parko g.–Rokantiškės–Antakalnis	533	NULL	NULL	NULL	NULL	NULL	NULL	NULL	115	Autobusai	115	01		568	NULL	NULL	NULL
missed	635441	A>B	Antakalnis–Rokantiškės–Parko g.	600	NULL	NULL	NULL	NULL	NULL	NULL	NULL	115	Autobusai	115	01		639	NULL	NULL	NULL
missed	635441	B>A	Parko g.–Rokantiškės–Antakalnis	653	NULL	NULL	NULL	NULL	NULL	NULL	NULL	115	Autobusai	115	01		687	NULL	NULL	NULL
missed	635441	A>B	Antakalnis–Rokantiškės–Parko g.	692	NULL	NULL	NULL	NULL	NULL	NULL	NULL	115	Autobusai	115	01		731	NULL	NULL	NULL
missed	635441	B>A	Parko g.–Rokantiškės–Antakalnis	739	NULL	NULL	NULL	NULL	NULL	NULL	NULL	115	Autobusai	115	01		773	NULL	NULL	NULL
missed	635441	A>B	Antakalnis–Rokantiškės–Parko g.	778	NULL	NULL	NULL	NULL	NULL	NULL	NULL	115	Autobusai	115	01		817	NULL	NULL	NULL
missed	635441	B>A	Parko g.–Rokantiškės–Antakalnis	822	NULL	NULL	NULL	NULL	NULL	NULL	NULL	115	Autobusai	115	01		856	NULL	NULL	NULL
missed	635441	A>B	Antakalnis–Rokantiškės–Parko g.	866	NULL	NULL	NULL	NULL	NULL	NULL	NULL	115	Autobusai	115	01		905	NULL	NULL	NULL
missed	635441	B>A	Parko g.–Rokantiškės–Antakalnis	910	NULL	NULL	NULL	NULL	NULL	NULL	NULL	115	Autobusai	115	01		944	NULL	NULL	NULL
missed	635441	A>B	Antakalnis–Rokantiškės–Parko g.	950	NULL	NULL	NULL	NULL	NULL	NULL	NULL	115	Autobusai	115	01		989	NULL	NULL	NULL
missed	635441	B>A	Parko g.–Rokantiškės–Antakalnis	996	NULL	NULL	NULL	NULL	NULL	NULL	NULL	115	Autobusai	115	01		1031	NULL	NULL	NULL
missed	635441	A>B	Antakalnis–Rokantiškės–Parko g.	1044	NULL	NULL	NULL	NULL	NULL	NULL	NULL	115	Autobusai	115	01		1083	NULL	NULL	NULL
missed	635441	B>A	Parko g.–Rokantiškės–Antakalnis	1088	NULL	NULL	NULL	NULL	NULL	NULL	NULL	115	Autobusai	115	01		1123	NULL	NULL	NULL
missed	635441	A>B	Antakalnis–Rokantiškės–Parko g.	1173	NULL	NULL	NULL	NULL	NULL	NULL	NULL	115	Autobusai	115	01		1212	NULL	NULL	NULL
missed	635441	B>A	Parko g.–Rokantiškės–Antakalnis	1217	NULL	NULL	NULL	NULL	NULL	NULL	NULL	115	Autobusai	115	01		1251	NULL	NULL	NULL
missed	635441	A>B	Antakalnis–Rokantiškės–Parko g.	1256	NULL	NULL	NULL	NULL	NULL	NULL	NULL	115	Autobusai	115	01		1295	NULL	NULL	NULL
missed	635441	B>A	Parko g.–Rokantiškės–Antakalnis	1302	NULL	NULL	NULL	NULL	NULL	NULL	NULL	115	Autobusai	115	01		1336	NULL	NULL	NULL
missed	635441	A>B	Antakalnis–Rokantiškės–Parko g.	1342	NULL	NULL	NULL	NULL	NULL	NULL	NULL	115	Autobusai	115	01		1381	NULL	NULL	NULL
missed	635441	B>A	Parko g.–Rokantiškės–Antakalnis	1392	NULL	NULL	NULL	NULL	NULL	NULL	NULL	115	Autobusai	115	01		1426	NULL	NULL	NULL
missed	635442	A>B	Antakalnis–Rokantiškės–Parko g.	368	NULL	NULL	NULL	NULL	NULL	NULL	NULL	115	Autobusai	115	02		407	NULL	NULL	NULL
missed	635442	B>A	Parko g.–Rokantiškės–Antakalnis	419	NULL	NULL	NULL	NULL	NULL	NULL	NULL	115	Autobusai	115	02		454	NULL	NULL	NULL
missed	635442	A>B	Antakalnis–Rokantiškės–Parko g.	459	NULL	NULL	NULL	NULL	NULL	NULL	NULL	115	Autobusai	115	02		498	NULL	NULL	NULL
missed	635442	B>A	Parko g.–Rokantiškės–Antakalnis	503	NULL	NULL	NULL	NULL	NULL	NULL	NULL	115	Autobusai	115	02		538	NULL	NULL	NULL
missed	635442	A>B	Antakalnis–Rokantiškės–Parko g.	543	NULL	NULL	NULL	NULL	NULL	NULL	NULL	115	Autobusai	115	02		582	NULL	NULL	NULL
missed	635442	B>A	Parko g.–Rokantiškės–Antakalnis	595	NULL	NULL	NULL	NULL	NULL	NULL	NULL	115	Autobusai	115	02		629	NULL	NULL	NULL
missed	635442	A>B	Antakalnis–Rokantiškės–Parko g.	662	NULL	NULL	NULL	NULL	NULL	NULL	NULL	115	Autobusai	115	02		701	NULL	NULL	NULL
missed	635442	B>A	Parko g.–Rokantiškės–Antakalnis	710	NULL	NULL	NULL	NULL	NULL	NULL	NULL	115	Autobusai	115	02		744	NULL	NULL	NULL
missed	635442	A>B	Antakalnis–Rokantiškės–Parko g.	749	NULL	NULL	NULL	NULL	NULL	NULL	NULL	115	Autobusai	115	02		788	NULL	NULL	NULL
missed	635442	B>A	Parko g.–Rokantiškės–Antakalnis	797	NULL	NULL	NULL	NULL	NULL	NULL	NULL	115	Autobusai	115	02		831	NULL	NULL	NULL
missed	635442	A>B	Antakalnis–Rokantiškės–Parko g.	836	NULL	NULL	NULL	NULL	NULL	NULL	NULL	115	Autobusai	115	02		875	NULL	NULL	NULL
missed	635442	B>A	Parko g.–Rokantiškės–Antakalnis	885	NULL	NULL	NULL	NULL	NULL	NULL	NULL	115	Autobusai	115	02		919	NULL	NULL	NULL
missed	635442	A>B	Antakalnis–Rokantiškės–Parko g.	924	NULL	NULL	NULL	NULL	NULL	NULL	NULL	115	Autobusai	115	02		964	NULL	NULL	NULL
missed	635442	B>A	Parko g.–Rokantiškės–Antakalnis	970	NULL	NULL	NULL	NULL	NULL	NULL	NULL	115	Autobusai	115	02		1005	NULL	NULL	NULL
missed	635442	A>B	Antakalnis–Rokantiškės–Parko g.	1010	NULL	NULL	NULL	NULL	NULL	NULL	NULL	115	Autobusai	115	02		1049	NULL	NULL	NULL
missed	635442	B>A	Parko g.–Rokantiškės–Antakalnis	1054	NULL	NULL	NULL	NULL	NULL	NULL	NULL	115	Autobusai	115	02		1089	NULL	NULL	NULL
missed	635442	A>B	Antakalnis–Rokantiškės–Parko g.	1121	NULL	NULL	NULL	NULL	NULL	NULL	NULL	115	Autobusai	115	02		1160	NULL	NULL	NULL
missed	635442	B>A	Parko g.–Rokantiškės–Antakalnis	1177	NULL	NULL	NULL	NULL	NULL	NULL	NULL	115	Autobusai	115	02		1212	NULL	NULL	NULL
missed	635442	A>B	Antakalnis–Rokantiškės–Parko g.	1223	NULL	NULL	NULL	NULL	NULL	NULL	NULL	115	Autobusai	115	02		1262	NULL	NULL	NULL
missed	635442	B>A	Parko g.–Rokantiškės–Antakalnis	1273	NULL	NULL	NULL	NULL	NULL	NULL	NULL	115	Autobusai	115	02		1307	NULL	NULL	NULL
missed	635442	A>B	Antakalnis–Rokantiškės–Parko g.	1314	NULL	NULL	NULL	NULL	NULL	NULL	NULL	115	Autobusai	115	02		1353	NULL	NULL	NULL
missed	635442	B>A	Parko g.–Rokantiškės–Antakalnis	1358	NULL	NULL	NULL	NULL	NULL	NULL	NULL	115	Autobusai	115	02		1392	NULL	NULL	NULL
missed	635443	A>B1	Antakalnis–Rokantiškės–Kalno g.	335	NULL	NULL	NULL	NULL	NULL	NULL	NULL	115	Autobusai	115	03		359	NULL	NULL	NULL
missed	635443	B1>A	Kalno g.–Rokantiškės–Antakalnis	364	NULL	NULL	NULL	NULL	NULL	NULL	NULL	115	Autobusai	115	03		385	NULL	NULL	NULL
missed	635443	A>B1	Antakalnis–Rokantiškės–Kalno g.	390	NULL	NULL	NULL	NULL	NULL	NULL	NULL	115	Autobusai	115	03		414	NULL	NULL	NULL
missed	635443	B1>A	Kalno g.–Rokantiškės–Antakalnis	419	NULL	NULL	NULL	NULL	NULL	NULL	NULL	115	Autobusai	115	03		440	NULL	NULL	NULL
missed	635443	A>B1	Antakalnis–Rokantiškės–Kalno g.	445	NULL	NULL	NULL	NULL	NULL	NULL	NULL	115	Autobusai	115	03		469	NULL	NULL	NULL
missed	635443	B1>A	Kalno g.–Rokantiškės–Antakalnis	474	NULL	NULL	NULL	NULL	NULL	NULL	NULL	115	Autobusai	115	03		495	NULL	NULL	NULL
missed	635443	A>B1	Antakalnis–Rokantiškės–Kalno g.	500	NULL	NULL	NULL	NULL	NULL	NULL	NULL	115	Autobusai	115	03		524	NULL	NULL	NULL
missed	635443	B1>A	Kalno g.–Rokantiškės–Antakalnis	534	NULL	NULL	NULL	NULL	NULL	NULL	NULL	115	Autobusai	115	03		555	NULL	NULL	NULL
missed	635443	A>B1	Antakalnis–Rokantiškės–Kalno g.	564	NULL	NULL	NULL	NULL	NULL	NULL	NULL	115	Autobusai	115	03		588	NULL	NULL	NULL
missed	635443	B1>A	Kalno g.–Rokantiškės–Antakalnis	593	NULL	NULL	NULL	NULL	NULL	NULL	NULL	115	Autobusai	115	03		614	NULL	NULL	NULL
missed	635443	A>B1	Antakalnis–Rokantiškės–Kalno g.	649	NULL	NULL	NULL	NULL	NULL	NULL	NULL	115	Autobusai	115	03		673	NULL	NULL	NULL
missed	635443	B1>A	Kalno g.–Rokantiškės–Antakalnis	683	NULL	NULL	NULL	NULL	NULL	NULL	NULL	115	Autobusai	115	03		704	NULL	NULL	NULL
missed	635443	A>B1	Antakalnis–Rokantiškės–Kalno g.	710	NULL	NULL	NULL	NULL	NULL	NULL	NULL	115	Autobusai	115	03		734	NULL	NULL	NULL
missed	635443	B1>A	Kalno g.–Rokantiškės–Antakalnis	739	NULL	NULL	NULL	NULL	NULL	NULL	NULL	115	Autobusai	115	03		760	NULL	NULL	NULL
missed	635443	A>B1	Antakalnis–Rokantiškės–Kalno g.	765	NULL	NULL	NULL	NULL	NULL	NULL	NULL	115	Autobusai	115	03		789	NULL	NULL	NULL
missed	635443	B1>A	Kalno g.–Rokantiškės–Antakalnis	794	NULL	NULL	NULL	NULL	NULL	NULL	NULL	115	Autobusai	115	03		815	NULL	NULL	NULL
missed	635443	A>B1	Antakalnis–Rokantiškės–Kalno g.	820	NULL	NULL	NULL	NULL	NULL	NULL	NULL	115	Autobusai	115	03		844	NULL	NULL	NULL
missed	635443	B1>A	Kalno g.–Rokantiškės–Antakalnis	853	NULL	NULL	NULL	NULL	NULL	NULL	NULL	115	Autobusai	115	03		874	NULL	NULL	NULL
missed	635443	A>B1	Antakalnis–Rokantiškės–Kalno g.	884	NULL	NULL	NULL	NULL	NULL	NULL	NULL	115	Autobusai	115	03		908	NULL	NULL	NULL
missed	635443	B1>A	Kalno g.–Rokantiškės–Antakalnis	913	NULL	NULL	NULL	NULL	NULL	NULL	NULL	115	Autobusai	115	03		934	NULL	NULL	NULL
missed	635443	A>B1	Antakalnis–Rokantiškės–Kalno g.	939	NULL	NULL	NULL	NULL	NULL	NULL	NULL	115	Autobusai	115	03		963	NULL	NULL	NULL
missed	635443	B1>A	Kalno g.–Rokantiškės–Antakalnis	968	NULL	NULL	NULL	NULL	NULL	NULL	NULL	115	Autobusai	115	03		989	NULL	NULL	NULL
missed	635443	A>B1	Antakalnis–Rokantiškės–Kalno g.	994	NULL	NULL	NULL	NULL	NULL	NULL	NULL	115	Autobusai	115	03		1018	NULL	NULL	NULL
missed	635443	B1>A	Kalno g.–Rokantiškės–Antakalnis	1023	NULL	NULL	NULL	NULL	NULL	NULL	NULL	115	Autobusai	115	03		1044	NULL	NULL	NULL
missed	635443	A>B1	Antakalnis–Rokantiškės–Kalno g.	1058	NULL	NULL	NULL	NULL	NULL	NULL	NULL	115	Autobusai	115	03		1082	NULL	NULL	NULL
missed	635443	B1>A	Kalno g.–Rokantiškės–Antakalnis	1087	NULL	NULL	NULL	NULL	NULL	NULL	NULL	115	Autobusai	115	03		1108	NULL	NULL	NULL
missed	635443	A>B1	Antakalnis–Rokantiškės–Kalno g.	1140	NULL	NULL	NULL	NULL	NULL	NULL	NULL	115	Autobusai	115	03		1164	NULL	NULL	NULL
missed	635443	B1>A	Kalno g.–Rokantiškės–Antakalnis	1169	NULL	NULL	NULL	NULL	NULL	NULL	NULL	115	Autobusai	115	03		1190	NULL	NULL	NULL
missed	635443	A>B1	Antakalnis–Rokantiškės–Kalno g.	1208	NULL	NULL	NULL	NULL	NULL	NULL	NULL	115	Autobusai	115	03		1232	NULL	NULL	NULL
missed	635443	B1>A	Kalno g.–Rokantiškės–Antakalnis	1246	NULL	NULL	NULL	NULL	NULL	NULL	NULL	115	Autobusai	115	03		1267	NULL	NULL	NULL
missed	635443	A>B1	Antakalnis–Rokantiškės–Kalno g.	1272	NULL	NULL	NULL	NULL	NULL	NULL	NULL	115	Autobusai	115	03		1296	NULL	NULL	NULL
missed	635443	B1>A	Kalno g.–Rokantiškės–Antakalnis	1301	NULL	NULL	NULL	NULL	NULL	NULL	NULL	115	Autobusai	115	03		1322	NULL	NULL	NULL
missed	635443	A>B1	Antakalnis–Rokantiškės–Kalno g.	1327	NULL	NULL	NULL	NULL	NULL	NULL	NULL	115	Autobusai	115	03		1351	NULL	NULL	NULL
missed	635443	B1>A	Kalno g.–Rokantiškės–Antakalnis	1358	NULL	NULL	NULL	NULL	NULL	NULL	NULL	115	Autobusai	115	03		1379	NULL	NULL	NULL
missed	635444	A>B	Antakalnis–Rokantiškės–Parko g.	327	NULL	NULL	NULL	NULL	NULL	NULL	NULL	115	Autobusai	115	04		366	NULL	NULL	NULL
missed	635444	B>A	Parko g.–Rokantiškės–Antakalnis	379	NULL	NULL	NULL	NULL	NULL	NULL	NULL	115	Autobusai	115	04		414	NULL	NULL	NULL
missed	635444	A>B1	Antakalnis–Rokantiškės–Kalno g.	418	NULL	NULL	NULL	NULL	NULL	NULL	NULL	115	Autobusai	115	04		442	NULL	NULL	NULL
missed	635444	B1>A	Kalno g.–Rokantiškės–Antakalnis	447	NULL	NULL	NULL	NULL	NULL	NULL	NULL	115	Autobusai	115	04		468	NULL	NULL	NULL
missed	635444	A>B1	Antakalnis–Rokantiškės–Kalno g.	473	NULL	NULL	NULL	NULL	NULL	NULL	NULL	115	Autobusai	115	04		497	NULL	NULL	NULL
missed	635444	B1>A	Kalno g.–Rokantiškės–Antakalnis	502	NULL	NULL	NULL	NULL	NULL	NULL	NULL	115	Autobusai	115	04		523	NULL	NULL	NULL
missed	635444	A>B1	Antakalnis–Rokantiškės–Kalno g.	528	NULL	NULL	NULL	NULL	NULL	NULL	NULL	115	Autobusai	115	04		552	NULL	NULL	NULL
missed	635444	B1>A	Kalno g.–Rokantiškės–Antakalnis	560	NULL	NULL	NULL	NULL	NULL	NULL	NULL	115	Autobusai	115	04		581	NULL	NULL	NULL
missed	635444	A>B1	Antakalnis–Rokantiškės–Kalno g.	616	NULL	NULL	NULL	NULL	NULL	NULL	NULL	115	Autobusai	115	04		640	NULL	NULL	NULL
missed	635444	B1>A	Kalno g.–Rokantiškės–Antakalnis	645	NULL	NULL	NULL	NULL	NULL	NULL	NULL	115	Autobusai	115	04		666	NULL	NULL	NULL
missed	635444	A>B1	Antakalnis–Rokantiškės–Kalno g.	673	NULL	NULL	NULL	NULL	NULL	NULL	NULL	115	Autobusai	115	04		697	NULL	NULL	NULL
missed	635444	B1>A	Kalno g.–Rokantiškės–Antakalnis	702	NULL	NULL	NULL	NULL	NULL	NULL	NULL	115	Autobusai	115	04		723	NULL	NULL	NULL
missed	635444	A>B1	Antakalnis–Rokantiškės–Kalno g.	728	NULL	NULL	NULL	NULL	NULL	NULL	NULL	115	Autobusai	115	04		752	NULL	NULL	NULL
missed	635444	B1>A	Kalno g.–Rokantiškės–Antakalnis	769	NULL	NULL	NULL	NULL	NULL	NULL	NULL	115	Autobusai	115	04		790	NULL	NULL	NULL
missed	635444	A>B	Antakalnis–Rokantiškės–Parko g.	798	NULL	NULL	NULL	NULL	NULL	NULL	NULL	115	Autobusai	115	04		837	NULL	NULL	NULL
missed	635444	B>A	Parko g.–Rokantiškės–Antakalnis	850	NULL	NULL	NULL	NULL	NULL	NULL	NULL	115	Autobusai	115	04		887	NULL	NULL	NULL
missed	635444	A>B1	Antakalnis–Rokantiškės–Kalno g.	910	NULL	NULL	NULL	NULL	NULL	NULL	NULL	115	Autobusai	115	04		934	NULL	NULL	NULL
missed	635444	B1>A	Kalno g.–Rokantiškės–Antakalnis	939	NULL	NULL	NULL	NULL	NULL	NULL	NULL	115	Autobusai	115	04		960	NULL	NULL	NULL
missed	635444	A>B1	Antakalnis–Rokantiškės–Kalno g.	967	NULL	NULL	NULL	NULL	NULL	NULL	NULL	115	Autobusai	115	04		991	NULL	NULL	NULL
missed	635444	B1>A	Kalno g.–Rokantiškės–Antakalnis	997	NULL	NULL	NULL	NULL	NULL	NULL	NULL	115	Autobusai	115	04		1018	NULL	NULL	NULL
missed	635444	A>B1	Antakalnis–Rokantiškės–Kalno g.	1025	NULL	NULL	NULL	NULL	NULL	NULL	NULL	115	Autobusai	115	04		1049	NULL	NULL	NULL
missed	635444	B1>A	Kalno g.–Rokantiškės–Antakalnis	1057	NULL	NULL	NULL	NULL	NULL	NULL	NULL	115	Autobusai	115	04		1078	NULL	NULL	NULL
missed	635444	A>B1	Antakalnis–Rokantiškės–Kalno g.	1087	NULL	NULL	NULL	NULL	NULL	NULL	NULL	115	Autobusai	115	04		1111	NULL	NULL	NULL
missed	635444	B1>A	Kalno g.–Rokantiškės–Antakalnis	1116	NULL	NULL	NULL	NULL	NULL	NULL	NULL	115	Autobusai	115	04		1137	NULL	NULL	NULL
missed	635444	A>B1	Antakalnis–Rokantiškės–Kalno g.	1187	NULL	NULL	NULL	NULL	NULL	NULL	NULL	115	Autobusai	115	04		1211	NULL	NULL	NULL
missed	635444	B1>A	Kalno g.–Rokantiškės–Antakalnis	1216	NULL	NULL	NULL	NULL	NULL	NULL	NULL	115	Autobusai	115	04		1237	NULL	NULL	NULL
missed	635444	A>B1	Antakalnis–Rokantiškės–Kalno g.	1242	NULL	NULL	NULL	NULL	NULL	NULL	NULL	115	Autobusai	115	04		1266	NULL	NULL	NULL
missed	635444	B1>A	Kalno g.–Rokantiškės–Antakalnis	1271	NULL	NULL	NULL	NULL	NULL	NULL	NULL	115	Autobusai	115	04		1292	NULL	NULL	NULL
missed	635444	A>B1	Antakalnis–Rokantiškės–Kalno g.	1297	NULL	NULL	NULL	NULL	NULL	NULL	NULL	115	Autobusai	115	04		1321	NULL	NULL	NULL
missed	635444	B1>A	Kalno g.–Rokantiškės–Antakalnis	1336	NULL	NULL	NULL	NULL	NULL	NULL	NULL	115	Autobusai	115	04		1357	NULL	NULL	NULL
missed	635444	A>B1	Antakalnis–Rokantiškės–Kalno g.	1362	NULL	NULL	NULL	NULL	NULL	NULL	NULL	115	Autobusai	115	04		1386	NULL	NULL	NULL
missed	635444	B1>A	Kalno g.–Rokantiškės–Antakalnis	1391	NULL	NULL	NULL	NULL	NULL	NULL	NULL	115	Autobusai	115	04		1412	NULL	NULL	NULL
missed	635445	A>B	Antakalnis–Rokantiškės–Parko g.	346	NULL	NULL	NULL	NULL	NULL	NULL	NULL	115	Autobusai	115	05		385	NULL	NULL	NULL
missed	635445	B>A	Parko g.–Rokantiškės–Antakalnis	392	NULL	NULL	NULL	NULL	NULL	NULL	NULL	115	Autobusai	115	05		427	NULL	NULL	NULL
missed	635445	A>B	Antakalnis–Rokantiškės–Parko g.	432	NULL	NULL	NULL	NULL	NULL	NULL	NULL	115	Autobusai	115	05		471	NULL	NULL	NULL
missed	635445	B>A	Parko g.–Rokantiškės–Antakalnis	476	NULL	NULL	NULL	NULL	NULL	NULL	NULL	115	Autobusai	115	05		511	NULL	NULL	NULL
missed	635445	A>B	Antakalnis–Rokantiškės–Parko g.	516	NULL	NULL	NULL	NULL	NULL	NULL	NULL	115	Autobusai	115	05		555	NULL	NULL	NULL
missed	635445	B>A	Parko g.–Rokantiškės–Antakalnis	561	NULL	NULL	NULL	NULL	NULL	NULL	NULL	115	Autobusai	115	05		596	NULL	NULL	NULL
missed	635445	A>B	Antakalnis–Rokantiškės–Parko g.	897	NULL	NULL	NULL	NULL	NULL	NULL	NULL	115	Autobusai	115	05		936	NULL	NULL	NULL
missed	635445	B>A	Parko g.–Rokantiškės–Antakalnis	941	NULL	NULL	NULL	NULL	NULL	NULL	NULL	115	Autobusai	115	05		975	NULL	NULL	NULL
missed	635445	A>B	Antakalnis–Rokantiškės–Parko g.	980	NULL	NULL	NULL	NULL	NULL	NULL	NULL	115	Autobusai	115	05		1019	NULL	NULL	NULL
missed	635445	B>A	Parko g.–Rokantiškės–Antakalnis	1024	NULL	NULL	NULL	NULL	NULL	NULL	NULL	115	Autobusai	115	05		1059	NULL	NULL	NULL
missed	635445	A>B	Antakalnis–Rokantiškės–Parko g.	1070	NULL	NULL	NULL	NULL	NULL	NULL	NULL	115	Autobusai	115	05		1109	NULL	NULL	NULL
missed	635445	B>A	Parko g.–Rokantiškės–Antakalnis	1119	NULL	NULL	NULL	NULL	NULL	NULL	NULL	115	Autobusai	115	05		1154	NULL	NULL	NULL
missed	615012	B>A	Ungurių g.–Lazdynai–Gudelių šilas–Žvėrynas	349	NULL	NULL	NULL	NULL	NULL	NULL	NULL	116	Autobusai	116	01		380	NULL	NULL	NULL
missed	615012	A>B	Žvėrynas–Gudelių šilas–Lazdynai–Ungurių g.	386	NULL	NULL	NULL	NULL	NULL	NULL	NULL	116	Autobusai	116	01		415	NULL	NULL	NULL
missed	615012	B>A	Ungurių g.–Lazdynai–Gudelių šilas–Žvėrynas	421	NULL	NULL	NULL	NULL	NULL	NULL	NULL	116	Autobusai	116	01		452	NULL	NULL	NULL
missed	615012	A>B	Žvėrynas–Gudelių šilas–Lazdynai–Ungurių g.	458	NULL	NULL	NULL	NULL	NULL	NULL	NULL	116	Autobusai	116	01		487	NULL	NULL	NULL
missed	615012	B>A	Ungurių g.–Lazdynai–Gudelių šilas–Žvėrynas	492	NULL	NULL	NULL	NULL	NULL	NULL	NULL	116	Autobusai	116	01		523	NULL	NULL	NULL
missed	615012	A>B	Žvėrynas–Gudelių šilas–Lazdynai–Ungurių g.	561	NULL	NULL	NULL	NULL	NULL	NULL	NULL	116	Autobusai	116	01		590	NULL	NULL	NULL
missed	615012	B>A	Ungurių g.–Lazdynai–Gudelių šilas–Žvėrynas	595	NULL	NULL	NULL	NULL	NULL	NULL	NULL	116	Autobusai	116	01		626	NULL	NULL	NULL
missed	615012	A>B	Žvėrynas–Gudelių šilas–Lazdynai–Ungurių g.	634	NULL	NULL	NULL	NULL	NULL	NULL	NULL	116	Autobusai	116	01		663	NULL	NULL	NULL
missed	615012	B>A	Ungurių g.–Lazdynai–Gudelių šilas–Žvėrynas	668	NULL	NULL	NULL	NULL	NULL	NULL	NULL	116	Autobusai	116	01		699	NULL	NULL	NULL
missed	615012	A>B	Žvėrynas–Gudelių šilas–Lazdynai–Ungurių g.	704	NULL	NULL	NULL	NULL	NULL	NULL	NULL	116	Autobusai	116	01		733	NULL	NULL	NULL
missed	615012	B>A	Ungurių g.–Lazdynai–Gudelių šilas–Žvėrynas	738	NULL	NULL	NULL	NULL	NULL	NULL	NULL	116	Autobusai	116	01		769	NULL	NULL	NULL
missed	615012	A>B	Žvėrynas–Gudelių šilas–Lazdynai–Ungurių g.	774	NULL	NULL	NULL	NULL	NULL	NULL	NULL	116	Autobusai	116	01		803	NULL	NULL	NULL
missed	615012	B>A	Ungurių g.–Lazdynai–Gudelių šilas–Žvėrynas	808	NULL	NULL	NULL	NULL	NULL	NULL	NULL	116	Autobusai	116	01		839	NULL	NULL	NULL
missed	615012	A>B	Žvėrynas–Gudelių šilas–Lazdynai–Ungurių g.	844	NULL	NULL	NULL	NULL	NULL	NULL	NULL	116	Autobusai	116	01		873	NULL	NULL	NULL
missed	615012	B>A	Ungurių g.–Lazdynai–Gudelių šilas–Žvėrynas	876	NULL	NULL	NULL	NULL	NULL	NULL	NULL	116	Autobusai	116	01		907	NULL	NULL	NULL
missed	615012	A>B	Žvėrynas–Gudelių šilas–Lazdynai–Ungurių g.	914	NULL	NULL	NULL	NULL	NULL	NULL	NULL	116	Autobusai	116	01		943	NULL	NULL	NULL
missed	615012	B>A	Ungurių g.–Lazdynai–Gudelių šilas–Žvėrynas	948	NULL	NULL	NULL	NULL	NULL	NULL	NULL	116	Autobusai	116	01		979	NULL	NULL	NULL
missed	615012	A>B	Žvėrynas–Gudelių šilas–Lazdynai–Ungurių g.	984	NULL	NULL	NULL	NULL	NULL	NULL	NULL	116	Autobusai	116	01		1013	NULL	NULL	NULL
missed	615012	B>A	Ungurių g.–Lazdynai–Gudelių šilas–Žvėrynas	1018	NULL	NULL	NULL	NULL	NULL	NULL	NULL	116	Autobusai	116	01		1049	NULL	NULL	NULL
missed	615012	A>B	Žvėrynas–Gudelių šilas–Lazdynai–Ungurių g.	1060	NULL	NULL	NULL	NULL	NULL	NULL	NULL	116	Autobusai	116	01		1089	NULL	NULL	NULL
missed	615012	B>A	Ungurių g.–Lazdynai–Gudelių šilas–Žvėrynas	1094	NULL	NULL	NULL	NULL	NULL	NULL	NULL	116	Autobusai	116	01		1125	NULL	NULL	NULL
missed	615012	A>B	Žvėrynas–Gudelių šilas–Lazdynai–Ungurių g.	1155	NULL	NULL	NULL	NULL	NULL	NULL	NULL	116	Autobusai	116	01		1184	NULL	NULL	NULL
missed	615012	B>A	Ungurių g.–Lazdynai–Gudelių šilas–Žvėrynas	1189	NULL	NULL	NULL	NULL	NULL	NULL	NULL	116	Autobusai	116	01		1220	NULL	NULL	NULL
missed	615012	A>B	Žvėrynas–Gudelių šilas–Lazdynai–Ungurių g.	1225	NULL	NULL	NULL	NULL	NULL	NULL	NULL	116	Autobusai	116	01		1254	NULL	NULL	NULL
missed	615012	B>A	Ungurių g.–Lazdynai–Gudelių šilas–Žvėrynas	1259	NULL	NULL	NULL	NULL	NULL	NULL	NULL	116	Autobusai	116	01		1290	NULL	NULL	NULL
missed	615012	A>B	Žvėrynas–Gudelių šilas–Lazdynai–Ungurių g.	1295	NULL	NULL	NULL	NULL	NULL	NULL	NULL	116	Autobusai	116	01		1324	NULL	NULL	NULL
missed	615012	B>A	Ungurių g.–Lazdynai–Gudelių šilas–Žvėrynas	1329	NULL	NULL	NULL	NULL	NULL	NULL	NULL	116	Autobusai	116	01		1360	NULL	NULL	NULL
missed	615012	A>B1	Žvėrynas–Gudelių šilas–Lazdynai	1365	NULL	NULL	NULL	NULL	NULL	NULL	NULL	116	Autobusai	116	01		1386	NULL	NULL	NULL
missed	615013	B1>A	Lazdynai–Gudelių šilas–Žvėrynas	328	NULL	NULL	NULL	NULL	NULL	NULL	NULL	116	Autobusai	116	02		348	NULL	NULL	NULL
missed	615013	A>B	Žvėrynas–Gudelių šilas–Lazdynai–Ungurių g.	350	NULL	NULL	NULL	NULL	NULL	NULL	NULL	116	Autobusai	116	02		379	NULL	NULL	NULL
missed	615013	B>A	Ungurių g.–Lazdynai–Gudelių šilas–Žvėrynas	387	NULL	NULL	NULL	NULL	NULL	NULL	NULL	116	Autobusai	116	02		418	NULL	NULL	NULL
missed	615013	A>B	Žvėrynas–Gudelių šilas–Lazdynai–Ungurių g.	423	NULL	NULL	NULL	NULL	NULL	NULL	NULL	116	Autobusai	116	02		452	NULL	NULL	NULL
missed	615013	B>A	Ungurių g.–Lazdynai–Gudelių šilas–Žvėrynas	457	NULL	NULL	NULL	NULL	NULL	NULL	NULL	116	Autobusai	116	02		488	NULL	NULL	NULL
missed	615013	A>B	Žvėrynas–Gudelių šilas–Lazdynai–Ungurių g.	493	NULL	NULL	NULL	NULL	NULL	NULL	NULL	116	Autobusai	116	02		522	NULL	NULL	NULL
missed	615013	B>A	Ungurių g.–Lazdynai–Gudelių šilas–Žvėrynas	527	NULL	NULL	NULL	NULL	NULL	NULL	NULL	116	Autobusai	116	02		558	NULL	NULL	NULL
missed	615013	A>B	Žvėrynas–Gudelių šilas–Lazdynai–Ungurių g.	596	NULL	NULL	NULL	NULL	NULL	NULL	NULL	116	Autobusai	116	02		625	NULL	NULL	NULL
missed	615013	B>A	Ungurių g.–Lazdynai–Gudelių šilas–Žvėrynas	630	NULL	NULL	NULL	NULL	NULL	NULL	NULL	116	Autobusai	116	02		661	NULL	NULL	NULL
missed	615013	A>B	Žvėrynas–Gudelių šilas–Lazdynai–Ungurių g.	666	NULL	NULL	NULL	NULL	NULL	NULL	NULL	116	Autobusai	116	02		695	NULL	NULL	NULL
missed	615013	B>A	Ungurių g.–Lazdynai–Gudelių šilas–Žvėrynas	700	NULL	NULL	NULL	NULL	NULL	NULL	NULL	116	Autobusai	116	02		731	NULL	NULL	NULL
missed	615013	A>B	Žvėrynas–Gudelių šilas–Lazdynai–Ungurių g.	736	NULL	NULL	NULL	NULL	NULL	NULL	NULL	116	Autobusai	116	02		765	NULL	NULL	NULL
missed	615013	B>A	Ungurių g.–Lazdynai–Gudelių šilas–Žvėrynas	770	NULL	NULL	NULL	NULL	NULL	NULL	NULL	116	Autobusai	116	02		801	NULL	NULL	NULL
missed	615013	A>B	Žvėrynas–Gudelių šilas–Lazdynai–Ungurių g.	808	NULL	NULL	NULL	NULL	NULL	NULL	NULL	116	Autobusai	116	02		837	NULL	NULL	NULL
missed	615013	B>A	Ungurių g.–Lazdynai–Gudelių šilas–Žvėrynas	842	NULL	NULL	NULL	NULL	NULL	NULL	NULL	116	Autobusai	116	02		873	NULL	NULL	NULL
missed	615013	A>B	Žvėrynas–Gudelių šilas–Lazdynai–Ungurių g.	878	NULL	NULL	NULL	NULL	NULL	NULL	NULL	116	Autobusai	116	02		907	NULL	NULL	NULL
missed	615013	B>A	Ungurių g.–Lazdynai–Gudelių šilas–Žvėrynas	912	NULL	NULL	NULL	NULL	NULL	NULL	NULL	116	Autobusai	116	02		943	NULL	NULL	NULL
missed	615013	A>B	Žvėrynas–Gudelių šilas–Lazdynai–Ungurių g.	948	NULL	NULL	NULL	NULL	NULL	NULL	NULL	116	Autobusai	116	02		977	NULL	NULL	NULL
missed	615013	B>A	Ungurių g.–Lazdynai–Gudelių šilas–Žvėrynas	982	NULL	NULL	NULL	NULL	NULL	NULL	NULL	116	Autobusai	116	02		1013	NULL	NULL	NULL
missed	615013	A>B	Žvėrynas–Gudelių šilas–Lazdynai–Ungurių g.	1018	NULL	NULL	NULL	NULL	NULL	NULL	NULL	116	Autobusai	116	02		1047	NULL	NULL	NULL
missed	615013	B>A	Ungurių g.–Lazdynai–Gudelių šilas–Žvėrynas	1052	NULL	NULL	NULL	NULL	NULL	NULL	NULL	116	Autobusai	116	02		1083	NULL	NULL	NULL
missed	615013	A>B	Žvėrynas–Gudelių šilas–Lazdynai–Ungurių g.	1113	NULL	NULL	NULL	NULL	NULL	NULL	NULL	116	Autobusai	116	02		1142	NULL	NULL	NULL
missed	615013	B>A	Ungurių g.–Lazdynai–Gudelių šilas–Žvėrynas	1147	NULL	NULL	NULL	NULL	NULL	NULL	NULL	116	Autobusai	116	02		1178	NULL	NULL	NULL
missed	615013	A>B	Žvėrynas–Gudelių šilas–Lazdynai–Ungurių g.	1187	NULL	NULL	NULL	NULL	NULL	NULL	NULL	116	Autobusai	116	02		1216	NULL	NULL	NULL
missed	615013	B>A	Ungurių g.–Lazdynai–Gudelių šilas–Žvėrynas	1221	NULL	NULL	NULL	NULL	NULL	NULL	NULL	116	Autobusai	116	02		1252	NULL	NULL	NULL
missed	615013	A>B1	Žvėrynas–Gudelių šilas–Lazdynai	1257	NULL	NULL	NULL	NULL	NULL	NULL	NULL	116	Autobusai	116	02		1278	NULL	NULL	NULL
missed	689295	A>B	Stotis–Rudamina–Skaidiškės	314	NULL	NULL	NULL	NULL	NULL	NULL	NULL	12	Autobusai	12	01		346	NULL	NULL	NULL
missed	689295	B>A	Skaidiškės–Rudamina–Stotis	352	NULL	NULL	NULL	NULL	NULL	NULL	NULL	12	Autobusai	12	01		384	NULL	NULL	NULL
missed	689295	A>B	Stotis–Rudamina–Skaidiškės	390	NULL	NULL	NULL	NULL	NULL	NULL	NULL	12	Autobusai	12	01		422	NULL	NULL	NULL
missed	689295	B>A	Skaidiškės–Rudamina–Stotis	433	NULL	NULL	NULL	NULL	NULL	NULL	NULL	12	Autobusai	12	01		465	NULL	NULL	NULL
missed	689295	A>B	Stotis–Rudamina–Skaidiškės	484	NULL	NULL	NULL	NULL	NULL	NULL	NULL	12	Autobusai	12	01		516	NULL	NULL	NULL
missed	689295	B>A	Skaidiškės–Rudamina–Stotis	522	NULL	NULL	NULL	NULL	NULL	NULL	NULL	12	Autobusai	12	01		554	NULL	NULL	NULL
missed	689295	A>B	Stotis–Rudamina–Skaidiškės	598	NULL	NULL	NULL	NULL	NULL	NULL	NULL	12	Autobusai	12	01		630	NULL	NULL	NULL
missed	689295	B>A	Skaidiškės–Rudamina–Stotis	637	NULL	NULL	NULL	NULL	NULL	NULL	NULL	12	Autobusai	12	01		669	NULL	NULL	NULL
missed	689295	A>B	Stotis–Rudamina–Skaidiškės	713	NULL	NULL	NULL	NULL	NULL	NULL	NULL	12	Autobusai	12	01		745	NULL	NULL	NULL
missed	689295	B>A	Skaidiškės–Rudamina–Stotis	752	NULL	NULL	NULL	NULL	NULL	NULL	NULL	12	Autobusai	12	01		784	NULL	NULL	NULL
missed	689295	A>B	Stotis–Rudamina–Skaidiškės	796	NULL	NULL	NULL	NULL	NULL	NULL	NULL	12	Autobusai	12	01		828	NULL	NULL	NULL
missed	689295	B>A	Skaidiškės–Rudamina–Stotis	834	NULL	NULL	NULL	NULL	NULL	NULL	NULL	12	Autobusai	12	01		866	NULL	NULL	NULL
missed	689295	A>B	Stotis–Rudamina–Skaidiškės	883	NULL	NULL	NULL	NULL	NULL	NULL	NULL	12	Autobusai	12	01		915	NULL	NULL	NULL
missed	689295	B>A	Skaidiškės–Rudamina–Stotis	934	NULL	NULL	NULL	NULL	NULL	NULL	NULL	12	Autobusai	12	01		966	NULL	NULL	NULL
missed	689295	A>B	Stotis–Rudamina–Skaidiškės	979	NULL	NULL	NULL	NULL	NULL	NULL	NULL	12	Autobusai	12	01		1011	NULL	NULL	NULL
missed	689295	B>A	Skaidiškės–Rudamina–Stotis	1017	NULL	NULL	NULL	NULL	NULL	NULL	NULL	12	Autobusai	12	01		1049	NULL	NULL	NULL
missed	689295	A>B	Stotis–Rudamina–Skaidiškės	1066	NULL	NULL	NULL	NULL	NULL	NULL	NULL	12	Autobusai	12	01		1098	NULL	NULL	NULL
missed	689295	B>A	Skaidiškės–Rudamina–Stotis	1104	NULL	NULL	NULL	NULL	NULL	NULL	NULL	12	Autobusai	12	01		1136	NULL	NULL	NULL
missed	689295	A>B	Stotis–Rudamina–Skaidiškės	1177	NULL	NULL	NULL	NULL	NULL	NULL	NULL	12	Autobusai	12	01		1209	NULL	NULL	NULL
missed	689295	B>A	Skaidiškės–Rudamina–Stotis	1215	NULL	NULL	NULL	NULL	NULL	NULL	NULL	12	Autobusai	12	01		1247	NULL	NULL	NULL
missed	689295	A>B	Stotis–Rudamina–Skaidiškės	1258	NULL	NULL	NULL	NULL	NULL	NULL	NULL	12	Autobusai	12	01		1290	NULL	NULL	NULL
missed	689295	B>A	Skaidiškės–Rudamina–Stotis	1296	NULL	NULL	NULL	NULL	NULL	NULL	NULL	12	Autobusai	12	01		1328	NULL	NULL	NULL
missed	689295	A>B	Stotis–Rudamina–Skaidiškės	1339	NULL	NULL	NULL	NULL	NULL	NULL	NULL	12	Autobusai	12	01		1371	NULL	NULL	NULL
missed	689295	B>A	Skaidiškės–Rudamina–Stotis	1376	NULL	NULL	NULL	NULL	NULL	NULL	NULL	12	Autobusai	12	01		1408	NULL	NULL	NULL
missed	689296	B1>A	Rudamina - Stotis	323	NULL	NULL	NULL	NULL	NULL	NULL	NULL	12	Autobusai	12	02		347	NULL	NULL	NULL
missed	689296	A>B	Stotis–Rudamina–Skaidiškės	353	NULL	NULL	NULL	NULL	NULL	NULL	NULL	12	Autobusai	12	02		385	NULL	NULL	NULL
missed	689296	B>A	Skaidiškės–Rudamina–Stotis	394	NULL	NULL	NULL	NULL	NULL	NULL	NULL	12	Autobusai	12	02		426	NULL	NULL	NULL
missed	689296	A>B	Stotis–Rudamina–Skaidiškės	444	NULL	NULL	NULL	NULL	NULL	NULL	NULL	12	Autobusai	12	02		476	NULL	NULL	NULL
missed	689296	B>A	Skaidiškės–Rudamina–Stotis	482	NULL	NULL	NULL	NULL	NULL	NULL	NULL	12	Autobusai	12	02		514	NULL	NULL	NULL
missed	689296	A>B	Stotis–Rudamina–Skaidiškės	548	NULL	NULL	NULL	NULL	NULL	NULL	NULL	12	Autobusai	12	02		580	NULL	NULL	NULL
missed	689296	B>A	Skaidiškės–Rudamina–Stotis	586	NULL	NULL	NULL	NULL	NULL	NULL	NULL	12	Autobusai	12	02		618	NULL	NULL	NULL
missed	689296	A>B	Stotis–Rudamina–Skaidiškės	658	NULL	NULL	NULL	NULL	NULL	NULL	NULL	12	Autobusai	12	02		690	NULL	NULL	NULL
missed	689296	B>A	Skaidiškės–Rudamina–Stotis	696	NULL	NULL	NULL	NULL	NULL	NULL	NULL	12	Autobusai	12	02		728	NULL	NULL	NULL
missed	689296	A>B	Stotis–Rudamina–Skaidiškės	748	NULL	NULL	NULL	NULL	NULL	NULL	NULL	12	Autobusai	12	02		780	NULL	NULL	NULL
missed	689296	B>A	Skaidiškės–Rudamina–Stotis	785	NULL	NULL	NULL	NULL	NULL	NULL	NULL	12	Autobusai	12	02		817	NULL	NULL	NULL
missed	689296	A>B	Stotis–Rudamina–Skaidiškės	834	NULL	NULL	NULL	NULL	NULL	NULL	NULL	12	Autobusai	12	02		866	NULL	NULL	NULL
missed	689296	B>A	Skaidiškės–Rudamina–Stotis	883	NULL	NULL	NULL	NULL	NULL	NULL	NULL	12	Autobusai	12	02		915	NULL	NULL	NULL
missed	689296	A>B	Stotis–Rudamina–Skaidiškės	930	NULL	NULL	NULL	NULL	NULL	NULL	NULL	12	Autobusai	12	02		962	NULL	NULL	NULL
missed	689296	B>A	Skaidiškės–Rudamina–Stotis	968	NULL	NULL	NULL	NULL	NULL	NULL	NULL	12	Autobusai	12	02		1000	NULL	NULL	NULL
missed	689296	A>B	Stotis–Rudamina–Skaidiškės	1011	NULL	NULL	NULL	NULL	NULL	NULL	NULL	12	Autobusai	12	02		1043	NULL	NULL	NULL
missed	689296	B>A	Skaidiškės–Rudamina–Stotis	1050	NULL	NULL	NULL	NULL	NULL	NULL	NULL	12	Autobusai	12	02		1082	NULL	NULL	NULL
missed	689296	A>B	Stotis–Rudamina–Skaidiškės	1126	NULL	NULL	NULL	NULL	NULL	NULL	NULL	12	Autobusai	12	02		1158	NULL	NULL	NULL
missed	689296	B>A	Skaidiškės–Rudamina–Stotis	1168	NULL	NULL	NULL	NULL	NULL	NULL	NULL	12	Autobusai	12	02		1200	NULL	NULL	NULL
missed	689296	A>B	Stotis–Rudamina–Skaidiškės	1212	NULL	NULL	NULL	NULL	NULL	NULL	NULL	12	Autobusai	12	02		1244	NULL	NULL	NULL
missed	689296	B>A	Skaidiškės–Rudamina–Stotis	1250	NULL	NULL	NULL	NULL	NULL	NULL	NULL	12	Autobusai	12	02		1282	NULL	NULL	NULL
missed	689296	A>B	Stotis–Rudamina–Skaidiškės	1298	NULL	NULL	NULL	NULL	NULL	NULL	NULL	12	Autobusai	12	02		1330	NULL	NULL	NULL
missed	689296	B>A	Skaidiškės–Rudamina–Stotis	1335	NULL	NULL	NULL	NULL	NULL	NULL	NULL	12	Autobusai	12	02		1367	NULL	NULL	NULL
missed	211617	A>B	Žemasis Pavilnys–Markučiai–Stotis–Vilkpėdė	312	NULL	NULL	NULL	NULL	NULL	NULL	NULL	13	Autobusai	13	01-mt		337	NULL	NULL	NULL
missed	211617	B>A	Vilkpėdė–Stotis–Markučiai–Žemasis Pavilnys	342	NULL	NULL	NULL	NULL	NULL	NULL	NULL	13	Autobusai	13	01-mt		367	NULL	NULL	NULL
missed	211617	A>B	Žemasis Pavilnys–Markučiai–Stotis–Vilkpėdė	382	NULL	NULL	NULL	NULL	NULL	NULL	NULL	13	Autobusai	13	01-mt		407	NULL	NULL	NULL
missed	211617	B>A	Vilkpėdė–Stotis–Markučiai–Žemasis Pavilnys	412	NULL	NULL	NULL	NULL	NULL	NULL	NULL	13	Autobusai	13	01-mt		437	NULL	NULL	NULL
missed	211617	A>B	Žemasis Pavilnys–Markučiai–Stotis–Vilkpėdė	446	NULL	NULL	NULL	NULL	NULL	NULL	NULL	13	Autobusai	13	01-mt		471	NULL	NULL	NULL
missed	211617	B>A	Vilkpėdė–Stotis–Markučiai–Žemasis Pavilnys	479	NULL	NULL	NULL	NULL	NULL	NULL	NULL	13	Autobusai	13	01-mt		504	NULL	NULL	NULL
missed	211617	A>B	Žemasis Pavilnys–Markučiai–Stotis–Vilkpėdė	509	NULL	NULL	NULL	NULL	NULL	NULL	NULL	13	Autobusai	13	01-mt		534	NULL	NULL	NULL
missed	211617	B>A	Vilkpėdė–Stotis–Markučiai–Žemasis Pavilnys	541	NULL	NULL	NULL	NULL	NULL	NULL	NULL	13	Autobusai	13	01-mt		566	NULL	NULL	NULL
missed	211617	A>B	Žemasis Pavilnys–Markučiai–Stotis–Vilkpėdė	571	NULL	NULL	NULL	NULL	NULL	NULL	NULL	13	Autobusai	13	01-mt		596	NULL	NULL	NULL
missed	211617	B>A	Vilkpėdė–Stotis–Markučiai–Žemasis Pavilnys	634	NULL	NULL	NULL	NULL	NULL	NULL	NULL	13	Autobusai	13	01-mt		659	NULL	NULL	NULL
missed	211617	A>B	Žemasis Pavilnys–Markučiai–Stotis–Vilkpėdė	664	NULL	NULL	NULL	NULL	NULL	NULL	NULL	13	Autobusai	13	01-mt		689	NULL	NULL	NULL
missed	211617	B>A	Vilkpėdė–Stotis–Markučiai–Žemasis Pavilnys	700	NULL	NULL	NULL	NULL	NULL	NULL	NULL	13	Autobusai	13	01-mt		725	NULL	NULL	NULL
missed	211617	A>B	Žemasis Pavilnys–Markučiai–Stotis–Vilkpėdė	730	NULL	NULL	NULL	NULL	NULL	NULL	NULL	13	Autobusai	13	01-mt		755	NULL	NULL	NULL
missed	211617	B>A	Vilkpėdė–Stotis–Markučiai–Žemasis Pavilnys	761	NULL	NULL	NULL	NULL	NULL	NULL	NULL	13	Autobusai	13	01-mt		786	NULL	NULL	NULL
missed	211617	A>B	Žemasis Pavilnys–Markučiai–Stotis–Vilkpėdė	791	NULL	NULL	NULL	NULL	NULL	NULL	NULL	13	Autobusai	13	01-mt		816	NULL	NULL	NULL
missed	211617	B>A	Vilkpėdė–Stotis–Markučiai–Žemasis Pavilnys	826	NULL	NULL	NULL	NULL	NULL	NULL	NULL	13	Autobusai	13	01-mt		851	NULL	NULL	NULL
missed	211617	A>B	Žemasis Pavilnys–Markučiai–Stotis–Vilkpėdė	856	NULL	NULL	NULL	NULL	NULL	NULL	NULL	13	Autobusai	13	01-mt		881	NULL	NULL	NULL
missed	211617	B>A	Vilkpėdė–Stotis–Markučiai–Žemasis Pavilnys	886	NULL	NULL	NULL	NULL	NULL	NULL	NULL	13	Autobusai	13	01-mt		911	NULL	NULL	NULL
missed	211617	A>B	Žemasis Pavilnys–Markučiai–Stotis–Vilkpėdė	916	NULL	NULL	NULL	NULL	NULL	NULL	NULL	13	Autobusai	13	01-mt		941	NULL	NULL	NULL
missed	211617	B>A	Vilkpėdė–Stotis–Markučiai–Žemasis Pavilnys	947	NULL	NULL	NULL	NULL	NULL	NULL	NULL	13	Autobusai	13	01-mt		972	NULL	NULL	NULL
missed	211617	A>B	Žemasis Pavilnys–Markučiai–Stotis–Vilkpėdė	977	NULL	NULL	NULL	NULL	NULL	NULL	NULL	13	Autobusai	13	01-mt		1002	NULL	NULL	NULL
missed	211617	B>A	Vilkpėdė–Stotis–Markučiai–Žemasis Pavilnys	1008	NULL	NULL	NULL	NULL	NULL	NULL	NULL	13	Autobusai	13	01-mt		1033	NULL	NULL	NULL
missed	211617	A>B	Žemasis Pavilnys–Markučiai–Stotis–Vilkpėdė	1038	NULL	NULL	NULL	NULL	NULL	NULL	NULL	13	Autobusai	13	01-mt		1063	NULL	NULL	NULL
missed	211617	B>A	Vilkpėdė–Stotis–Markučiai–Žemasis Pavilnys	1093	NULL	NULL	NULL	NULL	NULL	NULL	NULL	13	Autobusai	13	01-mt		1118	NULL	NULL	NULL
missed	211617	A>B	Žemasis Pavilnys–Markučiai–Stotis–Vilkpėdė	1123	NULL	NULL	NULL	NULL	NULL	NULL	NULL	13	Autobusai	13	01-mt		1148	NULL	NULL	NULL
missed	211617	B>A	Vilkpėdė–Stotis–Markučiai–Žemasis Pavilnys	1153	NULL	NULL	NULL	NULL	NULL	NULL	NULL	13	Autobusai	13	01-mt		1178	NULL	NULL	NULL
missed	211617	A>B	Žemasis Pavilnys–Markučiai–Stotis–Vilkpėdė	1183	NULL	NULL	NULL	NULL	NULL	NULL	NULL	13	Autobusai	13	01-mt		1208	NULL	NULL	NULL
missed	211617	B>A	Vilkpėdė–Stotis–Markučiai–Žemasis Pavilnys	1215	NULL	NULL	NULL	NULL	NULL	NULL	NULL	13	Autobusai	13	01-mt		1240	NULL	NULL	NULL
missed	211617	A>B	Žemasis Pavilnys–Markučiai–Stotis–Vilkpėdė	1245	NULL	NULL	NULL	NULL	NULL	NULL	NULL	13	Autobusai	13	01-mt		1270	NULL	NULL	NULL
missed	211617	B>A	Vilkpėdė–Stotis–Markučiai–Žemasis Pavilnys	1275	NULL	NULL	NULL	NULL	NULL	NULL	NULL	13	Autobusai	13	01-mt		1300	NULL	NULL	NULL
missed	211619	A>B	Žemasis Pavilnys–Markučiai–Stotis–Vilkpėdė	339	NULL	NULL	NULL	NULL	NULL	NULL	NULL	13	Autobusai	13	02-mt		364	NULL	NULL	NULL
missed	211619	B>A	Vilkpėdė–Stotis–Markučiai–Žemasis Pavilnys	369	NULL	NULL	NULL	NULL	NULL	NULL	NULL	13	Autobusai	13	02-mt		394	NULL	NULL	NULL
missed	211619	A>B	Žemasis Pavilnys–Markučiai–Stotis–Vilkpėdė	399	NULL	NULL	NULL	NULL	NULL	NULL	NULL	13	Autobusai	13	02-mt		424	NULL	NULL	NULL
missed	211619	B>A	Vilkpėdė–Stotis–Markučiai–Žemasis Pavilnys	429	NULL	NULL	NULL	NULL	NULL	NULL	NULL	13	Autobusai	13	02-mt		454	NULL	NULL	NULL
missed	211619	A>B	Žemasis Pavilnys–Markučiai–Stotis–Vilkpėdė	459	NULL	NULL	NULL	NULL	NULL	NULL	NULL	13	Autobusai	13	02-mt		484	NULL	NULL	NULL
missed	211619	B>A	Vilkpėdė–Stotis–Markučiai–Žemasis Pavilnys	493	NULL	NULL	NULL	NULL	NULL	NULL	NULL	13	Autobusai	13	02-mt		518	NULL	NULL	NULL
missed	211619	A>B	Žemasis Pavilnys–Markučiai–Stotis–Vilkpėdė	523	NULL	NULL	NULL	NULL	NULL	NULL	NULL	13	Autobusai	13	02-mt		548	NULL	NULL	NULL
missed	211619	B>A	Vilkpėdė–Stotis–Markučiai–Žemasis Pavilnys	597	NULL	NULL	NULL	NULL	NULL	NULL	NULL	13	Autobusai	13	02-mt		622	NULL	NULL	NULL
missed	211619	A>B	Žemasis Pavilnys–Markučiai–Stotis–Vilkpėdė	627	NULL	NULL	NULL	NULL	NULL	NULL	NULL	13	Autobusai	13	02-mt		652	NULL	NULL	NULL
missed	211619	B>A	Vilkpėdė–Stotis–Markučiai–Žemasis Pavilnys	657	NULL	NULL	NULL	NULL	NULL	NULL	NULL	13	Autobusai	13	02-mt		682	NULL	NULL	NULL
missed	211619	A>B	Žemasis Pavilnys–Markučiai–Stotis–Vilkpėdė	687	NULL	NULL	NULL	NULL	NULL	NULL	NULL	13	Autobusai	13	02-mt		712	NULL	NULL	NULL
missed	211619	B>A	Vilkpėdė–Stotis–Markučiai–Žemasis Pavilnys	720	NULL	NULL	NULL	NULL	NULL	NULL	NULL	13	Autobusai	13	02-mt		745	NULL	NULL	NULL
missed	211619	A>B	Žemasis Pavilnys–Markučiai–Stotis–Vilkpėdė	750	NULL	NULL	NULL	NULL	NULL	NULL	NULL	13	Autobusai	13	02-mt		775	NULL	NULL	NULL
missed	211619	B>A	Vilkpėdė–Stotis–Markučiai–Žemasis Pavilnys	780	NULL	NULL	NULL	NULL	NULL	NULL	NULL	13	Autobusai	13	02-mt		805	NULL	NULL	NULL
missed	211619	A>B	Žemasis Pavilnys–Markučiai–Stotis–Vilkpėdė	810	NULL	NULL	NULL	NULL	NULL	NULL	NULL	13	Autobusai	13	02-mt		835	NULL	NULL	NULL
missed	211619	B>A	Vilkpėdė–Stotis–Markučiai–Žemasis Pavilnys	845	NULL	NULL	NULL	NULL	NULL	NULL	NULL	13	Autobusai	13	02-mt		870	NULL	NULL	NULL
missed	211619	A>B	Žemasis Pavilnys–Markučiai–Stotis–Vilkpėdė	875	NULL	NULL	NULL	NULL	NULL	NULL	NULL	13	Autobusai	13	02-mt		900	NULL	NULL	NULL
missed	211619	B>A	Vilkpėdė–Stotis–Markučiai–Žemasis Pavilnys	905	NULL	NULL	NULL	NULL	NULL	NULL	NULL	13	Autobusai	13	02-mt		930	NULL	NULL	NULL
missed	211619	A>B	Žemasis Pavilnys–Markučiai–Stotis–Vilkpėdė	935	NULL	NULL	NULL	NULL	NULL	NULL	NULL	13	Autobusai	13	02-mt		960	NULL	NULL	NULL
missed	211619	B>A	Vilkpėdė–Stotis–Markučiai–Žemasis Pavilnys	965	NULL	NULL	NULL	NULL	NULL	NULL	NULL	13	Autobusai	13	02-mt		990	NULL	NULL	NULL
missed	211619	A>B	Žemasis Pavilnys–Markučiai–Stotis–Vilkpėdė	995	NULL	NULL	NULL	NULL	NULL	NULL	NULL	13	Autobusai	13	02-mt		1020	NULL	NULL	NULL
missed	211619	B>A	Vilkpėdė–Stotis–Markučiai–Žemasis Pavilnys	1026	NULL	NULL	NULL	NULL	NULL	NULL	NULL	13	Autobusai	13	02-mt		1051	NULL	NULL	NULL
missed	211619	A>B	Žemasis Pavilnys–Markučiai–Stotis–Vilkpėdė	1056	NULL	NULL	NULL	NULL	NULL	NULL	NULL	13	Autobusai	13	02-mt		1081	NULL	NULL	NULL
missed	211619	B>A	Vilkpėdė–Stotis–Markučiai–Žemasis Pavilnys	1134	NULL	NULL	NULL	NULL	NULL	NULL	NULL	13	Autobusai	13	02-mt		1159	NULL	NULL	NULL
missed	211619	A>B	Žemasis Pavilnys–Markučiai–Stotis–Vilkpėdė	1164	NULL	NULL	NULL	NULL	NULL	NULL	NULL	13	Autobusai	13	02-mt		1189	NULL	NULL	NULL
missed	211619	B>A	Vilkpėdė–Stotis–Markučiai–Žemasis Pavilnys	1194	NULL	NULL	NULL	NULL	NULL	NULL	NULL	13	Autobusai	13	02-mt		1219	NULL	NULL	NULL
missed	211619	A>B	Žemasis Pavilnys–Markučiai–Stotis–Vilkpėdė	1224	NULL	NULL	NULL	NULL	NULL	NULL	NULL	13	Autobusai	13	02-mt		1249	NULL	NULL	NULL
missed	211619	B>A	Vilkpėdė–Stotis–Markučiai–Žemasis Pavilnys	1254	NULL	NULL	NULL	NULL	NULL	NULL	NULL	13	Autobusai	13	02-mt		1279	NULL	NULL	NULL
missed	211619	A>B	Žemasis Pavilnys–Markučiai–Stotis–Vilkpėdė	1292	NULL	NULL	NULL	NULL	NULL	NULL	NULL	13	Autobusai	13	02-mt		1319	NULL	NULL	NULL
missed	211619	B>A	Vilkpėdė–Stotis–Markučiai–Žemasis Pavilnys	1324	NULL	NULL	NULL	NULL	NULL	NULL	NULL	13	Autobusai	13	02-mt		1349	NULL	NULL	NULL
missed	211618	A>B	Žemasis Pavilnys–Markučiai–Stotis–Vilkpėdė	365	NULL	NULL	NULL	NULL	NULL	NULL	NULL	13	Autobusai	13	03		392	NULL	NULL	NULL
missed	211618	B>A	Vilkpėdė–Stotis–Markučiai–Žemasis Pavilnys	397	NULL	NULL	NULL	NULL	NULL	NULL	NULL	13	Autobusai	13	03		425	NULL	NULL	NULL
missed	211618	A>B	Žemasis Pavilnys–Markučiai–Stotis–Vilkpėdė	433	NULL	NULL	NULL	NULL	NULL	NULL	NULL	13	Autobusai	13	03		460	NULL	NULL	NULL
missed	211618	B>A	Vilkpėdė–Stotis–Markučiai–Žemasis Pavilnys	465	NULL	NULL	NULL	NULL	NULL	NULL	NULL	13	Autobusai	13	03		493	NULL	NULL	NULL
missed	211618	A>B	Žemasis Pavilnys–Markučiai–Stotis–Vilkpėdė	498	NULL	NULL	NULL	NULL	NULL	NULL	NULL	13	Autobusai	13	03		525	NULL	NULL	NULL
missed	211618	B>A	Vilkpėdė–Stotis–Markučiai–Žemasis Pavilnys	917	NULL	NULL	NULL	NULL	NULL	NULL	NULL	13	Autobusai	13	03		945	NULL	NULL	NULL
missed	211618	A>B	Žemasis Pavilnys–Markučiai–Stotis–Vilkpėdė	950	NULL	NULL	NULL	NULL	NULL	NULL	NULL	13	Autobusai	13	03		977	NULL	NULL	NULL
missed	211618	B>A	Vilkpėdė–Stotis–Markučiai–Žemasis Pavilnys	982	NULL	NULL	NULL	NULL	NULL	NULL	NULL	13	Autobusai	13	03		1010	NULL	NULL	NULL
missed	211618	A>B	Žemasis Pavilnys–Markučiai–Stotis–Vilkpėdė	1015	NULL	NULL	NULL	NULL	NULL	NULL	NULL	13	Autobusai	13	03		1042	NULL	NULL	NULL
missed	211618	B>A	Vilkpėdė–Stotis–Markučiai–Žemasis Pavilnys	1047	NULL	NULL	NULL	NULL	NULL	NULL	NULL	13	Autobusai	13	03		1075	NULL	NULL	NULL
missed	211618	A>B	Žemasis Pavilnys–Markučiai–Stotis–Vilkpėdė	1080	NULL	NULL	NULL	NULL	NULL	NULL	NULL	13	Autobusai	13	03		1107	NULL	NULL	NULL
missed	211618	B>A	Vilkpėdė–Stotis–Markučiai–Žemasis Pavilnys	1112	NULL	NULL	NULL	NULL	NULL	NULL	NULL	13	Autobusai	13	03		1140	NULL	NULL	NULL
missed	211620	A>B	Žemasis Pavilnys–Markučiai–Stotis–Vilkpėdė	415	NULL	NULL	NULL	NULL	NULL	NULL	NULL	13	Autobusai	13	04-mt		439	NULL	NULL	NULL
missed	211620	B>A	Vilkpėdė–Stotis–Markučiai–Žemasis Pavilnys	444	NULL	NULL	NULL	NULL	NULL	NULL	NULL	13	Autobusai	13	04-mt		469	NULL	NULL	NULL
missed	211620	A>B	Žemasis Pavilnys–Markučiai–Stotis–Vilkpėdė	477	NULL	NULL	NULL	NULL	NULL	NULL	NULL	13	Autobusai	13	04-mt		501	NULL	NULL	NULL
missed	211620	B>A	Vilkpėdė–Stotis–Markučiai–Žemasis Pavilnys	509	NULL	NULL	NULL	NULL	NULL	NULL	NULL	13	Autobusai	13	04-mt		534	NULL	NULL	NULL
missed	211620	A>B	Žemasis Pavilnys–Markučiai–Stotis–Vilkpėdė	539	NULL	NULL	NULL	NULL	NULL	NULL	NULL	13	Autobusai	13	04-mt		563	NULL	NULL	NULL
missed	211620	B>A	Vilkpėdė–Stotis–Markučiai–Žemasis Pavilnys	568	NULL	NULL	NULL	NULL	NULL	NULL	NULL	13	Autobusai	13	04-mt		593	NULL	NULL	NULL
missed	211620	A>B	Žemasis Pavilnys–Markučiai–Stotis–Vilkpėdė	598	NULL	NULL	NULL	NULL	NULL	NULL	NULL	13	Autobusai	13	04-mt		622	NULL	NULL	NULL
missed	211620	B>A	Vilkpėdė–Stotis–Markučiai–Žemasis Pavilnys	678	NULL	NULL	NULL	NULL	NULL	NULL	NULL	13	Autobusai	13	04-mt		703	NULL	NULL	NULL
missed	211620	A>B	Žemasis Pavilnys–Markučiai–Stotis–Vilkpėdė	708	NULL	NULL	NULL	NULL	NULL	NULL	NULL	13	Autobusai	13	04-mt		732	NULL	NULL	NULL
missed	211620	B>A	Vilkpėdė–Stotis–Markučiai–Žemasis Pavilnys	740	NULL	NULL	NULL	NULL	NULL	NULL	NULL	13	Autobusai	13	04-mt		765	NULL	NULL	NULL
missed	211620	A>B	Žemasis Pavilnys–Markučiai–Stotis–Vilkpėdė	770	NULL	NULL	NULL	NULL	NULL	NULL	NULL	13	Autobusai	13	04-mt		794	NULL	NULL	NULL
missed	211620	B>A	Vilkpėdė–Stotis–Markučiai–Žemasis Pavilnys	802	NULL	NULL	NULL	NULL	NULL	NULL	NULL	13	Autobusai	13	04-mt		827	NULL	NULL	NULL
missed	211620	A>B	Žemasis Pavilnys–Markučiai–Stotis–Vilkpėdė	832	NULL	NULL	NULL	NULL	NULL	NULL	NULL	13	Autobusai	13	04-mt		857	NULL	NULL	NULL
missed	211620	B>A	Vilkpėdė–Stotis–Markučiai–Žemasis Pavilnys	867	NULL	NULL	NULL	NULL	NULL	NULL	NULL	13	Autobusai	13	04-mt		892	NULL	NULL	NULL
missed	211620	A>B	Žemasis Pavilnys–Markučiai–Stotis–Vilkpėdė	897	NULL	NULL	NULL	NULL	NULL	NULL	NULL	13	Autobusai	13	04-mt		922	NULL	NULL	NULL
missed	211620	B>A	Vilkpėdė–Stotis–Markučiai–Žemasis Pavilnys	932	NULL	NULL	NULL	NULL	NULL	NULL	NULL	13	Autobusai	13	04-mt		957	NULL	NULL	NULL
missed	211620	A>B	Žemasis Pavilnys–Markučiai–Stotis–Vilkpėdė	962	NULL	NULL	NULL	NULL	NULL	NULL	NULL	13	Autobusai	13	04-mt		987	NULL	NULL	NULL
missed	211620	B>A	Vilkpėdė–Stotis–Markučiai–Žemasis Pavilnys	997	NULL	NULL	NULL	NULL	NULL	NULL	NULL	13	Autobusai	13	04-mt		1022	NULL	NULL	NULL
missed	211620	A>B	Žemasis Pavilnys–Markučiai–Stotis–Vilkpėdė	1027	NULL	NULL	NULL	NULL	NULL	NULL	NULL	13	Autobusai	13	04-mt		1052	NULL	NULL	NULL
missed	211620	B>A	Vilkpėdė–Stotis–Markučiai–Žemasis Pavilnys	1067	NULL	NULL	NULL	NULL	NULL	NULL	NULL	13	Autobusai	13	04-mt		1092	NULL	NULL	NULL
missed	211620	A>B	Žemasis Pavilnys–Markučiai–Stotis–Vilkpėdė	1097	NULL	NULL	NULL	NULL	NULL	NULL	NULL	13	Autobusai	13	04-mt		1122	NULL	NULL	NULL
missed	211620	B>A	Vilkpėdė–Stotis–Markučiai–Žemasis Pavilnys	1171	NULL	NULL	NULL	NULL	NULL	NULL	NULL	13	Autobusai	13	04-mt		1196	NULL	NULL	NULL
missed	211620	A>B	Žemasis Pavilnys–Markučiai–Stotis–Vilkpėdė	1201	NULL	NULL	NULL	NULL	NULL	NULL	NULL	13	Autobusai	13	04-mt		1226	NULL	NULL	NULL
missed	211620	B>A	Vilkpėdė–Stotis–Markučiai–Žemasis Pavilnys	1234	NULL	NULL	NULL	NULL	NULL	NULL	NULL	13	Autobusai	13	04-mt		1259	NULL	NULL	NULL
missed	211620	A>B	Žemasis Pavilnys–Markučiai–Stotis–Vilkpėdė	1264	NULL	NULL	NULL	NULL	NULL	NULL	NULL	13	Autobusai	13	04-mt		1289	NULL	NULL	NULL
missed	211620	B>A	Vilkpėdė–Stotis–Markučiai–Žemasis Pavilnys	1294	NULL	NULL	NULL	NULL	NULL	NULL	NULL	13	Autobusai	13	04-mt		1319	NULL	NULL	NULL
missed	211620	A>B	Žemasis Pavilnys–Markučiai–Stotis–Vilkpėdė	1324	NULL	NULL	NULL	NULL	NULL	NULL	NULL	13	Autobusai	13	04-mt		1349	NULL	NULL	NULL
missed	211620	B>A	Vilkpėdė–Stotis–Markučiai–Žemasis Pavilnys	1354	NULL	NULL	NULL	NULL	NULL	NULL	NULL	13	Autobusai	13	04-mt		1379	NULL	NULL	NULL
missed	614764	B>A	Arimų–Parko g.–Grigaičiai	328	NULL	NULL	NULL	NULL	NULL	NULL	NULL	14	Autobusai	14	01		359	NULL	NULL	NULL
missed	614764	A>B	Grigaičiai–Parko–Arimų g.	363	NULL	NULL	NULL	NULL	NULL	NULL	NULL	14	Autobusai	14	01		393	NULL	NULL	NULL
missed	614764	B>A	Arimų–Parko g.–Grigaičiai	398	NULL	NULL	NULL	NULL	NULL	NULL	NULL	14	Autobusai	14	01		429	NULL	NULL	NULL
missed	614764	A>B	Grigaičiai–Parko–Arimų g.	435	NULL	NULL	NULL	NULL	NULL	NULL	NULL	14	Autobusai	14	01		465	NULL	NULL	NULL
missed	614764	B>A	Arimų–Parko g.–Grigaičiai	495	NULL	NULL	NULL	NULL	NULL	NULL	NULL	14	Autobusai	14	01		526	NULL	NULL	NULL
missed	614764	A>B	Grigaičiai–Parko–Arimų g.	531	NULL	NULL	NULL	NULL	NULL	NULL	NULL	14	Autobusai	14	01		561	NULL	NULL	NULL
missed	614764	B>A	Arimų–Parko g.–Grigaičiai	566	NULL	NULL	NULL	NULL	NULL	NULL	NULL	14	Autobusai	14	01		597	NULL	NULL	NULL
missed	614764	A>B	Grigaičiai–Parko–Arimų g.	602	NULL	NULL	NULL	NULL	NULL	NULL	NULL	14	Autobusai	14	01		632	NULL	NULL	NULL
missed	614764	B>A	Arimų–Parko g.–Grigaičiai	637	NULL	NULL	NULL	NULL	NULL	NULL	NULL	14	Autobusai	14	01		668	NULL	NULL	NULL
missed	614764	A>B	Grigaičiai–Parko–Arimų g.	673	NULL	NULL	NULL	NULL	NULL	NULL	NULL	14	Autobusai	14	01		703	NULL	NULL	NULL
missed	614764	B>A	Arimų–Parko g.–Grigaičiai	708	NULL	NULL	NULL	NULL	NULL	NULL	NULL	14	Autobusai	14	01		739	NULL	NULL	NULL
missed	614764	A>B	Grigaičiai–Parko–Arimų g.	744	NULL	NULL	NULL	NULL	NULL	NULL	NULL	14	Autobusai	14	01		774	NULL	NULL	NULL
missed	614764	B>A	Arimų–Parko g.–Grigaičiai	784	NULL	NULL	NULL	NULL	NULL	NULL	NULL	14	Autobusai	14	01		815	NULL	NULL	NULL
missed	614764	A>B	Grigaičiai–Parko–Arimų g.	824	NULL	NULL	NULL	NULL	NULL	NULL	NULL	14	Autobusai	14	01		854	NULL	NULL	NULL
missed	614764	B>A	Arimų–Parko g.–Grigaičiai	859	NULL	NULL	NULL	NULL	NULL	NULL	NULL	14	Autobusai	14	01		890	NULL	NULL	NULL
missed	614764	A>B	Grigaičiai–Parko–Arimų g.	903	NULL	NULL	NULL	NULL	NULL	NULL	NULL	14	Autobusai	14	01		933	NULL	NULL	NULL
missed	614764	B>A	Arimų–Parko g.–Grigaičiai	938	NULL	NULL	NULL	NULL	NULL	NULL	NULL	14	Autobusai	14	01		969	NULL	NULL	NULL
missed	614764	A>B	Grigaičiai–Parko–Arimų g.	974	NULL	NULL	NULL	NULL	NULL	NULL	NULL	14	Autobusai	14	01		1004	NULL	NULL	NULL
missed	614764	B>A	Arimų–Parko g.–Grigaičiai	1009	NULL	NULL	NULL	NULL	NULL	NULL	NULL	14	Autobusai	14	01		1040	NULL	NULL	NULL
missed	614764	A>B	Grigaičiai–Parko–Arimų g.	1045	NULL	NULL	NULL	NULL	NULL	NULL	NULL	14	Autobusai	14	01		1075	NULL	NULL	NULL
missed	614764	B>A	Arimų–Parko g.–Grigaičiai	1080	NULL	NULL	NULL	NULL	NULL	NULL	NULL	14	Autobusai	14	01		1111	NULL	NULL	NULL
missed	614764	A>B	Grigaičiai–Parko–Arimų g.	1141	NULL	NULL	NULL	NULL	NULL	NULL	NULL	14	Autobusai	14	01		1171	NULL	NULL	NULL
missed	614764	B>A	Arimų–Parko g.–Grigaičiai	1176	NULL	NULL	NULL	NULL	NULL	NULL	NULL	14	Autobusai	14	01		1207	NULL	NULL	NULL
missed	614764	A>B	Grigaičiai–Parko–Arimų g.	1212	NULL	NULL	NULL	NULL	NULL	NULL	NULL	14	Autobusai	14	01		1242	NULL	NULL	NULL
missed	614767	B>A	Turniškės–Antakalnis–Žolyno g.	351	NULL	NULL	NULL	NULL	NULL	NULL	NULL	15	Autobusai	15	01-Ž		378	NULL	NULL	NULL
missed	614767	A>B	Žolyno g.–Antakalnis–Turniškės	388	NULL	NULL	NULL	NULL	NULL	NULL	NULL	15	Autobusai	15	01-Ž		406	NULL	NULL	NULL
missed	614767	B>A	Turniškės–Antakalnis–Žolyno g.	411	NULL	NULL	NULL	NULL	NULL	NULL	NULL	15	Autobusai	15	01-Ž		442	NULL	NULL	NULL
missed	614767	A>B	Žolyno g.–Antakalnis–Turniškės	447	NULL	NULL	NULL	NULL	NULL	NULL	NULL	15	Autobusai	15	01-Ž		464	NULL	NULL	NULL
missed	614767	B>A	Turniškės–Antakalnis–Žolyno g.	469	NULL	NULL	NULL	NULL	NULL	NULL	NULL	15	Autobusai	15	01-Ž		498	NULL	NULL	NULL
missed	614767	A>B	Žolyno g.–Antakalnis–Turniškės	503	NULL	NULL	NULL	NULL	NULL	NULL	NULL	15	Autobusai	15	01-Ž		520	NULL	NULL	NULL
missed	614767	B>A	Turniškės–Antakalnis–Žolyno g.	525	NULL	NULL	NULL	NULL	NULL	NULL	NULL	15	Autobusai	15	01-Ž		552	NULL	NULL	NULL
missed	614767	A>B	Žolyno g.–Antakalnis–Turniškės	557	NULL	NULL	NULL	NULL	NULL	NULL	NULL	15	Autobusai	15	01-Ž		576	NULL	NULL	NULL
missed	614767	B1>A	Antakalnis–Žolyno g.	645	NULL	NULL	NULL	NULL	NULL	NULL	NULL	15	Autobusai	15	01-Ž		656	NULL	NULL	NULL
missed	614767	A>B	Žolyno g.–Antakalnis–Turniškės	661	NULL	NULL	NULL	NULL	NULL	NULL	NULL	15	Autobusai	15	01-Ž		680	NULL	NULL	NULL
missed	614767	B>A	Turniškės–Antakalnis–Žolyno g.	685	NULL	NULL	NULL	NULL	NULL	NULL	NULL	15	Autobusai	15	01-Ž		712	NULL	NULL	NULL
missed	614767	A>B	Žolyno g.–Antakalnis–Turniškės	717	NULL	NULL	NULL	NULL	NULL	NULL	NULL	15	Autobusai	15	01-Ž		736	NULL	NULL	NULL
missed	614767	B>A	Turniškės–Antakalnis–Žolyno g.	741	NULL	NULL	NULL	NULL	NULL	NULL	NULL	15	Autobusai	15	01-Ž		768	NULL	NULL	NULL
missed	614767	A>B	Žolyno g.–Antakalnis–Turniškės	773	NULL	NULL	NULL	NULL	NULL	NULL	NULL	15	Autobusai	15	01-Ž		792	NULL	NULL	NULL
missed	614767	B>A	Turniškės–Antakalnis–Žolyno g.	797	NULL	NULL	NULL	NULL	NULL	NULL	NULL	15	Autobusai	15	01-Ž		824	NULL	NULL	NULL
missed	614767	A>B	Žolyno g.–Antakalnis–Turniškės	834	NULL	NULL	NULL	NULL	NULL	NULL	NULL	15	Autobusai	15	01-Ž		853	NULL	NULL	NULL
missed	614767	B>A	Turniškės–Antakalnis–Žolyno g.	858	NULL	NULL	NULL	NULL	NULL	NULL	NULL	15	Autobusai	15	01-Ž		885	NULL	NULL	NULL
missed	614767	A>B	Žolyno g.–Antakalnis–Turniškės	890	NULL	NULL	NULL	NULL	NULL	NULL	NULL	15	Autobusai	15	01-Ž		909	NULL	NULL	NULL
missed	614767	B>A	Turniškės–Antakalnis–Žolyno g.	914	NULL	NULL	NULL	NULL	NULL	NULL	NULL	15	Autobusai	15	01-Ž		941	NULL	NULL	NULL
missed	614767	A>B	Žolyno g.–Antakalnis–Turniškės	948	NULL	NULL	NULL	NULL	NULL	NULL	NULL	15	Autobusai	15	01-Ž		967	NULL	NULL	NULL
missed	614767	B>A	Turniškės–Antakalnis–Žolyno g.	972	NULL	NULL	NULL	NULL	NULL	NULL	NULL	15	Autobusai	15	01-Ž		999	NULL	NULL	NULL
missed	614767	A>B	Žolyno g.–Antakalnis–Turniškės	1004	NULL	NULL	NULL	NULL	NULL	NULL	NULL	15	Autobusai	15	01-Ž		1023	NULL	NULL	NULL
missed	614767	B1>A	Antakalnis–Žolyno g.	1078	NULL	NULL	NULL	NULL	NULL	NULL	NULL	15	Autobusai	15	01-Ž		1089	NULL	NULL	NULL
missed	614767	A>B	Žolyno g.–Antakalnis–Turniškės	1092	NULL	NULL	NULL	NULL	NULL	NULL	NULL	15	Autobusai	15	01-Ž		1111	NULL	NULL	NULL
missed	614767	B>A	Turniškės–Antakalnis–Žolyno g.	1116	NULL	NULL	NULL	NULL	NULL	NULL	NULL	15	Autobusai	15	01-Ž		1143	NULL	NULL	NULL
missed	614767	A>B	Žolyno g.–Antakalnis–Turniškės	1147	NULL	NULL	NULL	NULL	NULL	NULL	NULL	15	Autobusai	15	01-Ž		1165	NULL	NULL	NULL
missed	614767	B>A	Turniškės–Antakalnis–Žolyno g.	1170	NULL	NULL	NULL	NULL	NULL	NULL	NULL	15	Autobusai	15	01-Ž		1197	NULL	NULL	NULL
missed	614767	A>B	Žolyno g.–Antakalnis–Turniškės	1205	NULL	NULL	NULL	NULL	NULL	NULL	NULL	15	Autobusai	15	01-Ž		1223	NULL	NULL	NULL
missed	614767	B>A	Turniškės–Antakalnis–Žolyno g.	1228	NULL	NULL	NULL	NULL	NULL	NULL	NULL	15	Autobusai	15	01-Ž		1257	NULL	NULL	NULL
missed	614767	A>B	Žolyno g.–Antakalnis–Turniškės	1275	NULL	NULL	NULL	NULL	NULL	NULL	NULL	15	Autobusai	15	01-Ž		1295	NULL	NULL	NULL
missed	567600	A>B	Stotis–Nemėžis–Skaidiškės	318	NULL	NULL	NULL	NULL	NULL	NULL	NULL	16	Autobusai	16	01		346	NULL	NULL	NULL
missed	567600	B>A	Skaidiškės–Nemėžis–Stotis	353	NULL	NULL	NULL	NULL	NULL	NULL	NULL	16	Autobusai	16	01		381	NULL	NULL	NULL
missed	567600	A>B	Stotis–Nemėžis–Skaidiškės	394	NULL	NULL	NULL	NULL	NULL	NULL	NULL	16	Autobusai	16	01		422	NULL	NULL	NULL
missed	567600	B>A	Skaidiškės–Nemėžis–Stotis	427	NULL	NULL	NULL	NULL	NULL	NULL	NULL	16	Autobusai	16	01		455	NULL	NULL	NULL
missed	567600	A>B	Stotis–Nemėžis–Skaidiškės	459	NULL	NULL	NULL	NULL	NULL	NULL	NULL	16	Autobusai	16	01		487	NULL	NULL	NULL
missed	567600	B>A	Skaidiškės–Nemėžis–Stotis	496	NULL	NULL	NULL	NULL	NULL	NULL	NULL	16	Autobusai	16	01		524	NULL	NULL	NULL
missed	567600	A>B	Stotis–Nemėžis–Skaidiškės	572	NULL	NULL	NULL	NULL	NULL	NULL	NULL	16	Autobusai	16	01		600	NULL	NULL	NULL
missed	567600	B>A	Skaidiškės–Nemėžis–Stotis	605	NULL	NULL	NULL	NULL	NULL	NULL	NULL	16	Autobusai	16	01		633	NULL	NULL	NULL
missed	567600	A>B	Stotis–Nemėžis–Skaidiškės	668	NULL	NULL	NULL	NULL	NULL	NULL	NULL	16	Autobusai	16	01		696	NULL	NULL	NULL
missed	567600	B>A	Skaidiškės–Nemėžis–Stotis	706	NULL	NULL	NULL	NULL	NULL	NULL	NULL	16	Autobusai	16	01		734	NULL	NULL	NULL
missed	567600	A>B	Stotis–Nemėžis–Skaidiškės	742	NULL	NULL	NULL	NULL	NULL	NULL	NULL	16	Autobusai	16	01		770	NULL	NULL	NULL
missed	567600	B>A	Skaidiškės–Nemėžis–Stotis	777	NULL	NULL	NULL	NULL	NULL	NULL	NULL	16	Autobusai	16	01		805	NULL	NULL	NULL
missed	567600	A>B	Stotis–Nemėžis–Skaidiškės	818	NULL	NULL	NULL	NULL	NULL	NULL	NULL	16	Autobusai	16	01		846	NULL	NULL	NULL
missed	567600	B>A	Skaidiškės–Nemėžis–Stotis	856	NULL	NULL	NULL	NULL	NULL	NULL	NULL	16	Autobusai	16	01		884	NULL	NULL	NULL
missed	567600	A>B	Stotis–Nemėžis–Skaidiškės	892	NULL	NULL	NULL	NULL	NULL	NULL	NULL	16	Autobusai	16	01		920	NULL	NULL	NULL
missed	567600	B>A	Skaidiškės–Nemėžis–Stotis	927	NULL	NULL	NULL	NULL	NULL	NULL	NULL	16	Autobusai	16	01		955	NULL	NULL	NULL
missed	567600	A>B	Stotis–Nemėžis–Skaidiškės	966	NULL	NULL	NULL	NULL	NULL	NULL	NULL	16	Autobusai	16	01		994	NULL	NULL	NULL
missed	567600	B>A	Skaidiškės–Nemėžis–Stotis	1008	NULL	NULL	NULL	NULL	NULL	NULL	NULL	16	Autobusai	16	01		1036	NULL	NULL	NULL
missed	567600	A>B	Stotis–Nemėžis–Skaidiškės	1047	NULL	NULL	NULL	NULL	NULL	NULL	NULL	16	Autobusai	16	01		1075	NULL	NULL	NULL
missed	567600	B>A	Skaidiškės–Nemėžis–Stotis	1082	NULL	NULL	NULL	NULL	NULL	NULL	NULL	16	Autobusai	16	01		1110	NULL	NULL	NULL
missed	567600	A>B	Stotis–Nemėžis–Skaidiškės	1145	NULL	NULL	NULL	NULL	NULL	NULL	NULL	16	Autobusai	16	01		1173	NULL	NULL	NULL
missed	567600	B>A	Skaidiškės–Nemėžis–Stotis	1178	NULL	NULL	NULL	NULL	NULL	NULL	NULL	16	Autobusai	16	01		1206	NULL	NULL	NULL
missed	567600	A>B	Stotis–Nemėžis–Skaidiškės	1241	NULL	NULL	NULL	NULL	NULL	NULL	NULL	16	Autobusai	16	01		1269	NULL	NULL	NULL
missed	567600	B>A	Skaidiškės–Nemėžis–Stotis	1279	NULL	NULL	NULL	NULL	NULL	NULL	NULL	16	Autobusai	16	01		1307	NULL	NULL	NULL
missed	567599	A>B	Stotis–Nemėžis–Skaidiškės	350	NULL	NULL	NULL	NULL	NULL	NULL	NULL	16	Autobusai	16	02		378	NULL	NULL	NULL
missed	567599	B>A	Skaidiškės–Nemėžis–Stotis	383	NULL	NULL	NULL	NULL	NULL	NULL	NULL	16	Autobusai	16	02		411	NULL	NULL	NULL
missed	567599	A>B	Stotis–Nemėžis–Skaidiškės	419	NULL	NULL	NULL	NULL	NULL	NULL	NULL	16	Autobusai	16	02		447	NULL	NULL	NULL
missed	567599	B>A	Skaidiškės–Nemėžis–Stotis	455	NULL	NULL	NULL	NULL	NULL	NULL	NULL	16	Autobusai	16	02		483	NULL	NULL	NULL
missed	567599	A>B	Stotis–Nemėžis–Skaidiškės	502	NULL	NULL	NULL	NULL	NULL	NULL	NULL	16	Autobusai	16	02		530	NULL	NULL	NULL
missed	567599	B>A	Skaidiškės–Nemėžis–Stotis	540	NULL	NULL	NULL	NULL	NULL	NULL	NULL	16	Autobusai	16	02		568	NULL	NULL	NULL
missed	567599	A>B	Stotis–Nemėžis–Skaidiškės	949	NULL	NULL	NULL	NULL	NULL	NULL	NULL	16	Autobusai	16	02		977	NULL	NULL	NULL
missed	567599	B>A	Skaidiškės–Nemėžis–Stotis	989	NULL	NULL	NULL	NULL	NULL	NULL	NULL	16	Autobusai	16	02		1017	NULL	NULL	NULL
missed	567599	A>B	Stotis–Nemėžis–Skaidiškės	1026	NULL	NULL	NULL	NULL	NULL	NULL	NULL	16	Autobusai	16	02		1054	NULL	NULL	NULL
missed	567599	B>A	Skaidiškės–Nemėžis–Stotis	1061	NULL	NULL	NULL	NULL	NULL	NULL	NULL	16	Autobusai	16	02		1089	NULL	NULL	NULL
missed	567599	A>B	Stotis–Nemėžis–Skaidiškės	1096	NULL	NULL	NULL	NULL	NULL	NULL	NULL	16	Autobusai	16	02		1124	NULL	NULL	NULL
missed	567599	B>A	Skaidiškės–Nemėžis–Stotis	1129	NULL	NULL	NULL	NULL	NULL	NULL	NULL	16	Autobusai	16	02		1157	NULL	NULL	NULL
missed	567598	B>A	Skaidiškės–Nemėžis–Stotis	330	NULL	NULL	NULL	NULL	NULL	NULL	NULL	16	Autobusai	16	03		358	NULL	NULL	NULL
missed	567598	A>B	Stotis–Nemėžis–Skaidiškės	366	NULL	NULL	NULL	NULL	NULL	NULL	NULL	16	Autobusai	16	03		394	NULL	NULL	NULL
missed	567598	B>A	Skaidiškės–Nemėžis–Stotis	400	NULL	NULL	NULL	NULL	NULL	NULL	NULL	16	Autobusai	16	03		428	NULL	NULL	NULL
missed	567598	A>B	Stotis–Nemėžis–Skaidiškės	542	NULL	NULL	NULL	NULL	NULL	NULL	NULL	16	Autobusai	16	03		570	NULL	NULL	NULL
missed	567598	B>A	Skaidiškės–Nemėžis–Stotis	577	NULL	NULL	NULL	NULL	NULL	NULL	NULL	16	Autobusai	16	03		605	NULL	NULL	NULL
missed	567598	A>B	Stotis–Nemėžis–Skaidiškės	610	NULL	NULL	NULL	NULL	NULL	NULL	NULL	16	Autobusai	16	03		638	NULL	NULL	NULL
missed	567598	B>A	Skaidiškės–Nemėžis–Stotis	648	NULL	NULL	NULL	NULL	NULL	NULL	NULL	16	Autobusai	16	03		676	NULL	NULL	NULL
missed	567598	A>B	Stotis–Nemėžis–Skaidiškės	697	NULL	NULL	NULL	NULL	NULL	NULL	NULL	16	Autobusai	16	03		725	NULL	NULL	NULL
missed	567598	B>A	Skaidiškės–Nemėžis–Stotis	735	NULL	NULL	NULL	NULL	NULL	NULL	NULL	16	Autobusai	16	03		763	NULL	NULL	NULL
missed	567598	A>B	Stotis–Nemėžis–Skaidiškės	768	NULL	NULL	NULL	NULL	NULL	NULL	NULL	16	Autobusai	16	03		796	NULL	NULL	NULL
missed	567598	B>A	Skaidiškės–Nemėžis–Stotis	806	NULL	NULL	NULL	NULL	NULL	NULL	NULL	16	Autobusai	16	03		834	NULL	NULL	NULL
missed	567598	A>B	Stotis–Nemėžis–Skaidiškės	848	NULL	NULL	NULL	NULL	NULL	NULL	NULL	16	Autobusai	16	03		876	NULL	NULL	NULL
missed	567598	B>A	Skaidiškės–Nemėžis–Stotis	887	NULL	NULL	NULL	NULL	NULL	NULL	NULL	16	Autobusai	16	03		915	NULL	NULL	NULL
missed	567598	A>B	Stotis–Nemėžis–Skaidiškės	922	NULL	NULL	NULL	NULL	NULL	NULL	NULL	16	Autobusai	16	03		950	NULL	NULL	NULL
missed	567598	B>A	Skaidiškės–Nemėžis–Stotis	957	NULL	NULL	NULL	NULL	NULL	NULL	NULL	16	Autobusai	16	03		985	NULL	NULL	NULL
missed	567598	A>B	Stotis–Nemėžis–Skaidiškės	998	NULL	NULL	NULL	NULL	NULL	NULL	NULL	16	Autobusai	16	03		1026	NULL	NULL	NULL
missed	567598	B>A	Skaidiškės–Nemėžis–Stotis	1034	NULL	NULL	NULL	NULL	NULL	NULL	NULL	16	Autobusai	16	03		1062	NULL	NULL	NULL
missed	567598	A>B	Stotis–Nemėžis–Skaidiškės	1073	NULL	NULL	NULL	NULL	NULL	NULL	NULL	16	Autobusai	16	03		1101	NULL	NULL	NULL
missed	567598	B>A	Skaidiškės–Nemėžis–Stotis	1110	NULL	NULL	NULL	NULL	NULL	NULL	NULL	16	Autobusai	16	03		1138	NULL	NULL	NULL
missed	567598	A>B	Stotis–Nemėžis–Skaidiškės	1186	NULL	NULL	NULL	NULL	NULL	NULL	NULL	16	Autobusai	16	03		1214	NULL	NULL	NULL
missed	567598	B>A	Skaidiškės–Nemėžis–Stotis	1221	NULL	NULL	NULL	NULL	NULL	NULL	NULL	16	Autobusai	16	03		1249	NULL	NULL	NULL
missed	567598	A>B	Stotis–Nemėžis–Skaidiškės	1284	NULL	NULL	NULL	NULL	NULL	NULL	NULL	16	Autobusai	16	03		1312	NULL	NULL	NULL
missed	567598	B>A	Skaidiškės–Nemėžis–Stotis	1319	NULL	NULL	NULL	NULL	NULL	NULL	NULL	16	Autobusai	16	03		1347	NULL	NULL	NULL
missed	567598	A>B	Stotis–Nemėžis–Skaidiškės	1360	NULL	NULL	NULL	NULL	NULL	NULL	NULL	16	Autobusai	16	03		1388	NULL	NULL	NULL
missed	567598	B>A	Skaidiškės–Nemėžis–Stotis	1395	NULL	NULL	NULL	NULL	NULL	NULL	NULL	16	Autobusai	16	03		1423	NULL	NULL	NULL
missed	614769	B>A	Antaviliai–Nemenčinės pl.–Antakalnis	316	NULL	NULL	NULL	NULL	NULL	NULL	NULL	17	Autobusai	17	01		343	NULL	NULL	NULL
missed	614769	A>B	Antakalnis–Nemenčinės pl.–Antaviliai	353	NULL	NULL	NULL	NULL	NULL	NULL	NULL	17	Autobusai	17	01		380	NULL	NULL	NULL
missed	614769	B>A	Antaviliai–Nemenčinės pl.–Antakalnis	380	NULL	NULL	NULL	NULL	NULL	NULL	NULL	17	Autobusai	17	01		407	NULL	NULL	NULL
missed	614769	A>B	Antakalnis–Nemenčinės pl.–Antaviliai	417	NULL	NULL	NULL	NULL	NULL	NULL	NULL	17	Autobusai	17	01		444	NULL	NULL	NULL
missed	614769	B>A	Antaviliai–Nemenčinės pl.–Antakalnis	444	NULL	NULL	NULL	NULL	NULL	NULL	NULL	17	Autobusai	17	01		471	NULL	NULL	NULL
missed	614769	A>B	Antakalnis–Nemenčinės pl.–Antaviliai	481	NULL	NULL	NULL	NULL	NULL	NULL	NULL	17	Autobusai	17	01		508	NULL	NULL	NULL
missed	614769	B>A	Antaviliai–Nemenčinės pl.–Antakalnis	508	NULL	NULL	NULL	NULL	NULL	NULL	NULL	17	Autobusai	17	01		535	NULL	NULL	NULL
missed	614769	A>B	Antakalnis–Nemenčinės pl.–Antaviliai	571	NULL	NULL	NULL	NULL	NULL	NULL	NULL	17	Autobusai	17	01		598	NULL	NULL	NULL
missed	614769	B>A	Antaviliai–Nemenčinės pl.–Antakalnis	598	NULL	NULL	NULL	NULL	NULL	NULL	NULL	17	Autobusai	17	01		625	NULL	NULL	NULL
missed	614769	A>B	Antakalnis–Nemenčinės pl.–Antaviliai	637	NULL	NULL	NULL	NULL	NULL	NULL	NULL	17	Autobusai	17	01		664	NULL	NULL	NULL
missed	614769	B>A	Antaviliai–Nemenčinės pl.–Antakalnis	664	NULL	NULL	NULL	NULL	NULL	NULL	NULL	17	Autobusai	17	01		691	NULL	NULL	NULL
missed	614769	A>B	Antakalnis–Nemenčinės pl.–Antaviliai	705	NULL	NULL	NULL	NULL	NULL	NULL	NULL	17	Autobusai	17	01		732	NULL	NULL	NULL
missed	614769	B>A	Antaviliai–Nemenčinės pl.–Antakalnis	732	NULL	NULL	NULL	NULL	NULL	NULL	NULL	17	Autobusai	17	01		759	NULL	NULL	NULL
missed	614769	A>B	Antakalnis–Nemenčinės pl.–Antaviliai	780	NULL	NULL	NULL	NULL	NULL	NULL	NULL	17	Autobusai	17	01		807	NULL	NULL	NULL
missed	614769	B>A	Antaviliai–Nemenčinės pl.–Antakalnis	807	NULL	NULL	NULL	NULL	NULL	NULL	NULL	17	Autobusai	17	01		834	NULL	NULL	NULL
missed	614769	A>B	Antakalnis–Nemenčinės pl.–Antaviliai	844	NULL	NULL	NULL	NULL	NULL	NULL	NULL	17	Autobusai	17	01		871	NULL	NULL	NULL
missed	614769	B>A	Antaviliai–Nemenčinės pl.–Antakalnis	871	NULL	NULL	NULL	NULL	NULL	NULL	NULL	17	Autobusai	17	01		898	NULL	NULL	NULL
missed	614769	A>B	Antakalnis–Nemenčinės pl.–Antaviliai	908	NULL	NULL	NULL	NULL	NULL	NULL	NULL	17	Autobusai	17	01		935	NULL	NULL	NULL
missed	614769	B>A	Antaviliai–Nemenčinės pl.–Antakalnis	935	NULL	NULL	NULL	NULL	NULL	NULL	NULL	17	Autobusai	17	01		962	NULL	NULL	NULL
missed	614769	A>B	Antakalnis–Nemenčinės pl.–Antaviliai	972	NULL	NULL	NULL	NULL	NULL	NULL	NULL	17	Autobusai	17	01		999	NULL	NULL	NULL
missed	614769	B>A	Antaviliai–Nemenčinės pl.–Antakalnis	999	NULL	NULL	NULL	NULL	NULL	NULL	NULL	17	Autobusai	17	01		1026	NULL	NULL	NULL
missed	614769	A>B	Antakalnis–Nemenčinės pl.–Antaviliai	1045	NULL	NULL	NULL	NULL	NULL	NULL	NULL	17	Autobusai	17	01		1072	NULL	NULL	NULL
missed	614769	B>A	Antaviliai–Nemenčinės pl.–Antakalnis	1072	NULL	NULL	NULL	NULL	NULL	NULL	NULL	17	Autobusai	17	01		1099	NULL	NULL	NULL
missed	614769	A>B	Antakalnis–Nemenčinės pl.–Antaviliai	1136	NULL	NULL	NULL	NULL	NULL	NULL	NULL	17	Autobusai	17	01		1163	NULL	NULL	NULL
missed	614769	B>A	Antaviliai–Nemenčinės pl.–Antakalnis	1163	NULL	NULL	NULL	NULL	NULL	NULL	NULL	17	Autobusai	17	01		1190	NULL	NULL	NULL
missed	614769	A>B	Antakalnis–Nemenčinės pl.–Antaviliai	1200	NULL	NULL	NULL	NULL	NULL	NULL	NULL	17	Autobusai	17	01		1222	NULL	NULL	NULL
missed	614769	B>A	Antaviliai–Nemenčinės pl.–Antakalnis	1222	NULL	NULL	NULL	NULL	NULL	NULL	NULL	17	Autobusai	17	01		1244	NULL	NULL	NULL
missed	614769	A>B	Antakalnis–Nemenčinės pl.–Antaviliai	1254	NULL	NULL	NULL	NULL	NULL	NULL	NULL	17	Autobusai	17	01		1278	NULL	NULL	NULL
missed	614769	B>A	Antaviliai–Nemenčinės pl.–Antakalnis	1278	NULL	NULL	NULL	NULL	NULL	NULL	NULL	17	Autobusai	17	01		1300	NULL	NULL	NULL
missed	614769	A>B	Antakalnis–Nemenčinės pl.–Antaviliai	1310	NULL	NULL	NULL	NULL	NULL	NULL	NULL	17	Autobusai	17	01		1334	NULL	NULL	NULL
missed	614769	B>A	Antaviliai–Nemenčinės pl.–Antakalnis	1334	NULL	NULL	NULL	NULL	NULL	NULL	NULL	17	Autobusai	17	01		1356	NULL	NULL	NULL
missed	614769	A>B	Antakalnis–Nemenčinės pl.–Antaviliai	1366	NULL	NULL	NULL	NULL	NULL	NULL	NULL	17	Autobusai	17	01		1390	NULL	NULL	NULL
missed	614769	B>A	Antaviliai–Nemenčinės pl.–Antakalnis	1390	NULL	NULL	NULL	NULL	NULL	NULL	NULL	17	Autobusai	17	01		1412	NULL	NULL	NULL
missed	614770	A>B	Antakalnis–Nemenčinės pl.–Antaviliai	319	NULL	NULL	NULL	NULL	NULL	NULL	NULL	17	Autobusai	17	02		346	NULL	NULL	NULL
missed	614770	B>A	Antaviliai–Nemenčinės pl.–Antakalnis	346	NULL	NULL	NULL	NULL	NULL	NULL	NULL	17	Autobusai	17	02		373	NULL	NULL	NULL
missed	614770	A>B	Antakalnis–Nemenčinės pl.–Antaviliai	383	NULL	NULL	NULL	NULL	NULL	NULL	NULL	17	Autobusai	17	02		410	NULL	NULL	NULL
missed	614770	B>A	Antaviliai–Nemenčinės pl.–Antakalnis	410	NULL	NULL	NULL	NULL	NULL	NULL	NULL	17	Autobusai	17	02		437	NULL	NULL	NULL
missed	614770	A>B	Antakalnis–Nemenčinės pl.–Antaviliai	447	NULL	NULL	NULL	NULL	NULL	NULL	NULL	17	Autobusai	17	02		474	NULL	NULL	NULL
missed	614770	B>A	Antaviliai–Nemenčinės pl.–Antakalnis	474	NULL	NULL	NULL	NULL	NULL	NULL	NULL	17	Autobusai	17	02		501	NULL	NULL	NULL
missed	614770	A>B	Antakalnis–Nemenčinės pl.–Antaviliai	514	NULL	NULL	NULL	NULL	NULL	NULL	NULL	17	Autobusai	17	02		541	NULL	NULL	NULL
missed	614770	B>A	Antaviliai–Nemenčinės pl.–Antakalnis	541	NULL	NULL	NULL	NULL	NULL	NULL	NULL	17	Autobusai	17	02		568	NULL	NULL	NULL
missed	614770	A>B	Antakalnis–Nemenčinės pl.–Antaviliai	948	NULL	NULL	NULL	NULL	NULL	NULL	NULL	17	Autobusai	17	02		975	NULL	NULL	NULL
missed	614770	B>A	Antaviliai–Nemenčinės pl.–Antakalnis	975	NULL	NULL	NULL	NULL	NULL	NULL	NULL	17	Autobusai	17	02		1002	NULL	NULL	NULL
missed	614770	A>B	Antakalnis–Nemenčinės pl.–Antaviliai	1012	NULL	NULL	NULL	NULL	NULL	NULL	NULL	17	Autobusai	17	02		1039	NULL	NULL	NULL
missed	614770	B>A	Antaviliai–Nemenčinės pl.–Antakalnis	1039	NULL	NULL	NULL	NULL	NULL	NULL	NULL	17	Autobusai	17	02		1066	NULL	NULL	NULL
missed	614770	A>B	Antakalnis–Nemenčinės pl.–Antaviliai	1076	NULL	NULL	NULL	NULL	NULL	NULL	NULL	17	Autobusai	17	02		1103	NULL	NULL	NULL
missed	614770	B>A	Antaviliai–Nemenčinės pl.–Antakalnis	1103	NULL	NULL	NULL	NULL	NULL	NULL	NULL	17	Autobusai	17	02		1130	NULL	NULL	NULL
missed	663224	B>A	Parko g.–Dvarčionys–Antakalnis	324	NULL	NULL	NULL	NULL	NULL	NULL	NULL	18	Autobusai	18	01-Ž		363	NULL	NULL	NULL
missed	663224	A>B	Antakalnis–Dvarčionys–Parko g.	369	NULL	NULL	NULL	NULL	NULL	NULL	NULL	18	Autobusai	18	01-Ž		409	NULL	NULL	NULL
missed	663224	B>A	Parko g.–Dvarčionys–Antakalnis	417	NULL	NULL	NULL	NULL	NULL	NULL	NULL	18	Autobusai	18	01-Ž		458	NULL	NULL	NULL
missed	663224	A>B	Antakalnis–Dvarčionys–Parko g.	467	NULL	NULL	NULL	NULL	NULL	NULL	NULL	18	Autobusai	18	01-Ž		509	NULL	NULL	NULL
missed	663224	B>A	Parko g.–Dvarčionys–Antakalnis	516	NULL	NULL	NULL	NULL	NULL	NULL	NULL	18	Autobusai	18	01-Ž		557	NULL	NULL	NULL
missed	663224	A>B	Antakalnis–Dvarčionys–Parko g.	589	NULL	NULL	NULL	NULL	NULL	NULL	NULL	18	Autobusai	18	01-Ž		631	NULL	NULL	NULL
missed	663224	B>A	Parko g.–Dvarčionys–Antakalnis	637	NULL	NULL	NULL	NULL	NULL	NULL	NULL	18	Autobusai	18	01-Ž		678	NULL	NULL	NULL
missed	663224	A>B	Antakalnis–Dvarčionys–Parko g.	685	NULL	NULL	NULL	NULL	NULL	NULL	NULL	18	Autobusai	18	01-Ž		727	NULL	NULL	NULL
missed	663224	B>A	Parko g.–Dvarčionys–Antakalnis	732	NULL	NULL	NULL	NULL	NULL	NULL	NULL	18	Autobusai	18	01-Ž		773	NULL	NULL	NULL
missed	663224	A>B	Antakalnis–Dvarčionys–Parko g.	780	NULL	NULL	NULL	NULL	NULL	NULL	NULL	18	Autobusai	18	01-Ž		822	NULL	NULL	NULL
missed	663224	B>A	Parko g.–Dvarčionys–Antakalnis	831	NULL	NULL	NULL	NULL	NULL	NULL	NULL	18	Autobusai	18	01-Ž		872	NULL	NULL	NULL
missed	663224	A>B	Antakalnis–Dvarčionys–Parko g.	881	NULL	NULL	NULL	NULL	NULL	NULL	NULL	18	Autobusai	18	01-Ž		923	NULL	NULL	NULL
missed	663224	B>A	Parko g.–Dvarčionys–Antakalnis	928	NULL	NULL	NULL	NULL	NULL	NULL	NULL	18	Autobusai	18	01-Ž		969	NULL	NULL	NULL
missed	663224	A>B	Antakalnis–Dvarčionys–Parko g.	979	NULL	NULL	NULL	NULL	NULL	NULL	NULL	18	Autobusai	18	01-Ž		1021	NULL	NULL	NULL
missed	663224	B>A	Parko g.–Dvarčionys–Antakalnis	1026	NULL	NULL	NULL	NULL	NULL	NULL	NULL	18	Autobusai	18	01-Ž		1067	NULL	NULL	NULL
missed	663224	A>B	Antakalnis–Dvarčionys–Parko g.	1077	NULL	NULL	NULL	NULL	NULL	NULL	NULL	18	Autobusai	18	01-Ž		1119	NULL	NULL	NULL
missed	663224	B>A	Parko g.–Dvarčionys–Antakalnis	1128	NULL	NULL	NULL	NULL	NULL	NULL	NULL	18	Autobusai	18	01-Ž		1169	NULL	NULL	NULL
missed	663224	A>B	Antakalnis–Dvarčionys–Parko g.	1210	NULL	NULL	NULL	NULL	NULL	NULL	NULL	18	Autobusai	18	01-Ž		1252	NULL	NULL	NULL
missed	663224	B>A	Parko g.–Dvarčionys–Antakalnis	1257	NULL	NULL	NULL	NULL	NULL	NULL	NULL	18	Autobusai	18	01-Ž		1296	NULL	NULL	NULL
missed	663224	A>B	Antakalnis–Dvarčionys–Parko g.	1306	NULL	NULL	NULL	NULL	NULL	NULL	NULL	18	Autobusai	18	01-Ž		1346	NULL	NULL	NULL
missed	663224	B>A	Parko g.–Dvarčionys–Antakalnis	1351	NULL	NULL	NULL	NULL	NULL	NULL	NULL	18	Autobusai	18	01-Ž		1390	NULL	NULL	NULL
missed	663222	A>B	Antakalnis–Dvarčionys–Parko g.	353	NULL	NULL	NULL	NULL	NULL	NULL	NULL	18	Autobusai	18	02		393	NULL	NULL	NULL
missed	663222	B>A	Parko g.–Dvarčionys–Antakalnis	399	NULL	NULL	NULL	NULL	NULL	NULL	NULL	18	Autobusai	18	02		440	NULL	NULL	NULL
missed	663222	A>B	Antakalnis–Dvarčionys–Parko g.	449	NULL	NULL	NULL	NULL	NULL	NULL	NULL	18	Autobusai	18	02		491	NULL	NULL	NULL
missed	663222	B>A	Parko g.–Dvarčionys–Antakalnis	500	NULL	NULL	NULL	NULL	NULL	NULL	NULL	18	Autobusai	18	02		541	NULL	NULL	NULL
missed	663222	A>B	Antakalnis–Dvarčionys–Parko g.	551	NULL	NULL	NULL	NULL	NULL	NULL	NULL	18	Autobusai	18	02		593	NULL	NULL	NULL
missed	663222	B>A	Parko g.–Dvarčionys–Antakalnis	602	NULL	NULL	NULL	NULL	NULL	NULL	NULL	18	Autobusai	18	02		643	NULL	NULL	NULL
missed	663222	A>B	Antakalnis–Dvarčionys–Parko g.	961	NULL	NULL	NULL	NULL	NULL	NULL	NULL	18	Autobusai	18	02		1003	NULL	NULL	NULL
missed	663222	B>A	Parko g.–Dvarčionys–Antakalnis	1008	NULL	NULL	NULL	NULL	NULL	NULL	NULL	18	Autobusai	18	02		1049	NULL	NULL	NULL
missed	663222	A>B	Antakalnis–Dvarčionys–Parko g.	1058	NULL	NULL	NULL	NULL	NULL	NULL	NULL	18	Autobusai	18	02		1100	NULL	NULL	NULL
missed	663222	B>A	Parko g.–Dvarčionys–Antakalnis	1105	NULL	NULL	NULL	NULL	NULL	NULL	NULL	18	Autobusai	18	02		1146	NULL	NULL	NULL
missed	663220	A>B	Antakalnis–Dvarčionys–Parko g.	296	NULL	NULL	NULL	NULL	NULL	NULL	NULL	18	Autobusai	18	03		336	NULL	NULL	NULL
missed	663220	B>A	Parko g.–Dvarčionys–Antakalnis	345	NULL	NULL	NULL	NULL	NULL	NULL	NULL	18	Autobusai	18	03		384	NULL	NULL	NULL
missed	663220	A>B	Antakalnis–Dvarčionys–Parko g.	390	NULL	NULL	NULL	NULL	NULL	NULL	NULL	18	Autobusai	18	03		432	NULL	NULL	NULL
missed	663220	B>A	Parko g.–Dvarčionys–Antakalnis	437	NULL	NULL	NULL	NULL	NULL	NULL	NULL	18	Autobusai	18	03		478	NULL	NULL	NULL
missed	663220	A>B	Antakalnis–Dvarčionys–Parko g.	487	NULL	NULL	NULL	NULL	NULL	NULL	NULL	18	Autobusai	18	03		529	NULL	NULL	NULL
missed	663220	B>A	Parko g.–Dvarčionys–Antakalnis	534	NULL	NULL	NULL	NULL	NULL	NULL	NULL	18	Autobusai	18	03		575	NULL	NULL	NULL
missed	663220	A>B	Antakalnis–Dvarčionys–Parko g.	614	NULL	NULL	NULL	NULL	NULL	NULL	NULL	18	Autobusai	18	03		656	NULL	NULL	NULL
missed	663220	B>A	Parko g.–Dvarčionys–Antakalnis	663	NULL	NULL	NULL	NULL	NULL	NULL	NULL	18	Autobusai	18	03		704	NULL	NULL	NULL
missed	663220	A>B	Antakalnis–Dvarčionys–Parko g.	712	NULL	NULL	NULL	NULL	NULL	NULL	NULL	18	Autobusai	18	03		754	NULL	NULL	NULL
missed	663220	B>A	Parko g.–Dvarčionys–Antakalnis	759	NULL	NULL	NULL	NULL	NULL	NULL	NULL	18	Autobusai	18	03		800	NULL	NULL	NULL
missed	663220	A>B	Antakalnis–Dvarčionys–Parko g.	810	NULL	NULL	NULL	NULL	NULL	NULL	NULL	18	Autobusai	18	03		852	NULL	NULL	NULL
missed	663220	B>A	Parko g.–Dvarčionys–Antakalnis	861	NULL	NULL	NULL	NULL	NULL	NULL	NULL	18	Autobusai	18	03		902	NULL	NULL	NULL
missed	663220	A>B	Antakalnis–Dvarčionys–Parko g.	912	NULL	NULL	NULL	NULL	NULL	NULL	NULL	18	Autobusai	18	03		954	NULL	NULL	NULL
missed	663220	B>A	Parko g.–Dvarčionys–Antakalnis	959	NULL	NULL	NULL	NULL	NULL	NULL	NULL	18	Autobusai	18	03		1000	NULL	NULL	NULL
missed	663220	A>B	Antakalnis–Dvarčionys–Parko g.	1014	NULL	NULL	NULL	NULL	NULL	NULL	NULL	18	Autobusai	18	03		1056	NULL	NULL	NULL
missed	663220	B>A	Parko g.–Dvarčionys–Antakalnis	1061	NULL	NULL	NULL	NULL	NULL	NULL	NULL	18	Autobusai	18	03		1102	NULL	NULL	NULL
missed	663220	A>B	Antakalnis–Dvarčionys–Parko g.	1134	NULL	NULL	NULL	NULL	NULL	NULL	NULL	18	Autobusai	18	03		1176	NULL	NULL	NULL
missed	663220	B>A	Parko g.–Dvarčionys–Antakalnis	1181	NULL	NULL	NULL	NULL	NULL	NULL	NULL	18	Autobusai	18	03		1222	NULL	NULL	NULL
missed	663220	A>B	Antakalnis–Dvarčionys–Parko g.	1254	NULL	NULL	NULL	NULL	NULL	NULL	NULL	18	Autobusai	18	03		1294	NULL	NULL	NULL
missed	663220	B>A	Parko g.–Dvarčionys–Antakalnis	1300	NULL	NULL	NULL	NULL	NULL	NULL	NULL	18	Autobusai	18	03		1339	NULL	NULL	NULL
missed	663220	A>B	Antakalnis–Dvarčionys–Parko g.	1345	NULL	NULL	NULL	NULL	NULL	NULL	NULL	18	Autobusai	18	03		1385	NULL	NULL	NULL
missed	663220	B>A	Parko g.–Dvarčionys–Antakalnis	1390	NULL	NULL	NULL	NULL	NULL	NULL	NULL	18	Autobusai	18	03		1429	NULL	NULL	NULL
missed	663223	A>B	Antakalnis–Dvarčionys–Parko g.	406	NULL	NULL	NULL	NULL	NULL	NULL	NULL	18	Autobusai	18	04		448	NULL	NULL	NULL
missed	663223	B>A	Parko g.–Dvarčionys–Antakalnis	453	NULL	NULL	NULL	NULL	NULL	NULL	NULL	18	Autobusai	18	04		494	NULL	NULL	NULL
missed	663223	A>B	Antakalnis–Dvarčionys–Parko g.	502	NULL	NULL	NULL	NULL	NULL	NULL	NULL	18	Autobusai	18	04		544	NULL	NULL	NULL
missed	663223	B>A	Parko g.–Dvarčionys–Antakalnis	551	NULL	NULL	NULL	NULL	NULL	NULL	NULL	18	Autobusai	18	04		592	NULL	NULL	NULL
missed	663223	A>B	Antakalnis–Dvarčionys–Parko g.	997	NULL	NULL	NULL	NULL	NULL	NULL	NULL	18	Autobusai	18	04		1039	NULL	NULL	NULL
missed	663223	B>A	Parko g.–Dvarčionys–Antakalnis	1044	NULL	NULL	NULL	NULL	NULL	NULL	NULL	18	Autobusai	18	04		1085	NULL	NULL	NULL
missed	663223	A>B	Antakalnis–Dvarčionys–Parko g.	1098	NULL	NULL	NULL	NULL	NULL	NULL	NULL	18	Autobusai	18	04		1140	NULL	NULL	NULL
missed	663223	B>A	Parko g.–Dvarčionys–Antakalnis	1145	NULL	NULL	NULL	NULL	NULL	NULL	NULL	18	Autobusai	18	04		1186	NULL	NULL	NULL
missed	663221	B1>A	Dvarčionys - Antakalnis	317	NULL	NULL	NULL	NULL	NULL	NULL	NULL	18	Autobusai	18	05		329	NULL	NULL	NULL
missed	663221	A>B	Antakalnis–Dvarčionys–Parko g.	332	NULL	NULL	NULL	NULL	NULL	NULL	NULL	18	Autobusai	18	05		372	NULL	NULL	NULL
missed	663221	B>A	Parko g.–Dvarčionys–Antakalnis	378	NULL	NULL	NULL	NULL	NULL	NULL	NULL	18	Autobusai	18	05		417	NULL	NULL	NULL
missed	663221	A>B	Antakalnis–Dvarčionys–Parko g.	427	NULL	NULL	NULL	NULL	NULL	NULL	NULL	18	Autobusai	18	05		469	NULL	NULL	NULL
missed	663221	B>A	Parko g.–Dvarčionys–Antakalnis	475	NULL	NULL	NULL	NULL	NULL	NULL	NULL	18	Autobusai	18	05		516	NULL	NULL	NULL
missed	663221	A>B	Antakalnis–Dvarčionys–Parko g.	526	NULL	NULL	NULL	NULL	NULL	NULL	NULL	18	Autobusai	18	05		568	NULL	NULL	NULL
missed	663221	B>A	Parko g.–Dvarčionys–Antakalnis	572	NULL	NULL	NULL	NULL	NULL	NULL	NULL	18	Autobusai	18	05		613	NULL	NULL	NULL
missed	663221	A>B	Antakalnis–Dvarčionys–Parko g.	648	NULL	NULL	NULL	NULL	NULL	NULL	NULL	18	Autobusai	18	05		690	NULL	NULL	NULL
missed	663221	B>A	Parko g.–Dvarčionys–Antakalnis	695	NULL	NULL	NULL	NULL	NULL	NULL	NULL	18	Autobusai	18	05		736	NULL	NULL	NULL
missed	663221	A>B	Antakalnis–Dvarčionys–Parko g.	743	NULL	NULL	NULL	NULL	NULL	NULL	NULL	18	Autobusai	18	05		785	NULL	NULL	NULL
missed	663221	B>A	Parko g.–Dvarčionys–Antakalnis	791	NULL	NULL	NULL	NULL	NULL	NULL	NULL	18	Autobusai	18	05		832	NULL	NULL	NULL
missed	663221	A>B	Antakalnis–Dvarčionys–Parko g.	842	NULL	NULL	NULL	NULL	NULL	NULL	NULL	18	Autobusai	18	05		884	NULL	NULL	NULL
missed	663221	B>A	Parko g.–Dvarčionys–Antakalnis	889	NULL	NULL	NULL	NULL	NULL	NULL	NULL	18	Autobusai	18	05		930	NULL	NULL	NULL
missed	663221	A>B	Antakalnis–Dvarčionys–Parko g.	936	NULL	NULL	NULL	NULL	NULL	NULL	NULL	18	Autobusai	18	05		978	NULL	NULL	NULL
missed	663221	B>A	Parko g.–Dvarčionys–Antakalnis	983	NULL	NULL	NULL	NULL	NULL	NULL	NULL	18	Autobusai	18	05		1024	NULL	NULL	NULL
missed	663221	A>B	Antakalnis–Dvarčionys–Parko g.	1034	NULL	NULL	NULL	NULL	NULL	NULL	NULL	18	Autobusai	18	05		1076	NULL	NULL	NULL
missed	663221	B>A	Parko g.–Dvarčionys–Antakalnis	1081	NULL	NULL	NULL	NULL	NULL	NULL	NULL	18	Autobusai	18	05		1122	NULL	NULL	NULL
missed	663221	A>B	Antakalnis–Dvarčionys–Parko g.	1158	NULL	NULL	NULL	NULL	NULL	NULL	NULL	18	Autobusai	18	05		1200	NULL	NULL	NULL
missed	663221	B>A	Parko g.–Dvarčionys–Antakalnis	1205	NULL	NULL	NULL	NULL	NULL	NULL	NULL	18	Autobusai	18	05		1246	NULL	NULL	NULL
missed	663221	A>B	Antakalnis–Dvarčionys–Parko g.	1278	NULL	NULL	NULL	NULL	NULL	NULL	NULL	18	Autobusai	18	05		1318	NULL	NULL	NULL
missed	663221	B>A	Parko g.–Dvarčionys–Antakalnis	1323	NULL	NULL	NULL	NULL	NULL	NULL	NULL	18	Autobusai	18	05		1362	NULL	NULL	NULL
missed	663221	A>B	Antakalnis–Dvarčionys–Parko g.	1367	NULL	NULL	NULL	NULL	NULL	NULL	NULL	18	Autobusai	18	05		1407	NULL	NULL	NULL
missed	663221	B>A	Parko g.–Dvarčionys–Antakalnis	1407	NULL	NULL	NULL	NULL	NULL	NULL	NULL	18	Autobusai	18	05		1444	NULL	NULL	NULL
missed	567606	A>B	Stotis–Lydos pl.–Salininkai	319	NULL	NULL	NULL	NULL	NULL	NULL	NULL	19	Autobusai	19	01-Ž		347	NULL	NULL	NULL
missed	567606	B>A	Salininkai–Lydos pl.–Stotis	354	NULL	NULL	NULL	NULL	NULL	NULL	NULL	19	Autobusai	19	01-Ž		384	NULL	NULL	NULL
missed	567606	A>B	Stotis–Lydos pl.–Salininkai	389	NULL	NULL	NULL	NULL	NULL	NULL	NULL	19	Autobusai	19	01-Ž		417	NULL	NULL	NULL
missed	567606	B>A	Salininkai–Lydos pl.–Stotis	427	NULL	NULL	NULL	NULL	NULL	NULL	NULL	19	Autobusai	19	01-Ž		457	NULL	NULL	NULL
missed	567606	A>B	Stotis–Lydos pl.–Salininkai	466	NULL	NULL	NULL	NULL	NULL	NULL	NULL	19	Autobusai	19	01-Ž		494	NULL	NULL	NULL
missed	567606	B>A	Salininkai–Lydos pl.–Stotis	500	NULL	NULL	NULL	NULL	NULL	NULL	NULL	19	Autobusai	19	01-Ž		530	NULL	NULL	NULL
missed	567606	A>B	Stotis–Lydos pl.–Salininkai	563	NULL	NULL	NULL	NULL	NULL	NULL	NULL	19	Autobusai	19	01-Ž		591	NULL	NULL	NULL
missed	567606	B>A	Salininkai–Lydos pl.–Stotis	599	NULL	NULL	NULL	NULL	NULL	NULL	NULL	19	Autobusai	19	01-Ž		629	NULL	NULL	NULL
missed	567606	A>B	Stotis–Lydos pl.–Salininkai	639	NULL	NULL	NULL	NULL	NULL	NULL	NULL	19	Autobusai	19	01-Ž		667	NULL	NULL	NULL
missed	567606	B>A	Salininkai–Lydos pl.–Stotis	676	NULL	NULL	NULL	NULL	NULL	NULL	NULL	19	Autobusai	19	01-Ž		706	NULL	NULL	NULL
missed	567606	A>B	Stotis–Lydos pl.–Salininkai	711	NULL	NULL	NULL	NULL	NULL	NULL	NULL	19	Autobusai	19	01-Ž		739	NULL	NULL	NULL
missed	567606	B>A	Salininkai–Lydos pl.–Stotis	744	NULL	NULL	NULL	NULL	NULL	NULL	NULL	19	Autobusai	19	01-Ž		774	NULL	NULL	NULL
missed	567606	A>B	Stotis–Lydos pl.–Salininkai	786	NULL	NULL	NULL	NULL	NULL	NULL	NULL	19	Autobusai	19	01-Ž		814	NULL	NULL	NULL
missed	567606	B>A	Salininkai–Lydos pl.–Stotis	819	NULL	NULL	NULL	NULL	NULL	NULL	NULL	19	Autobusai	19	01-Ž		849	NULL	NULL	NULL
missed	567606	A>B	Stotis–Lydos pl.–Salininkai	861	NULL	NULL	NULL	NULL	NULL	NULL	NULL	19	Autobusai	19	01-Ž		889	NULL	NULL	NULL
missed	567606	B>A	Salininkai–Lydos pl.–Stotis	894	NULL	NULL	NULL	NULL	NULL	NULL	NULL	19	Autobusai	19	01-Ž		924	NULL	NULL	NULL
missed	567606	A>B	Stotis–Lydos pl.–Salininkai	932	NULL	NULL	NULL	NULL	NULL	NULL	NULL	19	Autobusai	19	01-Ž		960	NULL	NULL	NULL
missed	567606	B>A	Salininkai–Lydos pl.–Stotis	968	NULL	NULL	NULL	NULL	NULL	NULL	NULL	19	Autobusai	19	01-Ž		998	NULL	NULL	NULL
missed	567606	A>B	Stotis–Lydos pl.–Salininkai	1008	NULL	NULL	NULL	NULL	NULL	NULL	NULL	19	Autobusai	19	01-Ž		1036	NULL	NULL	NULL
missed	567606	B>A	Salininkai–Lydos pl.–Stotis	1042	NULL	NULL	NULL	NULL	NULL	NULL	NULL	19	Autobusai	19	01-Ž		1072	NULL	NULL	NULL
missed	567606	A>B	Stotis–Lydos pl.–Salininkai	1079	NULL	NULL	NULL	NULL	NULL	NULL	NULL	19	Autobusai	19	01-Ž		1107	NULL	NULL	NULL
missed	567606	B>A	Salininkai–Lydos pl.–Stotis	1113	NULL	NULL	NULL	NULL	NULL	NULL	NULL	19	Autobusai	19	01-Ž		1143	NULL	NULL	NULL
missed	567606	A>B	Stotis–Lydos pl.–Salininkai	1188	NULL	NULL	NULL	NULL	NULL	NULL	NULL	19	Autobusai	19	01-Ž		1216	NULL	NULL	NULL
missed	567606	B>A	Salininkai–Lydos pl.–Stotis	1221	NULL	NULL	NULL	NULL	NULL	NULL	NULL	19	Autobusai	19	01-Ž		1251	NULL	NULL	NULL
missed	567606	A>B	Stotis–Lydos pl.–Salininkai	1264	NULL	NULL	NULL	NULL	NULL	NULL	NULL	19	Autobusai	19	01-Ž		1292	NULL	NULL	NULL
missed	567606	B>A	Salininkai–Lydos pl.–Stotis	1297	NULL	NULL	NULL	NULL	NULL	NULL	NULL	19	Autobusai	19	01-Ž		1327	NULL	NULL	NULL
missed	567606	A>B	Stotis–Lydos pl.–Salininkai	1337	NULL	NULL	NULL	NULL	NULL	NULL	NULL	19	Autobusai	19	01-Ž		1365	NULL	NULL	NULL
missed	567606	B>A	Salininkai–Lydos pl.–Stotis	1370	NULL	NULL	NULL	NULL	NULL	NULL	NULL	19	Autobusai	19	01-Ž		1400	NULL	NULL	NULL
missed	567607	A>B	Stotis–Lydos pl.–Salininkai	350	NULL	NULL	NULL	NULL	NULL	NULL	NULL	19	Autobusai	19	02		378	NULL	NULL	NULL
missed	567607	B>A	Salininkai–Lydos pl.–Stotis	385	NULL	NULL	NULL	NULL	NULL	NULL	NULL	19	Autobusai	19	02		415	NULL	NULL	NULL
missed	567607	A>B	Stotis–Lydos pl.–Salininkai	420	NULL	NULL	NULL	NULL	NULL	NULL	NULL	19	Autobusai	19	02		448	NULL	NULL	NULL
missed	567607	B>A	Salininkai–Lydos pl.–Stotis	453	NULL	NULL	NULL	NULL	NULL	NULL	NULL	19	Autobusai	19	02		483	NULL	NULL	NULL
missed	567607	A>B	Stotis–Lydos pl.–Salininkai	488	NULL	NULL	NULL	NULL	NULL	NULL	NULL	19	Autobusai	19	02		516	NULL	NULL	NULL
missed	567607	B>A	Salininkai–Lydos pl.–Stotis	523	NULL	NULL	NULL	NULL	NULL	NULL	NULL	19	Autobusai	19	02		553	NULL	NULL	NULL
missed	567607	A>B	Stotis–Lydos pl.–Salininkai	586	NULL	NULL	NULL	NULL	NULL	NULL	NULL	19	Autobusai	19	02		614	NULL	NULL	NULL
missed	567607	B>A	Salininkai–Lydos pl.–Stotis	622	NULL	NULL	NULL	NULL	NULL	NULL	NULL	19	Autobusai	19	02		652	NULL	NULL	NULL
missed	567607	A>B	Stotis–Lydos pl.–Salininkai	662	NULL	NULL	NULL	NULL	NULL	NULL	NULL	19	Autobusai	19	02		690	NULL	NULL	NULL
missed	567607	B>A	Salininkai–Lydos pl.–Stotis	696	NULL	NULL	NULL	NULL	NULL	NULL	NULL	19	Autobusai	19	02		726	NULL	NULL	NULL
missed	567607	A>B	Stotis–Lydos pl.–Salininkai	731	NULL	NULL	NULL	NULL	NULL	NULL	NULL	19	Autobusai	19	02		759	NULL	NULL	NULL
missed	567607	B>A	Salininkai–Lydos pl.–Stotis	767	NULL	NULL	NULL	NULL	NULL	NULL	NULL	19	Autobusai	19	02		797	NULL	NULL	NULL
missed	567607	A>B	Stotis–Lydos pl.–Salininkai	804	NULL	NULL	NULL	NULL	NULL	NULL	NULL	19	Autobusai	19	02		832	NULL	NULL	NULL
missed	567607	B>A	Salininkai–Lydos pl.–Stotis	839	NULL	NULL	NULL	NULL	NULL	NULL	NULL	19	Autobusai	19	02		869	NULL	NULL	NULL
missed	567607	A>B	Stotis–Lydos pl.–Salininkai	879	NULL	NULL	NULL	NULL	NULL	NULL	NULL	19	Autobusai	19	02		907	NULL	NULL	NULL
missed	567607	B>A	Salininkai–Lydos pl.–Stotis	915	NULL	NULL	NULL	NULL	NULL	NULL	NULL	19	Autobusai	19	02		945	NULL	NULL	NULL
missed	567607	A>B	Stotis–Lydos pl.–Salininkai	950	NULL	NULL	NULL	NULL	NULL	NULL	NULL	19	Autobusai	19	02		978	NULL	NULL	NULL
missed	567607	B>A	Salininkai–Lydos pl.–Stotis	986	NULL	NULL	NULL	NULL	NULL	NULL	NULL	19	Autobusai	19	02		1016	NULL	NULL	NULL
missed	567607	A>B	Stotis–Lydos pl.–Salininkai	1025	NULL	NULL	NULL	NULL	NULL	NULL	NULL	19	Autobusai	19	02		1053	NULL	NULL	NULL
missed	567607	B>A	Salininkai–Lydos pl.–Stotis	1061	NULL	NULL	NULL	NULL	NULL	NULL	NULL	19	Autobusai	19	02		1091	NULL	NULL	NULL
missed	567607	A>B	Stotis–Lydos pl.–Salininkai	1107	NULL	NULL	NULL	NULL	NULL	NULL	NULL	19	Autobusai	19	02		1135	NULL	NULL	NULL
missed	567607	B>A	Salininkai–Lydos pl.–Stotis	1145	NULL	NULL	NULL	NULL	NULL	NULL	NULL	19	Autobusai	19	02		1175	NULL	NULL	NULL
missed	567607	A>B	Stotis–Lydos pl.–Salininkai	1220	NULL	NULL	NULL	NULL	NULL	NULL	NULL	19	Autobusai	19	02		1248	NULL	NULL	NULL
missed	567607	B>A	Salininkai–Lydos pl.–Stotis	1256	NULL	NULL	NULL	NULL	NULL	NULL	NULL	19	Autobusai	19	02		1286	NULL	NULL	NULL
missed	567607	A>B	Stotis–Lydos pl.–Salininkai	1293	NULL	NULL	NULL	NULL	NULL	NULL	NULL	19	Autobusai	19	02		1321	NULL	NULL	NULL
missed	567607	B>A	Salininkai–Lydos pl.–Stotis	1329	NULL	NULL	NULL	NULL	NULL	NULL	NULL	19	Autobusai	19	02		1359	NULL	NULL	NULL
missed	567607	A>B	Stotis–Lydos pl.–Salininkai	1367	NULL	NULL	NULL	NULL	NULL	NULL	NULL	19	Autobusai	19	02		1395	NULL	NULL	NULL
missed	567607	B>A	Salininkai–Lydos pl.–Stotis	1400	NULL	NULL	NULL	NULL	NULL	NULL	NULL	19	Autobusai	19	02		1430	NULL	NULL	NULL
missed	567605	B>A	Salininkai–Lydos pl.–Stotis	330	NULL	NULL	NULL	NULL	NULL	NULL	NULL	19	Autobusai	19	03		360	NULL	NULL	NULL
missed	567605	A>B	Stotis–Lydos pl.–Salininkai	368	NULL	NULL	NULL	NULL	NULL	NULL	NULL	19	Autobusai	19	03		396	NULL	NULL	NULL
missed	567605	B>A	Salininkai–Lydos pl.–Stotis	405	NULL	NULL	NULL	NULL	NULL	NULL	NULL	19	Autobusai	19	03		435	NULL	NULL	NULL
missed	567605	A>B	Stotis–Lydos pl.–Salininkai	440	NULL	NULL	NULL	NULL	NULL	NULL	NULL	19	Autobusai	19	03		468	NULL	NULL	NULL
missed	567605	B>A	Salininkai–Lydos pl.–Stotis	476	NULL	NULL	NULL	NULL	NULL	NULL	NULL	19	Autobusai	19	03		506	NULL	NULL	NULL
missed	567605	A>B	Stotis–Lydos pl.–Salininkai	519	NULL	NULL	NULL	NULL	NULL	NULL	NULL	19	Autobusai	19	03		547	NULL	NULL	NULL
missed	567605	B>A	Salininkai–Lydos pl.–Stotis	554	NULL	NULL	NULL	NULL	NULL	NULL	NULL	19	Autobusai	19	03		584	NULL	NULL	NULL
missed	567605	A>B	Stotis–Lydos pl.–Salininkai	617	NULL	NULL	NULL	NULL	NULL	NULL	NULL	19	Autobusai	19	03		645	NULL	NULL	NULL
missed	567605	B>A	Salininkai–Lydos pl.–Stotis	650	NULL	NULL	NULL	NULL	NULL	NULL	NULL	19	Autobusai	19	03		680	NULL	NULL	NULL
missed	567605	A>B	Stotis–Lydos pl.–Salininkai	685	NULL	NULL	NULL	NULL	NULL	NULL	NULL	19	Autobusai	19	03		713	NULL	NULL	NULL
missed	567605	B>A	Salininkai–Lydos pl.–Stotis	721	NULL	NULL	NULL	NULL	NULL	NULL	NULL	19	Autobusai	19	03		751	NULL	NULL	NULL
missed	567605	A>B	Stotis–Lydos pl.–Salininkai	757	NULL	NULL	NULL	NULL	NULL	NULL	NULL	19	Autobusai	19	03		785	NULL	NULL	NULL
missed	567605	B>A	Salininkai–Lydos pl.–Stotis	789	NULL	NULL	NULL	NULL	NULL	NULL	NULL	19	Autobusai	19	03		819	NULL	NULL	NULL
missed	567605	A>B	Stotis–Lydos pl.–Salininkai	829	NULL	NULL	NULL	NULL	NULL	NULL	NULL	19	Autobusai	19	03		857	NULL	NULL	NULL
missed	567605	B>A	Salininkai–Lydos pl.–Stotis	867	NULL	NULL	NULL	NULL	NULL	NULL	NULL	19	Autobusai	19	03		897	NULL	NULL	NULL
missed	567605	A>B	Stotis–Lydos pl.–Salininkai	906	NULL	NULL	NULL	NULL	NULL	NULL	NULL	19	Autobusai	19	03		934	NULL	NULL	NULL
missed	567605	B>A	Salininkai–Lydos pl.–Stotis	942	NULL	NULL	NULL	NULL	NULL	NULL	NULL	19	Autobusai	19	03		972	NULL	NULL	NULL
missed	567605	A>B	Stotis–Lydos pl.–Salininkai	982	NULL	NULL	NULL	NULL	NULL	NULL	NULL	19	Autobusai	19	03		1010	NULL	NULL	NULL
missed	567605	B>A	Salininkai–Lydos pl.–Stotis	1018	NULL	NULL	NULL	NULL	NULL	NULL	NULL	19	Autobusai	19	03		1048	NULL	NULL	NULL
missed	567605	A>B	Stotis–Lydos pl.–Salininkai	1057	NULL	NULL	NULL	NULL	NULL	NULL	NULL	19	Autobusai	19	03		1085	NULL	NULL	NULL
missed	567605	B>A	Salininkai–Lydos pl.–Stotis	1090	NULL	NULL	NULL	NULL	NULL	NULL	NULL	19	Autobusai	19	03		1120	NULL	NULL	NULL
missed	567605	A>B	Stotis–Lydos pl.–Salininkai	1161	NULL	NULL	NULL	NULL	NULL	NULL	NULL	19	Autobusai	19	03		1189	NULL	NULL	NULL
missed	567605	B>A	Salininkai–Lydos pl.–Stotis	1194	NULL	NULL	NULL	NULL	NULL	NULL	NULL	19	Autobusai	19	03		1224	NULL	NULL	NULL
missed	567605	A>B	Stotis–Lydos pl.–Salininkai	1238	NULL	NULL	NULL	NULL	NULL	NULL	NULL	19	Autobusai	19	03		1266	NULL	NULL	NULL
missed	567605	B>A	Salininkai–Lydos pl.–Stotis	1274	NULL	NULL	NULL	NULL	NULL	NULL	NULL	19	Autobusai	19	03		1304	NULL	NULL	NULL
missed	567605	A>B	Stotis–Lydos pl.–Salininkai	1312	NULL	NULL	NULL	NULL	NULL	NULL	NULL	19	Autobusai	19	03		1340	NULL	NULL	NULL
missed	567605	B>A	Salininkai–Lydos pl.–Stotis	1345	NULL	NULL	NULL	NULL	NULL	NULL	NULL	19	Autobusai	19	03		1375	NULL	NULL	NULL
missed	614565	A>B	Stotis–Kalvarijų g.–Santariškės	314	NULL	NULL	NULL	NULL	NULL	NULL	NULL	1G	Autobusai	1G	01-ž		349	NULL	NULL	NULL
missed	614565	B>A	Santariškės–Kalvarijų g.–Stotis	357	NULL	NULL	NULL	NULL	NULL	NULL	NULL	1G	Autobusai	1G	01-ž		390	NULL	NULL	NULL
missed	614565	A>B	Stotis–Kalvarijų g.–Santariškės	393	NULL	NULL	NULL	NULL	NULL	NULL	NULL	1G	Autobusai	1G	01-ž		428	NULL	NULL	NULL
missed	614565	B>A	Santariškės–Kalvarijų g.–Stotis	436	NULL	NULL	NULL	NULL	NULL	NULL	NULL	1G	Autobusai	1G	01-ž		476	NULL	NULL	NULL
missed	614565	B>A	Santariškės–Kalvarijų g.–Stotis	535	NULL	NULL	NULL	NULL	NULL	NULL	NULL	1G	Autobusai	1G	01-ž		573	NULL	NULL	NULL
missed	614565	B>A	Santariškės–Kalvarijų g.–Stotis	659	NULL	NULL	NULL	NULL	NULL	NULL	NULL	1G	Autobusai	1G	01-ž		695	NULL	NULL	NULL
missed	614565	A>B	Stotis–Kalvarijų g.–Santariškės	701	NULL	NULL	NULL	NULL	NULL	NULL	NULL	1G	Autobusai	1G	01-ž		736	NULL	NULL	NULL
missed	614565	B>A	Santariškės–Kalvarijų g.–Stotis	751	NULL	NULL	NULL	NULL	NULL	NULL	NULL	1G	Autobusai	1G	01-ž		787	NULL	NULL	NULL
missed	614565	A>B	Stotis–Kalvarijų g.–Santariškės	790	NULL	NULL	NULL	NULL	NULL	NULL	NULL	1G	Autobusai	1G	01-ž		825	NULL	NULL	NULL
missed	614565	B>A	Santariškės–Kalvarijų g.–Stotis	836	NULL	NULL	NULL	NULL	NULL	NULL	NULL	1G	Autobusai	1G	01-ž		872	NULL	NULL	NULL
missed	614565	A>B	Stotis–Kalvarijų g.–Santariškės	880	NULL	NULL	NULL	NULL	NULL	NULL	NULL	1G	Autobusai	1G	01-ž		915	NULL	NULL	NULL
missed	614565	B>A	Santariškės–Kalvarijų g.–Stotis	924	NULL	NULL	NULL	NULL	NULL	NULL	NULL	1G	Autobusai	1G	01-ž		960	NULL	NULL	NULL
missed	614565	B>A	Santariškės–Kalvarijų g.–Stotis	1021	NULL	NULL	NULL	NULL	NULL	NULL	NULL	1G	Autobusai	1G	01-ž		1057	NULL	NULL	NULL
missed	614565	B>A	Santariškės–Kalvarijų g.–Stotis	1124	NULL	NULL	NULL	NULL	NULL	NULL	NULL	1G	Autobusai	1G	01-ž		1159	NULL	NULL	NULL
missed	614565	B>A	Santariškės–Kalvarijų g.–Stotis	1236	NULL	NULL	NULL	NULL	NULL	NULL	NULL	1G	Autobusai	1G	01-ž		1269	NULL	NULL	NULL
missed	614565	A>B	Stotis–Kalvarijų g.–Santariškės	1276	NULL	NULL	NULL	NULL	NULL	NULL	NULL	1G	Autobusai	1G	01-ž		1311	NULL	NULL	NULL
missed	614565	B>A	Santariškės–Kalvarijų g.–Stotis	1320	NULL	NULL	NULL	NULL	NULL	NULL	NULL	1G	Autobusai	1G	01-ž		1353	NULL	NULL	NULL
missed	614564	A>B	Stotis–Kalvarijų g.–Santariškės	373	NULL	NULL	NULL	NULL	NULL	NULL	NULL	1G	Autobusai	1G	02		408	NULL	NULL	NULL
missed	614564	B>A	Santariškės–Kalvarijų g.–Stotis	416	NULL	NULL	NULL	NULL	NULL	NULL	NULL	1G	Autobusai	1G	02		451	NULL	NULL	NULL
missed	614564	B>A	Santariškės–Kalvarijų g.–Stotis	515	NULL	NULL	NULL	NULL	NULL	NULL	NULL	1G	Autobusai	1G	02		555	NULL	NULL	NULL
missed	614564	A>B	Stotis–Kalvarijų g.–Santariškės	561	NULL	NULL	NULL	NULL	NULL	NULL	NULL	1G	Autobusai	1G	02		596	NULL	NULL	NULL
missed	614564	B>A	Santariškės–Kalvarijų g.–Stotis	608	NULL	NULL	NULL	NULL	NULL	NULL	NULL	1G	Autobusai	1G	02		644	NULL	NULL	NULL
missed	614564	B>A	Santariškės–Kalvarijų g.–Stotis	1015	NULL	NULL	NULL	NULL	NULL	NULL	NULL	1G	Autobusai	1G	02		1051	NULL	NULL	NULL
missed	614564	B>A	Santariškės–Kalvarijų g.–Stotis	1118	NULL	NULL	NULL	NULL	NULL	NULL	NULL	1G	Autobusai	1G	02		1153	NULL	NULL	NULL
missed	614570	B>A	Santariškės–Kalvarijų g.–Stotis	343	NULL	NULL	NULL	NULL	NULL	NULL	NULL	1G	Autobusai	1G	03-ž		376	NULL	NULL	NULL
missed	614570	A>B	Stotis–Kalvarijų g.–Santariškės	378	NULL	NULL	NULL	NULL	NULL	NULL	NULL	1G	Autobusai	1G	03-ž		413	NULL	NULL	NULL
missed	614570	B>A	Santariškės–Kalvarijų g.–Stotis	421	NULL	NULL	NULL	NULL	NULL	NULL	NULL	1G	Autobusai	1G	03-ž		460	NULL	NULL	NULL
missed	614570	B>A	Santariškės–Kalvarijų g.–Stotis	519	NULL	NULL	NULL	NULL	NULL	NULL	NULL	1G	Autobusai	1G	03-ž		559	NULL	NULL	NULL
missed	614570	B>A	Santariškės–Kalvarijų g.–Stotis	643	NULL	NULL	NULL	NULL	NULL	NULL	NULL	1G	Autobusai	1G	03-ž		679	NULL	NULL	NULL
missed	614570	A>B	Stotis–Kalvarijų g.–Santariškės	685	NULL	NULL	NULL	NULL	NULL	NULL	NULL	1G	Autobusai	1G	03-ž		720	NULL	NULL	NULL
missed	614570	B>A	Santariškės–Kalvarijų g.–Stotis	742	NULL	NULL	NULL	NULL	NULL	NULL	NULL	1G	Autobusai	1G	03-ž		778	NULL	NULL	NULL
missed	614570	A>B	Stotis–Kalvarijų g.–Santariškės	782	NULL	NULL	NULL	NULL	NULL	NULL	NULL	1G	Autobusai	1G	03-ž		817	NULL	NULL	NULL
missed	614570	B>A	Santariškės–Kalvarijų g.–Stotis	826	NULL	NULL	NULL	NULL	NULL	NULL	NULL	1G	Autobusai	1G	03-ž		862	NULL	NULL	NULL
missed	614570	A>B	Stotis–Kalvarijų g.–Santariškės	872	NULL	NULL	NULL	NULL	NULL	NULL	NULL	1G	Autobusai	1G	03-ž		907	NULL	NULL	NULL
missed	614570	B>A	Santariškės–Kalvarijų g.–Stotis	915	NULL	NULL	NULL	NULL	NULL	NULL	NULL	1G	Autobusai	1G	03-ž		951	NULL	NULL	NULL
missed	614570	A>B	Stotis–Kalvarijų g.–Santariškės	955	NULL	NULL	NULL	NULL	NULL	NULL	NULL	1G	Autobusai	1G	03-ž		990	NULL	NULL	NULL
missed	614570	B>A	Santariškės–Kalvarijų g.–Stotis	1000	NULL	NULL	NULL	NULL	NULL	NULL	NULL	1G	Autobusai	1G	03-ž		1036	NULL	NULL	NULL
missed	614570	B>A	Santariškės–Kalvarijų g.–Stotis	1104	NULL	NULL	NULL	NULL	NULL	NULL	NULL	1G	Autobusai	1G	03-ž		1140	NULL	NULL	NULL
missed	614570	B>A	Santariškės–Kalvarijų g.–Stotis	1228	NULL	NULL	NULL	NULL	NULL	NULL	NULL	1G	Autobusai	1G	03-ž		1261	NULL	NULL	NULL
missed	614570	A>B	Stotis–Kalvarijų g.–Santariškės	1267	NULL	NULL	NULL	NULL	NULL	NULL	NULL	1G	Autobusai	1G	03-ž		1302	NULL	NULL	NULL
missed	614570	B>A	Santariškės–Kalvarijų g.–Stotis	1310	NULL	NULL	NULL	NULL	NULL	NULL	NULL	1G	Autobusai	1G	03-ž		1343	NULL	NULL	NULL
missed	614574	A>B	Stotis–Kalvarijų g.–Santariškės	412	NULL	NULL	NULL	NULL	NULL	NULL	NULL	1G	Autobusai	1G	04		447	NULL	NULL	NULL
missed	614574	B>A	Santariškės–Kalvarijų g.–Stotis	457	NULL	NULL	NULL	NULL	NULL	NULL	NULL	1G	Autobusai	1G	04		497	NULL	NULL	NULL
missed	614574	B>A	Santariškės–Kalvarijų g.–Stotis	560	NULL	NULL	NULL	NULL	NULL	NULL	NULL	1G	Autobusai	1G	04		596	NULL	NULL	NULL
missed	614574	B>A	Santariškės–Kalvarijų g.–Stotis	958	NULL	NULL	NULL	NULL	NULL	NULL	NULL	1G	Autobusai	1G	04		994	NULL	NULL	NULL
missed	614574	B>A	Santariškės–Kalvarijų g.–Stotis	1067	NULL	NULL	NULL	NULL	NULL	NULL	NULL	1G	Autobusai	1G	04		1103	NULL	NULL	NULL
missed	614574	A>B	Stotis–Kalvarijų g.–Santariškės	1110	NULL	NULL	NULL	NULL	NULL	NULL	NULL	1G	Autobusai	1G	04		1151	NULL	NULL	NULL
missed	614574	B>A	Santariškės–Kalvarijų g.–Stotis	1160	NULL	NULL	NULL	NULL	NULL	NULL	NULL	1G	Autobusai	1G	04		1195	NULL	NULL	NULL
missed	614567	A>B	Stotis–Kalvarijų g.–Santariškės	325	NULL	NULL	NULL	NULL	NULL	NULL	NULL	1G	Autobusai	1G	05		360	NULL	NULL	NULL
missed	614567	B>A	Santariškės–Kalvarijų g.–Stotis	371	NULL	NULL	NULL	NULL	NULL	NULL	NULL	1G	Autobusai	1G	05		404	NULL	NULL	NULL
missed	614567	A>B	Stotis–Kalvarijų g.–Santariškės	407	NULL	NULL	NULL	NULL	NULL	NULL	NULL	1G	Autobusai	1G	05		442	NULL	NULL	NULL
missed	614567	B>A	Santariškės–Kalvarijų g.–Stotis	452	NULL	NULL	NULL	NULL	NULL	NULL	NULL	1G	Autobusai	1G	05		492	NULL	NULL	NULL
missed	614567	B>A	Santariškės–Kalvarijų g.–Stotis	555	NULL	NULL	NULL	NULL	NULL	NULL	NULL	1G	Autobusai	1G	05		591	NULL	NULL	NULL
missed	614567	B>A	Santariškės–Kalvarijų g.–Stotis	687	NULL	NULL	NULL	NULL	NULL	NULL	NULL	1G	Autobusai	1G	05		723	NULL	NULL	NULL
missed	614567	A>B	Stotis–Kalvarijų g.–Santariškės	727	NULL	NULL	NULL	NULL	NULL	NULL	NULL	1G	Autobusai	1G	05		762	NULL	NULL	NULL
missed	614567	B>A	Santariškės–Kalvarijų g.–Stotis	775	NULL	NULL	NULL	NULL	NULL	NULL	NULL	1G	Autobusai	1G	05		811	NULL	NULL	NULL
missed	614567	A>B	Stotis–Kalvarijų g.–Santariškės	817	NULL	NULL	NULL	NULL	NULL	NULL	NULL	1G	Autobusai	1G	05		852	NULL	NULL	NULL
missed	614567	B>A	Santariškės–Kalvarijų g.–Stotis	862	NULL	NULL	NULL	NULL	NULL	NULL	NULL	1G	Autobusai	1G	05		898	NULL	NULL	NULL
missed	614567	A>B	Stotis–Kalvarijų g.–Santariškės	903	NULL	NULL	NULL	NULL	NULL	NULL	NULL	1G	Autobusai	1G	05		938	NULL	NULL	NULL
missed	614567	B>A	Santariškės–Kalvarijų g.–Stotis	946	NULL	NULL	NULL	NULL	NULL	NULL	NULL	1G	Autobusai	1G	05		982	NULL	NULL	NULL
missed	614567	B>A	Santariškės–Kalvarijų g.–Stotis	1045	NULL	NULL	NULL	NULL	NULL	NULL	NULL	1G	Autobusai	1G	05		1083	NULL	NULL	NULL
missed	614567	B>A	Santariškės–Kalvarijų g.–Stotis	1176	NULL	NULL	NULL	NULL	NULL	NULL	NULL	1G	Autobusai	1G	05		1211	NULL	NULL	NULL
missed	614567	A>B	Stotis–Kalvarijų g.–Santariškės	1216	NULL	NULL	NULL	NULL	NULL	NULL	NULL	1G	Autobusai	1G	05		1251	NULL	NULL	NULL
missed	614567	B>A	Santariškės–Kalvarijų g.–Stotis	1263	NULL	NULL	NULL	NULL	NULL	NULL	NULL	1G	Autobusai	1G	05		1296	NULL	NULL	NULL
missed	614567	A>B	Stotis–Kalvarijų g.–Santariškės	1302	NULL	NULL	NULL	NULL	NULL	NULL	NULL	1G	Autobusai	1G	05		1337	NULL	NULL	NULL
missed	614567	B>A	Santariškės–Kalvarijų g.–Stotis	1346	NULL	NULL	NULL	NULL	NULL	NULL	NULL	1G	Autobusai	1G	05		1379	NULL	NULL	NULL
missed	614567	A>B	Stotis–Kalvarijų g.–Santariškės	1385	NULL	NULL	NULL	NULL	NULL	NULL	NULL	1G	Autobusai	1G	05		1420	NULL	NULL	NULL
missed	614572	A>B	Stotis–Kalvarijų g.–Santariškės	427	NULL	NULL	NULL	NULL	NULL	NULL	NULL	1G	Autobusai	1G	06		462	NULL	NULL	NULL
missed	614572	B>A	Santariškės–Kalvarijų g.–Stotis	473	NULL	NULL	NULL	NULL	NULL	NULL	NULL	1G	Autobusai	1G	06		513	NULL	NULL	NULL
missed	614572	A>B	Stotis–Kalvarijų g.–Santariškės	524	NULL	NULL	NULL	NULL	NULL	NULL	NULL	1G	Autobusai	1G	06		559	NULL	NULL	NULL
missed	614572	B>A	Santariškės–Kalvarijų g.–Stotis	570	NULL	NULL	NULL	NULL	NULL	NULL	NULL	1G	Autobusai	1G	06		606	NULL	NULL	NULL
missed	614572	B>A	Santariškės–Kalvarijų g.–Stotis	976	NULL	NULL	NULL	NULL	NULL	NULL	NULL	1G	Autobusai	1G	06		1012	NULL	NULL	NULL
missed	614572	B>A	Santariškės–Kalvarijų g.–Stotis	1081	NULL	NULL	NULL	NULL	NULL	NULL	NULL	1G	Autobusai	1G	06		1117	NULL	NULL	NULL
missed	614572	A>B	Stotis–Kalvarijų g.–Santariškės	1121	NULL	NULL	NULL	NULL	NULL	NULL	NULL	1G	Autobusai	1G	06		1159	NULL	NULL	NULL
missed	614572	B>A	Santariškės–Kalvarijų g.–Stotis	1165	NULL	NULL	NULL	NULL	NULL	NULL	NULL	1G	Autobusai	1G	06		1200	NULL	NULL	NULL
missed	614569	A>B	Stotis–Kalvarijų g.–Santariškės	335	NULL	NULL	NULL	NULL	NULL	NULL	NULL	1G	Autobusai	1G	07-ž		370	NULL	NULL	NULL
missed	614569	B>A	Santariškės–Kalvarijų g.–Stotis	379	NULL	NULL	NULL	NULL	NULL	NULL	NULL	1G	Autobusai	1G	07-ž		412	NULL	NULL	NULL
missed	614569	A>B	Stotis–Kalvarijų g.–Santariškės	417	NULL	NULL	NULL	NULL	NULL	NULL	NULL	1G	Autobusai	1G	07-ž		452	NULL	NULL	NULL
missed	614569	B>A	Santariškės–Kalvarijų g.–Stotis	462	NULL	NULL	NULL	NULL	NULL	NULL	NULL	1G	Autobusai	1G	07-ž		502	NULL	NULL	NULL
missed	614569	A>B	Stotis–Kalvarijų g.–Santariškės	506	NULL	NULL	NULL	NULL	NULL	NULL	NULL	1G	Autobusai	1G	07-ž		541	NULL	NULL	NULL
missed	614569	B>A	Santariškės–Kalvarijų g.–Stotis	550	NULL	NULL	NULL	NULL	NULL	NULL	NULL	1G	Autobusai	1G	07-ž		586	NULL	NULL	NULL
missed	614569	B>A	Santariškės–Kalvarijų g.–Stotis	676	NULL	NULL	NULL	NULL	NULL	NULL	NULL	1G	Autobusai	1G	07-ž		712	NULL	NULL	NULL
missed	614569	A>B	Stotis–Kalvarijų g.–Santariškės	717	NULL	NULL	NULL	NULL	NULL	NULL	NULL	1G	Autobusai	1G	07-ž		752	NULL	NULL	NULL
missed	614569	B>A	Santariškės–Kalvarijų g.–Stotis	767	NULL	NULL	NULL	NULL	NULL	NULL	NULL	1G	Autobusai	1G	07-ž		803	NULL	NULL	NULL
missed	614569	A>B	Stotis–Kalvarijų g.–Santariškės	806	NULL	NULL	NULL	NULL	NULL	NULL	NULL	1G	Autobusai	1G	07-ž		841	NULL	NULL	NULL
missed	614569	B>A	Santariškės–Kalvarijų g.–Stotis	850	NULL	NULL	NULL	NULL	NULL	NULL	NULL	1G	Autobusai	1G	07-ž		886	NULL	NULL	NULL
missed	614569	A>B	Stotis–Kalvarijų g.–Santariškės	897	NULL	NULL	NULL	NULL	NULL	NULL	NULL	1G	Autobusai	1G	07-ž		932	NULL	NULL	NULL
missed	614569	B>A	Santariškės–Kalvarijų g.–Stotis	939	NULL	NULL	NULL	NULL	NULL	NULL	NULL	1G	Autobusai	1G	07-ž		975	NULL	NULL	NULL
missed	614569	B>A	Santariškės–Kalvarijų g.–Stotis	1038	NULL	NULL	NULL	NULL	NULL	NULL	NULL	1G	Autobusai	1G	07-ž		1076	NULL	NULL	NULL
missed	614569	B>A	Santariškės–Kalvarijų g.–Stotis	1170	NULL	NULL	NULL	NULL	NULL	NULL	NULL	1G	Autobusai	1G	07-ž		1205	NULL	NULL	NULL
missed	614569	A>B	Stotis–Kalvarijų g.–Santariškės	1209	NULL	NULL	NULL	NULL	NULL	NULL	NULL	1G	Autobusai	1G	07-ž		1244	NULL	NULL	NULL
missed	614569	B>A	Santariškės–Kalvarijų g.–Stotis	1254	NULL	NULL	NULL	NULL	NULL	NULL	NULL	1G	Autobusai	1G	07-ž		1287	NULL	NULL	NULL
missed	614569	A>B	Stotis–Kalvarijų g.–Santariškės	1293	NULL	NULL	NULL	NULL	NULL	NULL	NULL	1G	Autobusai	1G	07-ž		1328	NULL	NULL	NULL
missed	614575	A>B	Stotis–Kalvarijų g.–Santariškės	383	NULL	NULL	NULL	NULL	NULL	NULL	NULL	1G	Autobusai	1G	08		418	NULL	NULL	NULL
missed	614575	B>A	Santariškės–Kalvarijų g.–Stotis	426	NULL	NULL	NULL	NULL	NULL	NULL	NULL	1G	Autobusai	1G	08		465	NULL	NULL	NULL
missed	614575	B>A	Santariškės–Kalvarijų g.–Stotis	525	NULL	NULL	NULL	NULL	NULL	NULL	NULL	1G	Autobusai	1G	08		563	NULL	NULL	NULL
missed	614575	A>B	Stotis–Kalvarijų g.–Santariškės	567	NULL	NULL	NULL	NULL	NULL	NULL	NULL	1G	Autobusai	1G	08		602	NULL	NULL	NULL
missed	614575	B>A	Santariškės–Kalvarijų g.–Stotis	614	NULL	NULL	NULL	NULL	NULL	NULL	NULL	1G	Autobusai	1G	08		650	NULL	NULL	NULL
missed	614575	B>A	Santariškės–Kalvarijų g.–Stotis	988	NULL	NULL	NULL	NULL	NULL	NULL	NULL	1G	Autobusai	1G	08		1024	NULL	NULL	NULL
missed	614575	B>A	Santariškės–Kalvarijų g.–Stotis	1091	NULL	NULL	NULL	NULL	NULL	NULL	NULL	1G	Autobusai	1G	08		1127	NULL	NULL	NULL
missed	614573	A>B	Stotis–Kalvarijų g.–Santariškės	361	NULL	NULL	NULL	NULL	NULL	NULL	NULL	1G	Autobusai	1G	09-ž		396	NULL	NULL	NULL
missed	614573	B>A	Santariškės–Kalvarijų g.–Stotis	404	NULL	NULL	NULL	NULL	NULL	NULL	NULL	1G	Autobusai	1G	09-ž		437	NULL	NULL	NULL
missed	614573	B>A	Santariškės–Kalvarijų g.–Stotis	504	NULL	NULL	NULL	NULL	NULL	NULL	NULL	1G	Autobusai	1G	09-ž		544	NULL	NULL	NULL
missed	614573	A>B	Stotis–Kalvarijų g.–Santariškės	550	NULL	NULL	NULL	NULL	NULL	NULL	NULL	1G	Autobusai	1G	09-ž		585	NULL	NULL	NULL
missed	614573	B>A	Santariškės–Kalvarijų g.–Stotis	596	NULL	NULL	NULL	NULL	NULL	NULL	NULL	1G	Autobusai	1G	09-ž		632	NULL	NULL	NULL
missed	614573	B>A	Santariškės–Kalvarijų g.–Stotis	718	NULL	NULL	NULL	NULL	NULL	NULL	NULL	1G	Autobusai	1G	09-ž		754	NULL	NULL	NULL
missed	614573	A>B	Stotis–Kalvarijų g.–Santariškės	756	NULL	NULL	NULL	NULL	NULL	NULL	NULL	1G	Autobusai	1G	09-ž		791	NULL	NULL	NULL
missed	614573	B>A	Santariškės–Kalvarijų g.–Stotis	802	NULL	NULL	NULL	NULL	NULL	NULL	NULL	1G	Autobusai	1G	09-ž		838	NULL	NULL	NULL
missed	614573	A>B	Stotis–Kalvarijų g.–Santariškės	843	NULL	NULL	NULL	NULL	NULL	NULL	NULL	1G	Autobusai	1G	09-ž		878	NULL	NULL	NULL
missed	614573	B>A	Santariškės–Kalvarijų g.–Stotis	887	NULL	NULL	NULL	NULL	NULL	NULL	NULL	1G	Autobusai	1G	09-ž		923	NULL	NULL	NULL
missed	614573	A>B	Stotis–Kalvarijų g.–Santariškės	926	NULL	NULL	NULL	NULL	NULL	NULL	NULL	1G	Autobusai	1G	09-ž		961	NULL	NULL	NULL
missed	614573	B>A	Santariškės–Kalvarijų g.–Stotis	969	NULL	NULL	NULL	NULL	NULL	NULL	NULL	1G	Autobusai	1G	09-ž		1005	NULL	NULL	NULL
missed	614573	B>A	Santariškės–Kalvarijų g.–Stotis	1077	NULL	NULL	NULL	NULL	NULL	NULL	NULL	1G	Autobusai	1G	09-ž		1113	NULL	NULL	NULL
missed	614573	B>A	Santariškės–Kalvarijų g.–Stotis	1199	NULL	NULL	NULL	NULL	NULL	NULL	NULL	1G	Autobusai	1G	09-ž		1232	NULL	NULL	NULL
missed	614573	A>B	Stotis–Kalvarijų g.–Santariškės	1238	NULL	NULL	NULL	NULL	NULL	NULL	NULL	1G	Autobusai	1G	09-ž		1273	NULL	NULL	NULL
missed	614573	B>A	Santariškės–Kalvarijų g.–Stotis	1282	NULL	NULL	NULL	NULL	NULL	NULL	NULL	1G	Autobusai	1G	09-ž		1315	NULL	NULL	NULL
missed	614573	A>B	Stotis–Kalvarijų g.–Santariškės	1320	NULL	NULL	NULL	NULL	NULL	NULL	NULL	1G	Autobusai	1G	09-ž		1355	NULL	NULL	NULL
missed	614573	B>A	Santariškės–Kalvarijų g.–Stotis	1361	NULL	NULL	NULL	NULL	NULL	NULL	NULL	1G	Autobusai	1G	09-ž		1394	NULL	NULL	NULL
missed	614573	A>B	Stotis–Kalvarijų g.–Santariškės	1397	NULL	NULL	NULL	NULL	NULL	NULL	NULL	1G	Autobusai	1G	09-ž		1432	NULL	NULL	NULL
missed	614568	A>B	Stotis–Kalvarijų g.–Santariškės	432	NULL	NULL	NULL	NULL	NULL	NULL	NULL	1G	Autobusai	1G	10		467	NULL	NULL	NULL
missed	614568	B>A	Santariškės–Kalvarijų g.–Stotis	479	NULL	NULL	NULL	NULL	NULL	NULL	NULL	1G	Autobusai	1G	10		519	NULL	NULL	NULL
missed	614568	A>B	Stotis–Kalvarijų g.–Santariškės	529	NULL	NULL	NULL	NULL	NULL	NULL	NULL	1G	Autobusai	1G	10		564	NULL	NULL	NULL
missed	614568	B>A	Santariškės–Kalvarijų g.–Stotis	575	NULL	NULL	NULL	NULL	NULL	NULL	NULL	1G	Autobusai	1G	10		611	NULL	NULL	NULL
missed	614568	B>A	Santariškės–Kalvarijų g.–Stotis	1008	NULL	NULL	NULL	NULL	NULL	NULL	NULL	1G	Autobusai	1G	10		1044	NULL	NULL	NULL
missed	614568	B>A	Santariškės–Kalvarijų g.–Stotis	1111	NULL	NULL	NULL	NULL	NULL	NULL	NULL	1G	Autobusai	1G	10		1147	NULL	NULL	NULL
missed	614566	B>A	Santariškės–Kalvarijų g.–Stotis	310	NULL	NULL	NULL	NULL	NULL	NULL	NULL	1G	Autobusai	1G	11		343	NULL	NULL	NULL
missed	614566	A>B	Stotis–Kalvarijų g.–Santariškės	344	NULL	NULL	NULL	NULL	NULL	NULL	NULL	1G	Autobusai	1G	11		379	NULL	NULL	NULL
missed	614566	B>A	Santariškės–Kalvarijų g.–Stotis	388	NULL	NULL	NULL	NULL	NULL	NULL	NULL	1G	Autobusai	1G	11		421	NULL	NULL	NULL
missed	614566	B>A	Santariškės–Kalvarijų g.–Stotis	493	NULL	NULL	NULL	NULL	NULL	NULL	NULL	1G	Autobusai	1G	11		533	NULL	NULL	NULL
missed	614566	A>B	Stotis–Kalvarijų g.–Santariškės	539	NULL	NULL	NULL	NULL	NULL	NULL	NULL	1G	Autobusai	1G	11		574	NULL	NULL	NULL
missed	614566	B>A	Santariškės–Kalvarijų g.–Stotis	585	NULL	NULL	NULL	NULL	NULL	NULL	NULL	1G	Autobusai	1G	11		621	NULL	NULL	NULL
missed	614566	B>A	Santariškės–Kalvarijų g.–Stotis	699	NULL	NULL	NULL	NULL	NULL	NULL	NULL	1G	Autobusai	1G	11		735	NULL	NULL	NULL
missed	614566	A>B	Stotis–Kalvarijų g.–Santariškės	737	NULL	NULL	NULL	NULL	NULL	NULL	NULL	1G	Autobusai	1G	11		772	NULL	NULL	NULL
missed	614566	B>A	Santariškės–Kalvarijų g.–Stotis	783	NULL	NULL	NULL	NULL	NULL	NULL	NULL	1G	Autobusai	1G	11		819	NULL	NULL	NULL
missed	614566	A>B	Stotis–Kalvarijų g.–Santariškės	829	NULL	NULL	NULL	NULL	NULL	NULL	NULL	1G	Autobusai	1G	11		864	NULL	NULL	NULL
missed	614566	B>A	Santariškės–Kalvarijų g.–Stotis	869	NULL	NULL	NULL	NULL	NULL	NULL	NULL	1G	Autobusai	1G	11		905	NULL	NULL	NULL
missed	614566	A>B	Stotis–Kalvarijų g.–Santariškės	909	NULL	NULL	NULL	NULL	NULL	NULL	NULL	1G	Autobusai	1G	11		944	NULL	NULL	NULL
missed	614566	B>A	Santariškės–Kalvarijų g.–Stotis	952	NULL	NULL	NULL	NULL	NULL	NULL	NULL	1G	Autobusai	1G	11		988	NULL	NULL	NULL
missed	614566	B>A	Santariškės–Kalvarijų g.–Stotis	1062	NULL	NULL	NULL	NULL	NULL	NULL	NULL	1G	Autobusai	1G	11		1099	NULL	NULL	NULL
missed	614566	B>A	Santariškės–Kalvarijų g.–Stotis	1183	NULL	NULL	NULL	NULL	NULL	NULL	NULL	1G	Autobusai	1G	11		1218	NULL	NULL	NULL
missed	614566	A>B	Stotis–Kalvarijų g.–Santariškės	1223	NULL	NULL	NULL	NULL	NULL	NULL	NULL	1G	Autobusai	1G	11		1258	NULL	NULL	NULL
missed	614566	B>A	Santariškės–Kalvarijų g.–Stotis	1273	NULL	NULL	NULL	NULL	NULL	NULL	NULL	1G	Autobusai	1G	11		1306	NULL	NULL	NULL
missed	614566	A>B	Stotis–Kalvarijų g.–Santariškės	1312	NULL	NULL	NULL	NULL	NULL	NULL	NULL	1G	Autobusai	1G	11		1347	NULL	NULL	NULL
missed	614563	A>B	Stotis–Kalvarijų g.–Santariškės	402	NULL	NULL	NULL	NULL	NULL	NULL	NULL	1G	Autobusai	1G	12		437	NULL	NULL	NULL
missed	614563	B>A	Santariškės–Kalvarijų g.–Stotis	446	NULL	NULL	NULL	NULL	NULL	NULL	NULL	1G	Autobusai	1G	12		486	NULL	NULL	NULL
missed	614563	B>A	Santariškės–Kalvarijų g.–Stotis	545	NULL	NULL	NULL	NULL	NULL	NULL	NULL	1G	Autobusai	1G	12		583	NULL	NULL	NULL
missed	614563	A>B	Stotis–Kalvarijų g.–Santariškės	591	NULL	NULL	NULL	NULL	NULL	NULL	NULL	1G	Autobusai	1G	12		626	NULL	NULL	NULL
missed	614563	B>A	Santariškės–Kalvarijų g.–Stotis	636	NULL	NULL	NULL	NULL	NULL	NULL	NULL	1G	Autobusai	1G	12		672	NULL	NULL	NULL
missed	614563	B>A	Santariškės–Kalvarijų g.–Stotis	1033	NULL	NULL	NULL	NULL	NULL	NULL	NULL	1G	Autobusai	1G	12		1071	NULL	NULL	NULL
missed	614563	B>A	Santariškės–Kalvarijų g.–Stotis	1139	NULL	NULL	NULL	NULL	NULL	NULL	NULL	1G	Autobusai	1G	12		1174	NULL	NULL	NULL
missed	614571	B>A	Santariškės–Kalvarijų g.–Stotis	319	NULL	NULL	NULL	NULL	NULL	NULL	NULL	1G	Autobusai	1G	13-ž		352	NULL	NULL	NULL
missed	614571	A>B	Stotis–Kalvarijų g.–Santariškės	353	NULL	NULL	NULL	NULL	NULL	NULL	NULL	1G	Autobusai	1G	13-ž		388	NULL	NULL	NULL
missed	614571	B>A	Santariškės–Kalvarijų g.–Stotis	396	NULL	NULL	NULL	NULL	NULL	NULL	NULL	1G	Autobusai	1G	13-ž		429	NULL	NULL	NULL
missed	614571	B>A	Santariškės–Kalvarijų g.–Stotis	499	NULL	NULL	NULL	NULL	NULL	NULL	NULL	1G	Autobusai	1G	13-ž		539	NULL	NULL	NULL
missed	614571	A>B	Stotis–Kalvarijų g.–Santariškės	545	NULL	NULL	NULL	NULL	NULL	NULL	NULL	1G	Autobusai	1G	13-ž		580	NULL	NULL	NULL
missed	614571	B>A	Santariškės–Kalvarijų g.–Stotis	591	NULL	NULL	NULL	NULL	NULL	NULL	NULL	1G	Autobusai	1G	13-ž		627	NULL	NULL	NULL
missed	614571	B>A	Santariškės–Kalvarijų g.–Stotis	709	NULL	NULL	NULL	NULL	NULL	NULL	NULL	1G	Autobusai	1G	13-ž		745	NULL	NULL	NULL
missed	614571	A>B	Stotis–Kalvarijų g.–Santariškės	747	NULL	NULL	NULL	NULL	NULL	NULL	NULL	1G	Autobusai	1G	13-ž		782	NULL	NULL	NULL
missed	614571	B>A	Santariškės–Kalvarijų g.–Stotis	794	NULL	NULL	NULL	NULL	NULL	NULL	NULL	1G	Autobusai	1G	13-ž		830	NULL	NULL	NULL
missed	614571	A>B	Stotis–Kalvarijų g.–Santariškės	836	NULL	NULL	NULL	NULL	NULL	NULL	NULL	1G	Autobusai	1G	13-ž		871	NULL	NULL	NULL
missed	614571	B>A	Santariškės–Kalvarijų g.–Stotis	880	NULL	NULL	NULL	NULL	NULL	NULL	NULL	1G	Autobusai	1G	13-ž		916	NULL	NULL	NULL
missed	614571	A>B	Stotis–Kalvarijų g.–Santariškės	921	NULL	NULL	NULL	NULL	NULL	NULL	NULL	1G	Autobusai	1G	13-ž		956	NULL	NULL	NULL
missed	614571	B>A	Santariškės–Kalvarijų g.–Stotis	964	NULL	NULL	NULL	NULL	NULL	NULL	NULL	1G	Autobusai	1G	13-ž		1000	NULL	NULL	NULL
missed	614571	B>A	Santariškės–Kalvarijų g.–Stotis	1072	NULL	NULL	NULL	NULL	NULL	NULL	NULL	1G	Autobusai	1G	13-ž		1108	NULL	NULL	NULL
missed	614571	B>A	Santariškės–Kalvarijų g.–Stotis	1191	NULL	NULL	NULL	NULL	NULL	NULL	NULL	1G	Autobusai	1G	13-ž		1225	NULL	NULL	NULL
missed	614571	A>B	Stotis–Kalvarijų g.–Santariškės	1231	NULL	NULL	NULL	NULL	NULL	NULL	NULL	1G	Autobusai	1G	13-ž		1266	NULL	NULL	NULL
missed	614571	B>A	Santariškės–Kalvarijų g.–Stotis	1292	NULL	NULL	NULL	NULL	NULL	NULL	NULL	1G	Autobusai	1G	13-ž		1325	NULL	NULL	NULL
missed	614571	A>B	Stotis–Kalvarijų g.–Santariškės	1332	NULL	NULL	NULL	NULL	NULL	NULL	NULL	1G	Autobusai	1G	13-ž		1367	NULL	NULL	NULL
missed	614571	B>A	Santariškės–Kalvarijų g.–Stotis	1375	NULL	NULL	NULL	NULL	NULL	NULL	NULL	1G	Autobusai	1G	13-ž		1408	NULL	NULL	NULL
missed	614576	A>B	Stotis–Kalvarijų g.–Santariškės	422	NULL	NULL	NULL	NULL	NULL	NULL	NULL	1G	Autobusai	1G	14		457	NULL	NULL	NULL
missed	614576	B>A	Santariškės–Kalvarijų g.–Stotis	467	NULL	NULL	NULL	NULL	NULL	NULL	NULL	1G	Autobusai	1G	14		507	NULL	NULL	NULL
missed	614576	A>B	Stotis–Kalvarijų g.–Santariškės	519	NULL	NULL	NULL	NULL	NULL	NULL	NULL	1G	Autobusai	1G	14		554	NULL	NULL	NULL
missed	614576	B>A	Santariškės–Kalvarijų g.–Stotis	565	NULL	NULL	NULL	NULL	NULL	NULL	NULL	1G	Autobusai	1G	14		601	NULL	NULL	NULL
missed	614576	A>B	Stotis–Kalvarijų g.–Santariškės	605	NULL	NULL	NULL	NULL	NULL	NULL	NULL	1G	Autobusai	1G	14		640	NULL	NULL	NULL
missed	614576	B>A	Santariškės–Kalvarijų g.–Stotis	651	NULL	NULL	NULL	NULL	NULL	NULL	NULL	1G	Autobusai	1G	14		687	NULL	NULL	NULL
missed	614576	B>A	Santariškės–Kalvarijų g.–Stotis	1051	NULL	NULL	NULL	NULL	NULL	NULL	NULL	1G	Autobusai	1G	14		1089	NULL	NULL	NULL
missed	614576	A>B	Stotis–Kalvarijų g.–Santariškės	1097	NULL	NULL	NULL	NULL	NULL	NULL	NULL	1G	Autobusai	1G	14		1139	NULL	NULL	NULL
missed	614576	B>A	Santariškės–Kalvarijų g.–Stotis	1147	NULL	NULL	NULL	NULL	NULL	NULL	NULL	1G	Autobusai	1G	14		1182	NULL	NULL	NULL
missed	614577	B>A	Santariškės–Kalvarijų g.–Stotis	331	NULL	NULL	NULL	NULL	NULL	NULL	NULL	1G	Autobusai	1G	15		364	NULL	NULL	NULL
missed	614577	A>B	Stotis–Kalvarijų g.–Santariškės	368	NULL	NULL	NULL	NULL	NULL	NULL	NULL	1G	Autobusai	1G	15		403	NULL	NULL	NULL
missed	614577	B>A	Santariškės–Kalvarijų g.–Stotis	410	NULL	NULL	NULL	NULL	NULL	NULL	NULL	1G	Autobusai	1G	15		444	NULL	NULL	NULL
missed	614577	B>A	Santariškės–Kalvarijų g.–Stotis	510	NULL	NULL	NULL	NULL	NULL	NULL	NULL	1G	Autobusai	1G	15		550	NULL	NULL	NULL
missed	614577	A>B	Stotis–Kalvarijų g.–Santariškės	555	NULL	NULL	NULL	NULL	NULL	NULL	NULL	1G	Autobusai	1G	15		590	NULL	NULL	NULL
missed	614577	B>A	Santariškės–Kalvarijų g.–Stotis	602	NULL	NULL	NULL	NULL	NULL	NULL	NULL	1G	Autobusai	1G	15		638	NULL	NULL	NULL
missed	614577	B>A	Santariškės–Kalvarijų g.–Stotis	726	NULL	NULL	NULL	NULL	NULL	NULL	NULL	1G	Autobusai	1G	15		762	NULL	NULL	NULL
missed	614577	A>B	Stotis–Kalvarijų g.–Santariškės	764	NULL	NULL	NULL	NULL	NULL	NULL	NULL	1G	Autobusai	1G	15		799	NULL	NULL	NULL
missed	614577	B>A	Santariškės–Kalvarijų g.–Stotis	810	NULL	NULL	NULL	NULL	NULL	NULL	NULL	1G	Autobusai	1G	15		846	NULL	NULL	NULL
missed	614577	A>B	Stotis–Kalvarijų g.–Santariškės	852	NULL	NULL	NULL	NULL	NULL	NULL	NULL	1G	Autobusai	1G	15		887	NULL	NULL	NULL
missed	614577	B>A	Santariškės–Kalvarijų g.–Stotis	896	NULL	NULL	NULL	NULL	NULL	NULL	NULL	1G	Autobusai	1G	15		932	NULL	NULL	NULL
missed	614577	A>B	Stotis–Kalvarijų g.–Santariškės	939	NULL	NULL	NULL	NULL	NULL	NULL	NULL	1G	Autobusai	1G	15		974	NULL	NULL	NULL
missed	614577	B>A	Santariškės–Kalvarijų g.–Stotis	983	NULL	NULL	NULL	NULL	NULL	NULL	NULL	1G	Autobusai	1G	15		1019	NULL	NULL	NULL
missed	614577	B>A	Santariškės–Kalvarijų g.–Stotis	1086	NULL	NULL	NULL	NULL	NULL	NULL	NULL	1G	Autobusai	1G	15		1122	NULL	NULL	NULL
missed	614577	B>A	Santariškės–Kalvarijų g.–Stotis	1209	NULL	NULL	NULL	NULL	NULL	NULL	NULL	1G	Autobusai	1G	15		1242	NULL	NULL	NULL
missed	614577	A>B	Stotis–Kalvarijų g.–Santariškės	1248	NULL	NULL	NULL	NULL	NULL	NULL	NULL	1G	Autobusai	1G	15		1283	NULL	NULL	NULL
missed	614578	A>B	Stotis–Kalvarijų g.–Santariškės	438	NULL	NULL	NULL	NULL	NULL	NULL	NULL	1G	Autobusai	1G	16		473	NULL	NULL	NULL
missed	614578	B>A	Santariškės–Kalvarijų g.–Stotis	486	NULL	NULL	NULL	NULL	NULL	NULL	NULL	1G	Autobusai	1G	16		526	NULL	NULL	NULL
missed	614578	A>B	Stotis–Kalvarijų g.–Santariškės	534	NULL	NULL	NULL	NULL	NULL	NULL	NULL	1G	Autobusai	1G	16		569	NULL	NULL	NULL
missed	614578	B>A	Santariškės–Kalvarijų g.–Stotis	580	NULL	NULL	NULL	NULL	NULL	NULL	NULL	1G	Autobusai	1G	16		616	NULL	NULL	NULL
missed	614578	A>B	Stotis–Kalvarijų g.–Santariškės	619	NULL	NULL	NULL	NULL	NULL	NULL	NULL	1G	Autobusai	1G	16		654	NULL	NULL	NULL
missed	614578	B>A	Santariškės–Kalvarijų g.–Stotis	667	NULL	NULL	NULL	NULL	NULL	NULL	NULL	1G	Autobusai	1G	16		703	NULL	NULL	NULL
missed	614578	B>A	Santariškės–Kalvarijų g.–Stotis	1056	NULL	NULL	NULL	NULL	NULL	NULL	NULL	1G	Autobusai	1G	16		1094	NULL	NULL	NULL
missed	614578	A>B	Stotis–Kalvarijų g.–Santariškės	1103	NULL	NULL	NULL	NULL	NULL	NULL	NULL	1G	Autobusai	1G	16		1145	NULL	NULL	NULL
missed	614578	B>A	Santariškės–Kalvarijų g.–Stotis	1154	NULL	NULL	NULL	NULL	NULL	NULL	NULL	1G	Autobusai	1G	16		1189	NULL	NULL	NULL
missed	614579	B>A	Santariškės–Kalvarijų g.–Stotis	351	NULL	NULL	NULL	NULL	NULL	NULL	NULL	1G	Autobusai	1G	17		384	NULL	NULL	NULL
missed	614579	A>B	Stotis–Kalvarijų g.–Santariškės	388	NULL	NULL	NULL	NULL	NULL	NULL	NULL	1G	Autobusai	1G	17		423	NULL	NULL	NULL
missed	614579	B>A	Santariškės–Kalvarijų g.–Stotis	431	NULL	NULL	NULL	NULL	NULL	NULL	NULL	1G	Autobusai	1G	17		471	NULL	NULL	NULL
missed	614579	B>A	Santariškės–Kalvarijų g.–Stotis	530	NULL	NULL	NULL	NULL	NULL	NULL	NULL	1G	Autobusai	1G	17		568	NULL	NULL	NULL
missed	614579	A>B	Stotis–Kalvarijų g.–Santariškės	574	NULL	NULL	NULL	NULL	NULL	NULL	NULL	1G	Autobusai	1G	17		609	NULL	NULL	NULL
missed	614579	B>A	Santariškės–Kalvarijų g.–Stotis	619	NULL	NULL	NULL	NULL	NULL	NULL	NULL	1G	Autobusai	1G	17		655	NULL	NULL	NULL
missed	614579	B>A	Santariškės–Kalvarijų g.–Stotis	734	NULL	NULL	NULL	NULL	NULL	NULL	NULL	1G	Autobusai	1G	17		770	NULL	NULL	NULL
missed	614579	A>B	Stotis–Kalvarijų g.–Santariškės	774	NULL	NULL	NULL	NULL	NULL	NULL	NULL	1G	Autobusai	1G	17		809	NULL	NULL	NULL
missed	614579	B>A	Santariškės–Kalvarijų g.–Stotis	819	NULL	NULL	NULL	NULL	NULL	NULL	NULL	1G	Autobusai	1G	17		855	NULL	NULL	NULL
missed	614579	A>B	Stotis–Kalvarijų g.–Santariškės	862	NULL	NULL	NULL	NULL	NULL	NULL	NULL	1G	Autobusai	1G	17		897	NULL	NULL	NULL
missed	614579	B>A	Santariškės–Kalvarijų g.–Stotis	906	NULL	NULL	NULL	NULL	NULL	NULL	NULL	1G	Autobusai	1G	17		942	NULL	NULL	NULL
missed	614579	A>B	Stotis–Kalvarijų g.–Santariškės	949	NULL	NULL	NULL	NULL	NULL	NULL	NULL	1G	Autobusai	1G	17		984	NULL	NULL	NULL
missed	614579	B>A	Santariškės–Kalvarijų g.–Stotis	994	NULL	NULL	NULL	NULL	NULL	NULL	NULL	1G	Autobusai	1G	17		1030	NULL	NULL	NULL
missed	614579	B>A	Santariškės–Kalvarijų g.–Stotis	1096	NULL	NULL	NULL	NULL	NULL	NULL	NULL	1G	Autobusai	1G	17		1132	NULL	NULL	NULL
missed	614579	B>A	Santariškės–Kalvarijų g.–Stotis	1219	NULL	NULL	NULL	NULL	NULL	NULL	NULL	1G	Autobusai	1G	17		1252	NULL	NULL	NULL
missed	614579	A>B	Stotis–Kalvarijų g.–Santariškės	1259	NULL	NULL	NULL	NULL	NULL	NULL	NULL	1G	Autobusai	1G	17		1294	NULL	NULL	NULL
missed	614579	B>A	Santariškės–Kalvarijų g.–Stotis	1303	NULL	NULL	NULL	NULL	NULL	NULL	NULL	1G	Autobusai	1G	17		1336	NULL	NULL	NULL
missed	614579	A>B	Stotis–Kalvarijų g.–Santariškės	1349	NULL	NULL	NULL	NULL	NULL	NULL	NULL	1G	Autobusai	1G	17		1384	NULL	NULL	NULL
missed	614579	B>A	Santariškės–Kalvarijų g.–Stotis	1389	NULL	NULL	NULL	NULL	NULL	NULL	NULL	1G	Autobusai	1G	17		1422	NULL	NULL	NULL
missed	614580	B>A	Santariškės–Kalvarijų g.–Stotis	363	NULL	NULL	NULL	NULL	NULL	NULL	NULL	1G	Autobusai	1G	18		396	NULL	NULL	NULL
missed	614580	A>B	Stotis–Kalvarijų g.–Santariškės	398	NULL	NULL	NULL	NULL	NULL	NULL	NULL	1G	Autobusai	1G	18		433	NULL	NULL	NULL
missed	614580	B>A	Santariškės–Kalvarijų g.–Stotis	441	NULL	NULL	NULL	NULL	NULL	NULL	NULL	1G	Autobusai	1G	18		481	NULL	NULL	NULL
missed	614580	B>A	Santariškės–Kalvarijų g.–Stotis	540	NULL	NULL	NULL	NULL	NULL	NULL	NULL	1G	Autobusai	1G	18		578	NULL	NULL	NULL
missed	614580	A>B	Stotis–Kalvarijų g.–Santariškės	583	NULL	NULL	NULL	NULL	NULL	NULL	NULL	1G	Autobusai	1G	18		618	NULL	NULL	NULL
missed	614580	B>A	Santariškės–Kalvarijų g.–Stotis	628	NULL	NULL	NULL	NULL	NULL	NULL	NULL	1G	Autobusai	1G	18		664	NULL	NULL	NULL
missed	614580	B>A	Santariškės–Kalvarijų g.–Stotis	759	NULL	NULL	NULL	NULL	NULL	NULL	NULL	1G	Autobusai	1G	18		795	NULL	NULL	NULL
missed	614580	A>B	Stotis–Kalvarijų g.–Santariškės	798	NULL	NULL	NULL	NULL	NULL	NULL	NULL	1G	Autobusai	1G	18		833	NULL	NULL	NULL
missed	614580	B>A	Santariškės–Kalvarijų g.–Stotis	842	NULL	NULL	NULL	NULL	NULL	NULL	NULL	1G	Autobusai	1G	18		878	NULL	NULL	NULL
missed	614580	A>B	Stotis–Kalvarijų g.–Santariškės	888	NULL	NULL	NULL	NULL	NULL	NULL	NULL	1G	Autobusai	1G	18		923	NULL	NULL	NULL
missed	614580	B>A	Santariškės–Kalvarijų g.–Stotis	931	NULL	NULL	NULL	NULL	NULL	NULL	NULL	1G	Autobusai	1G	18		967	NULL	NULL	NULL
missed	614580	B>A	Santariškės–Kalvarijų g.–Stotis	1027	NULL	NULL	NULL	NULL	NULL	NULL	NULL	1G	Autobusai	1G	18		1063	NULL	NULL	NULL
missed	614580	B>A	Santariškės–Kalvarijų g.–Stotis	1131	NULL	NULL	NULL	NULL	NULL	NULL	NULL	1G	Autobusai	1G	18		1166	NULL	NULL	NULL
missed	614580	B>A	Santariškės–Kalvarijų g.–Stotis	1245	NULL	NULL	NULL	NULL	NULL	NULL	NULL	1G	Autobusai	1G	18		1278	NULL	NULL	NULL
missed	614580	A>B	Stotis–Kalvarijų g.–Santariškės	1285	NULL	NULL	NULL	NULL	NULL	NULL	NULL	1G	Autobusai	1G	18		1320	NULL	NULL	NULL
missed	614580	B>A	Santariškės–Kalvarijų g.–Stotis	1332	NULL	NULL	NULL	NULL	NULL	NULL	NULL	1G	Autobusai	1G	18		1365	NULL	NULL	NULL
missed	614580	A>B	Stotis–Kalvarijų g.–Santariškės	1370	NULL	NULL	NULL	NULL	NULL	NULL	NULL	1G	Autobusai	1G	18		1405	NULL	NULL	NULL
missed	663216	A>B	Stotis–Liepkalnio–Vikingų g.–Oro uostas	340	NULL	NULL	NULL	NULL	NULL	NULL	NULL	2	Autobusai	2	01-ž		357	NULL	NULL	NULL
missed	663216	B>A	Oro uostas–Vikingų–Liepkalnio g.–Stotis	360	NULL	NULL	NULL	NULL	NULL	NULL	NULL	2	Autobusai	2	01-ž		376	NULL	NULL	NULL
missed	663216	A>B	Stotis–Liepkalnio–Vikingų g.–Oro uostas	385	NULL	NULL	NULL	NULL	NULL	NULL	NULL	2	Autobusai	2	01-ž		402	NULL	NULL	NULL
missed	663216	B>A	Oro uostas–Vikingų–Liepkalnio g.–Stotis	405	NULL	NULL	NULL	NULL	NULL	NULL	NULL	2	Autobusai	2	01-ž		421	NULL	NULL	NULL
missed	663216	A>B	Stotis–Liepkalnio–Vikingų g.–Oro uostas	446	NULL	NULL	NULL	NULL	NULL	NULL	NULL	2	Autobusai	2	01-ž		463	NULL	NULL	NULL
missed	663216	B>A	Oro uostas–Vikingų–Liepkalnio g.–Stotis	466	NULL	NULL	NULL	NULL	NULL	NULL	NULL	2	Autobusai	2	01-ž		483	NULL	NULL	NULL
missed	663216	A>B	Stotis–Liepkalnio–Vikingų g.–Oro uostas	501	NULL	NULL	NULL	NULL	NULL	NULL	NULL	2	Autobusai	2	01-ž		518	NULL	NULL	NULL
missed	663216	B>A	Oro uostas–Vikingų–Liepkalnio g.–Stotis	521	NULL	NULL	NULL	NULL	NULL	NULL	NULL	2	Autobusai	2	01-ž		538	NULL	NULL	NULL
missed	663216	A>B	Stotis–Liepkalnio–Vikingų g.–Oro uostas	547	NULL	NULL	NULL	NULL	NULL	NULL	NULL	2	Autobusai	2	01-ž		564	NULL	NULL	NULL
missed	663216	B>A	Oro uostas–Vikingų–Liepkalnio g.–Stotis	567	NULL	NULL	NULL	NULL	NULL	NULL	NULL	2	Autobusai	2	01-ž		584	NULL	NULL	NULL
missed	663216	A>B1	Stotis–Liepkalnio–Vikingų g.–Oro uostas	618	NULL	NULL	NULL	NULL	NULL	NULL	NULL	2	Autobusai	2	01-ž		634	NULL	NULL	NULL
missed	663216	B>A	Oro uostas–Vikingų–Liepkalnio g.–Stotis	637	NULL	NULL	NULL	NULL	NULL	NULL	NULL	2	Autobusai	2	01-ž		654	NULL	NULL	NULL
missed	663216	A>B	Stotis–Liepkalnio–Vikingų g.–Oro uostas	662	NULL	NULL	NULL	NULL	NULL	NULL	NULL	2	Autobusai	2	01-ž		679	NULL	NULL	NULL
missed	663216	B>A	Oro uostas–Vikingų–Liepkalnio g.–Stotis	682	NULL	NULL	NULL	NULL	NULL	NULL	NULL	2	Autobusai	2	01-ž		699	NULL	NULL	NULL
missed	663216	A>B	Stotis–Liepkalnio–Vikingų g.–Oro uostas	711	NULL	NULL	NULL	NULL	NULL	NULL	NULL	2	Autobusai	2	01-ž		728	NULL	NULL	NULL
missed	663216	B>A	Oro uostas–Vikingų–Liepkalnio g.–Stotis	731	NULL	NULL	NULL	NULL	NULL	NULL	NULL	2	Autobusai	2	01-ž		748	NULL	NULL	NULL
missed	663216	A>B	Stotis–Liepkalnio–Vikingų g.–Oro uostas	753	NULL	NULL	NULL	NULL	NULL	NULL	NULL	2	Autobusai	2	01-ž		770	NULL	NULL	NULL
missed	663216	B>A	Oro uostas–Vikingų–Liepkalnio g.–Stotis	773	NULL	NULL	NULL	NULL	NULL	NULL	NULL	2	Autobusai	2	01-ž		790	NULL	NULL	NULL
missed	663216	A>B	Stotis–Liepkalnio–Vikingų g.–Oro uostas	807	NULL	NULL	NULL	NULL	NULL	NULL	NULL	2	Autobusai	2	01-ž		824	NULL	NULL	NULL
missed	663216	B>A	Oro uostas–Vikingų–Liepkalnio g.–Stotis	827	NULL	NULL	NULL	NULL	NULL	NULL	NULL	2	Autobusai	2	01-ž		844	NULL	NULL	NULL
missed	663216	A>B	Stotis–Liepkalnio–Vikingų g.–Oro uostas	858	NULL	NULL	NULL	NULL	NULL	NULL	NULL	2	Autobusai	2	01-ž		875	NULL	NULL	NULL
missed	663216	B>A	Oro uostas–Vikingų–Liepkalnio g.–Stotis	878	NULL	NULL	NULL	NULL	NULL	NULL	NULL	2	Autobusai	2	01-ž		895	NULL	NULL	NULL
missed	663216	A>B	Stotis–Liepkalnio–Vikingų g.–Oro uostas	900	NULL	NULL	NULL	NULL	NULL	NULL	NULL	2	Autobusai	2	01-ž		917	NULL	NULL	NULL
missed	663216	B>A	Oro uostas–Vikingų–Liepkalnio g.–Stotis	920	NULL	NULL	NULL	NULL	NULL	NULL	NULL	2	Autobusai	2	01-ž		937	NULL	NULL	NULL
missed	663216	A>B	Stotis–Liepkalnio–Vikingų g.–Oro uostas	943	NULL	NULL	NULL	NULL	NULL	NULL	NULL	2	Autobusai	2	01-ž		960	NULL	NULL	NULL
missed	663216	B>A	Oro uostas–Vikingų–Liepkalnio g.–Stotis	968	NULL	NULL	NULL	NULL	NULL	NULL	NULL	2	Autobusai	2	01-ž		984	NULL	NULL	NULL
missed	663216	A>B	Stotis–Liepkalnio–Vikingų g.–Oro uostas	989	NULL	NULL	NULL	NULL	NULL	NULL	NULL	2	Autobusai	2	01-ž		1006	NULL	NULL	NULL
missed	663216	B>A	Oro uostas–Vikingų–Liepkalnio g.–Stotis	1009	NULL	NULL	NULL	NULL	NULL	NULL	NULL	2	Autobusai	2	01-ž		1025	NULL	NULL	NULL
missed	663216	A>B	Stotis–Liepkalnio–Vikingų g.–Oro uostas	1033	NULL	NULL	NULL	NULL	NULL	NULL	NULL	2	Autobusai	2	01-ž		1050	NULL	NULL	NULL
missed	663216	B>A	Oro uostas–Vikingų–Liepkalnio g.–Stotis	1053	NULL	NULL	NULL	NULL	NULL	NULL	NULL	2	Autobusai	2	01-ž		1069	NULL	NULL	NULL
missed	663216	A>B	Stotis–Liepkalnio–Vikingų g.–Oro uostas	1075	NULL	NULL	NULL	NULL	NULL	NULL	NULL	2	Autobusai	2	01-ž		1092	NULL	NULL	NULL
missed	663216	B>A	Oro uostas–Vikingų–Liepkalnio g.–Stotis	1095	NULL	NULL	NULL	NULL	NULL	NULL	NULL	2	Autobusai	2	01-ž		1111	NULL	NULL	NULL
missed	663216	A>B1	Stotis–Liepkalnio–Vikingų g.–Oro uostas	1145	NULL	NULL	NULL	NULL	NULL	NULL	NULL	2	Autobusai	2	01-ž		1161	NULL	NULL	NULL
missed	663216	B>A	Oro uostas–Vikingų–Liepkalnio g.–Stotis	1164	NULL	NULL	NULL	NULL	NULL	NULL	NULL	2	Autobusai	2	01-ž		1180	NULL	NULL	NULL
missed	663216	A>B	Stotis–Liepkalnio–Vikingų g.–Oro uostas	1186	NULL	NULL	NULL	NULL	NULL	NULL	NULL	2	Autobusai	2	01-ž		1203	NULL	NULL	NULL
missed	663216	B>A	Oro uostas–Vikingų–Liepkalnio g.–Stotis	1206	NULL	NULL	NULL	NULL	NULL	NULL	NULL	2	Autobusai	2	01-ž		1222	NULL	NULL	NULL
missed	663216	A>B	Stotis–Liepkalnio–Vikingų g.–Oro uostas	1229	NULL	NULL	NULL	NULL	NULL	NULL	NULL	2	Autobusai	2	01-ž		1246	NULL	NULL	NULL
missed	663216	B>A	Oro uostas–Vikingų–Liepkalnio g.–Stotis	1266	NULL	NULL	NULL	NULL	NULL	NULL	NULL	2	Autobusai	2	01-ž		1282	NULL	NULL	NULL
missed	663216	A>B	Stotis–Liepkalnio–Vikingų g.–Oro uostas	1287	NULL	NULL	NULL	NULL	NULL	NULL	NULL	2	Autobusai	2	01-ž		1304	NULL	NULL	NULL
missed	663216	B>A	Oro uostas–Vikingų–Liepkalnio g.–Stotis	1326	NULL	NULL	NULL	NULL	NULL	NULL	NULL	2	Autobusai	2	01-ž		1342	NULL	NULL	NULL
missed	663216	A>B	Stotis–Liepkalnio–Vikingų g.–Oro uostas	1347	NULL	NULL	NULL	NULL	NULL	NULL	NULL	2	Autobusai	2	01-ž		1364	NULL	NULL	NULL
missed	663216	B>A	Oro uostas–Vikingų–Liepkalnio g.–Stotis	1369	NULL	NULL	NULL	NULL	NULL	NULL	NULL	2	Autobusai	2	01-ž		1385	NULL	NULL	NULL
missed	635389	A>B	Žemieji Paneriai–Mūrinė Vokė–Lazdynai	304	NULL	NULL	NULL	NULL	NULL	NULL	NULL	20	Autobusai	20	01-mt		337	NULL	NULL	NULL
missed	635389	B>A	Lazdynai–Mūrinė Vokė–Žemieji Paneriai	360	NULL	NULL	NULL	NULL	NULL	NULL	NULL	20	Autobusai	20	01-mt		393	NULL	NULL	NULL
missed	635389	A>B	Žemieji Paneriai–Mūrinė Vokė–Lazdynai	404	NULL	NULL	NULL	NULL	NULL	NULL	NULL	20	Autobusai	20	01-mt		438	NULL	NULL	NULL
missed	635389	B>A	Lazdynai–Mūrinė Vokė–Žemieji Paneriai	440	NULL	NULL	NULL	NULL	NULL	NULL	NULL	20	Autobusai	20	01-mt		473	NULL	NULL	NULL
missed	635389	A>B	Žemieji Paneriai–Mūrinė Vokė–Lazdynai	483	NULL	NULL	NULL	NULL	NULL	NULL	NULL	20	Autobusai	20	01-mt		517	NULL	NULL	NULL
missed	635389	B>A	Lazdynai–Mūrinė Vokė–Žemieji Paneriai	519	NULL	NULL	NULL	NULL	NULL	NULL	NULL	20	Autobusai	20	01-mt		551	NULL	NULL	NULL
missed	635389	A>B	Žemieji Paneriai–Mūrinė Vokė–Lazdynai	581	NULL	NULL	NULL	NULL	NULL	NULL	NULL	20	Autobusai	20	01-mt		614	NULL	NULL	NULL
missed	635389	B>A	Lazdynai–Mūrinė Vokė–Žemieji Paneriai	619	NULL	NULL	NULL	NULL	NULL	NULL	NULL	20	Autobusai	20	01-mt		647	NULL	NULL	NULL
missed	635389	A>B	Žemieji Paneriai–Mūrinė Vokė–Lazdynai	665	NULL	NULL	NULL	NULL	NULL	NULL	NULL	20	Autobusai	20	01-mt		698	NULL	NULL	NULL
missed	635389	B>A	Lazdynai–Mūrinė Vokė–Žemieji Paneriai	706	NULL	NULL	NULL	NULL	NULL	NULL	NULL	20	Autobusai	20	01-mt		734	NULL	NULL	NULL
missed	635389	A>B	Žemieji Paneriai–Mūrinė Vokė–Lazdynai	741	NULL	NULL	NULL	NULL	NULL	NULL	NULL	20	Autobusai	20	01-mt		774	NULL	NULL	NULL
missed	635389	B>A	Lazdynai–Mūrinė Vokė–Žemieji Paneriai	777	NULL	NULL	NULL	NULL	NULL	NULL	NULL	20	Autobusai	20	01-mt		805	NULL	NULL	NULL
missed	635389	A>B	Žemieji Paneriai–Mūrinė Vokė–Lazdynai	815	NULL	NULL	NULL	NULL	NULL	NULL	NULL	20	Autobusai	20	01-mt		848	NULL	NULL	NULL
missed	635389	B>A	Lazdynai–Mūrinė Vokė–Žemieji Paneriai	857	NULL	NULL	NULL	NULL	NULL	NULL	NULL	20	Autobusai	20	01-mt		885	NULL	NULL	NULL
missed	635389	A>B	Žemieji Paneriai–Mūrinė Vokė–Lazdynai	898	NULL	NULL	NULL	NULL	NULL	NULL	NULL	20	Autobusai	20	01-mt		932	NULL	NULL	NULL
missed	635389	B>A	Lazdynai–Mūrinė Vokė–Žemieji Paneriai	938	NULL	NULL	NULL	NULL	NULL	NULL	NULL	20	Autobusai	20	01-mt		970	NULL	NULL	NULL
missed	635389	A>B	Žemieji Paneriai–Mūrinė Vokė–Lazdynai	976	NULL	NULL	NULL	NULL	NULL	NULL	NULL	20	Autobusai	20	01-mt		1010	NULL	NULL	NULL
missed	635389	B>A	Lazdynai–Mūrinė Vokė–Žemieji Paneriai	1018	NULL	NULL	NULL	NULL	NULL	NULL	NULL	20	Autobusai	20	01-mt		1050	NULL	NULL	NULL
missed	635389	A>B	Žemieji Paneriai–Mūrinė Vokė–Lazdynai	1080	NULL	NULL	NULL	NULL	NULL	NULL	NULL	20	Autobusai	20	01-mt		1114	NULL	NULL	NULL
missed	635389	B>A	Lazdynai–Mūrinė Vokė–Žemieji Paneriai	1117	NULL	NULL	NULL	NULL	NULL	NULL	NULL	20	Autobusai	20	01-mt		1145	NULL	NULL	NULL
missed	635389	A>B	Žemieji Paneriai–Mūrinė Vokė–Lazdynai	1153	NULL	NULL	NULL	NULL	NULL	NULL	NULL	20	Autobusai	20	01-mt		1186	NULL	NULL	NULL
missed	635389	B>A	Lazdynai–Mūrinė Vokė–Žemieji Paneriai	1190	NULL	NULL	NULL	NULL	NULL	NULL	NULL	20	Autobusai	20	01-mt		1218	NULL	NULL	NULL
missed	635389	A>B	Žemieji Paneriai–Mūrinė Vokė–Lazdynai	1226	NULL	NULL	NULL	NULL	NULL	NULL	NULL	20	Autobusai	20	01-mt		1259	NULL	NULL	NULL
missed	635389	B>A	Lazdynai–Mūrinė Vokė–Žemieji Paneriai	1261	NULL	NULL	NULL	NULL	NULL	NULL	NULL	20	Autobusai	20	01-mt		1289	NULL	NULL	NULL
missed	635389	A>B	Žemieji Paneriai–Mūrinė Vokė–Lazdynai	1302	NULL	NULL	NULL	NULL	NULL	NULL	NULL	20	Autobusai	20	01-mt		1335	NULL	NULL	NULL
missed	635389	B>A	Lazdynai–Mūrinė Vokė–Žemieji Paneriai	1341	NULL	NULL	NULL	NULL	NULL	NULL	NULL	20	Autobusai	20	01-mt		1369	NULL	NULL	NULL
missed	635389	A>B	Žemieji Paneriai–Mūrinė Vokė–Lazdynai	1377	NULL	NULL	NULL	NULL	NULL	NULL	NULL	20	Autobusai	20	01-mt		1410	NULL	NULL	NULL
missed	635389	B>A	Lazdynai–Mūrinė Vokė–Žemieji Paneriai	1415	NULL	NULL	NULL	NULL	NULL	NULL	NULL	20	Autobusai	20	01-mt		1443	NULL	NULL	NULL
missed	635388	B>A	Lazdynai–Mūrinė Vokė–Žemieji Paneriai	335	NULL	NULL	NULL	NULL	NULL	NULL	NULL	20	Autobusai	20	02-mt		364	NULL	NULL	NULL
missed	635388	A1>B1	Žemieji Paneriai–Mūrinė Vokė–Paneriškių g.–Lazdynai	373	NULL	NULL	NULL	NULL	NULL	NULL	NULL	20	Autobusai	20	02-mt		409	NULL	NULL	NULL
missed	635388	B>A	Lazdynai–Mūrinė Vokė–Žemieji Paneriai	409	NULL	NULL	NULL	NULL	NULL	NULL	NULL	20	Autobusai	20	02-mt		441	NULL	NULL	NULL
missed	635388	A>B	Žemieji Paneriai–Mūrinė Vokė–Lazdynai	448	NULL	NULL	NULL	NULL	NULL	NULL	NULL	20	Autobusai	20	02-mt		482	NULL	NULL	NULL
missed	635388	B>A	Lazdynai–Mūrinė Vokė–Žemieji Paneriai	484	NULL	NULL	NULL	NULL	NULL	NULL	NULL	20	Autobusai	20	02-mt		516	NULL	NULL	NULL
missed	635388	A>B	Žemieji Paneriai–Mūrinė Vokė–Lazdynai	532	NULL	NULL	NULL	NULL	NULL	NULL	NULL	20	Autobusai	20	02-mt		565	NULL	NULL	NULL
missed	635388	B>A	Lazdynai–Mūrinė Vokė–Žemieji Paneriai	575	NULL	NULL	NULL	NULL	NULL	NULL	NULL	20	Autobusai	20	02-mt		604	NULL	NULL	NULL
missed	635388	A>B	Žemieji Paneriai–Mūrinė Vokė–Lazdynai	634	NULL	NULL	NULL	NULL	NULL	NULL	NULL	20	Autobusai	20	02-mt		667	NULL	NULL	NULL
missed	635388	B>A	Lazdynai–Mūrinė Vokė–Žemieji Paneriai	673	NULL	NULL	NULL	NULL	NULL	NULL	NULL	20	Autobusai	20	02-mt		702	NULL	NULL	NULL
missed	635388	A>B	Žemieji Paneriai–Mūrinė Vokė–Lazdynai	707	NULL	NULL	NULL	NULL	NULL	NULL	NULL	20	Autobusai	20	02-mt		740	NULL	NULL	NULL
missed	635388	B>A	Lazdynai–Mūrinė Vokė–Žemieji Paneriai	740	NULL	NULL	NULL	NULL	NULL	NULL	NULL	20	Autobusai	20	02-mt		769	NULL	NULL	NULL
missed	635388	A>B	Žemieji Paneriai–Mūrinė Vokė–Lazdynai	775	NULL	NULL	NULL	NULL	NULL	NULL	NULL	20	Autobusai	20	02-mt		808	NULL	NULL	NULL
missed	635388	B>A	Lazdynai–Mūrinė Vokė–Žemieji Paneriai	814	NULL	NULL	NULL	NULL	NULL	NULL	NULL	20	Autobusai	20	02-mt		843	NULL	NULL	NULL
missed	635388	A>B	Žemieji Paneriai–Mūrinė Vokė–Lazdynai	850	NULL	NULL	NULL	NULL	NULL	NULL	NULL	20	Autobusai	20	02-mt		883	NULL	NULL	NULL
missed	635388	B>A	Lazdynai–Mūrinė Vokė–Žemieji Paneriai	887	NULL	NULL	NULL	NULL	NULL	NULL	NULL	20	Autobusai	20	02-mt		918	NULL	NULL	NULL
missed	635388	A>B	Žemieji Paneriai–Mūrinė Vokė–Lazdynai	922	NULL	NULL	NULL	NULL	NULL	NULL	NULL	20	Autobusai	20	02-mt		956	NULL	NULL	NULL
missed	635388	B>A	Lazdynai–Mūrinė Vokė–Žemieji Paneriai	961	NULL	NULL	NULL	NULL	NULL	NULL	NULL	20	Autobusai	20	02-mt		993	NULL	NULL	NULL
missed	635388	A>B	Žemieji Paneriai–Mūrinė Vokė–Lazdynai	998	NULL	NULL	NULL	NULL	NULL	NULL	NULL	20	Autobusai	20	02-mt		1032	NULL	NULL	NULL
missed	635388	B>A	Lazdynai–Mūrinė Vokė–Žemieji Paneriai	1037	NULL	NULL	NULL	NULL	NULL	NULL	NULL	20	Autobusai	20	02-mt		1069	NULL	NULL	NULL
missed	635388	A>B	Žemieji Paneriai–Mūrinė Vokė–Lazdynai	1101	NULL	NULL	NULL	NULL	NULL	NULL	NULL	20	Autobusai	20	02-mt		1135	NULL	NULL	NULL
missed	635388	B>A	Lazdynai–Mūrinė Vokė–Žemieji Paneriai	1140	NULL	NULL	NULL	NULL	NULL	NULL	NULL	20	Autobusai	20	02-mt		1169	NULL	NULL	NULL
missed	635388	A>B	Žemieji Paneriai–Mūrinė Vokė–Lazdynai	1184	NULL	NULL	NULL	NULL	NULL	NULL	NULL	20	Autobusai	20	02-mt		1217	NULL	NULL	NULL
missed	635388	B>A	Lazdynai–Mūrinė Vokė–Žemieji Paneriai	1222	NULL	NULL	NULL	NULL	NULL	NULL	NULL	20	Autobusai	20	02-mt		1251	NULL	NULL	NULL
missed	635388	A>B	Žemieji Paneriai–Mūrinė Vokė–Lazdynai	1260	NULL	NULL	NULL	NULL	NULL	NULL	NULL	20	Autobusai	20	02-mt		1293	NULL	NULL	NULL
missed	635388	B>A	Lazdynai–Mūrinė Vokė–Žemieji Paneriai	1298	NULL	NULL	NULL	NULL	NULL	NULL	NULL	20	Autobusai	20	02-mt		1327	NULL	NULL	NULL
missed	635388	A>B	Žemieji Paneriai–Mūrinė Vokė–Lazdynai	1344	NULL	NULL	NULL	NULL	NULL	NULL	NULL	20	Autobusai	20	02-mt		1377	NULL	NULL	NULL
missed	635388	B>A	Lazdynai–Mūrinė Vokė–Žemieji Paneriai	1379	NULL	NULL	NULL	NULL	NULL	NULL	NULL	20	Autobusai	20	02-mt		1408	NULL	NULL	NULL
missed	635390	B>A	Lazdynai–Mūrinė Vokė–Žemieji Paneriai	324	NULL	NULL	NULL	NULL	NULL	NULL	NULL	20	Autobusai	20	03-mt		353	NULL	NULL	NULL
missed	635390	A>B	Žemieji Paneriai–Mūrinė Vokė–Lazdynai	385	NULL	NULL	NULL	NULL	NULL	NULL	NULL	20	Autobusai	20	03-mt		419	NULL	NULL	NULL
missed	635390	B>A	Lazdynai–Mūrinė Vokė–Žemieji Paneriai	424	NULL	NULL	NULL	NULL	NULL	NULL	NULL	20	Autobusai	20	03-mt		456	NULL	NULL	NULL
missed	635390	A>B	Žemieji Paneriai–Mūrinė Vokė–Lazdynai	467	NULL	NULL	NULL	NULL	NULL	NULL	NULL	20	Autobusai	20	03-mt		501	NULL	NULL	NULL
missed	635390	B>A	Lazdynai–Mūrinė Vokė–Žemieji Paneriai	502	NULL	NULL	NULL	NULL	NULL	NULL	NULL	20	Autobusai	20	03-mt		534	NULL	NULL	NULL
missed	635390	A>B	Žemieji Paneriai–Mūrinė Vokė–Lazdynai	549	NULL	NULL	NULL	NULL	NULL	NULL	NULL	20	Autobusai	20	03-mt		582	NULL	NULL	NULL
missed	635390	B>A	Lazdynai–Mūrinė Vokė–Žemieji Paneriai	592	NULL	NULL	NULL	NULL	NULL	NULL	NULL	20	Autobusai	20	03-mt		620	NULL	NULL	NULL
missed	635390	A>B	Žemieji Paneriai–Mūrinė Vokė–Lazdynai	650	NULL	NULL	NULL	NULL	NULL	NULL	NULL	20	Autobusai	20	03-mt		683	NULL	NULL	NULL
missed	635390	B>A	Lazdynai–Mūrinė Vokė–Žemieji Paneriai	689	NULL	NULL	NULL	NULL	NULL	NULL	NULL	20	Autobusai	20	03-mt		717	NULL	NULL	NULL
missed	635390	A>B	Žemieji Paneriai–Mūrinė Vokė–Lazdynai	723	NULL	NULL	NULL	NULL	NULL	NULL	NULL	20	Autobusai	20	03-mt		756	NULL	NULL	NULL
missed	635390	B>A	Lazdynai–Mūrinė Vokė–Žemieji Paneriai	761	NULL	NULL	NULL	NULL	NULL	NULL	NULL	20	Autobusai	20	03-mt		789	NULL	NULL	NULL
missed	635390	A>B	Žemieji Paneriai–Mūrinė Vokė–Lazdynai	795	NULL	NULL	NULL	NULL	NULL	NULL	NULL	20	Autobusai	20	03-mt		828	NULL	NULL	NULL
missed	635390	B>A	Lazdynai–Mūrinė Vokė–Žemieji Paneriai	828	NULL	NULL	NULL	NULL	NULL	NULL	NULL	20	Autobusai	20	03-mt		857	NULL	NULL	NULL
missed	635390	A>B	Žemieji Paneriai–Mūrinė Vokė–Lazdynai	867	NULL	NULL	NULL	NULL	NULL	NULL	NULL	20	Autobusai	20	03-mt		900	NULL	NULL	NULL
missed	635390	B>A	Lazdynai–Mūrinė Vokė–Žemieji Paneriai	905	NULL	NULL	NULL	NULL	NULL	NULL	NULL	20	Autobusai	20	03-mt		937	NULL	NULL	NULL
missed	635390	A>B	Žemieji Paneriai–Mūrinė Vokė–Lazdynai	948	NULL	NULL	NULL	NULL	NULL	NULL	NULL	20	Autobusai	20	03-mt		982	NULL	NULL	NULL
missed	635390	B>A	Lazdynai–Mūrinė Vokė–Žemieji Paneriai	991	NULL	NULL	NULL	NULL	NULL	NULL	NULL	20	Autobusai	20	03-mt		1023	NULL	NULL	NULL
missed	635390	A>B	Žemieji Paneriai–Mūrinė Vokė–Lazdynai	1034	NULL	NULL	NULL	NULL	NULL	NULL	NULL	20	Autobusai	20	03-mt		1068	NULL	NULL	NULL
missed	635390	B>A	Lazdynai–Mūrinė Vokė–Žemieji Paneriai	1073	NULL	NULL	NULL	NULL	NULL	NULL	NULL	20	Autobusai	20	03-mt		1105	NULL	NULL	NULL
missed	635390	A>B	Žemieji Paneriai–Mūrinė Vokė–Lazdynai	1140	NULL	NULL	NULL	NULL	NULL	NULL	NULL	20	Autobusai	20	03-mt		1173	NULL	NULL	NULL
missed	635390	B>A	Lazdynai–Mūrinė Vokė–Žemieji Paneriai	1176	NULL	NULL	NULL	NULL	NULL	NULL	NULL	20	Autobusai	20	03-mt		1204	NULL	NULL	NULL
missed	635390	A>B	Žemieji Paneriai–Mūrinė Vokė–Lazdynai	1213	NULL	NULL	NULL	NULL	NULL	NULL	NULL	20	Autobusai	20	03-mt		1246	NULL	NULL	NULL
missed	635390	B>A	Lazdynai–Mūrinė Vokė–Žemieji Paneriai	1249	NULL	NULL	NULL	NULL	NULL	NULL	NULL	20	Autobusai	20	03-mt		1277	NULL	NULL	NULL
missed	635390	A>B	Žemieji Paneriai–Mūrinė Vokė–Lazdynai	1286	NULL	NULL	NULL	NULL	NULL	NULL	NULL	20	Autobusai	20	03-mt		1319	NULL	NULL	NULL
missed	635390	B>A	Lazdynai–Mūrinė Vokė–Žemieji Paneriai	1324	NULL	NULL	NULL	NULL	NULL	NULL	NULL	20	Autobusai	20	03-mt		1352	NULL	NULL	NULL
missed	635390	A>B	Žemieji Paneriai–Mūrinė Vokė–Lazdynai	1357	NULL	NULL	NULL	NULL	NULL	NULL	NULL	20	Autobusai	20	03-mt		1390	NULL	NULL	NULL
missed	635390	B>A	Lazdynai–Mūrinė Vokė–Žemieji Paneriai	1392	NULL	NULL	NULL	NULL	NULL	NULL	NULL	20	Autobusai	20	03-mt		1420	NULL	NULL	NULL
missed	635391	A>B	Žemieji Paneriai–Mūrinė Vokė–Lazdynai	326	NULL	NULL	NULL	NULL	NULL	NULL	NULL	20	Autobusai	20	04-mt		359	NULL	NULL	NULL
missed	635391	B1>A1	Lazdynai–Paneriškių g.–Mūrinė Vokė–Žemieji Paneriai	382	NULL	NULL	NULL	NULL	NULL	NULL	NULL	20	Autobusai	20	04-mt		416	NULL	NULL	NULL
missed	635391	A1>B1	Žemieji Paneriai–Mūrinė Vokė–Paneriškių g.–Lazdynai	416	NULL	NULL	NULL	NULL	NULL	NULL	NULL	20	Autobusai	20	04-mt		452	NULL	NULL	NULL
missed	635391	B1>A1	Lazdynai–Paneriškių g.–Mūrinė Vokė–Žemieji Paneriai	470	NULL	NULL	NULL	NULL	NULL	NULL	NULL	20	Autobusai	20	04-mt		504	NULL	NULL	NULL
missed	635391	A>B	Žemieji Paneriai–Mūrinė Vokė–Lazdynai	515	NULL	NULL	NULL	NULL	NULL	NULL	NULL	20	Autobusai	20	04-mt		549	NULL	NULL	NULL
missed	635391	B>A	Lazdynai–Mūrinė Vokė–Žemieji Paneriai	554	NULL	NULL	NULL	NULL	NULL	NULL	NULL	20	Autobusai	20	04-mt		583	NULL	NULL	NULL
missed	635391	A>B	Žemieji Paneriai–Mūrinė Vokė–Lazdynai	616	NULL	NULL	NULL	NULL	NULL	NULL	NULL	20	Autobusai	20	04-mt		649	NULL	NULL	NULL
missed	635391	B>A	Lazdynai–Mūrinė Vokė–Žemieji Paneriai	655	NULL	NULL	NULL	NULL	NULL	NULL	NULL	20	Autobusai	20	04-mt		684	NULL	NULL	NULL
missed	635391	A>B	Žemieji Paneriai–Mūrinė Vokė–Lazdynai	695	NULL	NULL	NULL	NULL	NULL	NULL	NULL	20	Autobusai	20	04-mt		728	NULL	NULL	NULL
missed	635391	B>A	Lazdynai–Mūrinė Vokė–Žemieji Paneriai	751	NULL	NULL	NULL	NULL	NULL	NULL	NULL	20	Autobusai	20	04-mt		780	NULL	NULL	NULL
missed	635391	A1>B1	Žemieji Paneriai–Mūrinė Vokė–Paneriškių g.–Lazdynai	806	NULL	NULL	NULL	NULL	NULL	NULL	NULL	20	Autobusai	20	04-mt		841	NULL	NULL	NULL
missed	635391	B1>A1	Lazdynai–Paneriškių g.–Mūrinė Vokė–Žemieji Paneriai	842	NULL	NULL	NULL	NULL	NULL	NULL	NULL	20	Autobusai	20	04-mt		872	NULL	NULL	NULL
missed	635391	A1>B1	Žemieji Paneriai–Mūrinė Vokė–Paneriškių g.–Lazdynai	877	NULL	NULL	NULL	NULL	NULL	NULL	NULL	20	Autobusai	20	04-mt		913	NULL	NULL	NULL
missed	635391	B1>A1	Lazdynai–Paneriškių g.–Mūrinė Vokė–Žemieji Paneriai	921	NULL	NULL	NULL	NULL	NULL	NULL	NULL	20	Autobusai	20	04-mt		955	NULL	NULL	NULL
missed	635391	A>B	Žemieji Paneriai–Mūrinė Vokė–Lazdynai	962	NULL	NULL	NULL	NULL	NULL	NULL	NULL	20	Autobusai	20	04-mt		996	NULL	NULL	NULL
missed	635391	B1>A1	Lazdynai–Paneriškių g.–Mūrinė Vokė–Žemieji Paneriai	1006	NULL	NULL	NULL	NULL	NULL	NULL	NULL	20	Autobusai	20	04-mt		1040	NULL	NULL	NULL
missed	635391	A>B	Žemieji Paneriai–Mūrinė Vokė–Lazdynai	1052	NULL	NULL	NULL	NULL	NULL	NULL	NULL	20	Autobusai	20	04-mt		1086	NULL	NULL	NULL
missed	635391	B1>A1	Lazdynai–Paneriškių g.–Mūrinė Vokė–Žemieji Paneriai	1094	NULL	NULL	NULL	NULL	NULL	NULL	NULL	20	Autobusai	20	04-mt		1126	NULL	NULL	NULL
missed	635391	A>B	Žemieji Paneriai–Mūrinė Vokė–Lazdynai	1165	NULL	NULL	NULL	NULL	NULL	NULL	NULL	20	Autobusai	20	04-mt		1198	NULL	NULL	NULL
missed	635391	B>A	Lazdynai–Mūrinė Vokė–Žemieji Paneriai	1203	NULL	NULL	NULL	NULL	NULL	NULL	NULL	20	Autobusai	20	04-mt		1231	NULL	NULL	NULL
missed	635391	A>B	Žemieji Paneriai–Mūrinė Vokė–Lazdynai	1240	NULL	NULL	NULL	NULL	NULL	NULL	NULL	20	Autobusai	20	04-mt		1273	NULL	NULL	NULL
missed	635391	B>A	Lazdynai–Mūrinė Vokė–Žemieji Paneriai	1278	NULL	NULL	NULL	NULL	NULL	NULL	NULL	20	Autobusai	20	04-mt		1306	NULL	NULL	NULL
missed	635391	A>B	Žemieji Paneriai–Mūrinė Vokė–Lazdynai	1318	NULL	NULL	NULL	NULL	NULL	NULL	NULL	20	Autobusai	20	04-mt		1351	NULL	NULL	NULL
missed	635391	B>A	Lazdynai–Mūrinė Vokė–Žemieji Paneriai	1355	NULL	NULL	NULL	NULL	NULL	NULL	NULL	20	Autobusai	20	04-mt		1383	NULL	NULL	NULL
missed	635392	B>A	Lazdynai–Mūrinė Vokė–Žemieji Paneriai	373	NULL	NULL	NULL	NULL	NULL	NULL	NULL	20	Autobusai	20	05		405	NULL	NULL	NULL
missed	635392	A>B	Žemieji Paneriai–Mūrinė Vokė–Lazdynai	422	NULL	NULL	NULL	NULL	NULL	NULL	NULL	20	Autobusai	20	05		456	NULL	NULL	NULL
missed	635392	B>A	Lazdynai–Mūrinė Vokė–Žemieji Paneriai	460	NULL	NULL	NULL	NULL	NULL	NULL	NULL	20	Autobusai	20	05		492	NULL	NULL	NULL
missed	635392	A>B	Žemieji Paneriai–Mūrinė Vokė–Lazdynai	499	NULL	NULL	NULL	NULL	NULL	NULL	NULL	20	Autobusai	20	05		533	NULL	NULL	NULL
missed	635392	B>A	Lazdynai–Mūrinė Vokė–Žemieji Paneriai	537	NULL	NULL	NULL	NULL	NULL	NULL	NULL	20	Autobusai	20	05		566	NULL	NULL	NULL
missed	635392	A>B	Žemieji Paneriai–Mūrinė Vokė–Lazdynai	599	NULL	NULL	NULL	NULL	NULL	NULL	NULL	20	Autobusai	20	05		632	NULL	NULL	NULL
missed	635392	B>A	Lazdynai–Mūrinė Vokė–Žemieji Paneriai	638	NULL	NULL	NULL	NULL	NULL	NULL	NULL	20	Autobusai	20	05		667	NULL	NULL	NULL
missed	635392	A>B	Žemieji Paneriai–Mūrinė Vokė–Lazdynai	682	NULL	NULL	NULL	NULL	NULL	NULL	NULL	20	Autobusai	20	05		715	NULL	NULL	NULL
missed	635392	B>A	Lazdynai–Mūrinė Vokė–Žemieji Paneriai	725	NULL	NULL	NULL	NULL	NULL	NULL	NULL	20	Autobusai	20	05		754	NULL	NULL	NULL
missed	635392	A>B	Žemieji Paneriai–Mūrinė Vokė–Lazdynai	759	NULL	NULL	NULL	NULL	NULL	NULL	NULL	20	Autobusai	20	05		792	NULL	NULL	NULL
missed	635392	B>A	Lazdynai–Mūrinė Vokė–Žemieji Paneriai	797	NULL	NULL	NULL	NULL	NULL	NULL	NULL	20	Autobusai	20	05		826	NULL	NULL	NULL
missed	635392	A>B	Žemieji Paneriai–Mūrinė Vokė–Lazdynai	836	NULL	NULL	NULL	NULL	NULL	NULL	NULL	20	Autobusai	20	05		869	NULL	NULL	NULL
missed	635392	B>A	Lazdynai–Mūrinė Vokė–Žemieji Paneriai	877	NULL	NULL	NULL	NULL	NULL	NULL	NULL	20	Autobusai	20	05		907	NULL	NULL	NULL
missed	635392	A>B	Žemieji Paneriai–Mūrinė Vokė–Lazdynai	929	NULL	NULL	NULL	NULL	NULL	NULL	NULL	20	Autobusai	20	05		963	NULL	NULL	NULL
missed	635392	B>A	Lazdynai–Mūrinė Vokė–Žemieji Paneriai	971	NULL	NULL	NULL	NULL	NULL	NULL	NULL	20	Autobusai	20	05		1003	NULL	NULL	NULL
missed	635392	A>B	Žemieji Paneriai–Mūrinė Vokė–Lazdynai	1012	NULL	NULL	NULL	NULL	NULL	NULL	NULL	20	Autobusai	20	05		1046	NULL	NULL	NULL
missed	635392	B>A	Lazdynai–Mūrinė Vokė–Žemieji Paneriai	1053	NULL	NULL	NULL	NULL	NULL	NULL	NULL	20	Autobusai	20	05		1085	NULL	NULL	NULL
missed	635392	A>B	Žemieji Paneriai–Mūrinė Vokė–Lazdynai	1117	NULL	NULL	NULL	NULL	NULL	NULL	NULL	20	Autobusai	20	05		1150	NULL	NULL	NULL
missed	635392	B>A	Lazdynai–Mūrinė Vokė–Žemieji Paneriai	1157	NULL	NULL	NULL	NULL	NULL	NULL	NULL	20	Autobusai	20	05		1185	NULL	NULL	NULL
missed	635392	A>B	Žemieji Paneriai–Mūrinė Vokė–Lazdynai	1196	NULL	NULL	NULL	NULL	NULL	NULL	NULL	20	Autobusai	20	05		1229	NULL	NULL	NULL
missed	635392	B>A	Lazdynai–Mūrinė Vokė–Žemieji Paneriai	1234	NULL	NULL	NULL	NULL	NULL	NULL	NULL	20	Autobusai	20	05		1262	NULL	NULL	NULL
missed	635392	A>B	Žemieji Paneriai–Mūrinė Vokė–Lazdynai	1270	NULL	NULL	NULL	NULL	NULL	NULL	NULL	20	Autobusai	20	05		1303	NULL	NULL	NULL
missed	635392	B>A	Lazdynai–Mūrinė Vokė–Žemieji Paneriai	1308	NULL	NULL	NULL	NULL	NULL	NULL	NULL	20	Autobusai	20	05		1335	NULL	NULL	NULL
missed	614793	A>B	Lazdynėliai–Lazdynai–Centras	328	NULL	NULL	NULL	NULL	NULL	NULL	NULL	21	Autobusai	21	01-Ž		356	NULL	NULL	NULL
missed	614793	B>A	Centras–Lazdynai–Lazdynėliai	356	NULL	NULL	NULL	NULL	NULL	NULL	NULL	21	Autobusai	21	01-Ž		388	NULL	NULL	NULL
missed	614793	A>B	Lazdynėliai–Lazdynai–Centras	400	NULL	NULL	NULL	NULL	NULL	NULL	NULL	21	Autobusai	21	01-Ž		430	NULL	NULL	NULL
missed	614793	B>A	Centras–Lazdynai–Lazdynėliai	430	NULL	NULL	NULL	NULL	NULL	NULL	NULL	21	Autobusai	21	01-Ž		462	NULL	NULL	NULL
missed	614793	A>B	Lazdynėliai–Lazdynai–Centras	474	NULL	NULL	NULL	NULL	NULL	NULL	NULL	21	Autobusai	21	01-Ž		504	NULL	NULL	NULL
missed	614793	B>A	Centras–Lazdynai–Lazdynėliai	504	NULL	NULL	NULL	NULL	NULL	NULL	NULL	21	Autobusai	21	01-Ž		536	NULL	NULL	NULL
missed	614793	A>B	Lazdynėliai–Lazdynai–Centras	566	NULL	NULL	NULL	NULL	NULL	NULL	NULL	21	Autobusai	21	01-Ž		595	NULL	NULL	NULL
missed	614793	B>A	Centras–Lazdynai–Lazdynėliai	595	NULL	NULL	NULL	NULL	NULL	NULL	NULL	21	Autobusai	21	01-Ž		626	NULL	NULL	NULL
missed	614793	A>B	Lazdynėliai–Lazdynai–Centras	656	NULL	NULL	NULL	NULL	NULL	NULL	NULL	21	Autobusai	21	01-Ž		685	NULL	NULL	NULL
missed	614793	B>A	Centras–Lazdynai–Lazdynėliai	685	NULL	NULL	NULL	NULL	NULL	NULL	NULL	21	Autobusai	21	01-Ž		716	NULL	NULL	NULL
missed	614793	A>B	Lazdynėliai–Lazdynai–Centras	732	NULL	NULL	NULL	NULL	NULL	NULL	NULL	21	Autobusai	21	01-Ž		761	NULL	NULL	NULL
missed	614793	B>A	Centras–Lazdynai–Lazdynėliai	761	NULL	NULL	NULL	NULL	NULL	NULL	NULL	21	Autobusai	21	01-Ž		792	NULL	NULL	NULL
missed	614793	A>B	Lazdynėliai–Lazdynai–Centras	807	NULL	NULL	NULL	NULL	NULL	NULL	NULL	21	Autobusai	21	01-Ž		836	NULL	NULL	NULL
missed	614793	B>A	Centras–Lazdynai–Lazdynėliai	836	NULL	NULL	NULL	NULL	NULL	NULL	NULL	21	Autobusai	21	01-Ž		867	NULL	NULL	NULL
missed	614793	A>B	Lazdynėliai–Lazdynai–Centras	879	NULL	NULL	NULL	NULL	NULL	NULL	NULL	21	Autobusai	21	01-Ž		909	NULL	NULL	NULL
missed	614793	B>A	Centras–Lazdynai–Lazdynėliai	909	NULL	NULL	NULL	NULL	NULL	NULL	NULL	21	Autobusai	21	01-Ž		941	NULL	NULL	NULL
missed	614793	A>B	Lazdynėliai–Lazdynai–Centras	951	NULL	NULL	NULL	NULL	NULL	NULL	NULL	21	Autobusai	21	01-Ž		982	NULL	NULL	NULL
missed	614793	B>A	Centras–Lazdynai–Lazdynėliai	982	NULL	NULL	NULL	NULL	NULL	NULL	NULL	21	Autobusai	21	01-Ž		1015	NULL	NULL	NULL
missed	614793	A>B	Lazdynėliai–Lazdynai–Centras	1025	NULL	NULL	NULL	NULL	NULL	NULL	NULL	21	Autobusai	21	01-Ž		1056	NULL	NULL	NULL
missed	614793	B>A	Centras–Lazdynai–Lazdynėliai	1056	NULL	NULL	NULL	NULL	NULL	NULL	NULL	21	Autobusai	21	01-Ž		1089	NULL	NULL	NULL
missed	614793	A>B	Lazdynėliai–Lazdynai–Centras	1119	NULL	NULL	NULL	NULL	NULL	NULL	NULL	21	Autobusai	21	01-Ž		1150	NULL	NULL	NULL
missed	614793	B>A	Centras–Lazdynai–Lazdynėliai	1150	NULL	NULL	NULL	NULL	NULL	NULL	NULL	21	Autobusai	21	01-Ž		1182	NULL	NULL	NULL
missed	614793	A>B	Lazdynėliai–Lazdynai–Centras	1222	NULL	NULL	NULL	NULL	NULL	NULL	NULL	21	Autobusai	21	01-Ž		1252	NULL	NULL	NULL
missed	614793	B>A	Centras–Lazdynai–Lazdynėliai	1252	NULL	NULL	NULL	NULL	NULL	NULL	NULL	21	Autobusai	21	01-Ž		1284	NULL	NULL	NULL
missed	614793	A>B	Lazdynėliai–Lazdynai–Centras	1294	NULL	NULL	NULL	NULL	NULL	NULL	NULL	21	Autobusai	21	01-Ž		1324	NULL	NULL	NULL
missed	614793	B>A	Centras–Lazdynai–Lazdynėliai	1324	NULL	NULL	NULL	NULL	NULL	NULL	NULL	21	Autobusai	21	01-Ž		1356	NULL	NULL	NULL
missed	614793	A>B	Lazdynėliai–Lazdynai–Centras	1366	NULL	NULL	NULL	NULL	NULL	NULL	NULL	21	Autobusai	21	01-Ž		1396	NULL	NULL	NULL
missed	614794	A>B	Lazdynėliai–Lazdynai–Centras	354	NULL	NULL	NULL	NULL	NULL	NULL	NULL	21	Autobusai	21	02		383	NULL	NULL	NULL
missed	614794	B>A	Centras–Lazdynai–Lazdynėliai	383	NULL	NULL	NULL	NULL	NULL	NULL	NULL	21	Autobusai	21	02		415	NULL	NULL	NULL
missed	614794	A>B	Lazdynėliai–Lazdynai–Centras	428	NULL	NULL	NULL	NULL	NULL	NULL	NULL	21	Autobusai	21	02		458	NULL	NULL	NULL
missed	614794	B>A	Centras–Lazdynai–Lazdynėliai	458	NULL	NULL	NULL	NULL	NULL	NULL	NULL	21	Autobusai	21	02		490	NULL	NULL	NULL
missed	614794	A>B	Lazdynėliai–Lazdynai–Centras	502	NULL	NULL	NULL	NULL	NULL	NULL	NULL	21	Autobusai	21	02		532	NULL	NULL	NULL
missed	614794	B>A	Centras–Lazdynai–Lazdynėliai	532	NULL	NULL	NULL	NULL	NULL	NULL	NULL	21	Autobusai	21	02		564	NULL	NULL	NULL
missed	614794	A>B	Lazdynėliai–Lazdynai–Centras	605	NULL	NULL	NULL	NULL	NULL	NULL	NULL	21	Autobusai	21	02		634	NULL	NULL	NULL
missed	614794	B>A	Centras–Lazdynai–Lazdynėliai	634	NULL	NULL	NULL	NULL	NULL	NULL	NULL	21	Autobusai	21	02		665	NULL	NULL	NULL
missed	614794	A>B	Lazdynėliai–Lazdynai–Centras	695	NULL	NULL	NULL	NULL	NULL	NULL	NULL	21	Autobusai	21	02		724	NULL	NULL	NULL
missed	614794	B>A	Centras–Lazdynai–Lazdynėliai	724	NULL	NULL	NULL	NULL	NULL	NULL	NULL	21	Autobusai	21	02		755	NULL	NULL	NULL
missed	614794	A>B	Lazdynėliai–Lazdynai–Centras	771	NULL	NULL	NULL	NULL	NULL	NULL	NULL	21	Autobusai	21	02		800	NULL	NULL	NULL
missed	614794	B>A	Centras–Lazdynai–Lazdynėliai	800	NULL	NULL	NULL	NULL	NULL	NULL	NULL	21	Autobusai	21	02		832	NULL	NULL	NULL
missed	614794	A>B	Lazdynėliai–Lazdynai–Centras	843	NULL	NULL	NULL	NULL	NULL	NULL	NULL	21	Autobusai	21	02		872	NULL	NULL	NULL
missed	614794	B>A	Centras–Lazdynai–Lazdynėliai	872	NULL	NULL	NULL	NULL	NULL	NULL	NULL	21	Autobusai	21	02		905	NULL	NULL	NULL
missed	614794	A>B	Lazdynėliai–Lazdynai–Centras	918	NULL	NULL	NULL	NULL	NULL	NULL	NULL	21	Autobusai	21	02		948	NULL	NULL	NULL
missed	614794	B>A	Centras–Lazdynai–Lazdynėliai	948	NULL	NULL	NULL	NULL	NULL	NULL	NULL	21	Autobusai	21	02		981	NULL	NULL	NULL
missed	614794	A>B	Lazdynėliai–Lazdynai–Centras	998	NULL	NULL	NULL	NULL	NULL	NULL	NULL	21	Autobusai	21	02		1029	NULL	NULL	NULL
missed	614794	B>A	Centras–Lazdynai–Lazdynėliai	1029	NULL	NULL	NULL	NULL	NULL	NULL	NULL	21	Autobusai	21	02		1062	NULL	NULL	NULL
missed	614794	A>B	Lazdynėliai–Lazdynai–Centras	1074	NULL	NULL	NULL	NULL	NULL	NULL	NULL	21	Autobusai	21	02		1105	NULL	NULL	NULL
missed	614794	B>A	Centras–Lazdynai–Lazdynėliai	1105	NULL	NULL	NULL	NULL	NULL	NULL	NULL	21	Autobusai	21	02		1137	NULL	NULL	NULL
missed	614794	A>B	Lazdynėliai–Lazdynai–Centras	1168	NULL	NULL	NULL	NULL	NULL	NULL	NULL	21	Autobusai	21	02		1199	NULL	NULL	NULL
missed	614794	B>A	Centras–Lazdynai–Lazdynėliai	1199	NULL	NULL	NULL	NULL	NULL	NULL	NULL	21	Autobusai	21	02		1231	NULL	NULL	NULL
missed	614794	A>B	Lazdynėliai–Lazdynai–Centras	1261	NULL	NULL	NULL	NULL	NULL	NULL	NULL	21	Autobusai	21	02		1291	NULL	NULL	NULL
missed	614794	B>A	Centras–Lazdynai–Lazdynėliai	1291	NULL	NULL	NULL	NULL	NULL	NULL	NULL	21	Autobusai	21	02		1323	NULL	NULL	NULL
missed	614794	A>B	Lazdynėliai–Lazdynai–Centras	1333	NULL	NULL	NULL	NULL	NULL	NULL	NULL	21	Autobusai	21	02		1363	NULL	NULL	NULL
missed	614794	B>A	Centras–Lazdynai–Lazdynėliai	1363	NULL	NULL	NULL	NULL	NULL	NULL	NULL	21	Autobusai	21	02		1395	NULL	NULL	NULL
missed	614794	A>B	Lazdynėliai–Lazdynai–Centras	1405	NULL	NULL	NULL	NULL	NULL	NULL	NULL	21	Autobusai	21	02		1435	NULL	NULL	NULL
missed	614795	A>B	Lazdynėliai–Lazdynai–Centras	375	NULL	NULL	NULL	NULL	NULL	NULL	NULL	21	Autobusai	21	03		405	NULL	NULL	NULL
missed	614795	B>A	Centras–Lazdynai–Lazdynėliai	405	NULL	NULL	NULL	NULL	NULL	NULL	NULL	21	Autobusai	21	03		437	NULL	NULL	NULL
missed	614795	A>B	Lazdynėliai–Lazdynai–Centras	449	NULL	NULL	NULL	NULL	NULL	NULL	NULL	21	Autobusai	21	03		479	NULL	NULL	NULL
missed	614795	B>A	Centras–Lazdynai–Lazdynėliai	479	NULL	NULL	NULL	NULL	NULL	NULL	NULL	21	Autobusai	21	03		511	NULL	NULL	NULL
missed	614795	A>B	Lazdynėliai–Lazdynai–Centras	974	NULL	NULL	NULL	NULL	NULL	NULL	NULL	21	Autobusai	21	03		1005	NULL	NULL	NULL
missed	614795	B>A	Centras–Lazdynai–Lazdynėliai	1005	NULL	NULL	NULL	NULL	NULL	NULL	NULL	21	Autobusai	21	03		1038	NULL	NULL	NULL
missed	614795	A>B	Lazdynėliai–Lazdynai–Centras	1051	NULL	NULL	NULL	NULL	NULL	NULL	NULL	21	Autobusai	21	03		1082	NULL	NULL	NULL
missed	614795	B>A	Centras–Lazdynai–Lazdynėliai	1082	NULL	NULL	NULL	NULL	NULL	NULL	NULL	21	Autobusai	21	03		1114	NULL	NULL	NULL
missed	614795	A>B	Lazdynėliai–Lazdynai–Centras	1139	NULL	NULL	NULL	NULL	NULL	NULL	NULL	21	Autobusai	21	03		1170	NULL	NULL	NULL
missed	614796	A>B	Lazdynai–Oslo g.–Centras	328	NULL	NULL	NULL	NULL	NULL	NULL	NULL	22	Autobusai	22	01-Ž		352	NULL	NULL	NULL
missed	614796	B>A	Centras–Oslo g.–Lazdynai	365	NULL	NULL	NULL	NULL	NULL	NULL	NULL	22	Autobusai	22	01-Ž		389	NULL	NULL	NULL
missed	614796	A>B	Lazdynai–Oslo g.–Centras	389	NULL	NULL	NULL	NULL	NULL	NULL	NULL	22	Autobusai	22	01-Ž		415	NULL	NULL	NULL
missed	614796	B>A	Centras–Oslo g.–Lazdynai	427	NULL	NULL	NULL	NULL	NULL	NULL	NULL	22	Autobusai	22	01-Ž		451	NULL	NULL	NULL
missed	614796	A>B	Lazdynai–Oslo g.–Centras	451	NULL	NULL	NULL	NULL	NULL	NULL	NULL	22	Autobusai	22	01-Ž		477	NULL	NULL	NULL
missed	614796	B>A	Centras–Oslo g.–Lazdynai	491	NULL	NULL	NULL	NULL	NULL	NULL	NULL	22	Autobusai	22	01-Ž		515	NULL	NULL	NULL
missed	614796	A>B	Lazdynai–Oslo g.–Centras	515	NULL	NULL	NULL	NULL	NULL	NULL	NULL	22	Autobusai	22	01-Ž		541	NULL	NULL	NULL
missed	614796	B>A	Centras–Oslo g.–Lazdynai	571	NULL	NULL	NULL	NULL	NULL	NULL	NULL	22	Autobusai	22	01-Ž		595	NULL	NULL	NULL
missed	614796	A>B	Lazdynai–Oslo g.–Centras	595	NULL	NULL	NULL	NULL	NULL	NULL	NULL	22	Autobusai	22	01-Ž		620	NULL	NULL	NULL
missed	614796	B>A	Centras–Oslo g.–Lazdynai	630	NULL	NULL	NULL	NULL	NULL	NULL	NULL	22	Autobusai	22	01-Ž		654	NULL	NULL	NULL
missed	614796	A>B	Lazdynai–Oslo g.–Centras	654	NULL	NULL	NULL	NULL	NULL	NULL	NULL	22	Autobusai	22	01-Ž		679	NULL	NULL	NULL
missed	614796	B>A	Centras–Oslo g.–Lazdynai	689	NULL	NULL	NULL	NULL	NULL	NULL	NULL	22	Autobusai	22	01-Ž		713	NULL	NULL	NULL
missed	614796	A>B	Lazdynai–Oslo g.–Centras	713	NULL	NULL	NULL	NULL	NULL	NULL	NULL	22	Autobusai	22	01-Ž		738	NULL	NULL	NULL
missed	614796	B>A	Centras–Oslo g.–Lazdynai	748	NULL	NULL	NULL	NULL	NULL	NULL	NULL	22	Autobusai	22	01-Ž		772	NULL	NULL	NULL
missed	614796	A>B	Lazdynai–Oslo g.–Centras	772	NULL	NULL	NULL	NULL	NULL	NULL	NULL	22	Autobusai	22	01-Ž		797	NULL	NULL	NULL
missed	614796	B>A	Centras–Oslo g.–Lazdynai	807	NULL	NULL	NULL	NULL	NULL	NULL	NULL	22	Autobusai	22	01-Ž		831	NULL	NULL	NULL
missed	614796	A>B	Lazdynai–Oslo g.–Centras	831	NULL	NULL	NULL	NULL	NULL	NULL	NULL	22	Autobusai	22	01-Ž		856	NULL	NULL	NULL
missed	614796	B>A	Centras–Oslo g.–Lazdynai	867	NULL	NULL	NULL	NULL	NULL	NULL	NULL	22	Autobusai	22	01-Ž		891	NULL	NULL	NULL
missed	614796	A>B	Lazdynai–Oslo g.–Centras	891	NULL	NULL	NULL	NULL	NULL	NULL	NULL	22	Autobusai	22	01-Ž		916	NULL	NULL	NULL
missed	614796	B>A	Centras–Oslo g.–Lazdynai	926	NULL	NULL	NULL	NULL	NULL	NULL	NULL	22	Autobusai	22	01-Ž		950	NULL	NULL	NULL
missed	614796	A>B	Lazdynai–Oslo g.–Centras	950	NULL	NULL	NULL	NULL	NULL	NULL	NULL	22	Autobusai	22	01-Ž		976	NULL	NULL	NULL
missed	614796	B>A	Centras–Oslo g.–Lazdynai	989	NULL	NULL	NULL	NULL	NULL	NULL	NULL	22	Autobusai	22	01-Ž		1013	NULL	NULL	NULL
missed	614796	A>B	Lazdynai–Oslo g.–Centras	1013	NULL	NULL	NULL	NULL	NULL	NULL	NULL	22	Autobusai	22	01-Ž		1039	NULL	NULL	NULL
missed	614796	B>A	Centras–Oslo g.–Lazdynai	1050	NULL	NULL	NULL	NULL	NULL	NULL	NULL	22	Autobusai	22	01-Ž		1074	NULL	NULL	NULL
missed	614796	A>B	Lazdynai–Oslo g.–Centras	1074	NULL	NULL	NULL	NULL	NULL	NULL	NULL	22	Autobusai	22	01-Ž		1100	NULL	NULL	NULL
missed	614796	B>A	Centras–Oslo g.–Lazdynai	1130	NULL	NULL	NULL	NULL	NULL	NULL	NULL	22	Autobusai	22	01-Ž		1154	NULL	NULL	NULL
missed	614796	A>B	Lazdynai–Oslo g.–Centras	1154	NULL	NULL	NULL	NULL	NULL	NULL	NULL	22	Autobusai	22	01-Ž		1180	NULL	NULL	NULL
missed	614796	B>A	Centras–Oslo g.–Lazdynai	1210	NULL	NULL	NULL	NULL	NULL	NULL	NULL	22	Autobusai	22	01-Ž		1233	NULL	NULL	NULL
missed	614796	A>B	Lazdynai–Oslo g.–Centras	1233	NULL	NULL	NULL	NULL	NULL	NULL	NULL	22	Autobusai	22	01-Ž		1257	NULL	NULL	NULL
missed	614796	B>A	Centras–Oslo g.–Lazdynai	1269	NULL	NULL	NULL	NULL	NULL	NULL	NULL	22	Autobusai	22	01-Ž		1292	NULL	NULL	NULL
missed	614796	A>B	Lazdynai–Oslo g.–Centras	1292	NULL	NULL	NULL	NULL	NULL	NULL	NULL	22	Autobusai	22	01-Ž		1316	NULL	NULL	NULL
missed	614796	B>A	Centras–Oslo g.–Lazdynai	1329	NULL	NULL	NULL	NULL	NULL	NULL	NULL	22	Autobusai	22	01-Ž		1352	NULL	NULL	NULL
missed	614796	A>B	Lazdynai–Oslo g.–Centras	1352	NULL	NULL	NULL	NULL	NULL	NULL	NULL	22	Autobusai	22	01-Ž		1376	NULL	NULL	NULL
missed	614796	B>A	Centras–Oslo g.–Lazdynai	1400	NULL	NULL	NULL	NULL	NULL	NULL	NULL	22	Autobusai	22	01-Ž		1423	NULL	NULL	NULL
missed	614799	A>B	Lazdynai–Oslo g.–Centras	370	NULL	NULL	NULL	NULL	NULL	NULL	NULL	22	Autobusai	22	02		396	NULL	NULL	NULL
missed	614799	B>A	Centras–Oslo g.–Lazdynai	413	NULL	NULL	NULL	NULL	NULL	NULL	NULL	22	Autobusai	22	02		437	NULL	NULL	NULL
missed	614799	A>B	Lazdynai–Oslo g.–Centras	437	NULL	NULL	NULL	NULL	NULL	NULL	NULL	22	Autobusai	22	02		463	NULL	NULL	NULL
missed	614799	B>A	Centras–Oslo g.–Lazdynai	477	NULL	NULL	NULL	NULL	NULL	NULL	NULL	22	Autobusai	22	02		501	NULL	NULL	NULL
missed	614799	A>B	Lazdynai–Oslo g.–Centras	501	NULL	NULL	NULL	NULL	NULL	NULL	NULL	22	Autobusai	22	02		527	NULL	NULL	NULL
missed	614799	B>A	Centras–Oslo g.–Lazdynai	543	NULL	NULL	NULL	NULL	NULL	NULL	NULL	22	Autobusai	22	02		567	NULL	NULL	NULL
missed	614799	A>B	Lazdynai–Oslo g.–Centras	567	NULL	NULL	NULL	NULL	NULL	NULL	NULL	22	Autobusai	22	02		592	NULL	NULL	NULL
missed	614799	B>A	Centras–Oslo g.–Lazdynai	943	NULL	NULL	NULL	NULL	NULL	NULL	NULL	22	Autobusai	22	02		967	NULL	NULL	NULL
missed	614799	A>B	Lazdynai–Oslo g.–Centras	967	NULL	NULL	NULL	NULL	NULL	NULL	NULL	22	Autobusai	22	02		993	NULL	NULL	NULL
missed	614799	B>A	Centras–Oslo g.–Lazdynai	1005	NULL	NULL	NULL	NULL	NULL	NULL	NULL	22	Autobusai	22	02		1029	NULL	NULL	NULL
missed	614799	A>B	Lazdynai–Oslo g.–Centras	1029	NULL	NULL	NULL	NULL	NULL	NULL	NULL	22	Autobusai	22	02		1055	NULL	NULL	NULL
missed	614799	B>A	Centras–Oslo g.–Lazdynai	1067	NULL	NULL	NULL	NULL	NULL	NULL	NULL	22	Autobusai	22	02		1091	NULL	NULL	NULL
missed	614799	A>B	Lazdynai–Oslo g.–Centras	1091	NULL	NULL	NULL	NULL	NULL	NULL	NULL	22	Autobusai	22	02		1117	NULL	NULL	NULL
missed	614797	B>A	Centras–Oslo g.–Lazdynai	399	NULL	NULL	NULL	NULL	NULL	NULL	NULL	22	Autobusai	22	03		423	NULL	NULL	NULL
missed	614797	A>B	Lazdynai–Oslo g.–Centras	423	NULL	NULL	NULL	NULL	NULL	NULL	NULL	22	Autobusai	22	03		449	NULL	NULL	NULL
missed	614797	B>A	Centras–Oslo g.–Lazdynai	461	NULL	NULL	NULL	NULL	NULL	NULL	NULL	22	Autobusai	22	03		485	NULL	NULL	NULL
missed	614797	A>B	Lazdynai–Oslo g.–Centras	485	NULL	NULL	NULL	NULL	NULL	NULL	NULL	22	Autobusai	22	03		511	NULL	NULL	NULL
missed	614797	B>A	Centras–Oslo g.–Lazdynai	522	NULL	NULL	NULL	NULL	NULL	NULL	NULL	22	Autobusai	22	03		546	NULL	NULL	NULL
missed	614797	A>B	Lazdynai–Oslo g.–Centras	546	NULL	NULL	NULL	NULL	NULL	NULL	NULL	22	Autobusai	22	03		572	NULL	NULL	NULL
missed	614797	B>A	Centras–Oslo g.–Lazdynai	602	NULL	NULL	NULL	NULL	NULL	NULL	NULL	22	Autobusai	22	03		626	NULL	NULL	NULL
missed	614797	A>B	Lazdynai–Oslo g.–Centras	626	NULL	NULL	NULL	NULL	NULL	NULL	NULL	22	Autobusai	22	03		651	NULL	NULL	NULL
missed	614797	B>A	Centras–Oslo g.–Lazdynai	662	NULL	NULL	NULL	NULL	NULL	NULL	NULL	22	Autobusai	22	03		686	NULL	NULL	NULL
missed	614797	A>B	Lazdynai–Oslo g.–Centras	686	NULL	NULL	NULL	NULL	NULL	NULL	NULL	22	Autobusai	22	03		711	NULL	NULL	NULL
missed	614797	B>A	Centras–Oslo g.–Lazdynai	722	NULL	NULL	NULL	NULL	NULL	NULL	NULL	22	Autobusai	22	03		746	NULL	NULL	NULL
missed	614797	A>B	Lazdynai–Oslo g.–Centras	746	NULL	NULL	NULL	NULL	NULL	NULL	NULL	22	Autobusai	22	03		771	NULL	NULL	NULL
missed	614797	B>A	Centras–Oslo g.–Lazdynai	781	NULL	NULL	NULL	NULL	NULL	NULL	NULL	22	Autobusai	22	03		805	NULL	NULL	NULL
missed	614797	A>B	Lazdynai–Oslo g.–Centras	805	NULL	NULL	NULL	NULL	NULL	NULL	NULL	22	Autobusai	22	03		830	NULL	NULL	NULL
missed	614797	B>A	Centras–Oslo g.–Lazdynai	842	NULL	NULL	NULL	NULL	NULL	NULL	NULL	22	Autobusai	22	03		866	NULL	NULL	NULL
missed	614797	A>B	Lazdynai–Oslo g.–Centras	866	NULL	NULL	NULL	NULL	NULL	NULL	NULL	22	Autobusai	22	03		891	NULL	NULL	NULL
missed	614797	B>A	Centras–Oslo g.–Lazdynai	901	NULL	NULL	NULL	NULL	NULL	NULL	NULL	22	Autobusai	22	03		925	NULL	NULL	NULL
missed	614797	A>B	Lazdynai–Oslo g.–Centras	925	NULL	NULL	NULL	NULL	NULL	NULL	NULL	22	Autobusai	22	03		950	NULL	NULL	NULL
missed	614797	B>A	Centras–Oslo g.–Lazdynai	960	NULL	NULL	NULL	NULL	NULL	NULL	NULL	22	Autobusai	22	03		984	NULL	NULL	NULL
missed	614797	A>B	Lazdynai–Oslo g.–Centras	984	NULL	NULL	NULL	NULL	NULL	NULL	NULL	22	Autobusai	22	03		1010	NULL	NULL	NULL
missed	614797	B>A	Centras–Oslo g.–Lazdynai	1021	NULL	NULL	NULL	NULL	NULL	NULL	NULL	22	Autobusai	22	03		1045	NULL	NULL	NULL
missed	614797	A>B	Lazdynai–Oslo g.–Centras	1045	NULL	NULL	NULL	NULL	NULL	NULL	NULL	22	Autobusai	22	03		1071	NULL	NULL	NULL
missed	614797	B>A	Centras–Oslo g.–Lazdynai	1083	NULL	NULL	NULL	NULL	NULL	NULL	NULL	22	Autobusai	22	03		1107	NULL	NULL	NULL
missed	614797	A>B	Lazdynai–Oslo g.–Centras	1107	NULL	NULL	NULL	NULL	NULL	NULL	NULL	22	Autobusai	22	03		1133	NULL	NULL	NULL
missed	614797	B>A	Centras–Oslo g.–Lazdynai	1163	NULL	NULL	NULL	NULL	NULL	NULL	NULL	22	Autobusai	22	03		1187	NULL	NULL	NULL
missed	614797	A>B	Lazdynai–Oslo g.–Centras	1187	NULL	NULL	NULL	NULL	NULL	NULL	NULL	22	Autobusai	22	03		1211	NULL	NULL	NULL
missed	614797	B>A	Centras–Oslo g.–Lazdynai	1241	NULL	NULL	NULL	NULL	NULL	NULL	NULL	22	Autobusai	22	03		1264	NULL	NULL	NULL
missed	614797	A>B	Lazdynai–Oslo g.–Centras	1264	NULL	NULL	NULL	NULL	NULL	NULL	NULL	22	Autobusai	22	03		1288	NULL	NULL	NULL
missed	614797	B>A	Centras–Oslo g.–Lazdynai	1300	NULL	NULL	NULL	NULL	NULL	NULL	NULL	22	Autobusai	22	03		1323	NULL	NULL	NULL
missed	614797	A>B	Lazdynai–Oslo g.–Centras	1323	NULL	NULL	NULL	NULL	NULL	NULL	NULL	22	Autobusai	22	03		1347	NULL	NULL	NULL
missed	614797	B>A	Centras–Oslo g.–Lazdynai	1365	NULL	NULL	NULL	NULL	NULL	NULL	NULL	22	Autobusai	22	03		1388	NULL	NULL	NULL
missed	614797	A>B	Lazdynai–Oslo g.–Centras	1388	NULL	NULL	NULL	NULL	NULL	NULL	NULL	22	Autobusai	22	03		1412	NULL	NULL	NULL
missed	614798	B>A	Centras–Oslo g.–Lazdynai	328	NULL	NULL	NULL	NULL	NULL	NULL	NULL	22	Autobusai	22	04		351	NULL	NULL	NULL
missed	614798	A>B	Lazdynai–Oslo g.–Centras	351	NULL	NULL	NULL	NULL	NULL	NULL	NULL	22	Autobusai	22	04		375	NULL	NULL	NULL
missed	614798	B>A	Centras–Oslo g.–Lazdynai	385	NULL	NULL	NULL	NULL	NULL	NULL	NULL	22	Autobusai	22	04		409	NULL	NULL	NULL
missed	614798	A>B	Lazdynai–Oslo g.–Centras	409	NULL	NULL	NULL	NULL	NULL	NULL	NULL	22	Autobusai	22	04		435	NULL	NULL	NULL
missed	614798	B>A	Centras–Oslo g.–Lazdynai	445	NULL	NULL	NULL	NULL	NULL	NULL	NULL	22	Autobusai	22	04		469	NULL	NULL	NULL
missed	614798	A>B	Lazdynai–Oslo g.–Centras	469	NULL	NULL	NULL	NULL	NULL	NULL	NULL	22	Autobusai	22	04		495	NULL	NULL	NULL
missed	614798	B>A	Centras–Oslo g.–Lazdynai	507	NULL	NULL	NULL	NULL	NULL	NULL	NULL	22	Autobusai	22	04		531	NULL	NULL	NULL
missed	614798	A>B	Lazdynai–Oslo g.–Centras	531	NULL	NULL	NULL	NULL	NULL	NULL	NULL	22	Autobusai	22	04		557	NULL	NULL	NULL
missed	614798	B>A	Centras–Oslo g.–Lazdynai	975	NULL	NULL	NULL	NULL	NULL	NULL	NULL	22	Autobusai	22	04		999	NULL	NULL	NULL
missed	614798	A>B	Lazdynai–Oslo g.–Centras	999	NULL	NULL	NULL	NULL	NULL	NULL	NULL	22	Autobusai	22	04		1025	NULL	NULL	NULL
missed	614798	B>A	Centras–Oslo g.–Lazdynai	1036	NULL	NULL	NULL	NULL	NULL	NULL	NULL	22	Autobusai	22	04		1060	NULL	NULL	NULL
missed	614798	A>B	Lazdynai–Oslo g.–Centras	1060	NULL	NULL	NULL	NULL	NULL	NULL	NULL	22	Autobusai	22	04		1086	NULL	NULL	NULL
missed	614798	B>A	Centras–Oslo g.–Lazdynai	1099	NULL	NULL	NULL	NULL	NULL	NULL	NULL	22	Autobusai	22	04		1123	NULL	NULL	NULL
missed	614798	A>B	Lazdynai–Oslo g.–Centras	1123	NULL	NULL	NULL	NULL	NULL	NULL	NULL	22	Autobusai	22	04		1149	NULL	NULL	NULL
missed	539465	A>B	Stotis–Švitrigailos g.–Lazdynai	328	NULL	NULL	NULL	NULL	NULL	NULL	NULL	23	Autobusai	23	01-Ž		355	NULL	NULL	NULL
missed	539465	B>A	Lazdynai–Švitrigailos g.–Stotis	356	NULL	NULL	NULL	NULL	NULL	NULL	NULL	23	Autobusai	23	01-Ž		396	NULL	NULL	NULL
missed	539465	A>B	Stotis–Švitrigailos g.–Lazdynai	407	NULL	NULL	NULL	NULL	NULL	NULL	NULL	23	Autobusai	23	01-Ž		435	NULL	NULL	NULL
missed	539465	B>A	Lazdynai–Švitrigailos g.–Stotis	436	NULL	NULL	NULL	NULL	NULL	NULL	NULL	23	Autobusai	23	01-Ž		476	NULL	NULL	NULL
missed	539465	A>B	Stotis–Švitrigailos g.–Lazdynai	488	NULL	NULL	NULL	NULL	NULL	NULL	NULL	23	Autobusai	23	01-Ž		516	NULL	NULL	NULL
missed	539465	B>A	Lazdynai–Švitrigailos g.–Stotis	517	NULL	NULL	NULL	NULL	NULL	NULL	NULL	23	Autobusai	23	01-Ž		555	NULL	NULL	NULL
missed	539465	B>A	Lazdynai–Švitrigailos g.–Stotis	617	NULL	NULL	NULL	NULL	NULL	NULL	NULL	23	Autobusai	23	01-Ž		655	NULL	NULL	NULL
missed	539465	A>B	Stotis–Švitrigailos g.–Lazdynai	666	NULL	NULL	NULL	NULL	NULL	NULL	NULL	23	Autobusai	23	01-Ž		694	NULL	NULL	NULL
missed	539465	B>A	Lazdynai–Švitrigailos g.–Stotis	695	NULL	NULL	NULL	NULL	NULL	NULL	NULL	23	Autobusai	23	01-Ž		733	NULL	NULL	NULL
missed	539465	A>B	Stotis–Švitrigailos g.–Lazdynai	745	NULL	NULL	NULL	NULL	NULL	NULL	NULL	23	Autobusai	23	01-Ž		773	NULL	NULL	NULL
missed	539465	B>A	Lazdynai–Švitrigailos g.–Stotis	774	NULL	NULL	NULL	NULL	NULL	NULL	NULL	23	Autobusai	23	01-Ž		812	NULL	NULL	NULL
missed	539465	A>B	Stotis–Švitrigailos g.–Lazdynai	818	NULL	NULL	NULL	NULL	NULL	NULL	NULL	23	Autobusai	23	01-Ž		846	NULL	NULL	NULL
missed	539465	B>A	Lazdynai–Švitrigailos g.–Stotis	856	NULL	NULL	NULL	NULL	NULL	NULL	NULL	23	Autobusai	23	01-Ž		896	NULL	NULL	NULL
missed	539465	A>B	Stotis–Švitrigailos g.–Lazdynai	903	NULL	NULL	NULL	NULL	NULL	NULL	NULL	23	Autobusai	23	01-Ž		931	NULL	NULL	NULL
missed	539465	B>A	Lazdynai–Švitrigailos g.–Stotis	932	NULL	NULL	NULL	NULL	NULL	NULL	NULL	23	Autobusai	23	01-Ž		972	NULL	NULL	NULL
missed	539465	A>B	Stotis–Švitrigailos g.–Lazdynai	982	NULL	NULL	NULL	NULL	NULL	NULL	NULL	23	Autobusai	23	01-Ž		1013	NULL	NULL	NULL
missed	539465	B>A	Lazdynai–Švitrigailos g.–Stotis	1014	NULL	NULL	NULL	NULL	NULL	NULL	NULL	23	Autobusai	23	01-Ž		1054	NULL	NULL	NULL
missed	539465	A>B	Stotis–Švitrigailos g.–Lazdynai	1065	NULL	NULL	NULL	NULL	NULL	NULL	NULL	23	Autobusai	23	01-Ž		1096	NULL	NULL	NULL
missed	539465	B>A	Lazdynai–Švitrigailos g.–Stotis	1097	NULL	NULL	NULL	NULL	NULL	NULL	NULL	23	Autobusai	23	01-Ž		1137	NULL	NULL	NULL
missed	539465	B>A	Lazdynai–Švitrigailos g.–Stotis	1206	NULL	NULL	NULL	NULL	NULL	NULL	NULL	23	Autobusai	23	01-Ž		1242	NULL	NULL	NULL
missed	539465	A>B	Stotis–Švitrigailos g.–Lazdynai	1252	NULL	NULL	NULL	NULL	NULL	NULL	NULL	23	Autobusai	23	01-Ž		1279	NULL	NULL	NULL
missed	539465	B>A	Lazdynai–Švitrigailos g.–Stotis	1280	NULL	NULL	NULL	NULL	NULL	NULL	NULL	23	Autobusai	23	01-Ž		1316	NULL	NULL	NULL
missed	539465	A>B	Stotis–Švitrigailos g.–Lazdynai	1326	NULL	NULL	NULL	NULL	NULL	NULL	NULL	23	Autobusai	23	01-Ž		1353	NULL	NULL	NULL
missed	539465	B>A	Lazdynai–Švitrigailos g.–Stotis	1353	NULL	NULL	NULL	NULL	NULL	NULL	NULL	23	Autobusai	23	01-Ž		1389	NULL	NULL	NULL
missed	539466	B>A	Lazdynai–Švitrigailos g.–Stotis	326	NULL	NULL	NULL	NULL	NULL	NULL	NULL	23	Autobusai	23	02		362	NULL	NULL	NULL
missed	539466	A>B	Stotis–Švitrigailos g.–Lazdynai	373	NULL	NULL	NULL	NULL	NULL	NULL	NULL	23	Autobusai	23	02		401	NULL	NULL	NULL
missed	539466	B>A	Lazdynai–Švitrigailos g.–Stotis	402	NULL	NULL	NULL	NULL	NULL	NULL	NULL	23	Autobusai	23	02		442	NULL	NULL	NULL
missed	539466	A>B	Stotis–Švitrigailos g.–Lazdynai	453	NULL	NULL	NULL	NULL	NULL	NULL	NULL	23	Autobusai	23	02		481	NULL	NULL	NULL
missed	539466	B>A	Lazdynai–Švitrigailos g.–Stotis	482	NULL	NULL	NULL	NULL	NULL	NULL	NULL	23	Autobusai	23	02		520	NULL	NULL	NULL
missed	539466	A>B	Stotis–Švitrigailos g.–Lazdynai	531	NULL	NULL	NULL	NULL	NULL	NULL	NULL	23	Autobusai	23	02		559	NULL	NULL	NULL
missed	539466	B>A	Lazdynai–Švitrigailos g.–Stotis	560	NULL	NULL	NULL	NULL	NULL	NULL	NULL	23	Autobusai	23	02		598	NULL	NULL	NULL
missed	539466	B>A	Lazdynai–Švitrigailos g.–Stotis	660	NULL	NULL	NULL	NULL	NULL	NULL	NULL	23	Autobusai	23	02		698	NULL	NULL	NULL
missed	539466	A>B	Stotis–Švitrigailos g.–Lazdynai	709	NULL	NULL	NULL	NULL	NULL	NULL	NULL	23	Autobusai	23	02		737	NULL	NULL	NULL
missed	539466	B>A	Lazdynai–Švitrigailos g.–Stotis	738	NULL	NULL	NULL	NULL	NULL	NULL	NULL	23	Autobusai	23	02		776	NULL	NULL	NULL
missed	539466	A>B	Stotis–Švitrigailos g.–Lazdynai	782	NULL	NULL	NULL	NULL	NULL	NULL	NULL	23	Autobusai	23	02		810	NULL	NULL	NULL
missed	539466	B>A	Lazdynai–Švitrigailos g.–Stotis	820	NULL	NULL	NULL	NULL	NULL	NULL	NULL	23	Autobusai	23	02		858	NULL	NULL	NULL
missed	539466	A>B	Stotis–Švitrigailos g.–Lazdynai	865	NULL	NULL	NULL	NULL	NULL	NULL	NULL	23	Autobusai	23	02		893	NULL	NULL	NULL
missed	539466	B>A	Lazdynai–Švitrigailos g.–Stotis	894	NULL	NULL	NULL	NULL	NULL	NULL	NULL	23	Autobusai	23	02		934	NULL	NULL	NULL
missed	539466	A>B	Stotis–Švitrigailos g.–Lazdynai	945	NULL	NULL	NULL	NULL	NULL	NULL	NULL	23	Autobusai	23	02		973	NULL	NULL	NULL
missed	539466	B>A	Lazdynai–Švitrigailos g.–Stotis	974	NULL	NULL	NULL	NULL	NULL	NULL	NULL	23	Autobusai	23	02		1014	NULL	NULL	NULL
missed	539466	A>B	Stotis–Švitrigailos g.–Lazdynai	1024	NULL	NULL	NULL	NULL	NULL	NULL	NULL	23	Autobusai	23	02		1055	NULL	NULL	NULL
missed	539466	B>A	Lazdynai–Švitrigailos g.–Stotis	1056	NULL	NULL	NULL	NULL	NULL	NULL	NULL	23	Autobusai	23	02		1096	NULL	NULL	NULL
missed	539466	B>A	Lazdynai–Švitrigailos g.–Stotis	1163	NULL	NULL	NULL	NULL	NULL	NULL	NULL	23	Autobusai	23	02		1203	NULL	NULL	NULL
missed	539466	A>B	Stotis–Švitrigailos g.–Lazdynai	1211	NULL	NULL	NULL	NULL	NULL	NULL	NULL	23	Autobusai	23	02		1238	NULL	NULL	NULL
missed	539466	B>A	Lazdynai–Švitrigailos g.–Stotis	1239	NULL	NULL	NULL	NULL	NULL	NULL	NULL	23	Autobusai	23	02		1275	NULL	NULL	NULL
missed	539466	A>B	Stotis–Švitrigailos g.–Lazdynai	1287	NULL	NULL	NULL	NULL	NULL	NULL	NULL	23	Autobusai	23	02		1314	NULL	NULL	NULL
missed	539466	B>A	Lazdynai–Švitrigailos g.–Stotis	1315	NULL	NULL	NULL	NULL	NULL	NULL	NULL	23	Autobusai	23	02		1351	NULL	NULL	NULL
missed	614802	A>B	Fabijoniškės–Ukmergės g.–Žemieji Paneriai	322	NULL	NULL	NULL	NULL	NULL	NULL	NULL	24	Autobusai	24	01-ž		356	NULL	NULL	NULL
missed	614802	B>A	Žemieji Paneriai–Ukmergės g.–Fabijoniškės	361	NULL	NULL	NULL	NULL	NULL	NULL	NULL	24	Autobusai	24	01-ž		392	NULL	NULL	NULL
missed	614802	A>B	Fabijoniškės–Ukmergės g.–Žemieji Paneriai	401	NULL	NULL	NULL	NULL	NULL	NULL	NULL	24	Autobusai	24	01-ž		439	NULL	NULL	NULL
missed	614802	B>A	Žemieji Paneriai–Ukmergės g.–Fabijoniškės	445	NULL	NULL	NULL	NULL	NULL	NULL	NULL	24	Autobusai	24	01-ž		478	NULL	NULL	NULL
missed	614802	A>B	Fabijoniškės–Ukmergės g.–Žemieji Paneriai	487	NULL	NULL	NULL	NULL	NULL	NULL	NULL	24	Autobusai	24	01-ž		525	NULL	NULL	NULL
missed	614802	B>A	Žemieji Paneriai–Ukmergės g.–Fabijoniškės	533	NULL	NULL	NULL	NULL	NULL	NULL	NULL	24	Autobusai	24	01-ž		565	NULL	NULL	NULL
missed	614802	A>B	Fabijoniškės–Ukmergės g.–Žemieji Paneriai	605	NULL	NULL	NULL	NULL	NULL	NULL	NULL	24	Autobusai	24	01-ž		642	NULL	NULL	NULL
missed	614802	B>A	Žemieji Paneriai–Ukmergės g.–Fabijoniškės	648	NULL	NULL	NULL	NULL	NULL	NULL	NULL	24	Autobusai	24	01-ž		680	NULL	NULL	NULL
missed	614802	A>B	Fabijoniškės–Ukmergės g.–Žemieji Paneriai	692	NULL	NULL	NULL	NULL	NULL	NULL	NULL	24	Autobusai	24	01-ž		729	NULL	NULL	NULL
missed	614802	B>A	Žemieji Paneriai–Ukmergės g.–Fabijoniškės	735	NULL	NULL	NULL	NULL	NULL	NULL	NULL	24	Autobusai	24	01-ž		767	NULL	NULL	NULL
missed	614802	A>B	Fabijoniškės–Ukmergės g.–Žemieji Paneriai	776	NULL	NULL	NULL	NULL	NULL	NULL	NULL	24	Autobusai	24	01-ž		813	NULL	NULL	NULL
missed	614802	B>A	Žemieji Paneriai–Ukmergės g.–Fabijoniškės	819	NULL	NULL	NULL	NULL	NULL	NULL	NULL	24	Autobusai	24	01-ž		851	NULL	NULL	NULL
missed	614802	A>B	Fabijoniškės–Ukmergės g.–Žemieji Paneriai	864	NULL	NULL	NULL	NULL	NULL	NULL	NULL	24	Autobusai	24	01-ž		901	NULL	NULL	NULL
missed	614802	B>A	Žemieji Paneriai–Ukmergės g.–Fabijoniškės	907	NULL	NULL	NULL	NULL	NULL	NULL	NULL	24	Autobusai	24	01-ž		939	NULL	NULL	NULL
missed	614802	A>B	Fabijoniškės–Ukmergės g.–Žemieji Paneriai	958	NULL	NULL	NULL	NULL	NULL	NULL	NULL	24	Autobusai	24	01-ž		996	NULL	NULL	NULL
missed	614802	B>A	Žemieji Paneriai–Ukmergės g.–Fabijoniškės	1004	NULL	NULL	NULL	NULL	NULL	NULL	NULL	24	Autobusai	24	01-ž		1039	NULL	NULL	NULL
missed	614802	A>B	Fabijoniškės–Ukmergės g.–Žemieji Paneriai	1050	NULL	NULL	NULL	NULL	NULL	NULL	NULL	24	Autobusai	24	01-ž		1088	NULL	NULL	NULL
missed	614802	B>A	Žemieji Paneriai–Ukmergės g.–Fabijoniškės	1094	NULL	NULL	NULL	NULL	NULL	NULL	NULL	24	Autobusai	24	01-ž		1129	NULL	NULL	NULL
missed	614802	A>B	Fabijoniškės–Ukmergės g.–Žemieji Paneriai	1161	NULL	NULL	NULL	NULL	NULL	NULL	NULL	24	Autobusai	24	01-ž		1198	NULL	NULL	NULL
missed	614802	B>A	Žemieji Paneriai–Ukmergės g.–Fabijoniškės	1203	NULL	NULL	NULL	NULL	NULL	NULL	NULL	24	Autobusai	24	01-ž		1233	NULL	NULL	NULL
missed	614802	A>B	Fabijoniškės–Ukmergės g.–Žemieji Paneriai	1239	NULL	NULL	NULL	NULL	NULL	NULL	NULL	24	Autobusai	24	01-ž		1274	NULL	NULL	NULL
missed	614802	B>A	Žemieji Paneriai–Ukmergės g.–Fabijoniškės	1279	NULL	NULL	NULL	NULL	NULL	NULL	NULL	24	Autobusai	24	01-ž		1309	NULL	NULL	NULL
missed	614802	A>B	Fabijoniškės–Ukmergės g.–Žemieji Paneriai	1315	NULL	NULL	NULL	NULL	NULL	NULL	NULL	24	Autobusai	24	01-ž		1350	NULL	NULL	NULL
missed	614802	B>A	Žemieji Paneriai–Ukmergės g.–Fabijoniškės	1355	NULL	NULL	NULL	NULL	NULL	NULL	NULL	24	Autobusai	24	01-ž		1385	NULL	NULL	NULL
missed	614803	A>B	Fabijoniškės–Ukmergės g.–Žemieji Paneriai	346	NULL	NULL	NULL	NULL	NULL	NULL	NULL	24	Autobusai	24	02		382	NULL	NULL	NULL
missed	614803	B>A	Žemieji Paneriai–Ukmergės g.–Fabijoniškės	387	NULL	NULL	NULL	NULL	NULL	NULL	NULL	24	Autobusai	24	02		418	NULL	NULL	NULL
missed	614803	A>B	Fabijoniškės–Ukmergės g.–Žemieji Paneriai	424	NULL	NULL	NULL	NULL	NULL	NULL	NULL	24	Autobusai	24	02		462	NULL	NULL	NULL
missed	614803	B>A	Žemieji Paneriai–Ukmergės g.–Fabijoniškės	468	NULL	NULL	NULL	NULL	NULL	NULL	NULL	24	Autobusai	24	02		501	NULL	NULL	NULL
missed	614803	A>B	Fabijoniškės–Ukmergės g.–Žemieji Paneriai	510	NULL	NULL	NULL	NULL	NULL	NULL	NULL	24	Autobusai	24	02		548	NULL	NULL	NULL
missed	614803	B>A	Žemieji Paneriai–Ukmergės g.–Fabijoniškės	558	NULL	NULL	NULL	NULL	NULL	NULL	NULL	24	Autobusai	24	02		590	NULL	NULL	NULL
missed	614803	A>B	Fabijoniškės–Ukmergės g.–Žemieji Paneriai	909	NULL	NULL	NULL	NULL	NULL	NULL	NULL	24	Autobusai	24	02		946	NULL	NULL	NULL
missed	614803	B>A	Žemieji Paneriai–Ukmergės g.–Fabijoniškės	954	NULL	NULL	NULL	NULL	NULL	NULL	NULL	24	Autobusai	24	02		987	NULL	NULL	NULL
missed	614803	A>B	Fabijoniškės–Ukmergės g.–Žemieji Paneriai	994	NULL	NULL	NULL	NULL	NULL	NULL	NULL	24	Autobusai	24	02		1032	NULL	NULL	NULL
missed	614803	B>A	Žemieji Paneriai–Ukmergės g.–Fabijoniškės	1038	NULL	NULL	NULL	NULL	NULL	NULL	NULL	24	Autobusai	24	02		1075	NULL	NULL	NULL
missed	614805	A>B	Fabijoniškės–Ukmergės g.–Žemieji Paneriai	391	NULL	NULL	NULL	NULL	NULL	NULL	NULL	24	Autobusai	24	03		429	NULL	NULL	NULL
missed	614805	B>A	Žemieji Paneriai–Ukmergės g.–Fabijoniškės	434	NULL	NULL	NULL	NULL	NULL	NULL	NULL	24	Autobusai	24	03		467	NULL	NULL	NULL
missed	614805	A>B	Fabijoniškės–Ukmergės g.–Žemieji Paneriai	475	NULL	NULL	NULL	NULL	NULL	NULL	NULL	24	Autobusai	24	03		513	NULL	NULL	NULL
missed	614805	B>A	Žemieji Paneriai–Ukmergės g.–Fabijoniškės	519	NULL	NULL	NULL	NULL	NULL	NULL	NULL	24	Autobusai	24	03		552	NULL	NULL	NULL
missed	614805	A>B	Fabijoniškės–Ukmergės g.–Žemieji Paneriai	584	NULL	NULL	NULL	NULL	NULL	NULL	NULL	24	Autobusai	24	03		621	NULL	NULL	NULL
missed	614805	B>A	Žemieji Paneriai–Ukmergės g.–Fabijoniškės	627	NULL	NULL	NULL	NULL	NULL	NULL	NULL	24	Autobusai	24	03		659	NULL	NULL	NULL
missed	614805	A>B	Fabijoniškės–Ukmergės g.–Žemieji Paneriai	667	NULL	NULL	NULL	NULL	NULL	NULL	NULL	24	Autobusai	24	03		704	NULL	NULL	NULL
missed	614805	B>A	Žemieji Paneriai–Ukmergės g.–Fabijoniškės	710	NULL	NULL	NULL	NULL	NULL	NULL	NULL	24	Autobusai	24	03		742	NULL	NULL	NULL
missed	614805	A>B	Fabijoniškės–Ukmergės g.–Žemieji Paneriai	750	NULL	NULL	NULL	NULL	NULL	NULL	NULL	24	Autobusai	24	03		787	NULL	NULL	NULL
missed	614805	B>A	Žemieji Paneriai–Ukmergės g.–Fabijoniškės	793	NULL	NULL	NULL	NULL	NULL	NULL	NULL	24	Autobusai	24	03		825	NULL	NULL	NULL
missed	614805	A>B	Fabijoniškės–Ukmergės g.–Žemieji Paneriai	833	NULL	NULL	NULL	NULL	NULL	NULL	NULL	24	Autobusai	24	03		870	NULL	NULL	NULL
missed	614805	B>A	Žemieji Paneriai–Ukmergės g.–Fabijoniškės	876	NULL	NULL	NULL	NULL	NULL	NULL	NULL	24	Autobusai	24	03		908	NULL	NULL	NULL
missed	614805	A>B	Fabijoniškės–Ukmergės g.–Žemieji Paneriai	921	NULL	NULL	NULL	NULL	NULL	NULL	NULL	24	Autobusai	24	03		958	NULL	NULL	NULL
missed	614805	B>A	Žemieji Paneriai–Ukmergės g.–Fabijoniškės	964	NULL	NULL	NULL	NULL	NULL	NULL	NULL	24	Autobusai	24	03		997	NULL	NULL	NULL
missed	614805	A>B	Fabijoniškės–Ukmergės g.–Žemieji Paneriai	1005	NULL	NULL	NULL	NULL	NULL	NULL	NULL	24	Autobusai	24	03		1043	NULL	NULL	NULL
missed	614805	B>A	Žemieji Paneriai–Ukmergės g.–Fabijoniškės	1049	NULL	NULL	NULL	NULL	NULL	NULL	NULL	24	Autobusai	24	03		1086	NULL	NULL	NULL
missed	614805	A>B	Fabijoniškės–Ukmergės g.–Žemieji Paneriai	1093	NULL	NULL	NULL	NULL	NULL	NULL	NULL	24	Autobusai	24	03		1131	NULL	NULL	NULL
missed	614805	B>A	Žemieji Paneriai–Ukmergės g.–Fabijoniškės	1137	NULL	NULL	NULL	NULL	NULL	NULL	NULL	24	Autobusai	24	03		1171	NULL	NULL	NULL
missed	614805	A>B	Fabijoniškės–Ukmergės g.–Žemieji Paneriai	1206	NULL	NULL	NULL	NULL	NULL	NULL	NULL	24	Autobusai	24	03		1241	NULL	NULL	NULL
missed	614805	B>A	Žemieji Paneriai–Ukmergės g.–Fabijoniškės	1246	NULL	NULL	NULL	NULL	NULL	NULL	NULL	24	Autobusai	24	03		1276	NULL	NULL	NULL
missed	614805	A>B	Fabijoniškės–Ukmergės g.–Žemieji Paneriai	1283	NULL	NULL	NULL	NULL	NULL	NULL	NULL	24	Autobusai	24	03		1318	NULL	NULL	NULL
missed	614805	B>A	Žemieji Paneriai–Ukmergės g.–Fabijoniškės	1323	NULL	NULL	NULL	NULL	NULL	NULL	NULL	24	Autobusai	24	03		1353	NULL	NULL	NULL
missed	614805	A>B	Fabijoniškės–Ukmergės g.–Žemieji Paneriai	1360	NULL	NULL	NULL	NULL	NULL	NULL	NULL	24	Autobusai	24	03		1395	NULL	NULL	NULL
missed	614805	B>A	Žemieji Paneriai–Ukmergės g.–Fabijoniškės	1400	NULL	NULL	NULL	NULL	NULL	NULL	NULL	24	Autobusai	24	03		1430	NULL	NULL	NULL
missed	614800	B>A	Žemieji Paneriai–Ukmergės g.–Fabijoniškės	332	NULL	NULL	NULL	NULL	NULL	NULL	NULL	24	Autobusai	24	04		363	NULL	NULL	NULL
missed	614800	A>B	Fabijoniškės–Ukmergės g.–Žemieji Paneriai	370	NULL	NULL	NULL	NULL	NULL	NULL	NULL	24	Autobusai	24	04		406	NULL	NULL	NULL
missed	614800	B>A	Žemieji Paneriai–Ukmergės g.–Fabijoniškės	411	NULL	NULL	NULL	NULL	NULL	NULL	NULL	24	Autobusai	24	04		444	NULL	NULL	NULL
missed	614800	A>B	Fabijoniškės–Ukmergės g.–Žemieji Paneriai	453	NULL	NULL	NULL	NULL	NULL	NULL	NULL	24	Autobusai	24	04		491	NULL	NULL	NULL
missed	614800	B>A	Žemieji Paneriai–Ukmergės g.–Fabijoniškės	500	NULL	NULL	NULL	NULL	NULL	NULL	NULL	24	Autobusai	24	04		533	NULL	NULL	NULL
missed	614800	A>B	Fabijoniškės–Ukmergės g.–Žemieji Paneriai	540	NULL	NULL	NULL	NULL	NULL	NULL	NULL	24	Autobusai	24	04		578	NULL	NULL	NULL
missed	614800	B>A	Žemieji Paneriai–Ukmergės g.–Fabijoniškės	584	NULL	NULL	NULL	NULL	NULL	NULL	NULL	24	Autobusai	24	04		616	NULL	NULL	NULL
missed	614800	A>B	Fabijoniškės–Ukmergės g.–Žemieji Paneriai	930	NULL	NULL	NULL	NULL	NULL	NULL	NULL	24	Autobusai	24	04		967	NULL	NULL	NULL
missed	614800	B>A	Žemieji Paneriai–Ukmergės g.–Fabijoniškės	974	NULL	NULL	NULL	NULL	NULL	NULL	NULL	24	Autobusai	24	04		1009	NULL	NULL	NULL
missed	614800	A>B	Fabijoniškės–Ukmergės g.–Žemieji Paneriai	1017	NULL	NULL	NULL	NULL	NULL	NULL	NULL	24	Autobusai	24	04		1055	NULL	NULL	NULL
missed	614800	B>A	Žemieji Paneriai–Ukmergės g.–Fabijoniškės	1061	NULL	NULL	NULL	NULL	NULL	NULL	NULL	24	Autobusai	24	04		1098	NULL	NULL	NULL
missed	614806	A>B	Fabijoniškės–Ukmergės g.–Žemieji Paneriai	334	NULL	NULL	NULL	NULL	NULL	NULL	NULL	24	Autobusai	24	05		369	NULL	NULL	NULL
missed	614806	B>A	Žemieji Paneriai–Ukmergės g.–Fabijoniškės	374	NULL	NULL	NULL	NULL	NULL	NULL	NULL	24	Autobusai	24	05		405	NULL	NULL	NULL
missed	614806	A>B	Fabijoniškės–Ukmergės g.–Žemieji Paneriai	413	NULL	NULL	NULL	NULL	NULL	NULL	NULL	24	Autobusai	24	05		451	NULL	NULL	NULL
missed	614806	B>A	Žemieji Paneriai–Ukmergės g.–Fabijoniškės	458	NULL	NULL	NULL	NULL	NULL	NULL	NULL	24	Autobusai	24	05		491	NULL	NULL	NULL
missed	614806	A>B	Fabijoniškės–Ukmergės g.–Žemieji Paneriai	500	NULL	NULL	NULL	NULL	NULL	NULL	NULL	24	Autobusai	24	05		538	NULL	NULL	NULL
missed	614806	B>A	Žemieji Paneriai–Ukmergės g.–Fabijoniškės	549	NULL	NULL	NULL	NULL	NULL	NULL	NULL	24	Autobusai	24	05		581	NULL	NULL	NULL
missed	614806	A>B	Fabijoniškės–Ukmergės g.–Žemieji Paneriai	626	NULL	NULL	NULL	NULL	NULL	NULL	NULL	24	Autobusai	24	05		663	NULL	NULL	NULL
missed	614806	B>A	Žemieji Paneriai–Ukmergės g.–Fabijoniškės	669	NULL	NULL	NULL	NULL	NULL	NULL	NULL	24	Autobusai	24	05		701	NULL	NULL	NULL
missed	614806	A>B	Fabijoniškės–Ukmergės g.–Žemieji Paneriai	718	NULL	NULL	NULL	NULL	NULL	NULL	NULL	24	Autobusai	24	05		755	NULL	NULL	NULL
missed	614806	B>A	Žemieji Paneriai–Ukmergės g.–Fabijoniškės	761	NULL	NULL	NULL	NULL	NULL	NULL	NULL	24	Autobusai	24	05		793	NULL	NULL	NULL
missed	614806	A>B	Fabijoniškės–Ukmergės g.–Žemieji Paneriai	802	NULL	NULL	NULL	NULL	NULL	NULL	NULL	24	Autobusai	24	05		839	NULL	NULL	NULL
missed	614806	B>A	Žemieji Paneriai–Ukmergės g.–Fabijoniškės	845	NULL	NULL	NULL	NULL	NULL	NULL	NULL	24	Autobusai	24	05		877	NULL	NULL	NULL
missed	614806	A>B	Fabijoniškės–Ukmergės g.–Žemieji Paneriai	896	NULL	NULL	NULL	NULL	NULL	NULL	NULL	24	Autobusai	24	05		933	NULL	NULL	NULL
missed	614806	B>A	Žemieji Paneriai–Ukmergės g.–Fabijoniškės	941	NULL	NULL	NULL	NULL	NULL	NULL	NULL	24	Autobusai	24	05		973	NULL	NULL	NULL
missed	614806	A>B	Fabijoniškės–Ukmergės g.–Žemieji Paneriai	981	NULL	NULL	NULL	NULL	NULL	NULL	NULL	24	Autobusai	24	05		1019	NULL	NULL	NULL
missed	614806	B>A	Žemieji Paneriai–Ukmergės g.–Fabijoniškės	1027	NULL	NULL	NULL	NULL	NULL	NULL	NULL	24	Autobusai	24	05		1064	NULL	NULL	NULL
missed	614806	A>B	Fabijoniškės–Ukmergės g.–Žemieji Paneriai	1074	NULL	NULL	NULL	NULL	NULL	NULL	NULL	24	Autobusai	24	05		1112	NULL	NULL	NULL
missed	614806	B>A	Žemieji Paneriai–Ukmergės g.–Fabijoniškės	1118	NULL	NULL	NULL	NULL	NULL	NULL	NULL	24	Autobusai	24	05		1153	NULL	NULL	NULL
missed	614806	A>B	Fabijoniškės–Ukmergės g.–Žemieji Paneriai	1185	NULL	NULL	NULL	NULL	NULL	NULL	NULL	24	Autobusai	24	05		1220	NULL	NULL	NULL
missed	614806	B>A	Žemieji Paneriai–Ukmergės g.–Fabijoniškės	1225	NULL	NULL	NULL	NULL	NULL	NULL	NULL	24	Autobusai	24	05		1255	NULL	NULL	NULL
missed	614806	A>B	Fabijoniškės–Ukmergės g.–Žemieji Paneriai	1261	NULL	NULL	NULL	NULL	NULL	NULL	NULL	24	Autobusai	24	05		1296	NULL	NULL	NULL
missed	614806	B>A	Žemieji Paneriai–Ukmergės g.–Fabijoniškės	1301	NULL	NULL	NULL	NULL	NULL	NULL	NULL	24	Autobusai	24	05		1331	NULL	NULL	NULL
missed	614806	A>B	Fabijoniškės–Ukmergės g.–Žemieji Paneriai	1337	NULL	NULL	NULL	NULL	NULL	NULL	NULL	24	Autobusai	24	05		1372	NULL	NULL	NULL
missed	614806	B>A	Žemieji Paneriai–Ukmergės g.–Fabijoniškės	1377	NULL	NULL	NULL	NULL	NULL	NULL	NULL	24	Autobusai	24	05		1407	NULL	NULL	NULL
missed	614801	A>B	Fabijoniškės–Ukmergės g.–Žemieji Paneriai	359	NULL	NULL	NULL	NULL	NULL	NULL	NULL	24	Autobusai	24	06		395	NULL	NULL	NULL
missed	614801	B>A	Žemieji Paneriai–Ukmergės g.–Fabijoniškės	400	NULL	NULL	NULL	NULL	NULL	NULL	NULL	24	Autobusai	24	06		431	NULL	NULL	NULL
missed	614801	A>B	Fabijoniškės–Ukmergės g.–Žemieji Paneriai	443	NULL	NULL	NULL	NULL	NULL	NULL	NULL	24	Autobusai	24	06		481	NULL	NULL	NULL
missed	614801	B>A	Žemieji Paneriai–Ukmergės g.–Fabijoniškės	491	NULL	NULL	NULL	NULL	NULL	NULL	NULL	24	Autobusai	24	06		524	NULL	NULL	NULL
missed	614801	A>B	Fabijoniškės–Ukmergės g.–Žemieji Paneriai	882	NULL	NULL	NULL	NULL	NULL	NULL	NULL	24	Autobusai	24	06		919	NULL	NULL	NULL
missed	614801	B>A	Žemieji Paneriai–Ukmergės g.–Fabijoniškės	925	NULL	NULL	NULL	NULL	NULL	NULL	NULL	24	Autobusai	24	06		957	NULL	NULL	NULL
missed	614801	A>B	Fabijoniškės–Ukmergės g.–Žemieji Paneriai	968	NULL	NULL	NULL	NULL	NULL	NULL	NULL	24	Autobusai	24	06		1006	NULL	NULL	NULL
missed	614801	B>A	Žemieji Paneriai–Ukmergės g.–Fabijoniškės	1014	NULL	NULL	NULL	NULL	NULL	NULL	NULL	24	Autobusai	24	06		1051	NULL	NULL	NULL
missed	614801	A>B	Fabijoniškės–Ukmergės g.–Žemieji Paneriai	1061	NULL	NULL	NULL	NULL	NULL	NULL	NULL	24	Autobusai	24	06		1099	NULL	NULL	NULL
missed	614801	B>A	Žemieji Paneriai–Ukmergės g.–Fabijoniškės	1105	NULL	NULL	NULL	NULL	NULL	NULL	NULL	24	Autobusai	24	06		1140	NULL	NULL	NULL
missed	614804	A>B	Fabijoniškės–Ukmergės g.–Žemieji Paneriai	380	NULL	NULL	NULL	NULL	NULL	NULL	NULL	24	Autobusai	24	07		418	NULL	NULL	NULL
missed	614804	B>A	Žemieji Paneriai–Ukmergės g.–Fabijoniškės	423	NULL	NULL	NULL	NULL	NULL	NULL	NULL	24	Autobusai	24	07		456	NULL	NULL	NULL
missed	614804	A>B	Fabijoniškės–Ukmergės g.–Žemieji Paneriai	463	NULL	NULL	NULL	NULL	NULL	NULL	NULL	24	Autobusai	24	07		501	NULL	NULL	NULL
missed	614804	B>A	Žemieji Paneriai–Ukmergės g.–Fabijoniškės	510	NULL	NULL	NULL	NULL	NULL	NULL	NULL	24	Autobusai	24	07		543	NULL	NULL	NULL
missed	614804	A>B	Fabijoniškės–Ukmergės g.–Žemieji Paneriai	554	NULL	NULL	NULL	NULL	NULL	NULL	NULL	24	Autobusai	24	07		591	NULL	NULL	NULL
missed	614804	B>A	Žemieji Paneriai–Ukmergės g.–Fabijoniškės	597	NULL	NULL	NULL	NULL	NULL	NULL	NULL	24	Autobusai	24	07		629	NULL	NULL	NULL
missed	614804	A>B	Fabijoniškės–Ukmergės g.–Žemieji Paneriai	948	NULL	NULL	NULL	NULL	NULL	NULL	NULL	24	Autobusai	24	07		986	NULL	NULL	NULL
missed	614804	B>A	Žemieji Paneriai–Ukmergės g.–Fabijoniškės	994	NULL	NULL	NULL	NULL	NULL	NULL	NULL	24	Autobusai	24	07		1029	NULL	NULL	NULL
missed	614804	A>B	Fabijoniškės–Ukmergės g.–Žemieji Paneriai	1039	NULL	NULL	NULL	NULL	NULL	NULL	NULL	24	Autobusai	24	07		1077	NULL	NULL	NULL
missed	614804	B>A	Žemieji Paneriai–Ukmergės g.–Fabijoniškės	1083	NULL	NULL	NULL	NULL	NULL	NULL	NULL	24	Autobusai	24	07		1120	NULL	NULL	NULL
missed	614807	A>B	Fabijoniškės–Ukmergės g.–Žemieji Paneriai	433	NULL	NULL	NULL	NULL	NULL	NULL	NULL	24	Autobusai	24	08		471	NULL	NULL	NULL
missed	614807	B>A	Žemieji Paneriai–Ukmergės g.–Fabijoniškės	480	NULL	NULL	NULL	NULL	NULL	NULL	NULL	24	Autobusai	24	08		513	NULL	NULL	NULL
missed	614807	A>B	Fabijoniškės–Ukmergės g.–Žemieji Paneriai	525	NULL	NULL	NULL	NULL	NULL	NULL	NULL	24	Autobusai	24	08		563	NULL	NULL	NULL
missed	614807	B>A	Žemieji Paneriai–Ukmergės g.–Fabijoniškės	571	NULL	NULL	NULL	NULL	NULL	NULL	NULL	24	Autobusai	24	08		603	NULL	NULL	NULL
missed	614807	A>B	Fabijoniškės–Ukmergės g.–Žemieji Paneriai	939	NULL	NULL	NULL	NULL	NULL	NULL	NULL	24	Autobusai	24	08		977	NULL	NULL	NULL
missed	614807	B>A	Žemieji Paneriai–Ukmergės g.–Fabijoniškės	984	NULL	NULL	NULL	NULL	NULL	NULL	NULL	24	Autobusai	24	08		1019	NULL	NULL	NULL
missed	614807	A>B	Fabijoniškės–Ukmergės g.–Žemieji Paneriai	1028	NULL	NULL	NULL	NULL	NULL	NULL	NULL	24	Autobusai	24	08		1066	NULL	NULL	NULL
missed	614807	B>A	Žemieji Paneriai–Ukmergės g.–Fabijoniškės	1072	NULL	NULL	NULL	NULL	NULL	NULL	NULL	24	Autobusai	24	08		1109	NULL	NULL	NULL
missed	614807	A>B	Fabijoniškės–Ukmergės g.–Žemieji Paneriai	1121	NULL	NULL	NULL	NULL	NULL	NULL	NULL	24	Autobusai	24	08		1159	NULL	NULL	NULL
missed	614807	B>A	Žemieji Paneriai–Ukmergės g.–Fabijoniškės	1164	NULL	NULL	NULL	NULL	NULL	NULL	NULL	24	Autobusai	24	08		1198	NULL	NULL	NULL
missed	339366	A>B	Žemieji Paneriai–V. A. Graičiūno g.	337	NULL	NULL	NULL	NULL	NULL	NULL	NULL	25	Autobusai	25	01		356	NULL	NULL	NULL
missed	339366	B1>A1	V. A. Graičiūno–Kazbėjų g.–Žemieji Paneriai	362	NULL	NULL	NULL	NULL	NULL	NULL	NULL	25	Autobusai	25	01		383	NULL	NULL	NULL
missed	339366	A>B	Žemieji Paneriai–V. A. Graičiūno g.	400	NULL	NULL	NULL	NULL	NULL	NULL	NULL	25	Autobusai	25	01		419	NULL	NULL	NULL
missed	339366	B1>A1	V. A. Graičiūno–Kazbėjų g.–Žemieji Paneriai	424	NULL	NULL	NULL	NULL	NULL	NULL	NULL	25	Autobusai	25	01		445	NULL	NULL	NULL
missed	339366	A>B	Žemieji Paneriai–V. A. Graičiūno g.	450	NULL	NULL	NULL	NULL	NULL	NULL	NULL	25	Autobusai	25	01		469	NULL	NULL	NULL
missed	339366	B1>A1	V. A. Graičiūno–Kazbėjų g.–Žemieji Paneriai	474	NULL	NULL	NULL	NULL	NULL	NULL	NULL	25	Autobusai	25	01		495	NULL	NULL	NULL
missed	339366	A>B	Žemieji Paneriai–V. A. Graičiūno g.	500	NULL	NULL	NULL	NULL	NULL	NULL	NULL	25	Autobusai	25	01		519	NULL	NULL	NULL
missed	339366	B1>A1	V. A. Graičiūno–Kazbėjų g.–Žemieji Paneriai	525	NULL	NULL	NULL	NULL	NULL	NULL	NULL	25	Autobusai	25	01		546	NULL	NULL	NULL
missed	339366	A>B	Žemieji Paneriai–V. A. Graičiūno g.	576	NULL	NULL	NULL	NULL	NULL	NULL	NULL	25	Autobusai	25	01		595	NULL	NULL	NULL
missed	339366	B1>A1	V. A. Graičiūno–Kazbėjų g.–Žemieji Paneriai	600	NULL	NULL	NULL	NULL	NULL	NULL	NULL	25	Autobusai	25	01		621	NULL	NULL	NULL
missed	339366	A>B	Žemieji Paneriai–V. A. Graičiūno g.	626	NULL	NULL	NULL	NULL	NULL	NULL	NULL	25	Autobusai	25	01		645	NULL	NULL	NULL
missed	339366	B1>A1	V. A. Graičiūno–Kazbėjų g.–Žemieji Paneriai	651	NULL	NULL	NULL	NULL	NULL	NULL	NULL	25	Autobusai	25	01		672	NULL	NULL	NULL
missed	339366	A>B	Žemieji Paneriai–V. A. Graičiūno g.	680	NULL	NULL	NULL	NULL	NULL	NULL	NULL	25	Autobusai	25	01		699	NULL	NULL	NULL
missed	339366	B1>A1	V. A. Graičiūno–Kazbėjų g.–Žemieji Paneriai	704	NULL	NULL	NULL	NULL	NULL	NULL	NULL	25	Autobusai	25	01		725	NULL	NULL	NULL
missed	339366	A>B	Žemieji Paneriai–V. A. Graičiūno g.	730	NULL	NULL	NULL	NULL	NULL	NULL	NULL	25	Autobusai	25	01		749	NULL	NULL	NULL
missed	339366	B1>A1	V. A. Graičiūno–Kazbėjų g.–Žemieji Paneriai	755	NULL	NULL	NULL	NULL	NULL	NULL	NULL	25	Autobusai	25	01		776	NULL	NULL	NULL
missed	339366	A1>B1	Žemieji Paneriai–Kazbėjų-V. A. Graičiūno g.	786	NULL	NULL	NULL	NULL	NULL	NULL	NULL	25	Autobusai	25	01		807	NULL	NULL	NULL
missed	339366	B>A	V. A. Graičiūno g.–Žemieji Paneriai	810	NULL	NULL	NULL	NULL	NULL	NULL	NULL	25	Autobusai	25	01		829	NULL	NULL	NULL
missed	339366	A1>B1	Žemieji Paneriai–Kazbėjų-V. A. Graičiūno g.	840	NULL	NULL	NULL	NULL	NULL	NULL	NULL	25	Autobusai	25	01		861	NULL	NULL	NULL
missed	339366	B>A	V. A. Graičiūno g.–Žemieji Paneriai	867	NULL	NULL	NULL	NULL	NULL	NULL	NULL	25	Autobusai	25	01		886	NULL	NULL	NULL
missed	339366	A1>B1	Žemieji Paneriai–Kazbėjų-V. A. Graičiūno g.	892	NULL	NULL	NULL	NULL	NULL	NULL	NULL	25	Autobusai	25	01		913	NULL	NULL	NULL
missed	339366	B>A	V. A. Graičiūno g.–Žemieji Paneriai	919	NULL	NULL	NULL	NULL	NULL	NULL	NULL	25	Autobusai	25	01		938	NULL	NULL	NULL
missed	339366	A1>B1	Žemieji Paneriai–Kazbėjų-V. A. Graičiūno g.	944	NULL	NULL	NULL	NULL	NULL	NULL	NULL	25	Autobusai	25	01		965	NULL	NULL	NULL
missed	339366	B>A	V. A. Graičiūno g.–Žemieji Paneriai	972	NULL	NULL	NULL	NULL	NULL	NULL	NULL	25	Autobusai	25	01		991	NULL	NULL	NULL
missed	339366	A1>B1	Žemieji Paneriai–Kazbėjų-V. A. Graičiūno g.	997	NULL	NULL	NULL	NULL	NULL	NULL	NULL	25	Autobusai	25	01		1018	NULL	NULL	NULL
missed	339366	B>A	V. A. Graičiūno g.–Žemieji Paneriai	1024	NULL	NULL	NULL	NULL	NULL	NULL	NULL	25	Autobusai	25	01		1043	NULL	NULL	NULL
missed	339366	A1>B1	Žemieji Paneriai–Kazbėjų-V. A. Graičiūno g.	1050	NULL	NULL	NULL	NULL	NULL	NULL	NULL	25	Autobusai	25	01		1071	NULL	NULL	NULL
missed	339366	B>A	V. A. Graičiūno g.–Žemieji Paneriai	1077	NULL	NULL	NULL	NULL	NULL	NULL	NULL	25	Autobusai	25	01		1096	NULL	NULL	NULL
missed	339366	A1>B1	Žemieji Paneriai–Kazbėjų-V. A. Graičiūno g.	1127	NULL	NULL	NULL	NULL	NULL	NULL	NULL	25	Autobusai	25	01		1148	NULL	NULL	NULL
missed	339366	B>A	V. A. Graičiūno g.–Žemieji Paneriai	1154	NULL	NULL	NULL	NULL	NULL	NULL	NULL	25	Autobusai	25	01		1173	NULL	NULL	NULL
missed	339366	A1>B1	Žemieji Paneriai–Kazbėjų-V. A. Graičiūno g.	1179	NULL	NULL	NULL	NULL	NULL	NULL	NULL	25	Autobusai	25	01		1200	NULL	NULL	NULL
missed	339366	B>A	V. A. Graičiūno g.–Žemieji Paneriai	1206	NULL	NULL	NULL	NULL	NULL	NULL	NULL	25	Autobusai	25	01		1225	NULL	NULL	NULL
missed	339366	A1>B1	Žemieji Paneriai–Kazbėjų-V. A. Graičiūno g.	1230	NULL	NULL	NULL	NULL	NULL	NULL	NULL	25	Autobusai	25	01		1251	NULL	NULL	NULL
missed	339366	B>A	V. A. Graičiūno g.–Žemieji Paneriai	1256	NULL	NULL	NULL	NULL	NULL	NULL	NULL	25	Autobusai	25	01		1275	NULL	NULL	NULL
missed	339366	A1>B1	Žemieji Paneriai–Kazbėjų-V. A. Graičiūno g.	1280	NULL	NULL	NULL	NULL	NULL	NULL	NULL	25	Autobusai	25	01		1301	NULL	NULL	NULL
missed	339366	B>A	V. A. Graičiūno g.–Žemieji Paneriai	1309	NULL	NULL	NULL	NULL	NULL	NULL	NULL	25	Autobusai	25	01		1328	NULL	NULL	NULL
missed	339366	A1>B1	Žemieji Paneriai–Kazbėjų-V. A. Graičiūno g.	1334	NULL	NULL	NULL	NULL	NULL	NULL	NULL	25	Autobusai	25	01		1355	NULL	NULL	NULL
missed	339366	B>A	V. A. Graičiūno g.–Žemieji Paneriai	1361	NULL	NULL	NULL	NULL	NULL	NULL	NULL	25	Autobusai	25	01		1377	NULL	NULL	NULL
missed	339365	A>B	Žemieji Paneriai–V. A. Graičiūno g.	369	NULL	NULL	NULL	NULL	NULL	NULL	NULL	25	Autobusai	25	02		388	NULL	NULL	NULL
missed	339365	B1>A1	V. A. Graičiūno–Kazbėjų g.–Žemieji Paneriai	394	NULL	NULL	NULL	NULL	NULL	NULL	NULL	25	Autobusai	25	02		415	NULL	NULL	NULL
missed	339365	A>B	Žemieji Paneriai–V. A. Graičiūno g.	420	NULL	NULL	NULL	NULL	NULL	NULL	NULL	25	Autobusai	25	02		439	NULL	NULL	NULL
missed	339365	B1>A1	V. A. Graičiūno–Kazbėjų g.–Žemieji Paneriai	446	NULL	NULL	NULL	NULL	NULL	NULL	NULL	25	Autobusai	25	02		467	NULL	NULL	NULL
missed	339365	A>B	Žemieji Paneriai–V. A. Graičiūno g.	472	NULL	NULL	NULL	NULL	NULL	NULL	NULL	25	Autobusai	25	02		491	NULL	NULL	NULL
missed	339365	B1>A1	V. A. Graičiūno–Kazbėjų g.–Žemieji Paneriai	497	NULL	NULL	NULL	NULL	NULL	NULL	NULL	25	Autobusai	25	02		518	NULL	NULL	NULL
missed	339365	A>B	Žemieji Paneriai–V. A. Graičiūno g.	526	NULL	NULL	NULL	NULL	NULL	NULL	NULL	25	Autobusai	25	02		545	NULL	NULL	NULL
missed	339365	B1>A1	V. A. Graičiūno–Kazbėjų g.–Žemieji Paneriai	551	NULL	NULL	NULL	NULL	NULL	NULL	NULL	25	Autobusai	25	02		572	NULL	NULL	NULL
missed	339365	A1>B1	Žemieji Paneriai–Kazbėjų-V. A. Graičiūno g.	909	NULL	NULL	NULL	NULL	NULL	NULL	NULL	25	Autobusai	25	02		930	NULL	NULL	NULL
missed	339365	B>A	V. A. Graičiūno g.–Žemieji Paneriai	936	NULL	NULL	NULL	NULL	NULL	NULL	NULL	25	Autobusai	25	02		955	NULL	NULL	NULL
missed	339365	A1>B1	Žemieji Paneriai–Kazbėjų-V. A. Graičiūno g.	970	NULL	NULL	NULL	NULL	NULL	NULL	NULL	25	Autobusai	25	02		991	NULL	NULL	NULL
missed	339365	B>A	V. A. Graičiūno g.–Žemieji Paneriai	997	NULL	NULL	NULL	NULL	NULL	NULL	NULL	25	Autobusai	25	02		1016	NULL	NULL	NULL
missed	339365	A1>B1	Žemieji Paneriai–Kazbėjų-V. A. Graičiūno g.	1025	NULL	NULL	NULL	NULL	NULL	NULL	NULL	25	Autobusai	25	02		1046	NULL	NULL	NULL
missed	339365	B>A	V. A. Graičiūno g.–Žemieji Paneriai	1052	NULL	NULL	NULL	NULL	NULL	NULL	NULL	25	Autobusai	25	02		1071	NULL	NULL	NULL
missed	339365	A1>B1	Žemieji Paneriai–Kazbėjų-V. A. Graičiūno g.	1076	NULL	NULL	NULL	NULL	NULL	NULL	NULL	25	Autobusai	25	02		1097	NULL	NULL	NULL
missed	339365	B>A	V. A. Graičiūno g.–Žemieji Paneriai	1105	NULL	NULL	NULL	NULL	NULL	NULL	NULL	25	Autobusai	25	02		1121	NULL	NULL	NULL
missed	663225	B>A	Bajorai–Jeruzalės–Kalvarijų–Ozo g.	345	NULL	NULL	NULL	NULL	NULL	NULL	NULL	26	Autobusai	26	01		370	NULL	NULL	NULL
missed	663225	A>B	Ozo–Kalvarijų–Jeruzalės g.–Bajorai	383	NULL	NULL	NULL	NULL	NULL	NULL	NULL	26	Autobusai	26	01		406	NULL	NULL	NULL
missed	663225	B>A	Bajorai–Jeruzalės–Kalvarijų–Ozo g.	406	NULL	NULL	NULL	NULL	NULL	NULL	NULL	26	Autobusai	26	01		433	NULL	NULL	NULL
missed	663225	A>B	Ozo–Kalvarijų–Jeruzalės g.–Bajorai	447	NULL	NULL	NULL	NULL	NULL	NULL	NULL	26	Autobusai	26	01		471	NULL	NULL	NULL
missed	663225	B>A	Bajorai–Jeruzalės–Kalvarijų–Ozo g.	471	NULL	NULL	NULL	NULL	NULL	NULL	NULL	26	Autobusai	26	01		498	NULL	NULL	NULL
missed	663225	A>B	Ozo–Kalvarijų–Jeruzalės g.–Bajorai	538	NULL	NULL	NULL	NULL	NULL	NULL	NULL	26	Autobusai	26	01		561	NULL	NULL	NULL
missed	663225	B>A	Bajorai–Jeruzalės–Kalvarijų–Ozo g.	561	NULL	NULL	NULL	NULL	NULL	NULL	NULL	26	Autobusai	26	01		586	NULL	NULL	NULL
missed	663225	A>B	Ozo–Kalvarijų–Jeruzalės g.–Bajorai	598	NULL	NULL	NULL	NULL	NULL	NULL	NULL	26	Autobusai	26	01		621	NULL	NULL	NULL
missed	663225	B>A	Bajorai–Jeruzalės–Kalvarijų–Ozo g.	621	NULL	NULL	NULL	NULL	NULL	NULL	NULL	26	Autobusai	26	01		646	NULL	NULL	NULL
missed	663225	A>B	Ozo–Kalvarijų–Jeruzalės g.–Bajorai	688	NULL	NULL	NULL	NULL	NULL	NULL	NULL	26	Autobusai	26	01		711	NULL	NULL	NULL
missed	663225	B>A	Bajorai–Jeruzalės–Kalvarijų–Ozo g.	711	NULL	NULL	NULL	NULL	NULL	NULL	NULL	26	Autobusai	26	01		736	NULL	NULL	NULL
missed	663225	A>B	Ozo–Kalvarijų–Jeruzalės g.–Bajorai	753	NULL	NULL	NULL	NULL	NULL	NULL	NULL	26	Autobusai	26	01		776	NULL	NULL	NULL
missed	663225	B>A	Bajorai–Jeruzalės–Kalvarijų–Ozo g.	776	NULL	NULL	NULL	NULL	NULL	NULL	NULL	26	Autobusai	26	01		801	NULL	NULL	NULL
missed	663225	A>B	Ozo–Kalvarijų–Jeruzalės g.–Bajorai	813	NULL	NULL	NULL	NULL	NULL	NULL	NULL	26	Autobusai	26	01		836	NULL	NULL	NULL
missed	663225	B>A	Bajorai–Jeruzalės–Kalvarijų–Ozo g.	836	NULL	NULL	NULL	NULL	NULL	NULL	NULL	26	Autobusai	26	01		861	NULL	NULL	NULL
missed	663225	A>B	Ozo–Kalvarijų–Jeruzalės g.–Bajorai	873	NULL	NULL	NULL	NULL	NULL	NULL	NULL	26	Autobusai	26	01		896	NULL	NULL	NULL
missed	663225	B>A	Bajorai–Jeruzalės–Kalvarijų–Ozo g.	896	NULL	NULL	NULL	NULL	NULL	NULL	NULL	26	Autobusai	26	01		921	NULL	NULL	NULL
missed	663225	A>B	Ozo–Kalvarijų–Jeruzalės g.–Bajorai	933	NULL	NULL	NULL	NULL	NULL	NULL	NULL	26	Autobusai	26	01		956	NULL	NULL	NULL
missed	663225	B>A	Bajorai–Jeruzalės–Kalvarijų–Ozo g.	956	NULL	NULL	NULL	NULL	NULL	NULL	NULL	26	Autobusai	26	01		981	NULL	NULL	NULL
missed	663225	A>B	Ozo–Kalvarijų–Jeruzalės g.–Bajorai	989	NULL	NULL	NULL	NULL	NULL	NULL	NULL	26	Autobusai	26	01		1014	NULL	NULL	NULL
missed	663225	B>A	Bajorai–Jeruzalės–Kalvarijų–Ozo g.	1014	NULL	NULL	NULL	NULL	NULL	NULL	NULL	26	Autobusai	26	01		1039	NULL	NULL	NULL
missed	663225	A>B	Ozo–Kalvarijų–Jeruzalės g.–Bajorai	1049	NULL	NULL	NULL	NULL	NULL	NULL	NULL	26	Autobusai	26	01		1074	NULL	NULL	NULL
missed	663225	B>A	Bajorai–Jeruzalės–Kalvarijų–Ozo g.	1074	NULL	NULL	NULL	NULL	NULL	NULL	NULL	26	Autobusai	26	01		1099	NULL	NULL	NULL
missed	663225	A>B	Ozo–Kalvarijų–Jeruzalės g.–Bajorai	1135	NULL	NULL	NULL	NULL	NULL	NULL	NULL	26	Autobusai	26	01		1159	NULL	NULL	NULL
missed	663225	B>A	Bajorai–Jeruzalės–Kalvarijų–Ozo g.	1159	NULL	NULL	NULL	NULL	NULL	NULL	NULL	26	Autobusai	26	01		1184	NULL	NULL	NULL
missed	663225	A>B	Ozo–Kalvarijų–Jeruzalės g.–Bajorai	1195	NULL	NULL	NULL	NULL	NULL	NULL	NULL	26	Autobusai	26	01		1219	NULL	NULL	NULL
missed	663225	B>A	Bajorai–Jeruzalės–Kalvarijų–Ozo g.	1219	NULL	NULL	NULL	NULL	NULL	NULL	NULL	26	Autobusai	26	01		1244	NULL	NULL	NULL
missed	663225	A>B	Ozo–Kalvarijų–Jeruzalės g.–Bajorai	1261	NULL	NULL	NULL	NULL	NULL	NULL	NULL	26	Autobusai	26	01		1284	NULL	NULL	NULL
missed	663225	B>A	Bajorai–Jeruzalės–Kalvarijų–Ozo g.	1284	NULL	NULL	NULL	NULL	NULL	NULL	NULL	26	Autobusai	26	01		1309	NULL	NULL	NULL
missed	663225	A>B	Ozo–Kalvarijų–Jeruzalės g.–Bajorai	1326	NULL	NULL	NULL	NULL	NULL	NULL	NULL	26	Autobusai	26	01		1349	NULL	NULL	NULL
missed	663225	B>A	Bajorai–Jeruzalės–Kalvarijų–Ozo g.	1349	NULL	NULL	NULL	NULL	NULL	NULL	NULL	26	Autobusai	26	01		1374	NULL	NULL	NULL
missed	635394	B>A	Arimų–Olandų–Šeimyniškių–Kalvarijų g.	320	NULL	NULL	NULL	NULL	NULL	NULL	NULL	27	Autobusai	27	01		353	NULL	NULL	NULL
missed	635394	A>B	Kalvarijų–Tuskulėnų–Olandų–Arimų g.	353	NULL	NULL	NULL	NULL	NULL	NULL	NULL	27	Autobusai	27	01		386	NULL	NULL	NULL
missed	635394	B>A	Arimų–Olandų–Šeimyniškių–Kalvarijų g.	396	NULL	NULL	NULL	NULL	NULL	NULL	NULL	27	Autobusai	27	01		430	NULL	NULL	NULL
missed	635394	A>B	Kalvarijų–Tuskulėnų–Olandų–Arimų g.	430	NULL	NULL	NULL	NULL	NULL	NULL	NULL	27	Autobusai	27	01		463	NULL	NULL	NULL
missed	635394	B>A	Arimų–Olandų–Šeimyniškių–Kalvarijų g.	473	NULL	NULL	NULL	NULL	NULL	NULL	NULL	27	Autobusai	27	01		507	NULL	NULL	NULL
missed	635394	A>B	Kalvarijų–Tuskulėnų–Olandų–Arimų g.	507	NULL	NULL	NULL	NULL	NULL	NULL	NULL	27	Autobusai	27	01		540	NULL	NULL	NULL
missed	635394	B>A	Arimų–Olandų–Šeimyniškių–Kalvarijų g.	570	NULL	NULL	NULL	NULL	NULL	NULL	NULL	27	Autobusai	27	01		603	NULL	NULL	NULL
missed	635394	A>B	Kalvarijų–Tuskulėnų–Olandų–Arimų g.	603	NULL	NULL	NULL	NULL	NULL	NULL	NULL	27	Autobusai	27	01		636	NULL	NULL	NULL
missed	635394	B>A	Arimų–Olandų–Šeimyniškių–Kalvarijų g.	646	NULL	NULL	NULL	NULL	NULL	NULL	NULL	27	Autobusai	27	01		679	NULL	NULL	NULL
missed	635394	A>B	Kalvarijų–Tuskulėnų–Olandų–Arimų g.	679	NULL	NULL	NULL	NULL	NULL	NULL	NULL	27	Autobusai	27	01		712	NULL	NULL	NULL
missed	635394	B>A	Arimų–Olandų–Šeimyniškių–Kalvarijų g.	722	NULL	NULL	NULL	NULL	NULL	NULL	NULL	27	Autobusai	27	01		755	NULL	NULL	NULL
missed	635394	A>B	Kalvarijų–Tuskulėnų–Olandų–Arimų g.	755	NULL	NULL	NULL	NULL	NULL	NULL	NULL	27	Autobusai	27	01		788	NULL	NULL	NULL
missed	635394	B>A	Arimų–Olandų–Šeimyniškių–Kalvarijų g.	798	NULL	NULL	NULL	NULL	NULL	NULL	NULL	27	Autobusai	27	01		831	NULL	NULL	NULL
missed	635394	A>B	Kalvarijų–Tuskulėnų–Olandų–Arimų g.	831	NULL	NULL	NULL	NULL	NULL	NULL	NULL	27	Autobusai	27	01		864	NULL	NULL	NULL
missed	635394	B>A	Arimų–Olandų–Šeimyniškių–Kalvarijų g.	874	NULL	NULL	NULL	NULL	NULL	NULL	NULL	27	Autobusai	27	01		908	NULL	NULL	NULL
missed	635394	A>B	Kalvarijų–Tuskulėnų–Olandų–Arimų g.	908	NULL	NULL	NULL	NULL	NULL	NULL	NULL	27	Autobusai	27	01		941	NULL	NULL	NULL
missed	635394	B>A	Arimų–Olandų–Šeimyniškių–Kalvarijų g.	970	NULL	NULL	NULL	NULL	NULL	NULL	NULL	27	Autobusai	27	01		1004	NULL	NULL	NULL
missed	635394	A>B	Kalvarijų–Tuskulėnų–Olandų–Arimų g.	1004	NULL	NULL	NULL	NULL	NULL	NULL	NULL	27	Autobusai	27	01		1037	NULL	NULL	NULL
missed	635394	B>A	Arimų–Olandų–Šeimyniškių–Kalvarijų g.	1053	NULL	NULL	NULL	NULL	NULL	NULL	NULL	27	Autobusai	27	01		1087	NULL	NULL	NULL
missed	635394	A>B	Kalvarijų–Tuskulėnų–Olandų–Arimų g.	1087	NULL	NULL	NULL	NULL	NULL	NULL	NULL	27	Autobusai	27	01		1120	NULL	NULL	NULL
missed	635394	B>A	Arimų–Olandų–Šeimyniškių–Kalvarijų g.	1155	NULL	NULL	NULL	NULL	NULL	NULL	NULL	27	Autobusai	27	01		1188	NULL	NULL	NULL
missed	635394	A>B	Kalvarijų–Tuskulėnų–Olandų–Arimų g.	1188	NULL	NULL	NULL	NULL	NULL	NULL	NULL	27	Autobusai	27	01		1220	NULL	NULL	NULL
missed	635394	B>A	Arimų–Olandų–Šeimyniškių–Kalvarijų g.	1230	NULL	NULL	NULL	NULL	NULL	NULL	NULL	27	Autobusai	27	01		1262	NULL	NULL	NULL
missed	635394	A>B	Kalvarijų–Tuskulėnų–Olandų–Arimų g.	1262	NULL	NULL	NULL	NULL	NULL	NULL	NULL	27	Autobusai	27	01		1294	NULL	NULL	NULL
missed	635394	B>A	Arimų–Olandų–Šeimyniškių–Kalvarijų g.	1304	NULL	NULL	NULL	NULL	NULL	NULL	NULL	27	Autobusai	27	01		1336	NULL	NULL	NULL
missed	635394	A>B	Kalvarijų–Tuskulėnų–Olandų–Arimų g.	1336	NULL	NULL	NULL	NULL	NULL	NULL	NULL	27	Autobusai	27	01		1368	NULL	NULL	NULL
missed	635394	B>A1	Arimų–Olandų–Šeimyniškių g.–Žalgirio st.	1378	NULL	NULL	NULL	NULL	NULL	NULL	NULL	27	Autobusai	27	01		1409	NULL	NULL	NULL
missed	635393	A>B	Kalvarijų–Tuskulėnų–Olandų–Arimų g.	313	NULL	NULL	NULL	NULL	NULL	NULL	NULL	27	Autobusai	27	02		346	NULL	NULL	NULL
missed	635393	B>A	Arimų–Olandų–Šeimyniškių–Kalvarijų g.	356	NULL	NULL	NULL	NULL	NULL	NULL	NULL	27	Autobusai	27	02		389	NULL	NULL	NULL
missed	635393	A>B	Kalvarijų–Tuskulėnų–Olandų–Arimų g.	389	NULL	NULL	NULL	NULL	NULL	NULL	NULL	27	Autobusai	27	02		422	NULL	NULL	NULL
missed	635393	B>A	Arimų–Olandų–Šeimyniškių–Kalvarijų g.	435	NULL	NULL	NULL	NULL	NULL	NULL	NULL	27	Autobusai	27	02		469	NULL	NULL	NULL
missed	635393	A>B	Kalvarijų–Tuskulėnų–Olandų–Arimų g.	469	NULL	NULL	NULL	NULL	NULL	NULL	NULL	27	Autobusai	27	02		502	NULL	NULL	NULL
missed	635393	B>A	Arimų–Olandų–Šeimyniškių–Kalvarijų g.	518	NULL	NULL	NULL	NULL	NULL	NULL	NULL	27	Autobusai	27	02		551	NULL	NULL	NULL
missed	635393	A>B	Kalvarijų–Tuskulėnų–Olandų–Arimų g.	551	NULL	NULL	NULL	NULL	NULL	NULL	NULL	27	Autobusai	27	02		584	NULL	NULL	NULL
missed	635393	B>A	Arimų–Olandų–Šeimyniškių–Kalvarijų g.	940	NULL	NULL	NULL	NULL	NULL	NULL	NULL	27	Autobusai	27	02		973	NULL	NULL	NULL
missed	635393	A>B	Kalvarijų–Tuskulėnų–Olandų–Arimų g.	973	NULL	NULL	NULL	NULL	NULL	NULL	NULL	27	Autobusai	27	02		1006	NULL	NULL	NULL
missed	635393	B>A	Arimų–Olandų–Šeimyniškių–Kalvarijų g.	1022	NULL	NULL	NULL	NULL	NULL	NULL	NULL	27	Autobusai	27	02		1056	NULL	NULL	NULL
missed	635393	A>B	Kalvarijų–Tuskulėnų–Olandų–Arimų g.	1056	NULL	NULL	NULL	NULL	NULL	NULL	NULL	27	Autobusai	27	02		1089	NULL	NULL	NULL
missed	635393	B>A1	Arimų–Olandų–Šeimyniškių g.–Žalgirio st.	1112	NULL	NULL	NULL	NULL	NULL	NULL	NULL	27	Autobusai	27	02		1144	NULL	NULL	NULL
missed	635395	A>B	Kalvarijų–Tuskulėnų–Olandų–Arimų g.	372	NULL	NULL	NULL	NULL	NULL	NULL	NULL	27	Autobusai	27	03		405	NULL	NULL	NULL
missed	635395	B>A	Arimų–Olandų–Šeimyniškių–Kalvarijų g.	415	NULL	NULL	NULL	NULL	NULL	NULL	NULL	27	Autobusai	27	03		449	NULL	NULL	NULL
missed	635395	A>B	Kalvarijų–Tuskulėnų–Olandų–Arimų g.	449	NULL	NULL	NULL	NULL	NULL	NULL	NULL	27	Autobusai	27	03		482	NULL	NULL	NULL
missed	635395	B>A	Arimų–Olandų–Šeimyniškių–Kalvarijų g.	492	NULL	NULL	NULL	NULL	NULL	NULL	NULL	27	Autobusai	27	03		525	NULL	NULL	NULL
missed	635395	A>B	Kalvarijų–Tuskulėnų–Olandų–Arimų g.	525	NULL	NULL	NULL	NULL	NULL	NULL	NULL	27	Autobusai	27	03		558	NULL	NULL	NULL
missed	635395	B>A	Arimų–Olandų–Šeimyniškių–Kalvarijų g.	603	NULL	NULL	NULL	NULL	NULL	NULL	NULL	27	Autobusai	27	03		637	NULL	NULL	NULL
missed	635395	A>B	Kalvarijų–Tuskulėnų–Olandų–Arimų g.	637	NULL	NULL	NULL	NULL	NULL	NULL	NULL	27	Autobusai	27	03		670	NULL	NULL	NULL
missed	635395	B>A	Arimų–Olandų–Šeimyniškių–Kalvarijų g.	680	NULL	NULL	NULL	NULL	NULL	NULL	NULL	27	Autobusai	27	03		714	NULL	NULL	NULL
missed	635395	A>B	Kalvarijų–Tuskulėnų–Olandų–Arimų g.	714	NULL	NULL	NULL	NULL	NULL	NULL	NULL	27	Autobusai	27	03		747	NULL	NULL	NULL
missed	635395	B>A	Arimų–Olandų–Šeimyniškių–Kalvarijų g.	757	NULL	NULL	NULL	NULL	NULL	NULL	NULL	27	Autobusai	27	03		791	NULL	NULL	NULL
missed	635395	A>B	Kalvarijų–Tuskulėnų–Olandų–Arimų g.	791	NULL	NULL	NULL	NULL	NULL	NULL	NULL	27	Autobusai	27	03		824	NULL	NULL	NULL
missed	635395	B>A	Arimų–Olandų–Šeimyniškių–Kalvarijų g.	834	NULL	NULL	NULL	NULL	NULL	NULL	NULL	27	Autobusai	27	03		868	NULL	NULL	NULL
missed	635395	A>B	Kalvarijų–Tuskulėnų–Olandų–Arimų g.	868	NULL	NULL	NULL	NULL	NULL	NULL	NULL	27	Autobusai	27	03		901	NULL	NULL	NULL
missed	635395	B>A	Arimų–Olandų–Šeimyniškių–Kalvarijų g.	911	NULL	NULL	NULL	NULL	NULL	NULL	NULL	27	Autobusai	27	03		945	NULL	NULL	NULL
missed	635395	A>B	Kalvarijų–Tuskulėnų–Olandų–Arimų g.	945	NULL	NULL	NULL	NULL	NULL	NULL	NULL	27	Autobusai	27	03		978	NULL	NULL	NULL
missed	635395	B>A	Arimų–Olandų–Šeimyniškių–Kalvarijų g.	995	NULL	NULL	NULL	NULL	NULL	NULL	NULL	27	Autobusai	27	03		1029	NULL	NULL	NULL
missed	635395	A>B	Kalvarijų–Tuskulėnų–Olandų–Arimų g.	1029	NULL	NULL	NULL	NULL	NULL	NULL	NULL	27	Autobusai	27	03		1062	NULL	NULL	NULL
missed	635395	B>A	Arimų–Olandų–Šeimyniškių–Kalvarijų g.	1075	NULL	NULL	NULL	NULL	NULL	NULL	NULL	27	Autobusai	27	03		1109	NULL	NULL	NULL
missed	635395	A>B	Kalvarijų–Tuskulėnų–Olandų–Arimų g.	1109	NULL	NULL	NULL	NULL	NULL	NULL	NULL	27	Autobusai	27	03		1142	NULL	NULL	NULL
missed	635395	B>A	Arimų–Olandų–Šeimyniškių–Kalvarijų g.	1180	NULL	NULL	NULL	NULL	NULL	NULL	NULL	27	Autobusai	27	03		1212	NULL	NULL	NULL
missed	635395	A>B	Kalvarijų–Tuskulėnų–Olandų–Arimų g.	1212	NULL	NULL	NULL	NULL	NULL	NULL	NULL	27	Autobusai	27	03		1244	NULL	NULL	NULL
missed	635395	B>A	Arimų–Olandų–Šeimyniškių–Kalvarijų g.	1260	NULL	NULL	NULL	NULL	NULL	NULL	NULL	27	Autobusai	27	03		1292	NULL	NULL	NULL
missed	635395	A>B	Kalvarijų–Tuskulėnų–Olandų–Arimų g.	1292	NULL	NULL	NULL	NULL	NULL	NULL	NULL	27	Autobusai	27	03		1324	NULL	NULL	NULL
missed	635395	B>A	Arimų–Olandų–Šeimyniškių–Kalvarijų g.	1336	NULL	NULL	NULL	NULL	NULL	NULL	NULL	27	Autobusai	27	03		1368	NULL	NULL	NULL
missed	635395	A>B	Kalvarijų–Tuskulėnų–Olandų–Arimų g.	1368	NULL	NULL	NULL	NULL	NULL	NULL	NULL	27	Autobusai	27	03		1400	NULL	NULL	NULL
missed	635395	B>A1	Arimų–Olandų–Šeimyniškių g.–Žalgirio st.	1408	NULL	NULL	NULL	NULL	NULL	NULL	NULL	27	Autobusai	27	03		1439	NULL	NULL	NULL
missed	663132	A>B	Žemieji Paneriai–Grigiškės	313	NULL	NULL	NULL	NULL	NULL	NULL	NULL	28	Autobusai	28	01-ž		329	NULL	NULL	NULL
missed	663132	B>A	Grigiškės–Žemieji Paneriai	329	NULL	NULL	NULL	NULL	NULL	NULL	NULL	28	Autobusai	28	01-ž		345	NULL	NULL	NULL
missed	663132	A>B	Žemieji Paneriai–Grigiškės	350	NULL	NULL	NULL	NULL	NULL	NULL	NULL	28	Autobusai	28	01-ž		367	NULL	NULL	NULL
missed	663132	B>A	Grigiškės–Žemieji Paneriai	367	NULL	NULL	NULL	NULL	NULL	NULL	NULL	28	Autobusai	28	01-ž		383	NULL	NULL	NULL
missed	663132	A>B	Žemieji Paneriai–Grigiškės	389	NULL	NULL	NULL	NULL	NULL	NULL	NULL	28	Autobusai	28	01-ž		405	NULL	NULL	NULL
missed	663132	B>A	Grigiškės–Žemieji Paneriai	405	NULL	NULL	NULL	NULL	NULL	NULL	NULL	28	Autobusai	28	01-ž		421	NULL	NULL	NULL
missed	663132	A>B	Žemieji Paneriai–Grigiškės	427	NULL	NULL	NULL	NULL	NULL	NULL	NULL	28	Autobusai	28	01-ž		443	NULL	NULL	NULL
missed	663132	B>A	Grigiškės–Žemieji Paneriai	443	NULL	NULL	NULL	NULL	NULL	NULL	NULL	28	Autobusai	28	01-ž		459	NULL	NULL	NULL
missed	663132	A>B	Žemieji Paneriai–Grigiškės	468	NULL	NULL	NULL	NULL	NULL	NULL	NULL	28	Autobusai	28	01-ž		484	NULL	NULL	NULL
missed	663132	B>A	Grigiškės–Žemieji Paneriai	484	NULL	NULL	NULL	NULL	NULL	NULL	NULL	28	Autobusai	28	01-ž		500	NULL	NULL	NULL
missed	663132	A>B	Žemieji Paneriai–Grigiškės	506	NULL	NULL	NULL	NULL	NULL	NULL	NULL	28	Autobusai	28	01-ž		522	NULL	NULL	NULL
missed	663132	B>A	Grigiškės–Žemieji Paneriai	522	NULL	NULL	NULL	NULL	NULL	NULL	NULL	28	Autobusai	28	01-ž		538	NULL	NULL	NULL
missed	663132	A>B	Žemieji Paneriai–Grigiškės	568	NULL	NULL	NULL	NULL	NULL	NULL	NULL	28	Autobusai	28	01-ž		584	NULL	NULL	NULL
missed	663132	B>A	Grigiškės–Žemieji Paneriai	584	NULL	NULL	NULL	NULL	NULL	NULL	NULL	28	Autobusai	28	01-ž		600	NULL	NULL	NULL
missed	663132	A>B	Žemieji Paneriai–Grigiškės	605	NULL	NULL	NULL	NULL	NULL	NULL	NULL	28	Autobusai	28	01-ž		621	NULL	NULL	NULL
missed	663132	B>A	Grigiškės–Žemieji Paneriai	621	NULL	NULL	NULL	NULL	NULL	NULL	NULL	28	Autobusai	28	01-ž		637	NULL	NULL	NULL
missed	663132	A>B	Žemieji Paneriai–Grigiškės	642	NULL	NULL	NULL	NULL	NULL	NULL	NULL	28	Autobusai	28	01-ž		658	NULL	NULL	NULL
missed	663132	B>A	Grigiškės–Žemieji Paneriai	658	NULL	NULL	NULL	NULL	NULL	NULL	NULL	28	Autobusai	28	01-ž		674	NULL	NULL	NULL
missed	663132	A>B	Žemieji Paneriai–Grigiškės	679	NULL	NULL	NULL	NULL	NULL	NULL	NULL	28	Autobusai	28	01-ž		695	NULL	NULL	NULL
missed	663132	B>A	Grigiškės–Žemieji Paneriai	695	NULL	NULL	NULL	NULL	NULL	NULL	NULL	28	Autobusai	28	01-ž		711	NULL	NULL	NULL
missed	663132	A>B	Žemieji Paneriai–Grigiškės	716	NULL	NULL	NULL	NULL	NULL	NULL	NULL	28	Autobusai	28	01-ž		732	NULL	NULL	NULL
missed	663132	B>A	Grigiškės–Žemieji Paneriai	732	NULL	NULL	NULL	NULL	NULL	NULL	NULL	28	Autobusai	28	01-ž		748	NULL	NULL	NULL
missed	663132	A>B	Žemieji Paneriai–Grigiškės	753	NULL	NULL	NULL	NULL	NULL	NULL	NULL	28	Autobusai	28	01-ž		769	NULL	NULL	NULL
missed	663132	B>A	Grigiškės–Žemieji Paneriai	769	NULL	NULL	NULL	NULL	NULL	NULL	NULL	28	Autobusai	28	01-ž		785	NULL	NULL	NULL
missed	663132	A>B	Žemieji Paneriai–Grigiškės	792	NULL	NULL	NULL	NULL	NULL	NULL	NULL	28	Autobusai	28	01-ž		808	NULL	NULL	NULL
missed	663132	B>A	Grigiškės–Žemieji Paneriai	808	NULL	NULL	NULL	NULL	NULL	NULL	NULL	28	Autobusai	28	01-ž		824	NULL	NULL	NULL
missed	663132	A>B	Žemieji Paneriai–Grigiškės	827	NULL	NULL	NULL	NULL	NULL	NULL	NULL	28	Autobusai	28	01-ž		843	NULL	NULL	NULL
missed	663132	B>A	Grigiškės–Žemieji Paneriai	843	NULL	NULL	NULL	NULL	NULL	NULL	NULL	28	Autobusai	28	01-ž		859	NULL	NULL	NULL
missed	663132	A>B	Žemieji Paneriai–Grigiškės	868	NULL	NULL	NULL	NULL	NULL	NULL	NULL	28	Autobusai	28	01-ž		884	NULL	NULL	NULL
missed	663132	B>A	Grigiškės–Žemieji Paneriai	884	NULL	NULL	NULL	NULL	NULL	NULL	NULL	28	Autobusai	28	01-ž		900	NULL	NULL	NULL
missed	663132	A>B	Žemieji Paneriai–Grigiškės	908	NULL	NULL	NULL	NULL	NULL	NULL	NULL	28	Autobusai	28	01-ž		924	NULL	NULL	NULL
missed	663132	B>A	Grigiškės–Žemieji Paneriai	924	NULL	NULL	NULL	NULL	NULL	NULL	NULL	28	Autobusai	28	01-ž		940	NULL	NULL	NULL
missed	663132	A>B	Žemieji Paneriai–Grigiškės	947	NULL	NULL	NULL	NULL	NULL	NULL	NULL	28	Autobusai	28	01-ž		963	NULL	NULL	NULL
missed	663132	B>A	Grigiškės–Žemieji Paneriai	963	NULL	NULL	NULL	NULL	NULL	NULL	NULL	28	Autobusai	28	01-ž		979	NULL	NULL	NULL
missed	663132	A>B	Žemieji Paneriai–Grigiškės	985	NULL	NULL	NULL	NULL	NULL	NULL	NULL	28	Autobusai	28	01-ž		1001	NULL	NULL	NULL
missed	663132	B>A	Grigiškės–Žemieji Paneriai	1001	NULL	NULL	NULL	NULL	NULL	NULL	NULL	28	Autobusai	28	01-ž		1017	NULL	NULL	NULL
missed	663132	A>B	Žemieji Paneriai–Grigiškės	1027	NULL	NULL	NULL	NULL	NULL	NULL	NULL	28	Autobusai	28	01-ž		1043	NULL	NULL	NULL
missed	663132	B>A	Grigiškės–Žemieji Paneriai	1043	NULL	NULL	NULL	NULL	NULL	NULL	NULL	28	Autobusai	28	01-ž		1059	NULL	NULL	NULL
missed	663132	A>B	Žemieji Paneriai–Grigiškės	1068	NULL	NULL	NULL	NULL	NULL	NULL	NULL	28	Autobusai	28	01-ž		1084	NULL	NULL	NULL
missed	663132	B>A	Grigiškės–Žemieji Paneriai	1084	NULL	NULL	NULL	NULL	NULL	NULL	NULL	28	Autobusai	28	01-ž		1100	NULL	NULL	NULL
missed	663132	A>B	Žemieji Paneriai–Grigiškės	1140	NULL	NULL	NULL	NULL	NULL	NULL	NULL	28	Autobusai	28	01-ž		1156	NULL	NULL	NULL
missed	663132	B>A	Grigiškės–Žemieji Paneriai	1156	NULL	NULL	NULL	NULL	NULL	NULL	NULL	28	Autobusai	28	01-ž		1172	NULL	NULL	NULL
missed	663132	A>B	Žemieji Paneriai–Grigiškės	1181	NULL	NULL	NULL	NULL	NULL	NULL	NULL	28	Autobusai	28	01-ž		1197	NULL	NULL	NULL
missed	663132	B>A	Grigiškės–Žemieji Paneriai	1197	NULL	NULL	NULL	NULL	NULL	NULL	NULL	28	Autobusai	28	01-ž		1213	NULL	NULL	NULL
missed	663132	A>B	Žemieji Paneriai–Grigiškės	1219	NULL	NULL	NULL	NULL	NULL	NULL	NULL	28	Autobusai	28	01-ž		1235	NULL	NULL	NULL
missed	663132	B>A	Grigiškės–Žemieji Paneriai	1235	NULL	NULL	NULL	NULL	NULL	NULL	NULL	28	Autobusai	28	01-ž		1251	NULL	NULL	NULL
missed	663132	A>B	Žemieji Paneriai–Grigiškės	1257	NULL	NULL	NULL	NULL	NULL	NULL	NULL	28	Autobusai	28	01-ž		1273	NULL	NULL	NULL
missed	663132	B>A	Grigiškės–Žemieji Paneriai	1273	NULL	NULL	NULL	NULL	NULL	NULL	NULL	28	Autobusai	28	01-ž		1289	NULL	NULL	NULL
missed	663132	A>B	Žemieji Paneriai–Grigiškės	1299	NULL	NULL	NULL	NULL	NULL	NULL	NULL	28	Autobusai	28	01-ž		1315	NULL	NULL	NULL
missed	663132	B>A	Grigiškės–Žemieji Paneriai	1315	NULL	NULL	NULL	NULL	NULL	NULL	NULL	28	Autobusai	28	01-ž		1331	NULL	NULL	NULL
missed	663132	A>B	Žemieji Paneriai–Grigiškės	1339	NULL	NULL	NULL	NULL	NULL	NULL	NULL	28	Autobusai	28	01-ž		1355	NULL	NULL	NULL
missed	663132	B>A	Grigiškės–Žemieji Paneriai	1355	NULL	NULL	NULL	NULL	NULL	NULL	NULL	28	Autobusai	28	01-ž		1371	NULL	NULL	NULL
missed	663132	A>B	Žemieji Paneriai–Grigiškės	1376	NULL	NULL	NULL	NULL	NULL	NULL	NULL	28	Autobusai	28	01-ž		1392	NULL	NULL	NULL
missed	663132	B>A	Grigiškės–Žemieji Paneriai	1392	NULL	NULL	NULL	NULL	NULL	NULL	NULL	28	Autobusai	28	01-ž		1408	NULL	NULL	NULL
missed	663133	B>A	Grigiškės–Žemieji Paneriai	341	NULL	NULL	NULL	NULL	NULL	NULL	NULL	28	Autobusai	28	02		357	NULL	NULL	NULL
missed	663133	A>B	Žemieji Paneriai–Grigiškės	363	NULL	NULL	NULL	NULL	NULL	NULL	NULL	28	Autobusai	28	02		379	NULL	NULL	NULL
missed	663133	B>A	Grigiškės–Žemieji Paneriai	379	NULL	NULL	NULL	NULL	NULL	NULL	NULL	28	Autobusai	28	02		395	NULL	NULL	NULL
missed	663133	A>B	Žemieji Paneriai–Grigiškės	402	NULL	NULL	NULL	NULL	NULL	NULL	NULL	28	Autobusai	28	02		418	NULL	NULL	NULL
missed	663133	B>A	Grigiškės–Žemieji Paneriai	418	NULL	NULL	NULL	NULL	NULL	NULL	NULL	28	Autobusai	28	02		434	NULL	NULL	NULL
missed	663133	A>B	Žemieji Paneriai–Grigiškės	439	NULL	NULL	NULL	NULL	NULL	NULL	NULL	28	Autobusai	28	02		455	NULL	NULL	NULL
missed	663133	B>A	Grigiškės–Žemieji Paneriai	455	NULL	NULL	NULL	NULL	NULL	NULL	NULL	28	Autobusai	28	02		471	NULL	NULL	NULL
missed	663133	A>B	Žemieji Paneriai–Grigiškės	481	NULL	NULL	NULL	NULL	NULL	NULL	NULL	28	Autobusai	28	02		497	NULL	NULL	NULL
missed	663133	B>A	Grigiškės–Žemieji Paneriai	497	NULL	NULL	NULL	NULL	NULL	NULL	NULL	28	Autobusai	28	02		513	NULL	NULL	NULL
missed	663133	A>B	Žemieji Paneriai–Grigiškės	519	NULL	NULL	NULL	NULL	NULL	NULL	NULL	28	Autobusai	28	02		535	NULL	NULL	NULL
missed	663133	B>A	Grigiškės–Žemieji Paneriai	535	NULL	NULL	NULL	NULL	NULL	NULL	NULL	28	Autobusai	28	02		551	NULL	NULL	NULL
missed	663133	A>B	Žemieji Paneriai–Grigiškės	556	NULL	NULL	NULL	NULL	NULL	NULL	NULL	28	Autobusai	28	02		572	NULL	NULL	NULL
missed	663133	B>A	Grigiškės–Žemieji Paneriai	572	NULL	NULL	NULL	NULL	NULL	NULL	NULL	28	Autobusai	28	02		588	NULL	NULL	NULL
missed	663133	A>B	Žemieji Paneriai–Grigiškės	842	NULL	NULL	NULL	NULL	NULL	NULL	NULL	28	Autobusai	28	02		858	NULL	NULL	NULL
missed	663133	B>A	Grigiškės–Žemieji Paneriai	858	NULL	NULL	NULL	NULL	NULL	NULL	NULL	28	Autobusai	28	02		874	NULL	NULL	NULL
missed	663133	A>B	Žemieji Paneriai–Grigiškės	887	NULL	NULL	NULL	NULL	NULL	NULL	NULL	28	Autobusai	28	02		903	NULL	NULL	NULL
missed	663133	B>A	Grigiškės–Žemieji Paneriai	903	NULL	NULL	NULL	NULL	NULL	NULL	NULL	28	Autobusai	28	02		919	NULL	NULL	NULL
missed	663133	A>B	Žemieji Paneriai–Grigiškės	927	NULL	NULL	NULL	NULL	NULL	NULL	NULL	28	Autobusai	28	02		943	NULL	NULL	NULL
missed	663133	B>A	Grigiškės–Žemieji Paneriai	943	NULL	NULL	NULL	NULL	NULL	NULL	NULL	28	Autobusai	28	02		959	NULL	NULL	NULL
missed	663133	A>B	Žemieji Paneriai–Grigiškės	970	NULL	NULL	NULL	NULL	NULL	NULL	NULL	28	Autobusai	28	02		986	NULL	NULL	NULL
missed	663133	B>A	Grigiškės–Žemieji Paneriai	986	NULL	NULL	NULL	NULL	NULL	NULL	NULL	28	Autobusai	28	02		1002	NULL	NULL	NULL
missed	663133	A>B	Žemieji Paneriai–Grigiškės	1007	NULL	NULL	NULL	NULL	NULL	NULL	NULL	28	Autobusai	28	02		1023	NULL	NULL	NULL
missed	663133	B>A	Grigiškės–Žemieji Paneriai	1023	NULL	NULL	NULL	NULL	NULL	NULL	NULL	28	Autobusai	28	02		1039	NULL	NULL	NULL
missed	663133	A>B	Žemieji Paneriai–Grigiškės	1047	NULL	NULL	NULL	NULL	NULL	NULL	NULL	28	Autobusai	28	02		1063	NULL	NULL	NULL
missed	663133	B>A	Grigiškės–Žemieji Paneriai	1063	NULL	NULL	NULL	NULL	NULL	NULL	NULL	28	Autobusai	28	02		1079	NULL	NULL	NULL
missed	663133	A>B	Žemieji Paneriai–Grigiškės	1092	NULL	NULL	NULL	NULL	NULL	NULL	NULL	28	Autobusai	28	02		1108	NULL	NULL	NULL
missed	663133	B>A	Grigiškės–Žemieji Paneriai	1108	NULL	NULL	NULL	NULL	NULL	NULL	NULL	28	Autobusai	28	02		1124	NULL	NULL	NULL
missed	663133	A>B	Žemieji Paneriai–Grigiškės	1129	NULL	NULL	NULL	NULL	NULL	NULL	NULL	28	Autobusai	28	02		1145	NULL	NULL	NULL
missed	663133	B>A	Grigiškės–Žemieji Paneriai	1145	NULL	NULL	NULL	NULL	NULL	NULL	NULL	28	Autobusai	28	02		1161	NULL	NULL	NULL
missed	663134	B>A	Grigiškės–Žemieji Paneriai	353	NULL	NULL	NULL	NULL	NULL	NULL	NULL	28	Autobusai	28	03		369	NULL	NULL	NULL
missed	663134	A>B	Žemieji Paneriai–Grigiškės	376	NULL	NULL	NULL	NULL	NULL	NULL	NULL	28	Autobusai	28	03		392	NULL	NULL	NULL
missed	663134	B>A	Grigiškės–Žemieji Paneriai	392	NULL	NULL	NULL	NULL	NULL	NULL	NULL	28	Autobusai	28	03		408	NULL	NULL	NULL
missed	663134	A>B	Žemieji Paneriai–Grigiškės	415	NULL	NULL	NULL	NULL	NULL	NULL	NULL	28	Autobusai	28	03		431	NULL	NULL	NULL
missed	663134	B>A	Grigiškės–Žemieji Paneriai	431	NULL	NULL	NULL	NULL	NULL	NULL	NULL	28	Autobusai	28	03		447	NULL	NULL	NULL
missed	663134	A>B	Žemieji Paneriai–Grigiškės	455	NULL	NULL	NULL	NULL	NULL	NULL	NULL	28	Autobusai	28	03		471	NULL	NULL	NULL
missed	663134	B>A	Grigiškės–Žemieji Paneriai	471	NULL	NULL	NULL	NULL	NULL	NULL	NULL	28	Autobusai	28	03		487	NULL	NULL	NULL
missed	663134	A>B	Žemieji Paneriai–Grigiškės	493	NULL	NULL	NULL	NULL	NULL	NULL	NULL	28	Autobusai	28	03		509	NULL	NULL	NULL
missed	663134	B>A	Grigiškės–Žemieji Paneriai	509	NULL	NULL	NULL	NULL	NULL	NULL	NULL	28	Autobusai	28	03		525	NULL	NULL	NULL
missed	663134	A>B	Žemieji Paneriai–Grigiškės	531	NULL	NULL	NULL	NULL	NULL	NULL	NULL	28	Autobusai	28	03		547	NULL	NULL	NULL
missed	663134	B>A	Grigiškės–Žemieji Paneriai	547	NULL	NULL	NULL	NULL	NULL	NULL	NULL	28	Autobusai	28	03		563	NULL	NULL	NULL
missed	663134	A>B	Žemieji Paneriai–Grigiškės	579	NULL	NULL	NULL	NULL	NULL	NULL	NULL	28	Autobusai	28	03		595	NULL	NULL	NULL
missed	663134	B>A	Grigiškės–Žemieji Paneriai	595	NULL	NULL	NULL	NULL	NULL	NULL	NULL	28	Autobusai	28	03		611	NULL	NULL	NULL
missed	663134	A>B	Žemieji Paneriai–Grigiškės	960	NULL	NULL	NULL	NULL	NULL	NULL	NULL	28	Autobusai	28	03		976	NULL	NULL	NULL
missed	663134	B>A	Grigiškės–Žemieji Paneriai	976	NULL	NULL	NULL	NULL	NULL	NULL	NULL	28	Autobusai	28	03		992	NULL	NULL	NULL
missed	663134	A>B	Žemieji Paneriai–Grigiškės	999	NULL	NULL	NULL	NULL	NULL	NULL	NULL	28	Autobusai	28	03		1015	NULL	NULL	NULL
missed	663134	B>A	Grigiškės–Žemieji Paneriai	1015	NULL	NULL	NULL	NULL	NULL	NULL	NULL	28	Autobusai	28	03		1031	NULL	NULL	NULL
missed	663134	A>B	Žemieji Paneriai–Grigiškės	1039	NULL	NULL	NULL	NULL	NULL	NULL	NULL	28	Autobusai	28	03		1055	NULL	NULL	NULL
missed	663134	B>A	Grigiškės–Žemieji Paneriai	1055	NULL	NULL	NULL	NULL	NULL	NULL	NULL	28	Autobusai	28	03		1071	NULL	NULL	NULL
missed	663134	A>B	Žemieji Paneriai–Grigiškės	1082	NULL	NULL	NULL	NULL	NULL	NULL	NULL	28	Autobusai	28	03		1098	NULL	NULL	NULL
missed	663134	B>A	Grigiškės–Žemieji Paneriai	1098	NULL	NULL	NULL	NULL	NULL	NULL	NULL	28	Autobusai	28	03		1114	NULL	NULL	NULL
missed	663134	A>B	Žemieji Paneriai–Grigiškės	1119	NULL	NULL	NULL	NULL	NULL	NULL	NULL	28	Autobusai	28	03		1135	NULL	NULL	NULL
missed	663134	B>A	Grigiškės–Žemieji Paneriai	1135	NULL	NULL	NULL	NULL	NULL	NULL	NULL	28	Autobusai	28	03		1151	NULL	NULL	NULL
missed	663134	A>B	Žemieji Paneriai–Grigiškės	1160	NULL	NULL	NULL	NULL	NULL	NULL	NULL	28	Autobusai	28	03		1176	NULL	NULL	NULL
missed	663134	B>A	Grigiškės–Žemieji Paneriai	1176	NULL	NULL	NULL	NULL	NULL	NULL	NULL	28	Autobusai	28	03		1192	NULL	NULL	NULL
missed	663135	B>A	Grigiškės–Žemieji Paneriai	305	NULL	NULL	NULL	NULL	NULL	NULL	NULL	28	Autobusai	28	04		321	NULL	NULL	NULL
missed	663135	A>B	Žemieji Paneriai–Grigiškės	331	NULL	NULL	NULL	NULL	NULL	NULL	NULL	28	Autobusai	28	04		347	NULL	NULL	NULL
missed	663135	B>A	Grigiškės–Žemieji Paneriai	347	NULL	NULL	NULL	NULL	NULL	NULL	NULL	28	Autobusai	28	04		363	NULL	NULL	NULL
missed	663135	A>B	Žemieji Paneriai–Grigiškės	370	NULL	NULL	NULL	NULL	NULL	NULL	NULL	28	Autobusai	28	04		386	NULL	NULL	NULL
missed	663135	B>A	Grigiškės–Žemieji Paneriai	386	NULL	NULL	NULL	NULL	NULL	NULL	NULL	28	Autobusai	28	04		402	NULL	NULL	NULL
missed	663135	A>B	Žemieji Paneriai–Grigiškės	409	NULL	NULL	NULL	NULL	NULL	NULL	NULL	28	Autobusai	28	04		425	NULL	NULL	NULL
missed	663135	B>A	Grigiškės–Žemieji Paneriai	425	NULL	NULL	NULL	NULL	NULL	NULL	NULL	28	Autobusai	28	04		441	NULL	NULL	NULL
missed	663135	A>B	Žemieji Paneriai–Grigiškės	446	NULL	NULL	NULL	NULL	NULL	NULL	NULL	28	Autobusai	28	04		462	NULL	NULL	NULL
missed	663135	B>A	Grigiškės–Žemieji Paneriai	462	NULL	NULL	NULL	NULL	NULL	NULL	NULL	28	Autobusai	28	04		478	NULL	NULL	NULL
missed	663135	A>B	Žemieji Paneriai–Grigiškės	487	NULL	NULL	NULL	NULL	NULL	NULL	NULL	28	Autobusai	28	04		503	NULL	NULL	NULL
missed	663135	B>A	Grigiškės–Žemieji Paneriai	503	NULL	NULL	NULL	NULL	NULL	NULL	NULL	28	Autobusai	28	04		519	NULL	NULL	NULL
missed	663135	A>B	Žemieji Paneriai–Grigiškės	936	NULL	NULL	NULL	NULL	NULL	NULL	NULL	28	Autobusai	28	04		952	NULL	NULL	NULL
missed	663135	B>A	Grigiškės–Žemieji Paneriai	952	NULL	NULL	NULL	NULL	NULL	NULL	NULL	28	Autobusai	28	04		968	NULL	NULL	NULL
missed	663135	A>B	Žemieji Paneriai–Grigiškės	978	NULL	NULL	NULL	NULL	NULL	NULL	NULL	28	Autobusai	28	04		994	NULL	NULL	NULL
missed	663135	B>A	Grigiškės–Žemieji Paneriai	994	NULL	NULL	NULL	NULL	NULL	NULL	NULL	28	Autobusai	28	04		1010	NULL	NULL	NULL
missed	663135	A>B	Žemieji Paneriai–Grigiškės	1018	NULL	NULL	NULL	NULL	NULL	NULL	NULL	28	Autobusai	28	04		1034	NULL	NULL	NULL
missed	663135	B>A	Grigiškės–Žemieji Paneriai	1034	NULL	NULL	NULL	NULL	NULL	NULL	NULL	28	Autobusai	28	04		1050	NULL	NULL	NULL
missed	663135	A>B	Žemieji Paneriai–Grigiškės	1057	NULL	NULL	NULL	NULL	NULL	NULL	NULL	28	Autobusai	28	04		1073	NULL	NULL	NULL
missed	663135	B>A	Grigiškės–Žemieji Paneriai	1073	NULL	NULL	NULL	NULL	NULL	NULL	NULL	28	Autobusai	28	04		1089	NULL	NULL	NULL
missed	663135	A>B	Žemieji Paneriai–Grigiškės	1104	NULL	NULL	NULL	NULL	NULL	NULL	NULL	28	Autobusai	28	04		1120	NULL	NULL	NULL
missed	663135	B>A	Grigiškės–Žemieji Paneriai	1120	NULL	NULL	NULL	NULL	NULL	NULL	NULL	28	Autobusai	28	04		1136	NULL	NULL	NULL
missed	663135	A>B	Žemieji Paneriai–Grigiškės	1149	NULL	NULL	NULL	NULL	NULL	NULL	NULL	28	Autobusai	28	04		1165	NULL	NULL	NULL
missed	663135	B>A	Grigiškės–Žemieji Paneriai	1165	NULL	NULL	NULL	NULL	NULL	NULL	NULL	28	Autobusai	28	04		1181	NULL	NULL	NULL
missed	663141	B>A	Grigiškės–Lazdynai–Žemaitės g.–Vilkpėdė	323	NULL	NULL	NULL	NULL	NULL	NULL	NULL	29	Autobusai	29	01-Ž		353	NULL	NULL	NULL
missed	663141	A>B	Vilkpėdė–Žemaitės g.–Lazdynai–Grigiškės	364	NULL	NULL	NULL	NULL	NULL	NULL	NULL	29	Autobusai	29	01-Ž		393	NULL	NULL	NULL
missed	663141	B>A	Grigiškės–Lazdynai–Žemaitės g.–Vilkpėdė	393	NULL	NULL	NULL	NULL	NULL	NULL	NULL	29	Autobusai	29	01-Ž		423	NULL	NULL	NULL
missed	663141	A>B	Vilkpėdė–Žemaitės g.–Lazdynai–Grigiškės	436	NULL	NULL	NULL	NULL	NULL	NULL	NULL	29	Autobusai	29	01-Ž		466	NULL	NULL	NULL
missed	663141	B>A	Grigiškės–Lazdynai–Žemaitės g.–Vilkpėdė	466	NULL	NULL	NULL	NULL	NULL	NULL	NULL	29	Autobusai	29	01-Ž		497	NULL	NULL	NULL
missed	663141	A>B	Vilkpėdė–Žemaitės g.–Lazdynai–Grigiškės	507	NULL	NULL	NULL	NULL	NULL	NULL	NULL	29	Autobusai	29	01-Ž		537	NULL	NULL	NULL
missed	663141	B>A	Grigiškės–Lazdynai–Žemaitės g.–Vilkpėdė	537	NULL	NULL	NULL	NULL	NULL	NULL	NULL	29	Autobusai	29	01-Ž		567	NULL	NULL	NULL
missed	663141	A>B	Vilkpėdė–Žemaitės g.–Lazdynai–Grigiškės	598	NULL	NULL	NULL	NULL	NULL	NULL	NULL	29	Autobusai	29	01-Ž		627	NULL	NULL	NULL
missed	663141	B>A	Grigiškės–Lazdynai–Žemaitės g.–Vilkpėdė	627	NULL	NULL	NULL	NULL	NULL	NULL	NULL	29	Autobusai	29	01-Ž		657	NULL	NULL	NULL
missed	663141	A>B	Vilkpėdė–Žemaitės g.–Lazdynai–Grigiškės	688	NULL	NULL	NULL	NULL	NULL	NULL	NULL	29	Autobusai	29	01-Ž		717	NULL	NULL	NULL
missed	663141	B>A	Grigiškės–Lazdynai–Žemaitės g.–Vilkpėdė	717	NULL	NULL	NULL	NULL	NULL	NULL	NULL	29	Autobusai	29	01-Ž		747	NULL	NULL	NULL
missed	663141	A>B	Vilkpėdė–Žemaitės g.–Lazdynai–Grigiškės	758	NULL	NULL	NULL	NULL	NULL	NULL	NULL	29	Autobusai	29	01-Ž		787	NULL	NULL	NULL
missed	663141	B>A	Grigiškės–Lazdynai–Žemaitės g.–Vilkpėdė	787	NULL	NULL	NULL	NULL	NULL	NULL	NULL	29	Autobusai	29	01-Ž		817	NULL	NULL	NULL
missed	663141	A>B	Vilkpėdė–Žemaitės g.–Lazdynai–Grigiškės	832	NULL	NULL	NULL	NULL	NULL	NULL	NULL	29	Autobusai	29	01-Ž		861	NULL	NULL	NULL
missed	663141	B>A	Grigiškės–Lazdynai–Žemaitės g.–Vilkpėdė	861	NULL	NULL	NULL	NULL	NULL	NULL	NULL	29	Autobusai	29	01-Ž		891	NULL	NULL	NULL
missed	663141	A>B	Vilkpėdė–Žemaitės g.–Lazdynai–Grigiškės	903	NULL	NULL	NULL	NULL	NULL	NULL	NULL	29	Autobusai	29	01-Ž		932	NULL	NULL	NULL
missed	663141	B>A	Grigiškės–Lazdynai–Žemaitės g.–Vilkpėdė	932	NULL	NULL	NULL	NULL	NULL	NULL	NULL	29	Autobusai	29	01-Ž		962	NULL	NULL	NULL
missed	663141	A>B	Vilkpėdė–Žemaitės g.–Lazdynai–Grigiškės	976	NULL	NULL	NULL	NULL	NULL	NULL	NULL	29	Autobusai	29	01-Ž		1006	NULL	NULL	NULL
missed	663141	B>A	Grigiškės–Lazdynai–Žemaitės g.–Vilkpėdė	1006	NULL	NULL	NULL	NULL	NULL	NULL	NULL	29	Autobusai	29	01-Ž		1037	NULL	NULL	NULL
missed	663141	A>B	Vilkpėdė–Žemaitės g.–Lazdynai–Grigiškės	1048	NULL	NULL	NULL	NULL	NULL	NULL	NULL	29	Autobusai	29	01-Ž		1078	NULL	NULL	NULL
missed	663141	B>A	Grigiškės–Lazdynai–Žemaitės g.–Vilkpėdė	1078	NULL	NULL	NULL	NULL	NULL	NULL	NULL	29	Autobusai	29	01-Ž		1109	NULL	NULL	NULL
missed	663141	A>B	Vilkpėdė–Žemaitės g.–Lazdynai–Grigiškės	1146	NULL	NULL	NULL	NULL	NULL	NULL	NULL	29	Autobusai	29	01-Ž		1175	NULL	NULL	NULL
missed	663141	B>A	Grigiškės–Lazdynai–Žemaitės g.–Vilkpėdė	1175	NULL	NULL	NULL	NULL	NULL	NULL	NULL	29	Autobusai	29	01-Ž		1206	NULL	NULL	NULL
missed	663141	A>B	Vilkpėdė–Žemaitės g.–Lazdynai–Grigiškės	1240	NULL	NULL	NULL	NULL	NULL	NULL	NULL	29	Autobusai	29	01-Ž		1268	NULL	NULL	NULL
missed	663141	B>A	Grigiškės–Lazdynai–Žemaitės g.–Vilkpėdė	1268	NULL	NULL	NULL	NULL	NULL	NULL	NULL	29	Autobusai	29	01-Ž		1298	NULL	NULL	NULL
missed	663141	A>B	Vilkpėdė–Žemaitės g.–Lazdynai–Grigiškės	1309	NULL	NULL	NULL	NULL	NULL	NULL	NULL	29	Autobusai	29	01-Ž		1337	NULL	NULL	NULL
missed	663141	B>A	Grigiškės–Lazdynai–Žemaitės g.–Vilkpėdė	1337	NULL	NULL	NULL	NULL	NULL	NULL	NULL	29	Autobusai	29	01-Ž		1367	NULL	NULL	NULL
missed	663141	A>B	Vilkpėdė–Žemaitės g.–Lazdynai–Grigiškės	1378	NULL	NULL	NULL	NULL	NULL	NULL	NULL	29	Autobusai	29	01-Ž		1406	NULL	NULL	NULL
missed	663140	A>B	Vilkpėdė–Žemaitės g.–Lazdynai–Grigiškės	347	NULL	NULL	NULL	NULL	NULL	NULL	NULL	29	Autobusai	29	02		376	NULL	NULL	NULL
missed	663140	B>A	Grigiškės–Lazdynai–Žemaitės g.–Vilkpėdė	376	NULL	NULL	NULL	NULL	NULL	NULL	NULL	29	Autobusai	29	02		406	NULL	NULL	NULL
missed	663140	A>B	Vilkpėdė–Žemaitės g.–Lazdynai–Grigiškės	417	NULL	NULL	NULL	NULL	NULL	NULL	NULL	29	Autobusai	29	02		447	NULL	NULL	NULL
missed	663140	B>A	Grigiškės–Lazdynai–Žemaitės g.–Vilkpėdė	447	NULL	NULL	NULL	NULL	NULL	NULL	NULL	29	Autobusai	29	02		478	NULL	NULL	NULL
missed	663140	A>B	Vilkpėdė–Žemaitės g.–Lazdynai–Grigiškės	490	NULL	NULL	NULL	NULL	NULL	NULL	NULL	29	Autobusai	29	02		520	NULL	NULL	NULL
missed	663140	B>A	Grigiškės–Lazdynai–Žemaitės g.–Vilkpėdė	520	NULL	NULL	NULL	NULL	NULL	NULL	NULL	29	Autobusai	29	02		550	NULL	NULL	NULL
missed	663140	A>B	Vilkpėdė–Žemaitės g.–Lazdynai–Grigiškės	945	NULL	NULL	NULL	NULL	NULL	NULL	NULL	29	Autobusai	29	02		974	NULL	NULL	NULL
missed	663140	B>A	Grigiškės–Lazdynai–Žemaitės g.–Vilkpėdė	974	NULL	NULL	NULL	NULL	NULL	NULL	NULL	29	Autobusai	29	02		1005	NULL	NULL	NULL
missed	663140	A>B	Vilkpėdė–Žemaitės g.–Lazdynai–Grigiškės	1017	NULL	NULL	NULL	NULL	NULL	NULL	NULL	29	Autobusai	29	02		1047	NULL	NULL	NULL
missed	663140	B>A	Grigiškės–Lazdynai–Žemaitės g.–Vilkpėdė	1047	NULL	NULL	NULL	NULL	NULL	NULL	NULL	29	Autobusai	29	02		1078	NULL	NULL	NULL
missed	663140	A>B	Vilkpėdė–Žemaitės g.–Lazdynai–Grigiškės	1101	NULL	NULL	NULL	NULL	NULL	NULL	NULL	29	Autobusai	29	02		1131	NULL	NULL	NULL
missed	663140	B>A	Grigiškės–Lazdynai–Žemaitės g.–Vilkpėdė	1131	NULL	NULL	NULL	NULL	NULL	NULL	NULL	29	Autobusai	29	02		1162	NULL	NULL	NULL
missed	663142	B>A	Grigiškės–Lazdynai–Žemaitės g.–Vilkpėdė	350	NULL	NULL	NULL	NULL	NULL	NULL	NULL	29	Autobusai	29	03		380	NULL	NULL	NULL
missed	663142	A>B	Vilkpėdė–Žemaitės g.–Lazdynai–Grigiškės	398	NULL	NULL	NULL	NULL	NULL	NULL	NULL	29	Autobusai	29	03		427	NULL	NULL	NULL
missed	663142	B>A	Grigiškės–Lazdynai–Žemaitės g.–Vilkpėdė	427	NULL	NULL	NULL	NULL	NULL	NULL	NULL	29	Autobusai	29	03		458	NULL	NULL	NULL
missed	663142	A>B	Vilkpėdė–Žemaitės g.–Lazdynai–Grigiškės	471	NULL	NULL	NULL	NULL	NULL	NULL	NULL	29	Autobusai	29	03		501	NULL	NULL	NULL
missed	663142	B>A	Grigiškės–Lazdynai–Žemaitės g.–Vilkpėdė	501	NULL	NULL	NULL	NULL	NULL	NULL	NULL	29	Autobusai	29	03		532	NULL	NULL	NULL
missed	663142	A>B	Vilkpėdė–Žemaitės g.–Lazdynai–Grigiškės	567	NULL	NULL	NULL	NULL	NULL	NULL	NULL	29	Autobusai	29	03		596	NULL	NULL	NULL
missed	663142	B>A	Grigiškės–Lazdynai–Žemaitės g.–Vilkpėdė	596	NULL	NULL	NULL	NULL	NULL	NULL	NULL	29	Autobusai	29	03		626	NULL	NULL	NULL
missed	663142	A>B	Vilkpėdė–Žemaitės g.–Lazdynai–Grigiškės	657	NULL	NULL	NULL	NULL	NULL	NULL	NULL	29	Autobusai	29	03		686	NULL	NULL	NULL
missed	663142	B>A	Grigiškės–Lazdynai–Žemaitės g.–Vilkpėdė	686	NULL	NULL	NULL	NULL	NULL	NULL	NULL	29	Autobusai	29	03		716	NULL	NULL	NULL
missed	663142	A>B	Vilkpėdė–Žemaitės g.–Lazdynai–Grigiškės	736	NULL	NULL	NULL	NULL	NULL	NULL	NULL	29	Autobusai	29	03		765	NULL	NULL	NULL
missed	663142	B>A	Grigiškės–Lazdynai–Žemaitės g.–Vilkpėdė	765	NULL	NULL	NULL	NULL	NULL	NULL	NULL	29	Autobusai	29	03		795	NULL	NULL	NULL
missed	663142	A>B	Vilkpėdė–Žemaitės g.–Lazdynai–Grigiškės	810	NULL	NULL	NULL	NULL	NULL	NULL	NULL	29	Autobusai	29	03		839	NULL	NULL	NULL
missed	663142	B>A	Grigiškės–Lazdynai–Žemaitės g.–Vilkpėdė	839	NULL	NULL	NULL	NULL	NULL	NULL	NULL	29	Autobusai	29	03		869	NULL	NULL	NULL
missed	663142	A>B	Vilkpėdė–Žemaitės g.–Lazdynai–Grigiškės	882	NULL	NULL	NULL	NULL	NULL	NULL	NULL	29	Autobusai	29	03		911	NULL	NULL	NULL
missed	663142	B>A	Grigiškės–Lazdynai–Žemaitės g.–Vilkpėdė	911	NULL	NULL	NULL	NULL	NULL	NULL	NULL	29	Autobusai	29	03		941	NULL	NULL	NULL
missed	663142	A>B	Vilkpėdė–Žemaitės g.–Lazdynai–Grigiškės	960	NULL	NULL	NULL	NULL	NULL	NULL	NULL	29	Autobusai	29	03		990	NULL	NULL	NULL
missed	663142	B>A	Grigiškės–Lazdynai–Žemaitės g.–Vilkpėdė	990	NULL	NULL	NULL	NULL	NULL	NULL	NULL	29	Autobusai	29	03		1021	NULL	NULL	NULL
missed	663142	A>B	Vilkpėdė–Žemaitės g.–Lazdynai–Grigiškės	1034	NULL	NULL	NULL	NULL	NULL	NULL	NULL	29	Autobusai	29	03		1064	NULL	NULL	NULL
missed	663142	B>A	Grigiškės–Lazdynai–Žemaitės g.–Vilkpėdė	1064	NULL	NULL	NULL	NULL	NULL	NULL	NULL	29	Autobusai	29	03		1095	NULL	NULL	NULL
missed	663142	A>B	Vilkpėdė–Žemaitės g.–Lazdynai–Grigiškės	1126	NULL	NULL	NULL	NULL	NULL	NULL	NULL	29	Autobusai	29	03		1155	NULL	NULL	NULL
missed	663142	B>A	Grigiškės–Lazdynai–Žemaitės g.–Vilkpėdė	1155	NULL	NULL	NULL	NULL	NULL	NULL	NULL	29	Autobusai	29	03		1186	NULL	NULL	NULL
missed	663142	A>B	Vilkpėdė–Žemaitės g.–Lazdynai–Grigiškės	1217	NULL	NULL	NULL	NULL	NULL	NULL	NULL	29	Autobusai	29	03		1245	NULL	NULL	NULL
missed	663142	B>A	Grigiškės–Lazdynai–Žemaitės g.–Vilkpėdė	1245	NULL	NULL	NULL	NULL	NULL	NULL	NULL	29	Autobusai	29	03		1275	NULL	NULL	NULL
missed	663142	A>B	Vilkpėdė–Žemaitės g.–Lazdynai–Grigiškės	1286	NULL	NULL	NULL	NULL	NULL	NULL	NULL	29	Autobusai	29	03		1314	NULL	NULL	NULL
missed	663142	B>A	Grigiškės–Lazdynai–Žemaitės g.–Vilkpėdė	1314	NULL	NULL	NULL	NULL	NULL	NULL	NULL	29	Autobusai	29	03		1344	NULL	NULL	NULL
missed	663142	A>B	Vilkpėdė–Žemaitės g.–Lazdynai–Grigiškės	1362	NULL	NULL	NULL	NULL	NULL	NULL	NULL	29	Autobusai	29	03		1390	NULL	NULL	NULL
missed	663143	A>B	Vilkpėdė–Žemaitės g.–Lazdynai–Grigiškės	384	NULL	NULL	NULL	NULL	NULL	NULL	NULL	29	Autobusai	29	04		413	NULL	NULL	NULL
missed	663143	B>A	Grigiškės–Lazdynai–Žemaitės g.–Vilkpėdė	413	NULL	NULL	NULL	NULL	NULL	NULL	NULL	29	Autobusai	29	04		444	NULL	NULL	NULL
missed	663143	A>B	Vilkpėdė–Žemaitės g.–Lazdynai–Grigiškės	454	NULL	NULL	NULL	NULL	NULL	NULL	NULL	29	Autobusai	29	04		484	NULL	NULL	NULL
missed	663143	B>A	Grigiškės–Lazdynai–Žemaitės g.–Vilkpėdė	484	NULL	NULL	NULL	NULL	NULL	NULL	NULL	29	Autobusai	29	04		515	NULL	NULL	NULL
missed	663143	A>B	Vilkpėdė–Žemaitės g.–Lazdynai–Grigiškės	530	NULL	NULL	NULL	NULL	NULL	NULL	NULL	29	Autobusai	29	04		559	NULL	NULL	NULL
missed	663143	B>A	Grigiškės–Lazdynai–Žemaitės g.–Vilkpėdė	559	NULL	NULL	NULL	NULL	NULL	NULL	NULL	29	Autobusai	29	04		589	NULL	NULL	NULL
missed	663143	A>B	Vilkpėdė–Žemaitės g.–Lazdynai–Grigiškės	624	NULL	NULL	NULL	NULL	NULL	NULL	NULL	29	Autobusai	29	04		653	NULL	NULL	NULL
missed	663143	B>A	Grigiškės–Lazdynai–Žemaitės g.–Vilkpėdė	653	NULL	NULL	NULL	NULL	NULL	NULL	NULL	29	Autobusai	29	04		683	NULL	NULL	NULL
missed	663143	A>B	Vilkpėdė–Žemaitės g.–Lazdynai–Grigiškės	714	NULL	NULL	NULL	NULL	NULL	NULL	NULL	29	Autobusai	29	04		743	NULL	NULL	NULL
missed	663143	B>A	Grigiškės–Lazdynai–Žemaitės g.–Vilkpėdė	743	NULL	NULL	NULL	NULL	NULL	NULL	NULL	29	Autobusai	29	04		773	NULL	NULL	NULL
missed	663143	A>B	Vilkpėdė–Žemaitės g.–Lazdynai–Grigiškės	786	NULL	NULL	NULL	NULL	NULL	NULL	NULL	29	Autobusai	29	04		815	NULL	NULL	NULL
missed	663143	B>A	Grigiškės–Lazdynai–Žemaitės g.–Vilkpėdė	815	NULL	NULL	NULL	NULL	NULL	NULL	NULL	29	Autobusai	29	04		845	NULL	NULL	NULL
missed	663143	A>B	Vilkpėdė–Žemaitės g.–Lazdynai–Grigiškės	856	NULL	NULL	NULL	NULL	NULL	NULL	NULL	29	Autobusai	29	04		885	NULL	NULL	NULL
missed	663143	B>A	Grigiškės–Lazdynai–Žemaitės g.–Vilkpėdė	885	NULL	NULL	NULL	NULL	NULL	NULL	NULL	29	Autobusai	29	04		915	NULL	NULL	NULL
missed	663143	A>B	Vilkpėdė–Žemaitės g.–Lazdynai–Grigiškės	926	NULL	NULL	NULL	NULL	NULL	NULL	NULL	29	Autobusai	29	04		955	NULL	NULL	NULL
missed	663143	B>A	Grigiškės–Lazdynai–Žemaitės g.–Vilkpėdė	955	NULL	NULL	NULL	NULL	NULL	NULL	NULL	29	Autobusai	29	04		986	NULL	NULL	NULL
missed	663143	A>B	Vilkpėdė–Žemaitės g.–Lazdynai–Grigiškės	997	NULL	NULL	NULL	NULL	NULL	NULL	NULL	29	Autobusai	29	04		1027	NULL	NULL	NULL
missed	663143	B>A	Grigiškės–Lazdynai–Žemaitės g.–Vilkpėdė	1027	NULL	NULL	NULL	NULL	NULL	NULL	NULL	29	Autobusai	29	04		1058	NULL	NULL	NULL
missed	663143	A>B	Vilkpėdė–Žemaitės g.–Lazdynai–Grigiškės	1072	NULL	NULL	NULL	NULL	NULL	NULL	NULL	29	Autobusai	29	04		1102	NULL	NULL	NULL
missed	663143	B>A	Grigiškės–Lazdynai–Žemaitės g.–Vilkpėdė	1102	NULL	NULL	NULL	NULL	NULL	NULL	NULL	29	Autobusai	29	04		1133	NULL	NULL	NULL
missed	663143	A>B	Vilkpėdė–Žemaitės g.–Lazdynai–Grigiškės	1173	NULL	NULL	NULL	NULL	NULL	NULL	NULL	29	Autobusai	29	04		1202	NULL	NULL	NULL
missed	663143	B>A	Grigiškės–Lazdynai–Žemaitės g.–Vilkpėdė	1202	NULL	NULL	NULL	NULL	NULL	NULL	NULL	29	Autobusai	29	04		1232	NULL	NULL	NULL
missed	663143	A>B	Vilkpėdė–Žemaitės g.–Lazdynai–Grigiškės	1263	NULL	NULL	NULL	NULL	NULL	NULL	NULL	29	Autobusai	29	04		1291	NULL	NULL	NULL
missed	663143	B>A	Grigiškės–Lazdynai–Žemaitės g.–Vilkpėdė	1291	NULL	NULL	NULL	NULL	NULL	NULL	NULL	29	Autobusai	29	04		1321	NULL	NULL	NULL
missed	663143	A>B	Vilkpėdė–Žemaitės g.–Lazdynai–Grigiškės	1337	NULL	NULL	NULL	NULL	NULL	NULL	NULL	29	Autobusai	29	04		1365	NULL	NULL	NULL
missed	663143	B>A	Grigiškės–Lazdynai–Žemaitės g.–Vilkpėdė	1365	NULL	NULL	NULL	NULL	NULL	NULL	NULL	29	Autobusai	29	04		1395	NULL	NULL	NULL
missed	663154	A>B	Santariškės–Laisvės pr.–Stotis	325	NULL	NULL	NULL	NULL	NULL	NULL	NULL	2G	Autobusai	2G	01-ž		375	NULL	NULL	NULL
missed	663154	B>A	Stotis–Laisvės pr.–Santariškės	379	NULL	NULL	NULL	NULL	NULL	NULL	NULL	2G	Autobusai	2G	01-ž		429	NULL	NULL	NULL
missed	663154	A>B	Santariškės–Laisvės pr.–Stotis	439	NULL	NULL	NULL	NULL	NULL	NULL	NULL	2G	Autobusai	2G	01-ž		491	NULL	NULL	NULL
missed	663154	B>A1	Stotis–Laisvės pr.–Santariškės (Santariškių žiedas)	496	NULL	NULL	NULL	NULL	NULL	NULL	NULL	2G	Autobusai	2G	01-ž		548	NULL	NULL	NULL
missed	663154	A>B	Santariškės–Laisvės pr.–Stotis	588	NULL	NULL	NULL	NULL	NULL	NULL	NULL	2G	Autobusai	2G	01-ž		638	NULL	NULL	NULL
missed	663154	B>A	Stotis–Laisvės pr.–Santariškės	644	NULL	NULL	NULL	NULL	NULL	NULL	NULL	2G	Autobusai	2G	01-ž		695	NULL	NULL	NULL
missed	663154	A>B	Santariškės–Laisvės pr.–Stotis	702	NULL	NULL	NULL	NULL	NULL	NULL	NULL	2G	Autobusai	2G	01-ž		752	NULL	NULL	NULL
missed	663154	B>A	Stotis–Laisvės pr.–Santariškės	758	NULL	NULL	NULL	NULL	NULL	NULL	NULL	2G	Autobusai	2G	01-ž		809	NULL	NULL	NULL
missed	663154	A>B	Santariškės–Laisvės pr.–Stotis	819	NULL	NULL	NULL	NULL	NULL	NULL	NULL	2G	Autobusai	2G	01-ž		869	NULL	NULL	NULL
missed	663154	B>A	Stotis–Laisvės pr.–Santariškės	879	NULL	NULL	NULL	NULL	NULL	NULL	NULL	2G	Autobusai	2G	01-ž		930	NULL	NULL	NULL
missed	663154	A>B	Santariškės–Laisvės pr.–Stotis	943	NULL	NULL	NULL	NULL	NULL	NULL	NULL	2G	Autobusai	2G	01-ž		993	NULL	NULL	NULL
missed	663154	B>A	Stotis–Laisvės pr.–Santariškės	999	NULL	NULL	NULL	NULL	NULL	NULL	NULL	2G	Autobusai	2G	01-ž		1054	NULL	NULL	NULL
missed	663154	A>B	Santariškės–Laisvės pr.–Stotis	1064	NULL	NULL	NULL	NULL	NULL	NULL	NULL	2G	Autobusai	2G	01-ž		1114	NULL	NULL	NULL
missed	663154	B>A1	Stotis–Laisvės pr.–Santariškės (Santariškių žiedas)	1122	NULL	NULL	NULL	NULL	NULL	NULL	NULL	2G	Autobusai	2G	01-ž		1172	NULL	NULL	NULL
missed	663154	A>B	Santariškės–Laisvės pr.–Stotis	1205	NULL	NULL	NULL	NULL	NULL	NULL	NULL	2G	Autobusai	2G	01-ž		1253	NULL	NULL	NULL
missed	663154	B>A	Stotis–Laisvės pr.–Santariškės	1262	NULL	NULL	NULL	NULL	NULL	NULL	NULL	2G	Autobusai	2G	01-ž		1309	NULL	NULL	NULL
missed	663154	A>B	Santariškės–Laisvės pr.–Stotis	1319	NULL	NULL	NULL	NULL	NULL	NULL	NULL	2G	Autobusai	2G	01-ž		1366	NULL	NULL	NULL
missed	663154	B>A	Stotis–Laisvės pr.–Santariškės	1374	NULL	NULL	NULL	NULL	NULL	NULL	NULL	2G	Autobusai	2G	01-ž		1421	NULL	NULL	NULL
missed	663149	A>B	Santariškės–Laisvės pr.–Stotis	386	NULL	NULL	NULL	NULL	NULL	NULL	NULL	2G	Autobusai	2G	02		436	NULL	NULL	NULL
missed	663149	B>A	Stotis–Laisvės pr.–Santariškės	441	NULL	NULL	NULL	NULL	NULL	NULL	NULL	2G	Autobusai	2G	02		492	NULL	NULL	NULL
missed	663149	A>B	Santariškės–Laisvės pr.–Stotis	501	NULL	NULL	NULL	NULL	NULL	NULL	NULL	2G	Autobusai	2G	02		553	NULL	NULL	NULL
missed	663149	B>A	Stotis–Laisvės pr.–Santariškės	561	NULL	NULL	NULL	NULL	NULL	NULL	NULL	2G	Autobusai	2G	02		612	NULL	NULL	NULL
missed	663149	A>B	Santariškės–Laisvės pr.–Stotis	884	NULL	NULL	NULL	NULL	NULL	NULL	NULL	2G	Autobusai	2G	02		934	NULL	NULL	NULL
missed	663149	B>A	Stotis–Laisvės pr.–Santariškės	939	NULL	NULL	NULL	NULL	NULL	NULL	NULL	2G	Autobusai	2G	02		990	NULL	NULL	NULL
missed	663149	A>B	Santariškės–Laisvės pr.–Stotis	1001	NULL	NULL	NULL	NULL	NULL	NULL	NULL	2G	Autobusai	2G	02		1051	NULL	NULL	NULL
missed	663149	B>A	Stotis–Laisvės pr.–Santariškės	1055	NULL	NULL	NULL	NULL	NULL	NULL	NULL	2G	Autobusai	2G	02		1109	NULL	NULL	NULL
missed	663151	B>A	Stotis–Laisvės pr.–Santariškės	335	NULL	NULL	NULL	NULL	NULL	NULL	NULL	2G	Autobusai	2G	03		385	NULL	NULL	NULL
missed	663151	A>B	Santariškės–Laisvės pr.–Stotis	392	NULL	NULL	NULL	NULL	NULL	NULL	NULL	2G	Autobusai	2G	03		442	NULL	NULL	NULL
missed	663151	B>A	Stotis–Laisvės pr.–Santariškės	447	NULL	NULL	NULL	NULL	NULL	NULL	NULL	2G	Autobusai	2G	03		498	NULL	NULL	NULL
missed	663151	A>B	Santariškės–Laisvės pr.–Stotis	508	NULL	NULL	NULL	NULL	NULL	NULL	NULL	2G	Autobusai	2G	03		561	NULL	NULL	NULL
missed	663151	B>A1	Stotis–Laisvės pr.–Santariškės (Santariškių žiedas)	567	NULL	NULL	NULL	NULL	NULL	NULL	NULL	2G	Autobusai	2G	03		619	NULL	NULL	NULL
missed	663151	A>B	Santariškės–Laisvės pr.–Stotis	666	NULL	NULL	NULL	NULL	NULL	NULL	NULL	2G	Autobusai	2G	03		716	NULL	NULL	NULL
missed	663151	B>A	Stotis–Laisvės pr.–Santariškės	722	NULL	NULL	NULL	NULL	NULL	NULL	NULL	2G	Autobusai	2G	03		773	NULL	NULL	NULL
missed	663151	A>B	Santariškės–Laisvės pr.–Stotis	784	NULL	NULL	NULL	NULL	NULL	NULL	NULL	2G	Autobusai	2G	03		834	NULL	NULL	NULL
missed	663151	B>A	Stotis–Laisvės pr.–Santariškės	844	NULL	NULL	NULL	NULL	NULL	NULL	NULL	2G	Autobusai	2G	03		895	NULL	NULL	NULL
missed	663151	A>B	Santariškės–Laisvės pr.–Stotis	903	NULL	NULL	NULL	NULL	NULL	NULL	NULL	2G	Autobusai	2G	03		953	NULL	NULL	NULL
missed	663151	B>A	Stotis–Laisvės pr.–Santariškės	958	NULL	NULL	NULL	NULL	NULL	NULL	NULL	2G	Autobusai	2G	03		1011	NULL	NULL	NULL
missed	663151	A>B	Santariškės–Laisvės pr.–Stotis	1021	NULL	NULL	NULL	NULL	NULL	NULL	NULL	2G	Autobusai	2G	03		1071	NULL	NULL	NULL
missed	663151	B>A1	Stotis–Laisvės pr.–Santariškės (Santariškių žiedas)	1075	NULL	NULL	NULL	NULL	NULL	NULL	NULL	2G	Autobusai	2G	03		1130	NULL	NULL	NULL
missed	663151	A>B	Santariškės–Laisvės pr.–Stotis	1171	NULL	NULL	NULL	NULL	NULL	NULL	NULL	2G	Autobusai	2G	03		1220	NULL	NULL	NULL
missed	663151	B>A	Stotis–Laisvės pr.–Santariškės	1225	NULL	NULL	NULL	NULL	NULL	NULL	NULL	2G	Autobusai	2G	03		1272	NULL	NULL	NULL
missed	663151	A>B	Santariškės–Laisvės pr.–Stotis	1286	NULL	NULL	NULL	NULL	NULL	NULL	NULL	2G	Autobusai	2G	03		1334	NULL	NULL	NULL
missed	663151	B>A	Stotis–Laisvės pr.–Santariškės	1338	NULL	NULL	NULL	NULL	NULL	NULL	NULL	2G	Autobusai	2G	03		1385	NULL	NULL	NULL
missed	663148	A>B	Santariškės–Laisvės pr.–Stotis	398	NULL	NULL	NULL	NULL	NULL	NULL	NULL	2G	Autobusai	2G	04		448	NULL	NULL	NULL
missed	663148	B>A	Stotis–Laisvės pr.–Santariškės	453	NULL	NULL	NULL	NULL	NULL	NULL	NULL	2G	Autobusai	2G	04		504	NULL	NULL	NULL
missed	663148	A>B	Santariškės–Laisvės pr.–Stotis	515	NULL	NULL	NULL	NULL	NULL	NULL	NULL	2G	Autobusai	2G	04		568	NULL	NULL	NULL
missed	663148	B>A	Stotis–Laisvės pr.–Santariškės	573	NULL	NULL	NULL	NULL	NULL	NULL	NULL	2G	Autobusai	2G	04		624	NULL	NULL	NULL
missed	663148	A>B	Santariškės–Laisvės pr.–Stotis	897	NULL	NULL	NULL	NULL	NULL	NULL	NULL	2G	Autobusai	2G	04		947	NULL	NULL	NULL
missed	663148	B>A	Stotis–Laisvės pr.–Santariškės	952	NULL	NULL	NULL	NULL	NULL	NULL	NULL	2G	Autobusai	2G	04		1005	NULL	NULL	NULL
missed	663148	A>B	Santariškės–Laisvės pr.–Stotis	1015	NULL	NULL	NULL	NULL	NULL	NULL	NULL	2G	Autobusai	2G	04		1065	NULL	NULL	NULL
missed	663148	B>A	Stotis–Laisvės pr.–Santariškės	1070	NULL	NULL	NULL	NULL	NULL	NULL	NULL	2G	Autobusai	2G	04		1124	NULL	NULL	NULL
missed	663153	B>A	Stotis–Laisvės pr.–Santariškės	322	NULL	NULL	NULL	NULL	NULL	NULL	NULL	2G	Autobusai	2G	05-ž		372	NULL	NULL	NULL
missed	663153	A>B	Santariškės–Laisvės pr.–Stotis	378	NULL	NULL	NULL	NULL	NULL	NULL	NULL	2G	Autobusai	2G	05-ž		428	NULL	NULL	NULL
missed	663153	B>A	Stotis–Laisvės pr.–Santariškės	434	NULL	NULL	NULL	NULL	NULL	NULL	NULL	2G	Autobusai	2G	05-ž		485	NULL	NULL	NULL
missed	663153	A>B	Santariškės–Laisvės pr.–Stotis	493	NULL	NULL	NULL	NULL	NULL	NULL	NULL	2G	Autobusai	2G	05-ž		545	NULL	NULL	NULL
missed	663153	B>A1	Stotis–Laisvės pr.–Santariškės (Santariškių žiedas)	553	NULL	NULL	NULL	NULL	NULL	NULL	NULL	2G	Autobusai	2G	05-ž		605	NULL	NULL	NULL
missed	663153	A>B	Santariškės–Laisvės pr.–Stotis	653	NULL	NULL	NULL	NULL	NULL	NULL	NULL	2G	Autobusai	2G	05-ž		703	NULL	NULL	NULL
missed	663153	B>A	Stotis–Laisvės pr.–Santariškės	710	NULL	NULL	NULL	NULL	NULL	NULL	NULL	2G	Autobusai	2G	05-ž		761	NULL	NULL	NULL
missed	663153	A>B	Santariškės–Laisvės pr.–Stotis	772	NULL	NULL	NULL	NULL	NULL	NULL	NULL	2G	Autobusai	2G	05-ž		822	NULL	NULL	NULL
missed	663153	B>A	Stotis–Laisvės pr.–Santariškės	829	NULL	NULL	NULL	NULL	NULL	NULL	NULL	2G	Autobusai	2G	05-ž		880	NULL	NULL	NULL
missed	663153	A>B	Santariškės–Laisvės pr.–Stotis	891	NULL	NULL	NULL	NULL	NULL	NULL	NULL	2G	Autobusai	2G	05-ž		941	NULL	NULL	NULL
missed	663153	B>A	Stotis–Laisvės pr.–Santariškės	947	NULL	NULL	NULL	NULL	NULL	NULL	NULL	2G	Autobusai	2G	05-ž		998	NULL	NULL	NULL
missed	663153	A>B	Santariškės–Laisvės pr.–Stotis	1008	NULL	NULL	NULL	NULL	NULL	NULL	NULL	2G	Autobusai	2G	05-ž		1058	NULL	NULL	NULL
missed	663153	B>A1	Stotis–Laisvės pr.–Santariškės (Santariškių žiedas)	1062	NULL	NULL	NULL	NULL	NULL	NULL	NULL	2G	Autobusai	2G	05-ž		1117	NULL	NULL	NULL
missed	663153	A>B	Santariškės–Laisvės pr.–Stotis	1159	NULL	NULL	NULL	NULL	NULL	NULL	NULL	2G	Autobusai	2G	05-ž		1208	NULL	NULL	NULL
missed	663153	B>A	Stotis–Laisvės pr.–Santariškės	1213	NULL	NULL	NULL	NULL	NULL	NULL	NULL	2G	Autobusai	2G	05-ž		1260	NULL	NULL	NULL
missed	663153	A>B	Santariškės–Laisvės pr.–Stotis	1265	NULL	NULL	NULL	NULL	NULL	NULL	NULL	2G	Autobusai	2G	05-ž		1313	NULL	NULL	NULL
missed	663153	B>A	Stotis–Laisvės pr.–Santariškės	1321	NULL	NULL	NULL	NULL	NULL	NULL	NULL	2G	Autobusai	2G	05-ž		1368	NULL	NULL	NULL
missed	663153	A>B	Santariškės–Laisvės pr.–Stotis	1376	NULL	NULL	NULL	NULL	NULL	NULL	NULL	2G	Autobusai	2G	05-ž		1424	NULL	NULL	NULL
missed	663152	A>B	Santariškės–Laisvės pr.–Stotis	405	NULL	NULL	NULL	NULL	NULL	NULL	NULL	2G	Autobusai	2G	06		455	NULL	NULL	NULL
missed	663152	B>A	Stotis–Laisvės pr.–Santariškės	460	NULL	NULL	NULL	NULL	NULL	NULL	NULL	2G	Autobusai	2G	06		511	NULL	NULL	NULL
missed	663152	A>B	Santariškės–Laisvės pr.–Stotis	522	NULL	NULL	NULL	NULL	NULL	NULL	NULL	2G	Autobusai	2G	06		573	NULL	NULL	NULL
missed	663152	B>A	Stotis–Laisvės pr.–Santariškės	578	NULL	NULL	NULL	NULL	NULL	NULL	NULL	2G	Autobusai	2G	06		629	NULL	NULL	NULL
missed	663152	A>B	Santariškės–Laisvės pr.–Stotis	908	NULL	NULL	NULL	NULL	NULL	NULL	NULL	2G	Autobusai	2G	06		958	NULL	NULL	NULL
missed	663152	B>A	Stotis–Laisvės pr.–Santariškės	964	NULL	NULL	NULL	NULL	NULL	NULL	NULL	2G	Autobusai	2G	06		1018	NULL	NULL	NULL
missed	663152	A>B	Santariškės–Laisvės pr.–Stotis	1028	NULL	NULL	NULL	NULL	NULL	NULL	NULL	2G	Autobusai	2G	06		1078	NULL	NULL	NULL
missed	663152	B>A	Stotis–Laisvės pr.–Santariškės	1083	NULL	NULL	NULL	NULL	NULL	NULL	NULL	2G	Autobusai	2G	06		1137	NULL	NULL	NULL
missed	663155	A>B	Santariškės–Laisvės pr.–Stotis	336	NULL	NULL	NULL	NULL	NULL	NULL	NULL	2G	Autobusai	2G	07		386	NULL	NULL	NULL
missed	663155	B>A	Stotis–Laisvės pr.–Santariškės	391	NULL	NULL	NULL	NULL	NULL	NULL	NULL	2G	Autobusai	2G	07		441	NULL	NULL	NULL
missed	663155	A>B	Santariškės–Laisvės pr.–Stotis	456	NULL	NULL	NULL	NULL	NULL	NULL	NULL	2G	Autobusai	2G	07		508	NULL	NULL	NULL
missed	663155	B>A1	Stotis–Laisvės pr.–Santariškės (Santariškių žiedas)	514	NULL	NULL	NULL	NULL	NULL	NULL	NULL	2G	Autobusai	2G	07		566	NULL	NULL	NULL
missed	663155	A>B	Santariškės–Laisvės pr.–Stotis	599	NULL	NULL	NULL	NULL	NULL	NULL	NULL	2G	Autobusai	2G	07		649	NULL	NULL	NULL
missed	663155	B>A	Stotis–Laisvės pr.–Santariškės	654	NULL	NULL	NULL	NULL	NULL	NULL	NULL	2G	Autobusai	2G	07		705	NULL	NULL	NULL
missed	663155	A>B	Santariškės–Laisvės pr.–Stotis	713	NULL	NULL	NULL	NULL	NULL	NULL	NULL	2G	Autobusai	2G	07		763	NULL	NULL	NULL
missed	663155	B>A	Stotis–Laisvės pr.–Santariškės	770	NULL	NULL	NULL	NULL	NULL	NULL	NULL	2G	Autobusai	2G	07		821	NULL	NULL	NULL
missed	663155	A>B	Santariškės–Laisvės pr.–Stotis	830	NULL	NULL	NULL	NULL	NULL	NULL	NULL	2G	Autobusai	2G	07		880	NULL	NULL	NULL
missed	663155	B>A	Stotis–Laisvės pr.–Santariškės	890	NULL	NULL	NULL	NULL	NULL	NULL	NULL	2G	Autobusai	2G	07		941	NULL	NULL	NULL
missed	663155	A>B	Santariškės–Laisvės pr.–Stotis	955	NULL	NULL	NULL	NULL	NULL	NULL	NULL	2G	Autobusai	2G	07		1005	NULL	NULL	NULL
missed	663155	B>A1	Stotis–Laisvės pr.–Santariškės (Santariškių žiedas)	1010	NULL	NULL	NULL	NULL	NULL	NULL	NULL	2G	Autobusai	2G	07		1066	NULL	NULL	NULL
missed	663155	A>B	Santariškės–Laisvės pr.–Stotis	1107	NULL	NULL	NULL	NULL	NULL	NULL	NULL	2G	Autobusai	2G	07		1157	NULL	NULL	NULL
missed	663155	B>A	Stotis–Laisvės pr.–Santariškės	1163	NULL	NULL	NULL	NULL	NULL	NULL	NULL	2G	Autobusai	2G	07		1210	NULL	NULL	NULL
missed	663155	A>B	Santariškės–Laisvės pr.–Stotis	1217	NULL	NULL	NULL	NULL	NULL	NULL	NULL	2G	Autobusai	2G	07		1266	NULL	NULL	NULL
missed	663155	B>A	Stotis–Laisvės pr.–Santariškės	1274	NULL	NULL	NULL	NULL	NULL	NULL	NULL	2G	Autobusai	2G	07		1321	NULL	NULL	NULL
missed	663155	A>B	Santariškės–Laisvės pr.–Stotis	1331	NULL	NULL	NULL	NULL	NULL	NULL	NULL	2G	Autobusai	2G	07		1379	NULL	NULL	NULL
missed	663155	B>A	Stotis–Laisvės pr.–Santariškės	1386	NULL	NULL	NULL	NULL	NULL	NULL	NULL	2G	Autobusai	2G	07		1433	NULL	NULL	NULL
missed	663150	A>B	Santariškės–Laisvės pr.–Stotis	417	NULL	NULL	NULL	NULL	NULL	NULL	NULL	2G	Autobusai	2G	08		468	NULL	NULL	NULL
missed	663150	B>A	Stotis–Laisvės pr.–Santariškės	473	NULL	NULL	NULL	NULL	NULL	NULL	NULL	2G	Autobusai	2G	08		524	NULL	NULL	NULL
missed	663150	A>B	Santariškės–Laisvės pr.–Stotis	535	NULL	NULL	NULL	NULL	NULL	NULL	NULL	2G	Autobusai	2G	08		585	NULL	NULL	NULL
missed	663150	B>A	Stotis–Laisvės pr.–Santariškės	592	NULL	NULL	NULL	NULL	NULL	NULL	NULL	2G	Autobusai	2G	08		643	NULL	NULL	NULL
missed	663150	A>B	Santariškės–Laisvės pr.–Stotis	920	NULL	NULL	NULL	NULL	NULL	NULL	NULL	2G	Autobusai	2G	08		970	NULL	NULL	NULL
missed	663150	B>A	Stotis–Laisvės pr.–Santariškės	976	NULL	NULL	NULL	NULL	NULL	NULL	NULL	2G	Autobusai	2G	08		1029	NULL	NULL	NULL
missed	663150	A>B	Santariškės–Laisvės pr.–Stotis	1039	NULL	NULL	NULL	NULL	NULL	NULL	NULL	2G	Autobusai	2G	08		1089	NULL	NULL	NULL
missed	663150	B>A	Stotis–Laisvės pr.–Santariškės	1096	NULL	NULL	NULL	NULL	NULL	NULL	NULL	2G	Autobusai	2G	08		1149	NULL	NULL	NULL
missed	663156	A>B	Santariškės–Laisvės pr.–Stotis	348	NULL	NULL	NULL	NULL	NULL	NULL	NULL	2G	Autobusai	2G	09-ž		398	NULL	NULL	NULL
missed	663156	B>A	Stotis–Laisvės pr.–Santariškės	403	NULL	NULL	NULL	NULL	NULL	NULL	NULL	2G	Autobusai	2G	09-ž		453	NULL	NULL	NULL
missed	663156	A>B	Santariškės–Laisvės pr.–Stotis	463	NULL	NULL	NULL	NULL	NULL	NULL	NULL	2G	Autobusai	2G	09-ž		515	NULL	NULL	NULL
missed	663156	B>A1	Stotis–Laisvės pr.–Santariškės (Santariškių žiedas)	522	NULL	NULL	NULL	NULL	NULL	NULL	NULL	2G	Autobusai	2G	09-ž		574	NULL	NULL	NULL
missed	663156	A>B	Santariškės–Laisvės pr.–Stotis	610	NULL	NULL	NULL	NULL	NULL	NULL	NULL	2G	Autobusai	2G	09-ž		660	NULL	NULL	NULL
missed	663156	B>A	Stotis–Laisvės pr.–Santariškės	665	NULL	NULL	NULL	NULL	NULL	NULL	NULL	2G	Autobusai	2G	09-ž		716	NULL	NULL	NULL
missed	663156	A>B	Santariškės–Laisvės pr.–Stotis	724	NULL	NULL	NULL	NULL	NULL	NULL	NULL	2G	Autobusai	2G	09-ž		774	NULL	NULL	NULL
missed	663156	B>A	Stotis–Laisvės pr.–Santariškės	781	NULL	NULL	NULL	NULL	NULL	NULL	NULL	2G	Autobusai	2G	09-ž		832	NULL	NULL	NULL
missed	663156	A>B	Santariškės–Laisvės pr.–Stotis	842	NULL	NULL	NULL	NULL	NULL	NULL	NULL	2G	Autobusai	2G	09-ž		892	NULL	NULL	NULL
missed	663156	B>A	Stotis–Laisvės pr.–Santariškės	902	NULL	NULL	NULL	NULL	NULL	NULL	NULL	2G	Autobusai	2G	09-ž		953	NULL	NULL	NULL
missed	663156	A>B	Santariškės–Laisvės pr.–Stotis	963	NULL	NULL	NULL	NULL	NULL	NULL	NULL	2G	Autobusai	2G	09-ž		1013	NULL	NULL	NULL
missed	663156	B>A	Stotis–Laisvės pr.–Santariškės	1018	NULL	NULL	NULL	NULL	NULL	NULL	NULL	2G	Autobusai	2G	09-ž		1073	NULL	NULL	NULL
missed	663156	A>B	Santariškės–Laisvės pr.–Stotis	1081	NULL	NULL	NULL	NULL	NULL	NULL	NULL	2G	Autobusai	2G	09-ž		1131	NULL	NULL	NULL
missed	663156	B>A1	Stotis–Laisvės pr.–Santariškės (Santariškių žiedas)	1139	NULL	NULL	NULL	NULL	NULL	NULL	NULL	2G	Autobusai	2G	09-ž		1185	NULL	NULL	NULL
missed	663156	A>B	Santariškės–Laisvės pr.–Stotis	1228	NULL	NULL	NULL	NULL	NULL	NULL	NULL	2G	Autobusai	2G	09-ž		1277	NULL	NULL	NULL
missed	663156	B>A	Stotis–Laisvės pr.–Santariškės	1282	NULL	NULL	NULL	NULL	NULL	NULL	NULL	2G	Autobusai	2G	09-ž		1329	NULL	NULL	NULL
missed	663156	A>B	Santariškės–Laisvės pr.–Stotis	1342	NULL	NULL	NULL	NULL	NULL	NULL	NULL	2G	Autobusai	2G	09-ž		1390	NULL	NULL	NULL
missed	663156	B>A	Stotis–Laisvės pr.–Santariškės	1395	NULL	NULL	NULL	NULL	NULL	NULL	NULL	2G	Autobusai	2G	09-ž		1442	NULL	NULL	NULL
missed	663158	A>B	Santariškės–Laisvės pr.–Stotis	427	NULL	NULL	NULL	NULL	NULL	NULL	NULL	2G	Autobusai	2G	10		480	NULL	NULL	NULL
missed	663158	B>A	Stotis–Laisvės pr.–Santariškės	485	NULL	NULL	NULL	NULL	NULL	NULL	NULL	2G	Autobusai	2G	10		536	NULL	NULL	NULL
missed	663158	A>B	Santariškės–Laisvės pr.–Stotis	551	NULL	NULL	NULL	NULL	NULL	NULL	NULL	2G	Autobusai	2G	10		601	NULL	NULL	NULL
missed	663158	B>A	Stotis–Laisvės pr.–Santariškės	608	NULL	NULL	NULL	NULL	NULL	NULL	NULL	2G	Autobusai	2G	10		659	NULL	NULL	NULL
missed	663158	A>B	Santariškės–Laisvės pr.–Stotis	926	NULL	NULL	NULL	NULL	NULL	NULL	NULL	2G	Autobusai	2G	10		976	NULL	NULL	NULL
missed	663158	B>A	Stotis–Laisvės pr.–Santariškės	982	NULL	NULL	NULL	NULL	NULL	NULL	NULL	2G	Autobusai	2G	10		1034	NULL	NULL	NULL
missed	663158	A>B	Santariškės–Laisvės pr.–Stotis	1045	NULL	NULL	NULL	NULL	NULL	NULL	NULL	2G	Autobusai	2G	10		1095	NULL	NULL	NULL
missed	663158	B>A	Stotis–Laisvės pr.–Santariškės	1102	NULL	NULL	NULL	NULL	NULL	NULL	NULL	2G	Autobusai	2G	10		1153	NULL	NULL	NULL
missed	663157	B>A	Stotis–Laisvės pr.–Santariškės	362	NULL	NULL	NULL	NULL	NULL	NULL	NULL	2G	Autobusai	2G	11		412	NULL	NULL	NULL
missed	663157	A>B	Santariškės–Laisvės pr.–Stotis	422	NULL	NULL	NULL	NULL	NULL	NULL	NULL	2G	Autobusai	2G	11		475	NULL	NULL	NULL
missed	663157	B>A	Stotis–Laisvės pr.–Santariškės	480	NULL	NULL	NULL	NULL	NULL	NULL	NULL	2G	Autobusai	2G	11		531	NULL	NULL	NULL
missed	663157	A>B	Santariškės–Laisvės pr.–Stotis	543	NULL	NULL	NULL	NULL	NULL	NULL	NULL	2G	Autobusai	2G	11		592	NULL	NULL	NULL
missed	663157	B>A1	Stotis–Laisvės pr.–Santariškės (Santariškių žiedas)	601	NULL	NULL	NULL	NULL	NULL	NULL	NULL	2G	Autobusai	2G	11		653	NULL	NULL	NULL
missed	663157	A>B	Santariškės–Laisvės pr.–Stotis	690	NULL	NULL	NULL	NULL	NULL	NULL	NULL	2G	Autobusai	2G	11		740	NULL	NULL	NULL
missed	663157	B>A	Stotis–Laisvės pr.–Santariškės	746	NULL	NULL	NULL	NULL	NULL	NULL	NULL	2G	Autobusai	2G	11		797	NULL	NULL	NULL
missed	663157	A>B	Santariškės–Laisvės pr.–Stotis	807	NULL	NULL	NULL	NULL	NULL	NULL	NULL	2G	Autobusai	2G	11		857	NULL	NULL	NULL
missed	663157	B>A	Stotis–Laisvės pr.–Santariškės	867	NULL	NULL	NULL	NULL	NULL	NULL	NULL	2G	Autobusai	2G	11		918	NULL	NULL	NULL
missed	663157	A>B	Santariškės–Laisvės pr.–Stotis	931	NULL	NULL	NULL	NULL	NULL	NULL	NULL	2G	Autobusai	2G	11		981	NULL	NULL	NULL
missed	663157	B>A	Stotis–Laisvės pr.–Santariškės	988	NULL	NULL	NULL	NULL	NULL	NULL	NULL	2G	Autobusai	2G	11		1041	NULL	NULL	NULL
missed	663157	A>B	Santariškės–Laisvės pr.–Stotis	1051	NULL	NULL	NULL	NULL	NULL	NULL	NULL	2G	Autobusai	2G	11		1101	NULL	NULL	NULL
missed	663157	B>A1	Stotis–Laisvės pr.–Santariškės (Santariškių žiedas)	1108	NULL	NULL	NULL	NULL	NULL	NULL	NULL	2G	Autobusai	2G	11		1159	NULL	NULL	NULL
missed	663157	A>B	Santariškės–Laisvės pr.–Stotis	1195	NULL	NULL	NULL	NULL	NULL	NULL	NULL	2G	Autobusai	2G	11		1244	NULL	NULL	NULL
missed	663157	B>A	Stotis–Laisvės pr.–Santariškės	1250	NULL	NULL	NULL	NULL	NULL	NULL	NULL	2G	Autobusai	2G	11		1297	NULL	NULL	NULL
missed	663157	A>B	Santariškės–Laisvės pr.–Stotis	1308	NULL	NULL	NULL	NULL	NULL	NULL	NULL	2G	Autobusai	2G	11		1356	NULL	NULL	NULL
missed	663157	B>A	Stotis–Laisvės pr.–Santariškės	1363	NULL	NULL	NULL	NULL	NULL	NULL	NULL	2G	Autobusai	2G	11		1410	NULL	NULL	NULL
missed	663161	A>B	Santariškės–Laisvės pr.–Stotis	433	NULL	NULL	NULL	NULL	NULL	NULL	NULL	2G	Autobusai	2G	12		485	NULL	NULL	NULL
missed	663161	B>A	Stotis–Laisvės pr.–Santariškės	490	NULL	NULL	NULL	NULL	NULL	NULL	NULL	2G	Autobusai	2G	12		541	NULL	NULL	NULL
missed	663161	A>B	Santariškės–Laisvės pr.–Stotis	557	NULL	NULL	NULL	NULL	NULL	NULL	NULL	2G	Autobusai	2G	12		607	NULL	NULL	NULL
missed	663161	B>A	Stotis–Laisvės pr.–Santariškės	614	NULL	NULL	NULL	NULL	NULL	NULL	NULL	2G	Autobusai	2G	12		665	NULL	NULL	NULL
missed	663161	A>B	Santariškės–Laisvės pr.–Stotis	937	NULL	NULL	NULL	NULL	NULL	NULL	NULL	2G	Autobusai	2G	12		987	NULL	NULL	NULL
missed	663161	B>A	Stotis–Laisvės pr.–Santariškės	993	NULL	NULL	NULL	NULL	NULL	NULL	NULL	2G	Autobusai	2G	12		1046	NULL	NULL	NULL
missed	663161	A>B	Santariškės–Laisvės pr.–Stotis	1057	NULL	NULL	NULL	NULL	NULL	NULL	NULL	2G	Autobusai	2G	12		1107	NULL	NULL	NULL
missed	663161	B>A	Stotis–Laisvės pr.–Santariškės	1116	NULL	NULL	NULL	NULL	NULL	NULL	NULL	2G	Autobusai	2G	12		1165	NULL	NULL	NULL
missed	663159	B>A	Stotis–Laisvės pr.–Santariškės	349	NULL	NULL	NULL	NULL	NULL	NULL	NULL	2G	Autobusai	2G	13-ž		399	NULL	NULL	NULL
missed	663159	A>B	Santariškės–Laisvės pr.–Stotis	412	NULL	NULL	NULL	NULL	NULL	NULL	NULL	2G	Autobusai	2G	13-ž		461	NULL	NULL	NULL
missed	663159	B>A	Stotis–Laisvės pr.–Santariškės	467	NULL	NULL	NULL	NULL	NULL	NULL	NULL	2G	Autobusai	2G	13-ž		518	NULL	NULL	NULL
missed	663159	A>B	Santariškės–Laisvės pr.–Stotis	528	NULL	NULL	NULL	NULL	NULL	NULL	NULL	2G	Autobusai	2G	13-ž		578	NULL	NULL	NULL
missed	663159	B>A1	Stotis–Laisvės pr.–Santariškės (Santariškių žiedas)	586	NULL	NULL	NULL	NULL	NULL	NULL	NULL	2G	Autobusai	2G	13-ž		638	NULL	NULL	NULL
missed	663159	A>B	Santariškės–Laisvės pr.–Stotis	677	NULL	NULL	NULL	NULL	NULL	NULL	NULL	2G	Autobusai	2G	13-ž		727	NULL	NULL	NULL
missed	663159	B>A	Stotis–Laisvės pr.–Santariškės	733	NULL	NULL	NULL	NULL	NULL	NULL	NULL	2G	Autobusai	2G	13-ž		784	NULL	NULL	NULL
missed	663159	A>B	Santariškės–Laisvės pr.–Stotis	794	NULL	NULL	NULL	NULL	NULL	NULL	NULL	2G	Autobusai	2G	13-ž		844	NULL	NULL	NULL
missed	663159	B>A	Stotis–Laisvės pr.–Santariškės	854	NULL	NULL	NULL	NULL	NULL	NULL	NULL	2G	Autobusai	2G	13-ž		905	NULL	NULL	NULL
missed	663159	A>B	Santariškės–Laisvės pr.–Stotis	914	NULL	NULL	NULL	NULL	NULL	NULL	NULL	2G	Autobusai	2G	13-ž		964	NULL	NULL	NULL
missed	663159	B>A	Stotis–Laisvės pr.–Santariškės	970	NULL	NULL	NULL	NULL	NULL	NULL	NULL	2G	Autobusai	2G	13-ž		1023	NULL	NULL	NULL
missed	663159	A>B	Santariškės–Laisvės pr.–Stotis	1033	NULL	NULL	NULL	NULL	NULL	NULL	NULL	2G	Autobusai	2G	13-ž		1083	NULL	NULL	NULL
missed	663159	B>A1	Stotis–Laisvės pr.–Santariškės (Santariškių žiedas)	1088	NULL	NULL	NULL	NULL	NULL	NULL	NULL	2G	Autobusai	2G	13-ž		1144	NULL	NULL	NULL
missed	663159	A>B	Santariškės–Laisvės pr.–Stotis	1183	NULL	NULL	NULL	NULL	NULL	NULL	NULL	2G	Autobusai	2G	13-ž		1232	NULL	NULL	NULL
missed	663159	B>A	Stotis–Laisvės pr.–Santariškės	1239	NULL	NULL	NULL	NULL	NULL	NULL	NULL	2G	Autobusai	2G	13-ž		1286	NULL	NULL	NULL
missed	663159	A>B	Santariškės–Laisvės pr.–Stotis	1296	NULL	NULL	NULL	NULL	NULL	NULL	NULL	2G	Autobusai	2G	13-ž		1344	NULL	NULL	NULL
missed	663159	B>A	Stotis–Laisvės pr.–Santariškės	1348	NULL	NULL	NULL	NULL	NULL	NULL	NULL	2G	Autobusai	2G	13-ž		1395	NULL	NULL	NULL
missed	663160	B>A	Stotis–Laisvės pr.–Santariškės	307	NULL	NULL	NULL	NULL	NULL	NULL	NULL	2G	Autobusai	2G	14		357	NULL	NULL	NULL
missed	663160	A>B	Santariškės–Laisvės pr.–Stotis	364	NULL	NULL	NULL	NULL	NULL	NULL	NULL	2G	Autobusai	2G	14		414	NULL	NULL	NULL
missed	663160	B>A	Stotis–Laisvės pr.–Santariškės	419	NULL	NULL	NULL	NULL	NULL	NULL	NULL	2G	Autobusai	2G	14		469	NULL	NULL	NULL
missed	663160	A>B	Santariškės–Laisvės pr.–Stotis	479	NULL	NULL	NULL	NULL	NULL	NULL	NULL	2G	Autobusai	2G	14		532	NULL	NULL	NULL
missed	663160	B>A1	Stotis–Laisvės pr.–Santariškės (Santariškių žiedas)	538	NULL	NULL	NULL	NULL	NULL	NULL	NULL	2G	Autobusai	2G	14		590	NULL	NULL	NULL
missed	663160	A>B	Santariškės–Laisvės pr.–Stotis	629	NULL	NULL	NULL	NULL	NULL	NULL	NULL	2G	Autobusai	2G	14		679	NULL	NULL	NULL
missed	663160	B>A	Stotis–Laisvės pr.–Santariškės	685	NULL	NULL	NULL	NULL	NULL	NULL	NULL	2G	Autobusai	2G	14		736	NULL	NULL	NULL
missed	663160	A>B	Santariškės–Laisvės pr.–Stotis	746	NULL	NULL	NULL	NULL	NULL	NULL	NULL	2G	Autobusai	2G	14		796	NULL	NULL	NULL
missed	663160	B>A	Stotis–Laisvės pr.–Santariškės	803	NULL	NULL	NULL	NULL	NULL	NULL	NULL	2G	Autobusai	2G	14		854	NULL	NULL	NULL
missed	663160	A>B	Santariškės–Laisvės pr.–Stotis	864	NULL	NULL	NULL	NULL	NULL	NULL	NULL	2G	Autobusai	2G	14		914	NULL	NULL	NULL
missed	663160	B>A	Stotis–Laisvės pr.–Santariškės	924	NULL	NULL	NULL	NULL	NULL	NULL	NULL	2G	Autobusai	2G	14		975	NULL	NULL	NULL
missed	663160	A>B	Santariškės–Laisvės pr.–Stotis	986	NULL	NULL	NULL	NULL	NULL	NULL	NULL	2G	Autobusai	2G	14		1036	NULL	NULL	NULL
missed	663160	B>A1	Stotis–Laisvės pr.–Santariškės (Santariškių žiedas)	1041	NULL	NULL	NULL	NULL	NULL	NULL	NULL	2G	Autobusai	2G	14		1097	NULL	NULL	NULL
missed	663160	A>B	Santariškės–Laisvės pr.–Stotis	1134	NULL	NULL	NULL	NULL	NULL	NULL	NULL	2G	Autobusai	2G	14		1184	NULL	NULL	NULL
missed	663160	B>A1	Stotis–Laisvės pr.–Santariškės (Santariškių žiedas)	1189	NULL	NULL	NULL	NULL	NULL	NULL	NULL	2G	Autobusai	2G	14		1236	NULL	NULL	NULL
missed	663160	A>B	Santariškės–Laisvės pr.–Stotis	1276	NULL	NULL	NULL	NULL	NULL	NULL	NULL	2G	Autobusai	2G	14		1324	NULL	NULL	NULL
missed	663160	B>A	Stotis–Laisvės pr.–Santariškės	1331	NULL	NULL	NULL	NULL	NULL	NULL	NULL	2G	Autobusai	2G	14		1378	NULL	NULL	NULL
missed	663160	A>B	Santariškės–Laisvės pr.–Stotis	1386	NULL	NULL	NULL	NULL	NULL	NULL	NULL	2G	Autobusai	2G	14		1434	NULL	NULL	NULL
missed	663162	A>B	Santariškės–Laisvės pr.–Stotis	356	NULL	NULL	NULL	NULL	NULL	NULL	NULL	2G	Autobusai	2G	15		406	NULL	NULL	NULL
missed	663162	B>A	Stotis–Laisvės pr.–Santariškės	411	NULL	NULL	NULL	NULL	NULL	NULL	NULL	2G	Autobusai	2G	15		461	NULL	NULL	NULL
missed	663162	A>B	Santariškės–Laisvės pr.–Stotis	471	NULL	NULL	NULL	NULL	NULL	NULL	NULL	2G	Autobusai	2G	15		523	NULL	NULL	NULL
missed	663162	B>A1	Stotis–Laisvės pr.–Santariškės (Santariškių žiedas)	530	NULL	NULL	NULL	NULL	NULL	NULL	NULL	2G	Autobusai	2G	15		582	NULL	NULL	NULL
missed	663162	A>B	Santariškės–Laisvės pr.–Stotis	620	NULL	NULL	NULL	NULL	NULL	NULL	NULL	2G	Autobusai	2G	15		670	NULL	NULL	NULL
missed	663162	B>A	Stotis–Laisvės pr.–Santariškės	675	NULL	NULL	NULL	NULL	NULL	NULL	NULL	2G	Autobusai	2G	15		726	NULL	NULL	NULL
missed	663162	A>B	Santariškės–Laisvės pr.–Stotis	735	NULL	NULL	NULL	NULL	NULL	NULL	NULL	2G	Autobusai	2G	15		785	NULL	NULL	NULL
missed	663162	B>A	Stotis–Laisvės pr.–Santariškės	793	NULL	NULL	NULL	NULL	NULL	NULL	NULL	2G	Autobusai	2G	15		844	NULL	NULL	NULL
missed	663162	A>B	Santariškės–Laisvės pr.–Stotis	854	NULL	NULL	NULL	NULL	NULL	NULL	NULL	2G	Autobusai	2G	15		904	NULL	NULL	NULL
missed	663162	B>A	Stotis–Laisvės pr.–Santariškės	914	NULL	NULL	NULL	NULL	NULL	NULL	NULL	2G	Autobusai	2G	15		965	NULL	NULL	NULL
missed	663162	A>B	Santariškės–Laisvės pr.–Stotis	978	NULL	NULL	NULL	NULL	NULL	NULL	NULL	2G	Autobusai	2G	15		1028	NULL	NULL	NULL
missed	663162	B>A1	Stotis–Laisvės pr.–Santariškės (Santariškių žiedas)	1033	NULL	NULL	NULL	NULL	NULL	NULL	NULL	2G	Autobusai	2G	15		1088	NULL	NULL	NULL
missed	663162	A>B	Santariškės–Laisvės pr.–Stotis	1121	NULL	NULL	NULL	NULL	NULL	NULL	NULL	2G	Autobusai	2G	15		1171	NULL	NULL	NULL
missed	663162	B>A	Stotis–Laisvės pr.–Santariškės	1176	NULL	NULL	NULL	NULL	NULL	NULL	NULL	2G	Autobusai	2G	15		1223	NULL	NULL	NULL
missed	663162	A>B	Santariškės–Laisvės pr.–Stotis	1240	NULL	NULL	NULL	NULL	NULL	NULL	NULL	2G	Autobusai	2G	15		1289	NULL	NULL	NULL
missed	663162	B>A	Stotis–Laisvės pr.–Santariškės	1297	NULL	NULL	NULL	NULL	NULL	NULL	NULL	2G	Autobusai	2G	15		1344	NULL	NULL	NULL
missed	663162	A>B	Santariškės–Laisvės pr.–Stotis	1354	NULL	NULL	NULL	NULL	NULL	NULL	NULL	2G	Autobusai	2G	15		1402	NULL	NULL	NULL
missed	663163	A>B	Santariškės–Laisvės pr.–Stotis	444	NULL	NULL	NULL	NULL	NULL	NULL	NULL	2G	Autobusai	2G	16		496	NULL	NULL	NULL
missed	663163	B>A	Stotis–Laisvės pr.–Santariškės	502	NULL	NULL	NULL	NULL	NULL	NULL	NULL	2G	Autobusai	2G	16		553	NULL	NULL	NULL
missed	663163	A>B	Santariškės–Laisvės pr.–Stotis	567	NULL	NULL	NULL	NULL	NULL	NULL	NULL	2G	Autobusai	2G	16		617	NULL	NULL	NULL
missed	663163	B>A	Stotis–Laisvės pr.–Santariškės	624	NULL	NULL	NULL	NULL	NULL	NULL	NULL	2G	Autobusai	2G	16		675	NULL	NULL	NULL
missed	663163	A>B	Santariškės–Laisvės pr.–Stotis	949	NULL	NULL	NULL	NULL	NULL	NULL	NULL	2G	Autobusai	2G	16		999	NULL	NULL	NULL
missed	663163	B>A	Stotis–Laisvės pr.–Santariškės	1004	NULL	NULL	NULL	NULL	NULL	NULL	NULL	2G	Autobusai	2G	16		1059	NULL	NULL	NULL
missed	663163	A>B	Santariškės–Laisvės pr.–Stotis	1071	NULL	NULL	NULL	NULL	NULL	NULL	NULL	2G	Autobusai	2G	16		1121	NULL	NULL	NULL
missed	663163	B>A	Stotis–Laisvės pr.–Santariškės	1130	NULL	NULL	NULL	NULL	NULL	NULL	NULL	2G	Autobusai	2G	16		1178	NULL	NULL	NULL
missed	663164	A>B	Santariškės–Laisvės pr.–Stotis	371	NULL	NULL	NULL	NULL	NULL	NULL	NULL	2G	Autobusai	2G	17		421	NULL	NULL	NULL
missed	663164	B>A	Stotis–Laisvės pr.–Santariškės	426	NULL	NULL	NULL	NULL	NULL	NULL	NULL	2G	Autobusai	2G	17		476	NULL	NULL	NULL
missed	663164	A>B	Santariškės–Laisvės pr.–Stotis	486	NULL	NULL	NULL	NULL	NULL	NULL	NULL	2G	Autobusai	2G	17		538	NULL	NULL	NULL
missed	663164	B>A1	Stotis–Laisvės pr.–Santariškės (Santariškių žiedas)	546	NULL	NULL	NULL	NULL	NULL	NULL	NULL	2G	Autobusai	2G	17		598	NULL	NULL	NULL
missed	663164	A>B	Santariškės–Laisvės pr.–Stotis	641	NULL	NULL	NULL	NULL	NULL	NULL	NULL	2G	Autobusai	2G	17		691	NULL	NULL	NULL
missed	663164	B>A	Stotis–Laisvės pr.–Santariškės	697	NULL	NULL	NULL	NULL	NULL	NULL	NULL	2G	Autobusai	2G	17		748	NULL	NULL	NULL
missed	663164	A>B	Santariškės–Laisvės pr.–Stotis	759	NULL	NULL	NULL	NULL	NULL	NULL	NULL	2G	Autobusai	2G	17		809	NULL	NULL	NULL
missed	663164	B>A	Stotis–Laisvės pr.–Santariškės	816	NULL	NULL	NULL	NULL	NULL	NULL	NULL	2G	Autobusai	2G	17		867	NULL	NULL	NULL
missed	663164	A>B	Santariškės–Laisvės pr.–Stotis	877	NULL	NULL	NULL	NULL	NULL	NULL	NULL	2G	Autobusai	2G	17		927	NULL	NULL	NULL
missed	663164	B>A	Stotis–Laisvės pr.–Santariškės	933	NULL	NULL	NULL	NULL	NULL	NULL	NULL	2G	Autobusai	2G	17		984	NULL	NULL	NULL
missed	663164	A>B	Santariškės–Laisvės pr.–Stotis	994	NULL	NULL	NULL	NULL	NULL	NULL	NULL	2G	Autobusai	2G	17		1044	NULL	NULL	NULL
missed	663164	B>A1	Stotis–Laisvės pr.–Santariškės (Santariškių žiedas)	1049	NULL	NULL	NULL	NULL	NULL	NULL	NULL	2G	Autobusai	2G	17		1104	NULL	NULL	NULL
missed	663164	A>B	Santariškės–Laisvės pr.–Stotis	1147	NULL	NULL	NULL	NULL	NULL	NULL	NULL	2G	Autobusai	2G	17		1197	NULL	NULL	NULL
missed	663164	B>A	Stotis–Laisvės pr.–Santariškės	1202	NULL	NULL	NULL	NULL	NULL	NULL	NULL	2G	Autobusai	2G	17		1249	NULL	NULL	NULL
missed	663164	A>B	Santariškės–Laisvės pr.–Stotis	1254	NULL	NULL	NULL	NULL	NULL	NULL	NULL	2G	Autobusai	2G	17		1303	NULL	NULL	NULL
missed	663164	B>A	Stotis–Laisvės pr.–Santariškės	1310	NULL	NULL	NULL	NULL	NULL	NULL	NULL	2G	Autobusai	2G	17		1357	NULL	NULL	NULL
missed	663164	A>B	Santariškės–Laisvės pr.–Stotis	1365	NULL	NULL	NULL	NULL	NULL	NULL	NULL	2G	Autobusai	2G	17		1413	NULL	NULL	NULL
missed	663165	A>B	Santariškės–Laisvės pr.–Stotis	450	NULL	NULL	NULL	NULL	NULL	NULL	NULL	2G	Autobusai	2G	18		502	NULL	NULL	NULL
missed	663165	B>A	Stotis–Laisvės pr.–Santariškės	508	NULL	NULL	NULL	NULL	NULL	NULL	NULL	2G	Autobusai	2G	18		559	NULL	NULL	NULL
missed	663165	A>B	Santariškės–Laisvės pr.–Stotis	577	NULL	NULL	NULL	NULL	NULL	NULL	NULL	2G	Autobusai	2G	18		627	NULL	NULL	NULL
missed	663165	B>A	Stotis–Laisvės pr.–Santariškės	634	NULL	NULL	NULL	NULL	NULL	NULL	NULL	2G	Autobusai	2G	18		685	NULL	NULL	NULL
missed	663165	A>B	Santariškės–Laisvės pr.–Stotis	971	NULL	NULL	NULL	NULL	NULL	NULL	NULL	2G	Autobusai	2G	18		1021	NULL	NULL	NULL
missed	663165	B>A	Stotis–Laisvės pr.–Santariškės	1026	NULL	NULL	NULL	NULL	NULL	NULL	NULL	2G	Autobusai	2G	18		1080	NULL	NULL	NULL
missed	663165	A>B	Santariškės–Laisvės pr.–Stotis	1093	NULL	NULL	NULL	NULL	NULL	NULL	NULL	2G	Autobusai	2G	18		1143	NULL	NULL	NULL
missed	663165	B>A	Stotis–Laisvės pr.–Santariškės	1149	NULL	NULL	NULL	NULL	NULL	NULL	NULL	2G	Autobusai	2G	18		1196	NULL	NULL	NULL
missed	150798	A>B	Stotis–Eišiškių pl.–Dilgynė–Salininkai–Vaidotai	307	NULL	NULL	NULL	NULL	NULL	NULL	NULL	3	Autobusai	3	01		350	NULL	NULL	NULL
missed	150798	B>A	Vaidotai–Salininkai–Dilgynė–Eišiškių pl.–Stotis	366	NULL	NULL	NULL	NULL	NULL	NULL	NULL	3	Autobusai	3	01		409	NULL	NULL	NULL
missed	150798	A>B	Stotis–Eišiškių pl.–Dilgynė–Salininkai–Vaidotai	417	NULL	NULL	NULL	NULL	NULL	NULL	NULL	3	Autobusai	3	01		463	NULL	NULL	NULL
missed	150798	B>A	Vaidotai–Salininkai–Dilgynė–Eišiškių pl.–Stotis	468	NULL	NULL	NULL	NULL	NULL	NULL	NULL	3	Autobusai	3	01		509	NULL	NULL	NULL
missed	150798	A>B	Stotis–Eišiškių pl.–Dilgynė–Salininkai–Vaidotai	514	NULL	NULL	NULL	NULL	NULL	NULL	NULL	3	Autobusai	3	01		558	NULL	NULL	NULL
missed	150798	B>A	Vaidotai–Salininkai–Dilgynė–Eišiškių pl.–Stotis	564	NULL	NULL	NULL	NULL	NULL	NULL	NULL	3	Autobusai	3	01		605	NULL	NULL	NULL
missed	150798	A>B	Stotis–Eišiškių pl.–Dilgynė–Salininkai–Vaidotai	638	NULL	NULL	NULL	NULL	NULL	NULL	NULL	3	Autobusai	3	01		681	NULL	NULL	NULL
missed	150798	B>A	Vaidotai–Salininkai–Dilgynė–Eišiškių pl.–Stotis	691	NULL	NULL	NULL	NULL	NULL	NULL	NULL	3	Autobusai	3	01		732	NULL	NULL	NULL
missed	150798	A>B	Stotis–Eišiškių pl.–Dilgynė–Salininkai–Vaidotai	737	NULL	NULL	NULL	NULL	NULL	NULL	NULL	3	Autobusai	3	01		780	NULL	NULL	NULL
missed	150798	B>A	Vaidotai–Salininkai–Dilgynė–Eišiškių pl.–Stotis	786	NULL	NULL	NULL	NULL	NULL	NULL	NULL	3	Autobusai	3	01		827	NULL	NULL	NULL
missed	150798	A>B	Stotis–Eišiškių pl.–Dilgynė–Salininkai–Vaidotai	837	NULL	NULL	NULL	NULL	NULL	NULL	NULL	3	Autobusai	3	01		880	NULL	NULL	NULL
missed	150798	B>A	Vaidotai–Salininkai–Dilgynė–Eišiškių pl.–Stotis	899	NULL	NULL	NULL	NULL	NULL	NULL	NULL	3	Autobusai	3	01		942	NULL	NULL	NULL
missed	150798	A>B	Stotis–Eišiškių pl.–Dilgynė–Salininkai–Vaidotai	953	NULL	NULL	NULL	NULL	NULL	NULL	NULL	3	Autobusai	3	01		999	NULL	NULL	NULL
missed	150798	B>A	Vaidotai–Salininkai–Dilgynė–Eišiškių pl.–Stotis	1012	NULL	NULL	NULL	NULL	NULL	NULL	NULL	3	Autobusai	3	01		1055	NULL	NULL	NULL
missed	150798	A>B	Stotis–Eišiškių pl.–Dilgynė–Salininkai–Vaidotai	1065	NULL	NULL	NULL	NULL	NULL	NULL	NULL	3	Autobusai	3	01		1111	NULL	NULL	NULL
missed	150798	B>A	Vaidotai–Salininkai–Dilgynė–Eišiškių pl.–Stotis	1116	NULL	NULL	NULL	NULL	NULL	NULL	NULL	3	Autobusai	3	01		1159	NULL	NULL	NULL
missed	150798	A1>B1	Stotis–Eišiškių pl.–Salininkai–Vaidotai	1203	NULL	NULL	NULL	NULL	NULL	NULL	NULL	3	Autobusai	3	01		1240	NULL	NULL	NULL
missed	150798	B1>A1	Vaidotai–Salininkai–Eišiškių pl.–Stotis	1245	NULL	NULL	NULL	NULL	NULL	NULL	NULL	3	Autobusai	3	01		1281	NULL	NULL	NULL
missed	150798	A1>B1	Stotis–Eišiškių pl.–Salininkai–Vaidotai	1306	NULL	NULL	NULL	NULL	NULL	NULL	NULL	3	Autobusai	3	01		1343	NULL	NULL	NULL
missed	150798	B1>A1	Vaidotai–Salininkai–Eišiškių pl.–Stotis	1348	NULL	NULL	NULL	NULL	NULL	NULL	NULL	3	Autobusai	3	01		1384	NULL	NULL	NULL
missed	150799	A>B	Stotis–Eišiškių pl.–Dilgynė–Salininkai–Vaidotai	382	NULL	NULL	NULL	NULL	NULL	NULL	NULL	3	Autobusai	3	02		428	NULL	NULL	NULL
missed	150799	B>A	Vaidotai–Salininkai–Dilgynė–Eišiškių pl.–Stotis	436	NULL	NULL	NULL	NULL	NULL	NULL	NULL	3	Autobusai	3	02		479	NULL	NULL	NULL
missed	150799	A>B	Stotis–Eišiškių pl.–Dilgynė–Salininkai–Vaidotai	486	NULL	NULL	NULL	NULL	NULL	NULL	NULL	3	Autobusai	3	02		530	NULL	NULL	NULL
missed	150799	B>A	Vaidotai–Salininkai–Dilgynė–Eišiškių pl.–Stotis	538	NULL	NULL	NULL	NULL	NULL	NULL	NULL	3	Autobusai	3	02		579	NULL	NULL	NULL
missed	150799	A>B	Stotis–Eišiškių pl.–Dilgynė–Salininkai–Vaidotai	923	NULL	NULL	NULL	NULL	NULL	NULL	NULL	3	Autobusai	3	02		968	NULL	NULL	NULL
missed	150799	B>A	Vaidotai–Salininkai–Dilgynė–Eišiškių pl.–Stotis	976	NULL	NULL	NULL	NULL	NULL	NULL	NULL	3	Autobusai	3	02		1019	NULL	NULL	NULL
missed	150799	A>B	Stotis–Eišiškių pl.–Dilgynė–Salininkai–Vaidotai	1036	NULL	NULL	NULL	NULL	NULL	NULL	NULL	3	Autobusai	3	02		1082	NULL	NULL	NULL
missed	150799	B>A	Vaidotai–Salininkai–Dilgynė–Eišiškių pl.–Stotis	1090	NULL	NULL	NULL	NULL	NULL	NULL	NULL	3	Autobusai	3	02		1133	NULL	NULL	NULL
missed	150800	A>B	Stotis–Eišiškių pl.–Dilgynė–Salininkai–Vaidotai	337	NULL	NULL	NULL	NULL	NULL	NULL	NULL	3	Autobusai	3	03		380	NULL	NULL	NULL
missed	150800	B>A	Vaidotai–Salininkai–Dilgynė–Eišiškių pl.–Stotis	391	NULL	NULL	NULL	NULL	NULL	NULL	NULL	3	Autobusai	3	03		434	NULL	NULL	NULL
missed	150800	A>B	Stotis–Eišiškių pl.–Dilgynė–Salininkai–Vaidotai	447	NULL	NULL	NULL	NULL	NULL	NULL	NULL	3	Autobusai	3	03		493	NULL	NULL	NULL
missed	150800	B>A	Vaidotai–Salininkai–Dilgynė–Eišiškių pl.–Stotis	508	NULL	NULL	NULL	NULL	NULL	NULL	NULL	3	Autobusai	3	03		549	NULL	NULL	NULL
missed	150800	A>B	Stotis–Eišiškių pl.–Dilgynė–Salininkai–Vaidotai	555	NULL	NULL	NULL	NULL	NULL	NULL	NULL	3	Autobusai	3	03		599	NULL	NULL	NULL
missed	150800	B>A	Vaidotai–Salininkai–Dilgynė–Eišiškių pl.–Stotis	610	NULL	NULL	NULL	NULL	NULL	NULL	NULL	3	Autobusai	3	03		651	NULL	NULL	NULL
missed	150800	A>B	Stotis–Eišiškių pl.–Dilgynė–Salininkai–Vaidotai	694	NULL	NULL	NULL	NULL	NULL	NULL	NULL	3	Autobusai	3	03		737	NULL	NULL	NULL
missed	150800	B>A	Vaidotai–Salininkai–Dilgynė–Eišiškių pl.–Stotis	750	NULL	NULL	NULL	NULL	NULL	NULL	NULL	3	Autobusai	3	03		790	NULL	NULL	NULL
missed	150800	A>B	Stotis–Eišiškių pl.–Dilgynė–Salininkai–Vaidotai	800	NULL	NULL	NULL	NULL	NULL	NULL	NULL	3	Autobusai	3	03		843	NULL	NULL	NULL
missed	150800	B>A	Vaidotai–Salininkai–Dilgynė–Eišiškių pl.–Stotis	848	NULL	NULL	NULL	NULL	NULL	NULL	NULL	3	Autobusai	3	03		891	NULL	NULL	NULL
missed	150800	A>B	Stotis–Eišiškių pl.–Dilgynė–Salininkai–Vaidotai	901	NULL	NULL	NULL	NULL	NULL	NULL	NULL	3	Autobusai	3	03		946	NULL	NULL	NULL
missed	150800	B>A	Vaidotai–Salininkai–Dilgynė–Eišiškių pl.–Stotis	952	NULL	NULL	NULL	NULL	NULL	NULL	NULL	3	Autobusai	3	03		995	NULL	NULL	NULL
missed	150800	A>B	Stotis–Eišiškių pl.–Dilgynė–Salininkai–Vaidotai	1007	NULL	NULL	NULL	NULL	NULL	NULL	NULL	3	Autobusai	3	03		1053	NULL	NULL	NULL
missed	150800	B>A	Vaidotai–Salininkai–Dilgynė–Eišiškių pl.–Stotis	1060	NULL	NULL	NULL	NULL	NULL	NULL	NULL	3	Autobusai	3	03		1103	NULL	NULL	NULL
missed	150800	A>B	Stotis–Eišiškių pl.–Dilgynė–Salininkai–Vaidotai	1136	NULL	NULL	NULL	NULL	NULL	NULL	NULL	3	Autobusai	3	03		1182	NULL	NULL	NULL
missed	150800	B>A	Vaidotai–Salininkai–Dilgynė–Eišiškių pl.–Stotis	1190	NULL	NULL	NULL	NULL	NULL	NULL	NULL	3	Autobusai	3	03		1231	NULL	NULL	NULL
missed	150800	A1>B1	Stotis–Eišiškių pl.–Salininkai–Vaidotai	1244	NULL	NULL	NULL	NULL	NULL	NULL	NULL	3	Autobusai	3	03		1281	NULL	NULL	NULL
missed	150800	B1>A1	Vaidotai–Salininkai–Eišiškių pl.–Stotis	1296	NULL	NULL	NULL	NULL	NULL	NULL	NULL	3	Autobusai	3	03		1332	NULL	NULL	NULL
missed	663105	B>A	Šiaurės miestelis–Apkasų–Konstitucijos pr.–Pilaitė	300	NULL	NULL	NULL	NULL	NULL	NULL	NULL	30	Autobusai	30	01		332	NULL	NULL	NULL
missed	663105	A>B	Pilaitė–Konstitucijos pr.–Apkasų g.–Šiaurės miestelis	337	NULL	NULL	NULL	NULL	NULL	NULL	NULL	30	Autobusai	30	01		373	NULL	NULL	NULL
missed	663105	B>A	Šiaurės miestelis–Apkasų–Konstitucijos pr.–Pilaitė	379	NULL	NULL	NULL	NULL	NULL	NULL	NULL	30	Autobusai	30	01		413	NULL	NULL	NULL
missed	663105	A>B	Pilaitė–Konstitucijos pr.–Apkasų g.–Šiaurės miestelis	419	NULL	NULL	NULL	NULL	NULL	NULL	NULL	30	Autobusai	30	01		460	NULL	NULL	NULL
missed	663105	B>A	Šiaurės miestelis–Apkasų–Konstitucijos pr.–Pilaitė	470	NULL	NULL	NULL	NULL	NULL	NULL	NULL	30	Autobusai	30	01		504	NULL	NULL	NULL
missed	663105	A>B	Pilaitė–Konstitucijos pr.–Apkasų g.–Šiaurės miestelis	514	NULL	NULL	NULL	NULL	NULL	NULL	NULL	30	Autobusai	30	01		551	NULL	NULL	NULL
missed	663105	B>A	Šiaurės miestelis–Apkasų–Konstitucijos pr.–Pilaitė	586	NULL	NULL	NULL	NULL	NULL	NULL	NULL	30	Autobusai	30	01		620	NULL	NULL	NULL
missed	663105	A>B	Pilaitė–Konstitucijos pr.–Apkasų g.–Šiaurės miestelis	625	NULL	NULL	NULL	NULL	NULL	NULL	NULL	30	Autobusai	30	01		662	NULL	NULL	NULL
missed	663105	B>A	Šiaurės miestelis–Apkasų–Konstitucijos pr.–Pilaitė	670	NULL	NULL	NULL	NULL	NULL	NULL	NULL	30	Autobusai	30	01		704	NULL	NULL	NULL
missed	663105	A>B	Pilaitė–Konstitucijos pr.–Apkasų g.–Šiaurės miestelis	714	NULL	NULL	NULL	NULL	NULL	NULL	NULL	30	Autobusai	30	01		751	NULL	NULL	NULL
missed	663105	B>A	Šiaurės miestelis–Apkasų–Konstitucijos pr.–Pilaitė	758	NULL	NULL	NULL	NULL	NULL	NULL	NULL	30	Autobusai	30	01		792	NULL	NULL	NULL
missed	663105	A>B	Pilaitė–Konstitucijos pr.–Apkasų g.–Šiaurės miestelis	798	NULL	NULL	NULL	NULL	NULL	NULL	NULL	30	Autobusai	30	01		835	NULL	NULL	NULL
missed	663105	B>A	Šiaurės miestelis–Apkasų–Konstitucijos pr.–Pilaitė	845	NULL	NULL	NULL	NULL	NULL	NULL	NULL	30	Autobusai	30	01		879	NULL	NULL	NULL
missed	663105	A>B	Pilaitė–Konstitucijos pr.–Apkasų g.–Šiaurės miestelis	886	NULL	NULL	NULL	NULL	NULL	NULL	NULL	30	Autobusai	30	01		923	NULL	NULL	NULL
missed	663105	B>A	Šiaurės miestelis–Apkasų–Konstitucijos pr.–Pilaitė	932	NULL	NULL	NULL	NULL	NULL	NULL	NULL	30	Autobusai	30	01		968	NULL	NULL	NULL
missed	663105	A>B	Pilaitė–Konstitucijos pr.–Apkasų g.–Šiaurės miestelis	978	NULL	NULL	NULL	NULL	NULL	NULL	NULL	30	Autobusai	30	01		1015	NULL	NULL	NULL
missed	663105	B>A	Šiaurės miestelis–Apkasų–Konstitucijos pr.–Pilaitė	1026	NULL	NULL	NULL	NULL	NULL	NULL	NULL	30	Autobusai	30	01		1064	NULL	NULL	NULL
missed	663105	A>B	Pilaitė–Konstitucijos pr.–Apkasų g.–Šiaurės miestelis	1075	NULL	NULL	NULL	NULL	NULL	NULL	NULL	30	Autobusai	30	01		1112	NULL	NULL	NULL
missed	663105	B>A	Šiaurės miestelis–Apkasų–Konstitucijos pr.–Pilaitė	1147	NULL	NULL	NULL	NULL	NULL	NULL	NULL	30	Autobusai	30	01		1182	NULL	NULL	NULL
missed	663105	A>B	Pilaitė–Konstitucijos pr.–Apkasų g.–Šiaurės miestelis	1189	NULL	NULL	NULL	NULL	NULL	NULL	NULL	30	Autobusai	30	01		1225	NULL	NULL	NULL
missed	663105	B>A	Šiaurės miestelis–Apkasų–Konstitucijos pr.–Pilaitė	1236	NULL	NULL	NULL	NULL	NULL	NULL	NULL	30	Autobusai	30	01		1269	NULL	NULL	NULL
missed	663105	A>B	Pilaitė–Konstitucijos pr.–Apkasų g.–Šiaurės miestelis	1275	NULL	NULL	NULL	NULL	NULL	NULL	NULL	30	Autobusai	30	01		1311	NULL	NULL	NULL
missed	663105	B>A	Šiaurės miestelis–Apkasų–Konstitucijos pr.–Pilaitė	1318	NULL	NULL	NULL	NULL	NULL	NULL	NULL	30	Autobusai	30	01		1351	NULL	NULL	NULL
missed	663105	A>B	Pilaitė–Konstitucijos pr.–Apkasų g.–Šiaurės miestelis	1359	NULL	NULL	NULL	NULL	NULL	NULL	NULL	30	Autobusai	30	01		1395	NULL	NULL	NULL
missed	663106	B>A	Šiaurės miestelis–Apkasų–Konstitucijos pr.–Pilaitė	360	NULL	NULL	NULL	NULL	NULL	NULL	NULL	30	Autobusai	30	02		394	NULL	NULL	NULL
missed	663106	A>B	Pilaitė–Konstitucijos pr.–Apkasų g.–Šiaurės miestelis	399	NULL	NULL	NULL	NULL	NULL	NULL	NULL	30	Autobusai	30	02		436	NULL	NULL	NULL
missed	663106	B>A	Šiaurės miestelis–Apkasų–Konstitucijos pr.–Pilaitė	448	NULL	NULL	NULL	NULL	NULL	NULL	NULL	30	Autobusai	30	02		482	NULL	NULL	NULL
missed	663106	A>B	Pilaitė–Konstitucijos pr.–Apkasų g.–Šiaurės miestelis	498	NULL	NULL	NULL	NULL	NULL	NULL	NULL	30	Autobusai	30	02		535	NULL	NULL	NULL
missed	663106	B>A	Šiaurės miestelis–Apkasų–Konstitucijos pr.–Pilaitė	549	NULL	NULL	NULL	NULL	NULL	NULL	NULL	30	Autobusai	30	02		582	NULL	NULL	NULL
missed	663106	A>B	Pilaitė–Konstitucijos pr.–Apkasų g.–Šiaurės miestelis	593	NULL	NULL	NULL	NULL	NULL	NULL	NULL	30	Autobusai	30	02		630	NULL	NULL	NULL
missed	663106	B>A	Šiaurės miestelis–Apkasų–Konstitucijos pr.–Pilaitė	947	NULL	NULL	NULL	NULL	NULL	NULL	NULL	30	Autobusai	30	02		983	NULL	NULL	NULL
missed	663106	A>B	Pilaitė–Konstitucijos pr.–Apkasų g.–Šiaurės miestelis	994	NULL	NULL	NULL	NULL	NULL	NULL	NULL	30	Autobusai	30	02		1031	NULL	NULL	NULL
missed	663106	B>A	Šiaurės miestelis–Apkasų–Konstitucijos pr.–Pilaitė	1043	NULL	NULL	NULL	NULL	NULL	NULL	NULL	30	Autobusai	30	02		1080	NULL	NULL	NULL
missed	663106	A>B	Pilaitė–Konstitucijos pr.–Apkasų g.–Šiaurės miestelis	1092	NULL	NULL	NULL	NULL	NULL	NULL	NULL	30	Autobusai	30	02		1129	NULL	NULL	NULL
missed	663107	B>A	Šiaurės miestelis–Apkasų–Konstitucijos pr.–Pilaitė	322	NULL	NULL	NULL	NULL	NULL	NULL	NULL	30	Autobusai	30	03Ž		354	NULL	NULL	NULL
missed	663107	A>B	Pilaitė–Konstitucijos pr.–Apkasų g.–Šiaurės miestelis	361	NULL	NULL	NULL	NULL	NULL	NULL	NULL	30	Autobusai	30	03Ž		397	NULL	NULL	NULL
missed	663107	B>A	Šiaurės miestelis–Apkasų–Konstitucijos pr.–Pilaitė	409	NULL	NULL	NULL	NULL	NULL	NULL	NULL	30	Autobusai	30	03Ž		443	NULL	NULL	NULL
missed	663107	A>B	Pilaitė–Konstitucijos pr.–Apkasų g.–Šiaurės miestelis	453	NULL	NULL	NULL	NULL	NULL	NULL	NULL	30	Autobusai	30	03Ž		494	NULL	NULL	NULL
missed	663107	B>A	Šiaurės miestelis–Apkasų–Konstitucijos pr.–Pilaitė	507	NULL	NULL	NULL	NULL	NULL	NULL	NULL	30	Autobusai	30	03Ž		541	NULL	NULL	NULL
missed	663107	A>B	Pilaitė–Konstitucijos pr.–Apkasų g.–Šiaurės miestelis	549	NULL	NULL	NULL	NULL	NULL	NULL	NULL	30	Autobusai	30	03Ž		586	NULL	NULL	NULL
missed	663107	B>A	Šiaurės miestelis–Apkasų–Konstitucijos pr.–Pilaitė	621	NULL	NULL	NULL	NULL	NULL	NULL	NULL	30	Autobusai	30	03Ž		655	NULL	NULL	NULL
missed	663107	A>B	Pilaitė–Konstitucijos pr.–Apkasų g.–Šiaurės miestelis	660	NULL	NULL	NULL	NULL	NULL	NULL	NULL	30	Autobusai	30	03Ž		697	NULL	NULL	NULL
missed	663107	B>A	Šiaurės miestelis–Apkasų–Konstitucijos pr.–Pilaitė	702	NULL	NULL	NULL	NULL	NULL	NULL	NULL	30	Autobusai	30	03Ž		736	NULL	NULL	NULL
missed	663107	A>B	Pilaitė–Konstitucijos pr.–Apkasų g.–Šiaurės miestelis	743	NULL	NULL	NULL	NULL	NULL	NULL	NULL	30	Autobusai	30	03Ž		780	NULL	NULL	NULL
missed	663107	B>A	Šiaurės miestelis–Apkasų–Konstitucijos pr.–Pilaitė	786	NULL	NULL	NULL	NULL	NULL	NULL	NULL	30	Autobusai	30	03Ž		820	NULL	NULL	NULL
missed	663107	A>B	Pilaitė–Konstitucijos pr.–Apkasų g.–Šiaurės miestelis	826	NULL	NULL	NULL	NULL	NULL	NULL	NULL	30	Autobusai	30	03Ž		863	NULL	NULL	NULL
missed	663107	B>A	Šiaurės miestelis–Apkasų–Konstitucijos pr.–Pilaitė	875	NULL	NULL	NULL	NULL	NULL	NULL	NULL	30	Autobusai	30	03Ž		909	NULL	NULL	NULL
missed	663107	A>B	Pilaitė–Konstitucijos pr.–Apkasų g.–Šiaurės miestelis	914	NULL	NULL	NULL	NULL	NULL	NULL	NULL	30	Autobusai	30	03Ž		951	NULL	NULL	NULL
missed	663107	B>A	Šiaurės miestelis–Apkasų–Konstitucijos pr.–Pilaitė	965	NULL	NULL	NULL	NULL	NULL	NULL	NULL	30	Autobusai	30	03Ž		1002	NULL	NULL	NULL
missed	663107	A>B	Pilaitė–Konstitucijos pr.–Apkasų g.–Šiaurės miestelis	1013	NULL	NULL	NULL	NULL	NULL	NULL	NULL	30	Autobusai	30	03Ž		1050	NULL	NULL	NULL
missed	663107	B>A	Šiaurės miestelis–Apkasų–Konstitucijos pr.–Pilaitė	1062	NULL	NULL	NULL	NULL	NULL	NULL	NULL	30	Autobusai	30	03Ž		1099	NULL	NULL	NULL
missed	663107	A>B	Pilaitė–Konstitucijos pr.–Apkasų g.–Šiaurės miestelis	1109	NULL	NULL	NULL	NULL	NULL	NULL	NULL	30	Autobusai	30	03Ž		1146	NULL	NULL	NULL
missed	663107	B>A	Šiaurės miestelis–Apkasų–Konstitucijos pr.–Pilaitė	1181	NULL	NULL	NULL	NULL	NULL	NULL	NULL	30	Autobusai	30	03Ž		1215	NULL	NULL	NULL
missed	663107	A>B	Pilaitė–Konstitucijos pr.–Apkasų g.–Šiaurės miestelis	1221	NULL	NULL	NULL	NULL	NULL	NULL	NULL	30	Autobusai	30	03Ž		1257	NULL	NULL	NULL
missed	663107	B>A	Šiaurės miestelis–Apkasų–Konstitucijos pr.–Pilaitė	1265	NULL	NULL	NULL	NULL	NULL	NULL	NULL	30	Autobusai	30	03Ž		1298	NULL	NULL	NULL
missed	663107	A>B	Pilaitė–Konstitucijos pr.–Apkasų g.–Šiaurės miestelis	1305	NULL	NULL	NULL	NULL	NULL	NULL	NULL	30	Autobusai	30	03Ž		1341	NULL	NULL	NULL
missed	663107	B>A	Šiaurės miestelis–Apkasų–Konstitucijos pr.–Pilaitė	1346	NULL	NULL	NULL	NULL	NULL	NULL	NULL	30	Autobusai	30	03Ž		1379	NULL	NULL	NULL
missed	663107	A>B	Pilaitė–Konstitucijos pr.–Apkasų g.–Šiaurės miestelis	1385	NULL	NULL	NULL	NULL	NULL	NULL	NULL	30	Autobusai	30	03Ž		1421	NULL	NULL	NULL
missed	663108	B>A	Šiaurės miestelis–Apkasų–Konstitucijos pr.–Pilaitė	392	NULL	NULL	NULL	NULL	NULL	NULL	NULL	30	Autobusai	30	04		426	NULL	NULL	NULL
missed	663108	A>B	Pilaitė–Konstitucijos pr.–Apkasų g.–Šiaurės miestelis	438	NULL	NULL	NULL	NULL	NULL	NULL	NULL	30	Autobusai	30	04		479	NULL	NULL	NULL
missed	663108	B>A	Šiaurės miestelis–Apkasų–Konstitucijos pr.–Pilaitė	489	NULL	NULL	NULL	NULL	NULL	NULL	NULL	30	Autobusai	30	04		523	NULL	NULL	NULL
missed	663108	A>B	Pilaitė–Konstitucijos pr.–Apkasų g.–Šiaurės miestelis	533	NULL	NULL	NULL	NULL	NULL	NULL	NULL	30	Autobusai	30	04		570	NULL	NULL	NULL
missed	663108	B>A	Šiaurės miestelis–Apkasų–Konstitucijos pr.–Pilaitė	918	NULL	NULL	NULL	NULL	NULL	NULL	NULL	30	Autobusai	30	04		954	NULL	NULL	NULL
missed	663108	A>B	Pilaitė–Konstitucijos pr.–Apkasų g.–Šiaurės miestelis	963	NULL	NULL	NULL	NULL	NULL	NULL	NULL	30	Autobusai	30	04		1000	NULL	NULL	NULL
missed	663108	B>A	Šiaurės miestelis–Apkasų–Konstitucijos pr.–Pilaitė	1009	NULL	NULL	NULL	NULL	NULL	NULL	NULL	30	Autobusai	30	04		1047	NULL	NULL	NULL
missed	663108	A>B	Pilaitė–Konstitucijos pr.–Apkasų g.–Šiaurės miestelis	1057	NULL	NULL	NULL	NULL	NULL	NULL	NULL	30	Autobusai	30	04		1094	NULL	NULL	NULL
missed	663108	B>A	Šiaurės miestelis–Apkasų–Konstitucijos pr.–Pilaitė	1105	NULL	NULL	NULL	NULL	NULL	NULL	NULL	30	Autobusai	30	04		1142	NULL	NULL	NULL
missed	663108	A>B	Pilaitė–Konstitucijos pr.–Apkasų g.–Šiaurės miestelis	1152	NULL	NULL	NULL	NULL	NULL	NULL	NULL	30	Autobusai	30	04		1189	NULL	NULL	NULL
missed	663104	B>A	Šiaurės miestelis–Apkasų–Konstitucijos pr.–Pilaitė	342	NULL	NULL	NULL	NULL	NULL	NULL	NULL	30	Autobusai	30	05		374	NULL	NULL	NULL
missed	663104	A>B	Pilaitė–Konstitucijos pr.–Apkasų g.–Šiaurės miestelis	381	NULL	NULL	NULL	NULL	NULL	NULL	NULL	30	Autobusai	30	05		418	NULL	NULL	NULL
missed	663104	B>A	Šiaurės miestelis–Apkasų–Konstitucijos pr.–Pilaitė	429	NULL	NULL	NULL	NULL	NULL	NULL	NULL	30	Autobusai	30	05		463	NULL	NULL	NULL
missed	663104	A>B	Pilaitė–Konstitucijos pr.–Apkasų g.–Šiaurės miestelis	473	NULL	NULL	NULL	NULL	NULL	NULL	NULL	30	Autobusai	30	05		514	NULL	NULL	NULL
missed	663104	B>A	Šiaurės miestelis–Apkasų–Konstitucijos pr.–Pilaitė	525	NULL	NULL	NULL	NULL	NULL	NULL	NULL	30	Autobusai	30	05		559	NULL	NULL	NULL
missed	663104	A>B	Pilaitė–Konstitucijos pr.–Apkasų g.–Šiaurės miestelis	570	NULL	NULL	NULL	NULL	NULL	NULL	NULL	30	Autobusai	30	05		607	NULL	NULL	NULL
missed	663104	B>A	Šiaurės miestelis–Apkasų–Konstitucijos pr.–Pilaitė	646	NULL	NULL	NULL	NULL	NULL	NULL	NULL	30	Autobusai	30	05		680	NULL	NULL	NULL
missed	663104	A>B	Pilaitė–Konstitucijos pr.–Apkasų g.–Šiaurės miestelis	688	NULL	NULL	NULL	NULL	NULL	NULL	NULL	30	Autobusai	30	05		725	NULL	NULL	NULL
missed	663104	B>A	Šiaurės miestelis–Apkasų–Konstitucijos pr.–Pilaitė	731	NULL	NULL	NULL	NULL	NULL	NULL	NULL	30	Autobusai	30	05		765	NULL	NULL	NULL
missed	663104	A>B	Pilaitė–Konstitucijos pr.–Apkasų g.–Šiaurės miestelis	771	NULL	NULL	NULL	NULL	NULL	NULL	NULL	30	Autobusai	30	05		808	NULL	NULL	NULL
missed	663104	B>A	Šiaurės miestelis–Apkasų–Konstitucijos pr.–Pilaitė	813	NULL	NULL	NULL	NULL	NULL	NULL	NULL	30	Autobusai	30	05		847	NULL	NULL	NULL
missed	663104	A>B	Pilaitė–Konstitucijos pr.–Apkasų g.–Šiaurės miestelis	853	NULL	NULL	NULL	NULL	NULL	NULL	NULL	30	Autobusai	30	05		890	NULL	NULL	NULL
missed	663104	B>A	Šiaurės miestelis–Apkasų–Konstitucijos pr.–Pilaitė	900	NULL	NULL	NULL	NULL	NULL	NULL	NULL	30	Autobusai	30	05		936	NULL	NULL	NULL
missed	663104	A>B	Pilaitė–Konstitucijos pr.–Apkasų g.–Šiaurės miestelis	941	NULL	NULL	NULL	NULL	NULL	NULL	NULL	30	Autobusai	30	05		978	NULL	NULL	NULL
missed	663104	B>A	Šiaurės miestelis–Apkasų–Konstitucijos pr.–Pilaitė	987	NULL	NULL	NULL	NULL	NULL	NULL	NULL	30	Autobusai	30	05		1024	NULL	NULL	NULL
missed	663104	A>B	Pilaitė–Konstitucijos pr.–Apkasų g.–Šiaurės miestelis	1035	NULL	NULL	NULL	NULL	NULL	NULL	NULL	30	Autobusai	30	05		1072	NULL	NULL	NULL
missed	663104	B>A	Šiaurės miestelis–Apkasų–Konstitucijos pr.–Pilaitė	1082	NULL	NULL	NULL	NULL	NULL	NULL	NULL	30	Autobusai	30	05		1119	NULL	NULL	NULL
missed	663104	A>B	Pilaitė–Konstitucijos pr.–Apkasų g.–Šiaurės miestelis	1130	NULL	NULL	NULL	NULL	NULL	NULL	NULL	30	Autobusai	30	05		1167	NULL	NULL	NULL
missed	663104	B>A	Šiaurės miestelis–Apkasų–Konstitucijos pr.–Pilaitė	1205	NULL	NULL	NULL	NULL	NULL	NULL	NULL	30	Autobusai	30	05		1238	NULL	NULL	NULL
missed	663104	A>B	Pilaitė–Konstitucijos pr.–Apkasų g.–Šiaurės miestelis	1246	NULL	NULL	NULL	NULL	NULL	NULL	NULL	30	Autobusai	30	05		1282	NULL	NULL	NULL
missed	663104	B>A	Šiaurės miestelis–Apkasų–Konstitucijos pr.–Pilaitė	1292	NULL	NULL	NULL	NULL	NULL	NULL	NULL	30	Autobusai	30	05		1325	NULL	NULL	NULL
missed	663104	A>B	Pilaitė–Konstitucijos pr.–Apkasų g.–Šiaurės miestelis	1333	NULL	NULL	NULL	NULL	NULL	NULL	NULL	30	Autobusai	30	05		1369	NULL	NULL	NULL
missed	635402	A>B	Stotis–Pavilnys–Naujoji Vilnia	330	NULL	NULL	NULL	NULL	NULL	NULL	NULL	31	Autobusai	31	01-Ž		369	NULL	NULL	NULL
missed	635402	B>A	Naujoji Vilnia–Pavilnys–Stotis	374	NULL	NULL	NULL	NULL	NULL	NULL	NULL	31	Autobusai	31	01-Ž		415	NULL	NULL	NULL
missed	635402	A>B	Stotis–Pavilnys–Naujoji Vilnia	428	NULL	NULL	NULL	NULL	NULL	NULL	NULL	31	Autobusai	31	01-Ž		468	NULL	NULL	NULL
missed	635402	B>A	Naujoji Vilnia–Pavilnys–Stotis	482	NULL	NULL	NULL	NULL	NULL	NULL	NULL	31	Autobusai	31	01-Ž		523	NULL	NULL	NULL
missed	635402	A>B	Stotis–Pavilnys–Naujoji Vilnia	534	NULL	NULL	NULL	NULL	NULL	NULL	NULL	31	Autobusai	31	01-Ž		574	NULL	NULL	NULL
missed	635402	B>A	Naujoji Vilnia–Pavilnys–Stotis	614	NULL	NULL	NULL	NULL	NULL	NULL	NULL	31	Autobusai	31	01-Ž		654	NULL	NULL	NULL
missed	635402	A>B	Stotis–Pavilnys–Naujoji Vilnia	660	NULL	NULL	NULL	NULL	NULL	NULL	NULL	31	Autobusai	31	01-Ž		699	NULL	NULL	NULL
missed	635402	B>A	Naujoji Vilnia–Pavilnys–Stotis	729	NULL	NULL	NULL	NULL	NULL	NULL	NULL	31	Autobusai	31	01-Ž		769	NULL	NULL	NULL
missed	635402	A>B	Stotis–Pavilnys–Naujoji Vilnia	774	NULL	NULL	NULL	NULL	NULL	NULL	NULL	31	Autobusai	31	01-Ž		813	NULL	NULL	NULL
missed	635402	B>A	Naujoji Vilnia–Pavilnys–Stotis	823	NULL	NULL	NULL	NULL	NULL	NULL	NULL	31	Autobusai	31	01-Ž		863	NULL	NULL	NULL
missed	635402	A>B	Stotis–Pavilnys–Naujoji Vilnia	868	NULL	NULL	NULL	NULL	NULL	NULL	NULL	31	Autobusai	31	01-Ž		907	NULL	NULL	NULL
missed	635402	B>A	Naujoji Vilnia–Pavilnys–Stotis	912	NULL	NULL	NULL	NULL	NULL	NULL	NULL	31	Autobusai	31	01-Ž		952	NULL	NULL	NULL
missed	635402	A>B	Stotis–Pavilnys–Naujoji Vilnia	958	NULL	NULL	NULL	NULL	NULL	NULL	NULL	31	Autobusai	31	01-Ž		998	NULL	NULL	NULL
missed	635402	B>A	Naujoji Vilnia–Pavilnys–Stotis	1008	NULL	NULL	NULL	NULL	NULL	NULL	NULL	31	Autobusai	31	01-Ž		1049	NULL	NULL	NULL
missed	635402	A>B	Stotis–Pavilnys–Naujoji Vilnia	1056	NULL	NULL	NULL	NULL	NULL	NULL	NULL	31	Autobusai	31	01-Ž		1098	NULL	NULL	NULL
missed	635402	B>A	Naujoji Vilnia–Pavilnys–Stotis	1130	NULL	NULL	NULL	NULL	NULL	NULL	NULL	31	Autobusai	31	01-Ž		1171	NULL	NULL	NULL
missed	635402	A>B	Stotis–Pavilnys–Naujoji Vilnia	1177	NULL	NULL	NULL	NULL	NULL	NULL	NULL	31	Autobusai	31	01-Ž		1217	NULL	NULL	NULL
missed	635402	B>A	Naujoji Vilnia–Pavilnys–Stotis	1247	NULL	NULL	NULL	NULL	NULL	NULL	NULL	31	Autobusai	31	01-Ž		1287	NULL	NULL	NULL
missed	635402	A>B	Stotis–Pavilnys–Naujoji Vilnia	1291	NULL	NULL	NULL	NULL	NULL	NULL	NULL	31	Autobusai	31	01-Ž		1330	NULL	NULL	NULL
missed	635406	B>A	Naujoji Vilnia–Pavilnys–Stotis	353	NULL	NULL	NULL	NULL	NULL	NULL	NULL	31	Autobusai	31	02		393	NULL	NULL	NULL
missed	635406	A>B	Stotis–Pavilnys–Naujoji Vilnia	398	NULL	NULL	NULL	NULL	NULL	NULL	NULL	31	Autobusai	31	02		437	NULL	NULL	NULL
missed	635406	B>A	Naujoji Vilnia–Pavilnys–Stotis	442	NULL	NULL	NULL	NULL	NULL	NULL	NULL	31	Autobusai	31	02		483	NULL	NULL	NULL
missed	635406	A>B	Stotis–Pavilnys–Naujoji Vilnia	488	NULL	NULL	NULL	NULL	NULL	NULL	NULL	31	Autobusai	31	02		528	NULL	NULL	NULL
missed	635406	B>A	Naujoji Vilnia–Pavilnys–Stotis	533	NULL	NULL	NULL	NULL	NULL	NULL	NULL	31	Autobusai	31	02		574	NULL	NULL	NULL
missed	635406	A>B	Stotis–Pavilnys–Naujoji Vilnia	579	NULL	NULL	NULL	NULL	NULL	NULL	NULL	31	Autobusai	31	02		618	NULL	NULL	NULL
missed	635406	B>A	Naujoji Vilnia–Pavilnys–Stotis	928	NULL	NULL	NULL	NULL	NULL	NULL	NULL	31	Autobusai	31	02		969	NULL	NULL	NULL
missed	635406	A>B	Stotis–Pavilnys–Naujoji Vilnia	975	NULL	NULL	NULL	NULL	NULL	NULL	NULL	31	Autobusai	31	02		1015	NULL	NULL	NULL
missed	635406	B>A	Naujoji Vilnia–Pavilnys–Stotis	1023	NULL	NULL	NULL	NULL	NULL	NULL	NULL	31	Autobusai	31	02		1064	NULL	NULL	NULL
missed	635406	A>B	Stotis–Pavilnys–Naujoji Vilnia	1071	NULL	NULL	NULL	NULL	NULL	NULL	NULL	31	Autobusai	31	02		1113	NULL	NULL	NULL
missed	635403	A>B	Stotis–Pavilnys–Naujoji Vilnia	413	NULL	NULL	NULL	NULL	NULL	NULL	NULL	31	Autobusai	31	03		452	NULL	NULL	NULL
missed	635403	B>A	Naujoji Vilnia–Pavilnys–Stotis	460	NULL	NULL	NULL	NULL	NULL	NULL	NULL	31	Autobusai	31	03		501	NULL	NULL	NULL
missed	635403	A>B	Stotis–Pavilnys–Naujoji Vilnia	506	NULL	NULL	NULL	NULL	NULL	NULL	NULL	31	Autobusai	31	03		546	NULL	NULL	NULL
missed	635403	B>A	Naujoji Vilnia–Pavilnys–Stotis	576	NULL	NULL	NULL	NULL	NULL	NULL	NULL	31	Autobusai	31	03		616	NULL	NULL	NULL
missed	635403	A>B	Stotis–Pavilnys–Naujoji Vilnia	621	NULL	NULL	NULL	NULL	NULL	NULL	NULL	31	Autobusai	31	03		660	NULL	NULL	NULL
missed	635403	B>A	Naujoji Vilnia–Pavilnys–Stotis	702	NULL	NULL	NULL	NULL	NULL	NULL	NULL	31	Autobusai	31	03		742	NULL	NULL	NULL
missed	635403	A>B	Stotis–Pavilnys–Naujoji Vilnia	748	NULL	NULL	NULL	NULL	NULL	NULL	NULL	31	Autobusai	31	03		787	NULL	NULL	NULL
missed	635403	B>A	Naujoji Vilnia–Pavilnys–Stotis	792	NULL	NULL	NULL	NULL	NULL	NULL	NULL	31	Autobusai	31	03		832	NULL	NULL	NULL
missed	635403	A>B	Stotis–Pavilnys–Naujoji Vilnia	840	NULL	NULL	NULL	NULL	NULL	NULL	NULL	31	Autobusai	31	03		879	NULL	NULL	NULL
missed	635403	B>A	Naujoji Vilnia–Pavilnys–Stotis	890	NULL	NULL	NULL	NULL	NULL	NULL	NULL	31	Autobusai	31	03		930	NULL	NULL	NULL
missed	635403	A>B	Stotis–Pavilnys–Naujoji Vilnia	936	NULL	NULL	NULL	NULL	NULL	NULL	NULL	31	Autobusai	31	03		975	NULL	NULL	NULL
missed	635403	B>A	Naujoji Vilnia–Pavilnys–Stotis	991	NULL	NULL	NULL	NULL	NULL	NULL	NULL	31	Autobusai	31	03		1032	NULL	NULL	NULL
missed	635403	A>B	Stotis–Pavilnys–Naujoji Vilnia	1040	NULL	NULL	NULL	NULL	NULL	NULL	NULL	31	Autobusai	31	03		1082	NULL	NULL	NULL
missed	635403	B>A	Naujoji Vilnia–Pavilnys–Stotis	1089	NULL	NULL	NULL	NULL	NULL	NULL	NULL	31	Autobusai	31	03		1130	NULL	NULL	NULL
missed	635403	A>B	Stotis–Pavilnys–Naujoji Vilnia	1138	NULL	NULL	NULL	NULL	NULL	NULL	NULL	31	Autobusai	31	03		1178	NULL	NULL	NULL
missed	635403	B>A	Naujoji Vilnia–Pavilnys–Stotis	1208	NULL	NULL	NULL	NULL	NULL	NULL	NULL	31	Autobusai	31	03		1248	NULL	NULL	NULL
missed	635403	A>B	Stotis–Pavilnys–Naujoji Vilnia	1258	NULL	NULL	NULL	NULL	NULL	NULL	NULL	31	Autobusai	31	03		1297	NULL	NULL	NULL
missed	635403	B>A	Naujoji Vilnia–Pavilnys–Stotis	1331	NULL	NULL	NULL	NULL	NULL	NULL	NULL	31	Autobusai	31	03		1371	NULL	NULL	NULL
missed	635403	A>B	Stotis–Pavilnys–Naujoji Vilnia	1377	NULL	NULL	NULL	NULL	NULL	NULL	NULL	31	Autobusai	31	03		1412	NULL	NULL	NULL
missed	635404	A>B	Stotis–Pavilnys–Naujoji Vilnia	352	NULL	NULL	NULL	NULL	NULL	NULL	NULL	31	Autobusai	31	04		391	NULL	NULL	NULL
missed	635404	B>A	Naujoji Vilnia–Pavilnys–Stotis	398	NULL	NULL	NULL	NULL	NULL	NULL	NULL	31	Autobusai	31	04		439	NULL	NULL	NULL
missed	635404	A>B	Stotis–Pavilnys–Naujoji Vilnia	446	NULL	NULL	NULL	NULL	NULL	NULL	NULL	31	Autobusai	31	04		486	NULL	NULL	NULL
missed	635404	B>A	Naujoji Vilnia–Pavilnys–Stotis	507	NULL	NULL	NULL	NULL	NULL	NULL	NULL	31	Autobusai	31	04		548	NULL	NULL	NULL
missed	635404	A>B	Stotis–Pavilnys–Naujoji Vilnia	557	NULL	NULL	NULL	NULL	NULL	NULL	NULL	31	Autobusai	31	04		596	NULL	NULL	NULL
missed	635404	B>A	Naujoji Vilnia–Pavilnys–Stotis	971	NULL	NULL	NULL	NULL	NULL	NULL	NULL	31	Autobusai	31	04		1012	NULL	NULL	NULL
missed	635404	A>B	Stotis–Pavilnys–Naujoji Vilnia	1018	NULL	NULL	NULL	NULL	NULL	NULL	NULL	31	Autobusai	31	04		1060	NULL	NULL	NULL
missed	635404	B>A	Naujoji Vilnia–Pavilnys–Stotis	1065	NULL	NULL	NULL	NULL	NULL	NULL	NULL	31	Autobusai	31	04		1106	NULL	NULL	NULL
missed	635404	A>B	Stotis–Pavilnys–Naujoji Vilnia	1111	NULL	NULL	NULL	NULL	NULL	NULL	NULL	31	Autobusai	31	04		1151	NULL	NULL	NULL
missed	635405	B>A	Naujoji Vilnia–Pavilnys–Stotis	315	NULL	NULL	NULL	NULL	NULL	NULL	NULL	31	Autobusai	31	05		355	NULL	NULL	NULL
missed	635405	A>B	Stotis–Pavilnys–Naujoji Vilnia	371	NULL	NULL	NULL	NULL	NULL	NULL	NULL	31	Autobusai	31	05		410	NULL	NULL	NULL
missed	635405	B>A	Naujoji Vilnia–Pavilnys–Stotis	420	NULL	NULL	NULL	NULL	NULL	NULL	NULL	31	Autobusai	31	05		461	NULL	NULL	NULL
missed	635405	A>B	Stotis–Pavilnys–Naujoji Vilnia	469	NULL	NULL	NULL	NULL	NULL	NULL	NULL	31	Autobusai	31	05		509	NULL	NULL	NULL
missed	635405	B>A	Naujoji Vilnia–Pavilnys–Stotis	551	NULL	NULL	NULL	NULL	NULL	NULL	NULL	31	Autobusai	31	05		591	NULL	NULL	NULL
missed	635405	A>B	Stotis–Pavilnys–Naujoji Vilnia	597	NULL	NULL	NULL	NULL	NULL	NULL	NULL	31	Autobusai	31	05		636	NULL	NULL	NULL
missed	635405	B>A	Naujoji Vilnia–Pavilnys–Stotis	657	NULL	NULL	NULL	NULL	NULL	NULL	NULL	31	Autobusai	31	05		697	NULL	NULL	NULL
missed	635405	A>B	Stotis–Pavilnys–Naujoji Vilnia	701	NULL	NULL	NULL	NULL	NULL	NULL	NULL	31	Autobusai	31	05		740	NULL	NULL	NULL
missed	635405	B>A	Naujoji Vilnia–Pavilnys–Stotis	745	NULL	NULL	NULL	NULL	NULL	NULL	NULL	31	Autobusai	31	05		785	NULL	NULL	NULL
missed	635405	A>B	Stotis–Pavilnys–Naujoji Vilnia	790	NULL	NULL	NULL	NULL	NULL	NULL	NULL	31	Autobusai	31	05		829	NULL	NULL	NULL
missed	635405	B>A	Naujoji Vilnia–Pavilnys–Stotis	850	NULL	NULL	NULL	NULL	NULL	NULL	NULL	31	Autobusai	31	05		890	NULL	NULL	NULL
missed	635405	A>B	Stotis–Pavilnys–Naujoji Vilnia	897	NULL	NULL	NULL	NULL	NULL	NULL	NULL	31	Autobusai	31	05		936	NULL	NULL	NULL
missed	635405	B>A	Naujoji Vilnia–Pavilnys–Stotis	949	NULL	NULL	NULL	NULL	NULL	NULL	NULL	31	Autobusai	31	05		990	NULL	NULL	NULL
missed	635405	A>B	Stotis–Pavilnys–Naujoji Vilnia	996	NULL	NULL	NULL	NULL	NULL	NULL	NULL	31	Autobusai	31	05		1036	NULL	NULL	NULL
missed	635405	B>A	Naujoji Vilnia–Pavilnys–Stotis	1041	NULL	NULL	NULL	NULL	NULL	NULL	NULL	31	Autobusai	31	05		1082	NULL	NULL	NULL
missed	635405	A>B	Stotis–Pavilnys–Naujoji Vilnia	1088	NULL	NULL	NULL	NULL	NULL	NULL	NULL	31	Autobusai	31	05		1128	NULL	NULL	NULL
missed	635405	B>A	Naujoji Vilnia–Pavilnys–Stotis	1159	NULL	NULL	NULL	NULL	NULL	NULL	NULL	31	Autobusai	31	05		1200	NULL	NULL	NULL
missed	635405	A>B	Stotis–Pavilnys–Naujoji Vilnia	1211	NULL	NULL	NULL	NULL	NULL	NULL	NULL	31	Autobusai	31	05		1250	NULL	NULL	NULL
missed	635405	B>A	Naujoji Vilnia–Pavilnys–Stotis	1282	NULL	NULL	NULL	NULL	NULL	NULL	NULL	31	Autobusai	31	05		1322	NULL	NULL	NULL
missed	635405	A>B	Stotis–Pavilnys–Naujoji Vilnia	1328	NULL	NULL	NULL	NULL	NULL	NULL	NULL	31	Autobusai	31	05		1367	NULL	NULL	NULL
missed	663110	A>B	Žvėrynas–Zujūnai–Gineitiškės–Pašilaičiai	308	NULL	NULL	NULL	NULL	NULL	NULL	NULL	32	Autobusai	32	01		336	NULL	NULL	NULL
missed	663110	B>A	Pašilaičiai–Gineitiškės–Zujūnai–Žvėrynas	341	NULL	NULL	NULL	NULL	NULL	NULL	NULL	32	Autobusai	32	01		370	NULL	NULL	NULL
missed	663110	A>B	Žvėrynas–Zujūnai–Gineitiškės–Pašilaičiai	378	NULL	NULL	NULL	NULL	NULL	NULL	NULL	32	Autobusai	32	01		406	NULL	NULL	NULL
missed	663110	B>A	Pašilaičiai–Gineitiškės–Zujūnai–Žvėrynas	412	NULL	NULL	NULL	NULL	NULL	NULL	NULL	32	Autobusai	32	01		447	NULL	NULL	NULL
missed	663110	A>B	Žvėrynas–Zujūnai–Gineitiškės–Pašilaičiai	457	NULL	NULL	NULL	NULL	NULL	NULL	NULL	32	Autobusai	32	01		485	NULL	NULL	NULL
missed	663110	B>A	Pašilaičiai–Gineitiškės–Zujūnai–Žvėrynas	494	NULL	NULL	NULL	NULL	NULL	NULL	NULL	32	Autobusai	32	01		526	NULL	NULL	NULL
missed	663110	A>B	Žvėrynas–Zujūnai–Gineitiškės–Pašilaičiai	533	NULL	NULL	NULL	NULL	NULL	NULL	NULL	32	Autobusai	32	01		561	NULL	NULL	NULL
missed	663110	B>A	Pašilaičiai–Gineitiškės–Zujūnai–Žvėrynas	597	NULL	NULL	NULL	NULL	NULL	NULL	NULL	32	Autobusai	32	01		627	NULL	NULL	NULL
missed	663110	A>B	Žvėrynas–Zujūnai–Gineitiškės–Pašilaičiai	633	NULL	NULL	NULL	NULL	NULL	NULL	NULL	32	Autobusai	32	01		661	NULL	NULL	NULL
missed	663110	B>A	Pašilaičiai–Gineitiškės–Zujūnai–Žvėrynas	668	NULL	NULL	NULL	NULL	NULL	NULL	NULL	32	Autobusai	32	01		698	NULL	NULL	NULL
missed	663110	A>B	Žvėrynas–Zujūnai–Gineitiškės–Pašilaičiai	704	NULL	NULL	NULL	NULL	NULL	NULL	NULL	32	Autobusai	32	01		732	NULL	NULL	NULL
missed	663110	B>A	Pašilaičiai–Gineitiškės–Zujūnai–Žvėrynas	738	NULL	NULL	NULL	NULL	NULL	NULL	NULL	32	Autobusai	32	01		768	NULL	NULL	NULL
missed	663110	A>B	Žvėrynas–Zujūnai–Gineitiškės–Pašilaičiai	776	NULL	NULL	NULL	NULL	NULL	NULL	NULL	32	Autobusai	32	01		804	NULL	NULL	NULL
missed	663110	B>A	Pašilaičiai–Gineitiškės–Zujūnai–Žvėrynas	810	NULL	NULL	NULL	NULL	NULL	NULL	NULL	32	Autobusai	32	01		840	NULL	NULL	NULL
missed	663110	A>B	Žvėrynas–Zujūnai–Gineitiškės–Pašilaičiai	850	NULL	NULL	NULL	NULL	NULL	NULL	NULL	32	Autobusai	32	01		878	NULL	NULL	NULL
missed	663110	B>A	Pašilaičiai–Gineitiškės–Zujūnai–Žvėrynas	885	NULL	NULL	NULL	NULL	NULL	NULL	NULL	32	Autobusai	32	01		915	NULL	NULL	NULL
missed	663110	A>B	Žvėrynas–Zujūnai–Gineitiškės–Pašilaičiai	920	NULL	NULL	NULL	NULL	NULL	NULL	NULL	32	Autobusai	32	01		948	NULL	NULL	NULL
missed	663110	B>A	Pašilaičiai–Gineitiškės–Zujūnai–Žvėrynas	953	NULL	NULL	NULL	NULL	NULL	NULL	NULL	32	Autobusai	32	01		984	NULL	NULL	NULL
missed	663110	A>B	Žvėrynas–Zujūnai–Gineitiškės–Pašilaičiai	990	NULL	NULL	NULL	NULL	NULL	NULL	NULL	32	Autobusai	32	01		1018	NULL	NULL	NULL
missed	663110	B>A	Pašilaičiai–Gineitiškės–Zujūnai–Žvėrynas	1024	NULL	NULL	NULL	NULL	NULL	NULL	NULL	32	Autobusai	32	01		1055	NULL	NULL	NULL
missed	663110	A>B	Žvėrynas–Zujūnai–Gineitiškės–Pašilaičiai	1061	NULL	NULL	NULL	NULL	NULL	NULL	NULL	32	Autobusai	32	01		1089	NULL	NULL	NULL
missed	663110	B>A	Pašilaičiai–Gineitiškės–Zujūnai–Žvėrynas	1127	NULL	NULL	NULL	NULL	NULL	NULL	NULL	32	Autobusai	32	01		1156	NULL	NULL	NULL
missed	663110	A>B	Žvėrynas–Zujūnai–Gineitiškės–Pašilaičiai	1162	NULL	NULL	NULL	NULL	NULL	NULL	NULL	32	Autobusai	32	01		1188	NULL	NULL	NULL
missed	663110	B>A	Pašilaičiai–Gineitiškės–Zujūnai–Žvėrynas	1203	NULL	NULL	NULL	NULL	NULL	NULL	NULL	32	Autobusai	32	01		1232	NULL	NULL	NULL
missed	663110	A>B	Žvėrynas–Zujūnai–Gineitiškės–Pašilaičiai	1243	NULL	NULL	NULL	NULL	NULL	NULL	NULL	32	Autobusai	32	01		1269	NULL	NULL	NULL
missed	663110	B>A	Pašilaičiai–Gineitiškės–Zujūnai–Žvėrynas	1274	NULL	NULL	NULL	NULL	NULL	NULL	NULL	32	Autobusai	32	01		1303	NULL	NULL	NULL
missed	663110	A>B	Žvėrynas–Zujūnai–Gineitiškės–Pašilaičiai	1311	NULL	NULL	NULL	NULL	NULL	NULL	NULL	32	Autobusai	32	01		1337	NULL	NULL	NULL
missed	663110	B>A	Pašilaičiai–Gineitiškės–Zujūnai–Žvėrynas	1345	NULL	NULL	NULL	NULL	NULL	NULL	NULL	32	Autobusai	32	01		1374	NULL	NULL	NULL
missed	663110	A>B	Žvėrynas–Zujūnai–Gineitiškės–Pašilaičiai	1380	NULL	NULL	NULL	NULL	NULL	NULL	NULL	32	Autobusai	32	01		1406	NULL	NULL	NULL
missed	663109	A>B	Žvėrynas–Zujūnai–Gineitiškės–Pašilaičiai	340	NULL	NULL	NULL	NULL	NULL	NULL	NULL	32	Autobusai	32	02		368	NULL	NULL	NULL
missed	663109	B>A	Pašilaičiai–Gineitiškės–Zujūnai–Žvėrynas	380	NULL	NULL	NULL	NULL	NULL	NULL	NULL	32	Autobusai	32	02		409	NULL	NULL	NULL
missed	663109	A>B	Žvėrynas–Zujūnai–Gineitiškės–Pašilaičiai	418	NULL	NULL	NULL	NULL	NULL	NULL	NULL	32	Autobusai	32	02		446	NULL	NULL	NULL
missed	663109	B>A	Pašilaičiai–Gineitiškės–Zujūnai–Žvėrynas	455	NULL	NULL	NULL	NULL	NULL	NULL	NULL	32	Autobusai	32	02		490	NULL	NULL	NULL
missed	663109	A>B	Žvėrynas–Zujūnai–Gineitiškės–Pašilaičiai	501	NULL	NULL	NULL	NULL	NULL	NULL	NULL	32	Autobusai	32	02		529	NULL	NULL	NULL
missed	663109	B>A	Pašilaičiai–Gineitiškės–Zujūnai–Žvėrynas	541	NULL	NULL	NULL	NULL	NULL	NULL	NULL	32	Autobusai	32	02		571	NULL	NULL	NULL
missed	663109	A>B	Žvėrynas–Zujūnai–Gineitiškės–Pašilaičiai	576	NULL	NULL	NULL	NULL	NULL	NULL	NULL	32	Autobusai	32	02		604	NULL	NULL	NULL
missed	663109	B>A	Pašilaičiai–Gineitiškės–Zujūnai–Žvėrynas	636	NULL	NULL	NULL	NULL	NULL	NULL	NULL	32	Autobusai	32	02		666	NULL	NULL	NULL
missed	663109	A>B	Žvėrynas–Zujūnai–Gineitiškės–Pašilaičiai	671	NULL	NULL	NULL	NULL	NULL	NULL	NULL	32	Autobusai	32	02		699	NULL	NULL	NULL
missed	663109	B>A	Pašilaičiai–Gineitiškės–Zujūnai–Žvėrynas	704	NULL	NULL	NULL	NULL	NULL	NULL	NULL	32	Autobusai	32	02		734	NULL	NULL	NULL
missed	663109	A>B	Žvėrynas–Zujūnai–Gineitiškės–Pašilaičiai	740	NULL	NULL	NULL	NULL	NULL	NULL	NULL	32	Autobusai	32	02		768	NULL	NULL	NULL
missed	663109	B>A	Pašilaičiai–Gineitiškės–Zujūnai–Žvėrynas	773	NULL	NULL	NULL	NULL	NULL	NULL	NULL	32	Autobusai	32	02		803	NULL	NULL	NULL
missed	663109	A>B	Žvėrynas–Zujūnai–Gineitiškės–Pašilaičiai	811	NULL	NULL	NULL	NULL	NULL	NULL	NULL	32	Autobusai	32	02		839	NULL	NULL	NULL
missed	663109	B>A	Pašilaičiai–Gineitiškės–Zujūnai–Žvėrynas	849	NULL	NULL	NULL	NULL	NULL	NULL	NULL	32	Autobusai	32	02		879	NULL	NULL	NULL
missed	663109	A>B	Žvėrynas–Zujūnai–Gineitiškės–Pašilaičiai	894	NULL	NULL	NULL	NULL	NULL	NULL	NULL	32	Autobusai	32	02		922	NULL	NULL	NULL
missed	663109	B>A	Pašilaičiai–Gineitiškės–Zujūnai–Žvėrynas	932	NULL	NULL	NULL	NULL	NULL	NULL	NULL	32	Autobusai	32	02		963	NULL	NULL	NULL
missed	663109	A>B	Žvėrynas–Zujūnai–Gineitiškės–Pašilaičiai	970	NULL	NULL	NULL	NULL	NULL	NULL	NULL	32	Autobusai	32	02		998	NULL	NULL	NULL
missed	663109	B>A	Pašilaičiai–Gineitiškės–Zujūnai–Žvėrynas	1005	NULL	NULL	NULL	NULL	NULL	NULL	NULL	32	Autobusai	32	02		1036	NULL	NULL	NULL
missed	663109	A>B	Žvėrynas–Zujūnai–Gineitiškės–Pašilaičiai	1043	NULL	NULL	NULL	NULL	NULL	NULL	NULL	32	Autobusai	32	02		1071	NULL	NULL	NULL
missed	663109	B>A	Pašilaičiai–Gineitiškės–Zujūnai–Žvėrynas	1079	NULL	NULL	NULL	NULL	NULL	NULL	NULL	32	Autobusai	32	02		1110	NULL	NULL	NULL
missed	663109	A>B	Žvėrynas–Zujūnai–Gineitiškės–Pašilaičiai	1141	NULL	NULL	NULL	NULL	NULL	NULL	NULL	32	Autobusai	32	02		1167	NULL	NULL	NULL
missed	663109	B>A	Pašilaičiai–Gineitiškės–Zujūnai–Žvėrynas	1173	NULL	NULL	NULL	NULL	NULL	NULL	NULL	32	Autobusai	32	02		1202	NULL	NULL	NULL
missed	663109	A>B	Žvėrynas–Zujūnai–Gineitiškės–Pašilaičiai	1210	NULL	NULL	NULL	NULL	NULL	NULL	NULL	32	Autobusai	32	02		1236	NULL	NULL	NULL
missed	663109	B>A	Pašilaičiai–Gineitiškės–Zujūnai–Žvėrynas	1241	NULL	NULL	NULL	NULL	NULL	NULL	NULL	32	Autobusai	32	02		1270	NULL	NULL	NULL
missed	663109	A>B	Žvėrynas–Zujūnai–Gineitiškės–Pašilaičiai	1276	NULL	NULL	NULL	NULL	NULL	NULL	NULL	32	Autobusai	32	02		1302	NULL	NULL	NULL
missed	663109	B>A	Pašilaičiai–Gineitiškės–Zujūnai–Žvėrynas	1308	NULL	NULL	NULL	NULL	NULL	NULL	NULL	32	Autobusai	32	02		1337	NULL	NULL	NULL
missed	663109	A>B	Žvėrynas–Zujūnai–Gineitiškės–Pašilaičiai	1345	NULL	NULL	NULL	NULL	NULL	NULL	NULL	32	Autobusai	32	02		1371	NULL	NULL	NULL
missed	663111	B>A	Pašilaičiai–Gineitiškės–Zujūnai–Žvėrynas	359	NULL	NULL	NULL	NULL	NULL	NULL	NULL	32	Autobusai	32	03		388	NULL	NULL	NULL
missed	663111	A>B	Žvėrynas–Zujūnai–Gineitiškės–Pašilaičiai	393	NULL	NULL	NULL	NULL	NULL	NULL	NULL	32	Autobusai	32	03		421	NULL	NULL	NULL
missed	663111	B>A	Pašilaičiai–Gineitiškės–Zujūnai–Žvėrynas	430	NULL	NULL	NULL	NULL	NULL	NULL	NULL	32	Autobusai	32	03		465	NULL	NULL	NULL
missed	663111	A>B	Žvėrynas–Zujūnai–Gineitiškės–Pašilaičiai	479	NULL	NULL	NULL	NULL	NULL	NULL	NULL	32	Autobusai	32	03		507	NULL	NULL	NULL
missed	663111	B>A	Pašilaičiai–Gineitiškės–Zujūnai–Žvėrynas	517	NULL	NULL	NULL	NULL	NULL	NULL	NULL	32	Autobusai	32	03		547	NULL	NULL	NULL
missed	663111	A>B	Žvėrynas–Zujūnai–Gineitiškės–Pašilaičiai	552	NULL	NULL	NULL	NULL	NULL	NULL	NULL	32	Autobusai	32	03		580	NULL	NULL	NULL
missed	663111	B>A	Pašilaičiai–Gineitiškės–Zujūnai–Žvėrynas	585	NULL	NULL	NULL	NULL	NULL	NULL	NULL	32	Autobusai	32	03		615	NULL	NULL	NULL
missed	663111	A>B	Žvėrynas–Zujūnai–Gineitiškės–Pašilaičiai	875	NULL	NULL	NULL	NULL	NULL	NULL	NULL	32	Autobusai	32	03		903	NULL	NULL	NULL
missed	663111	B>A	Pašilaičiai–Gineitiškės–Zujūnai–Žvėrynas	909	NULL	NULL	NULL	NULL	NULL	NULL	NULL	32	Autobusai	32	03		940	NULL	NULL	NULL
missed	663111	A>B	Žvėrynas–Zujūnai–Gineitiškės–Pašilaičiai	946	NULL	NULL	NULL	NULL	NULL	NULL	NULL	32	Autobusai	32	03		974	NULL	NULL	NULL
missed	663111	B>A	Pašilaičiai–Gineitiškės–Zujūnai–Žvėrynas	982	NULL	NULL	NULL	NULL	NULL	NULL	NULL	32	Autobusai	32	03		1013	NULL	NULL	NULL
missed	663111	A>B	Žvėrynas–Zujūnai–Gineitiškės–Pašilaičiai	1022	NULL	NULL	NULL	NULL	NULL	NULL	NULL	32	Autobusai	32	03		1050	NULL	NULL	NULL
missed	663111	B>A	Pašilaičiai–Gineitiškės–Zujūnai–Žvėrynas	1057	NULL	NULL	NULL	NULL	NULL	NULL	NULL	32	Autobusai	32	03		1088	NULL	NULL	NULL
missed	663111	A>B	Žvėrynas–Zujūnai–Gineitiškės–Pašilaičiai	1101	NULL	NULL	NULL	NULL	NULL	NULL	NULL	32	Autobusai	32	03		1129	NULL	NULL	NULL
missed	663228	A>B	Šiaurės miestelis–Rinktinės–Sukilėlių g.–Guriai	299	NULL	NULL	NULL	NULL	NULL	NULL	NULL	33	Autobusai	33	01-Ž		336	NULL	NULL	NULL
missed	663228	B>A	Guriai–Sukilėlių–Rinktinės g.–Šiaurės miestelis	344	NULL	NULL	NULL	NULL	NULL	NULL	NULL	33	Autobusai	33	01-Ž		379	NULL	NULL	NULL
missed	663228	A>B	Šiaurės miestelis–Rinktinės–Sukilėlių g.–Guriai	384	NULL	NULL	NULL	NULL	NULL	NULL	NULL	33	Autobusai	33	01-Ž		421	NULL	NULL	NULL
missed	663228	B>A	Guriai–Sukilėlių–Rinktinės g.–Šiaurės miestelis	431	NULL	NULL	NULL	NULL	NULL	NULL	NULL	33	Autobusai	33	01-Ž		466	NULL	NULL	NULL
missed	663228	A>B	Šiaurės miestelis–Rinktinės–Sukilėlių g.–Guriai	480	NULL	NULL	NULL	NULL	NULL	NULL	NULL	33	Autobusai	33	01-Ž		517	NULL	NULL	NULL
missed	663228	B>A	Guriai–Sukilėlių–Rinktinės g.–Šiaurės miestelis	528	NULL	NULL	NULL	NULL	NULL	NULL	NULL	33	Autobusai	33	01-Ž		563	NULL	NULL	NULL
missed	663228	A>B	Šiaurės miestelis–Rinktinės–Sukilėlių g.–Guriai	598	NULL	NULL	NULL	NULL	NULL	NULL	NULL	33	Autobusai	33	01-Ž		635	NULL	NULL	NULL
missed	663228	B>A	Guriai–Sukilėlių–Rinktinės g.–Šiaurės miestelis	641	NULL	NULL	NULL	NULL	NULL	NULL	NULL	33	Autobusai	33	01-Ž		676	NULL	NULL	NULL
missed	663228	A>B	Šiaurės miestelis–Rinktinės–Sukilėlių g.–Guriai	682	NULL	NULL	NULL	NULL	NULL	NULL	NULL	33	Autobusai	33	01-Ž		719	NULL	NULL	NULL
missed	663228	B>A	Guriai–Sukilėlių–Rinktinės g.–Šiaurės miestelis	726	NULL	NULL	NULL	NULL	NULL	NULL	NULL	33	Autobusai	33	01-Ž		761	NULL	NULL	NULL
missed	663228	A>B	Šiaurės miestelis–Rinktinės–Sukilėlių g.–Guriai	766	NULL	NULL	NULL	NULL	NULL	NULL	NULL	33	Autobusai	33	01-Ž		803	NULL	NULL	NULL
missed	663228	B>A	Guriai–Sukilėlių–Rinktinės g.–Šiaurės miestelis	808	NULL	NULL	NULL	NULL	NULL	NULL	NULL	33	Autobusai	33	01-Ž		843	NULL	NULL	NULL
missed	663228	A>B	Šiaurės miestelis–Rinktinės–Sukilėlių g.–Guriai	853	NULL	NULL	NULL	NULL	NULL	NULL	NULL	33	Autobusai	33	01-Ž		890	NULL	NULL	NULL
missed	663228	B>A	Guriai–Sukilėlių–Rinktinės g.–Šiaurės miestelis	895	NULL	NULL	NULL	NULL	NULL	NULL	NULL	33	Autobusai	33	01-Ž		930	NULL	NULL	NULL
missed	663228	A>B	Šiaurės miestelis–Rinktinės–Sukilėlių g.–Guriai	938	NULL	NULL	NULL	NULL	NULL	NULL	NULL	33	Autobusai	33	01-Ž		975	NULL	NULL	NULL
missed	663228	B>A	Guriai–Sukilėlių–Rinktinės g.–Šiaurės miestelis	985	NULL	NULL	NULL	NULL	NULL	NULL	NULL	33	Autobusai	33	01-Ž		1022	NULL	NULL	NULL
missed	663228	A>B	Šiaurės miestelis–Rinktinės–Sukilėlių g.–Guriai	1032	NULL	NULL	NULL	NULL	NULL	NULL	NULL	33	Autobusai	33	01-Ž		1069	NULL	NULL	NULL
missed	663228	B>A	Guriai–Sukilėlių–Rinktinės g.–Šiaurės miestelis	1076	NULL	NULL	NULL	NULL	NULL	NULL	NULL	33	Autobusai	33	01-Ž		1113	NULL	NULL	NULL
missed	663228	A>B	Šiaurės miestelis–Rinktinės–Sukilėlių g.–Guriai	1143	NULL	NULL	NULL	NULL	NULL	NULL	NULL	33	Autobusai	33	01-Ž		1180	NULL	NULL	NULL
missed	663228	B>A	Guriai–Sukilėlių–Rinktinės g.–Šiaurės miestelis	1188	NULL	NULL	NULL	NULL	NULL	NULL	NULL	33	Autobusai	33	01-Ž		1223	NULL	NULL	NULL
missed	663228	A>B	Šiaurės miestelis–Rinktinės–Sukilėlių g.–Guriai	1233	NULL	NULL	NULL	NULL	NULL	NULL	NULL	33	Autobusai	33	01-Ž		1270	NULL	NULL	NULL
missed	663228	B>A	Guriai–Sukilėlių–Rinktinės g.–Šiaurės miestelis	1275	NULL	NULL	NULL	NULL	NULL	NULL	NULL	33	Autobusai	33	01-Ž		1310	NULL	NULL	NULL
missed	663228	A>B	Šiaurės miestelis–Rinktinės–Sukilėlių g.–Guriai	1322	NULL	NULL	NULL	NULL	NULL	NULL	NULL	33	Autobusai	33	01-Ž		1359	NULL	NULL	NULL
missed	663228	B>A	Guriai–Sukilėlių–Rinktinės g.–Šiaurės miestelis	1366	NULL	NULL	NULL	NULL	NULL	NULL	NULL	33	Autobusai	33	01-Ž		1401	NULL	NULL	NULL
missed	663230	A>B	Šiaurės miestelis–Rinktinės–Sukilėlių g.–Guriai	329	NULL	NULL	NULL	NULL	NULL	NULL	NULL	33	Autobusai	33	02		366	NULL	NULL	NULL
missed	663230	B>A	Guriai–Sukilėlių–Rinktinės g.–Šiaurės miestelis	373	NULL	NULL	NULL	NULL	NULL	NULL	NULL	33	Autobusai	33	02		408	NULL	NULL	NULL
missed	663230	A>B	Šiaurės miestelis–Rinktinės–Sukilėlių g.–Guriai	418	NULL	NULL	NULL	NULL	NULL	NULL	NULL	33	Autobusai	33	02		455	NULL	NULL	NULL
missed	663230	B>A	Guriai–Sukilėlių–Rinktinės g.–Šiaurės miestelis	465	NULL	NULL	NULL	NULL	NULL	NULL	NULL	33	Autobusai	33	02		500	NULL	NULL	NULL
missed	663230	A>B	Šiaurės miestelis–Rinktinės–Sukilėlių g.–Guriai	511	NULL	NULL	NULL	NULL	NULL	NULL	NULL	33	Autobusai	33	02		548	NULL	NULL	NULL
missed	663230	B>A	Guriai–Sukilėlių–Rinktinės g.–Šiaurės miestelis	561	NULL	NULL	NULL	NULL	NULL	NULL	NULL	33	Autobusai	33	02		596	NULL	NULL	NULL
missed	663230	A>B	Šiaurės miestelis–Rinktinės–Sukilėlių g.–Guriai	1004	NULL	NULL	NULL	NULL	NULL	NULL	NULL	33	Autobusai	33	02		1041	NULL	NULL	NULL
missed	663230	B>A	Guriai–Sukilėlių–Rinktinės g.–Šiaurės miestelis	1051	NULL	NULL	NULL	NULL	NULL	NULL	NULL	33	Autobusai	33	02		1088	NULL	NULL	NULL
missed	663230	A>B	Šiaurės miestelis–Rinktinės–Sukilėlių g.–Guriai	1098	NULL	NULL	NULL	NULL	NULL	NULL	NULL	33	Autobusai	33	02		1135	NULL	NULL	NULL
missed	663230	B>A	Guriai–Sukilėlių–Rinktinės g.–Šiaurės miestelis	1145	NULL	NULL	NULL	NULL	NULL	NULL	NULL	33	Autobusai	33	02		1180	NULL	NULL	NULL
missed	663229	B>A	Guriai–Sukilėlių–Rinktinės g.–Šiaurės miestelis	314	NULL	NULL	NULL	NULL	NULL	NULL	NULL	33	Autobusai	33	03		349	NULL	NULL	NULL
missed	663229	A>B	Šiaurės miestelis–Rinktinės–Sukilėlių g.–Guriai	354	NULL	NULL	NULL	NULL	NULL	NULL	NULL	33	Autobusai	33	03		391	NULL	NULL	NULL
missed	663229	B>A	Guriai–Sukilėlių–Rinktinės g.–Šiaurės miestelis	398	NULL	NULL	NULL	NULL	NULL	NULL	NULL	33	Autobusai	33	03		433	NULL	NULL	NULL
missed	663229	A>B	Šiaurės miestelis–Rinktinės–Sukilėlių g.–Guriai	441	NULL	NULL	NULL	NULL	NULL	NULL	NULL	33	Autobusai	33	03		478	NULL	NULL	NULL
missed	663229	B>A	Guriai–Sukilėlių–Rinktinės g.–Šiaurės miestelis	490	NULL	NULL	NULL	NULL	NULL	NULL	NULL	33	Autobusai	33	03		525	NULL	NULL	NULL
missed	663229	A>B	Šiaurės miestelis–Rinktinės–Sukilėlių g.–Guriai	555	NULL	NULL	NULL	NULL	NULL	NULL	NULL	33	Autobusai	33	03		592	NULL	NULL	NULL
missed	663229	B>A	Guriai–Sukilėlių–Rinktinės g.–Šiaurės miestelis	599	NULL	NULL	NULL	NULL	NULL	NULL	NULL	33	Autobusai	33	03		634	NULL	NULL	NULL
missed	663229	A>B	Šiaurės miestelis–Rinktinės–Sukilėlių g.–Guriai	639	NULL	NULL	NULL	NULL	NULL	NULL	NULL	33	Autobusai	33	03		676	NULL	NULL	NULL
missed	663229	B>A	Guriai–Sukilėlių–Rinktinės g.–Šiaurės miestelis	682	NULL	NULL	NULL	NULL	NULL	NULL	NULL	33	Autobusai	33	03		717	NULL	NULL	NULL
missed	663229	A>B	Šiaurės miestelis–Rinktinės–Sukilėlių g.–Guriai	722	NULL	NULL	NULL	NULL	NULL	NULL	NULL	33	Autobusai	33	03		759	NULL	NULL	NULL
missed	663229	B>A	Guriai–Sukilėlių–Rinktinės g.–Šiaurės miestelis	764	NULL	NULL	NULL	NULL	NULL	NULL	NULL	33	Autobusai	33	03		799	NULL	NULL	NULL
missed	663229	A>B	Šiaurės miestelis–Rinktinės–Sukilėlių g.–Guriai	806	NULL	NULL	NULL	NULL	NULL	NULL	NULL	33	Autobusai	33	03		843	NULL	NULL	NULL
missed	663229	B>A	Guriai–Sukilėlių–Rinktinės g.–Šiaurės miestelis	853	NULL	NULL	NULL	NULL	NULL	NULL	NULL	33	Autobusai	33	03		888	NULL	NULL	NULL
missed	663229	A>B	Šiaurės miestelis–Rinktinės–Sukilėlių g.–Guriai	893	NULL	NULL	NULL	NULL	NULL	NULL	NULL	33	Autobusai	33	03		930	NULL	NULL	NULL
missed	663229	B>A	Guriai–Sukilėlių–Rinktinės g.–Šiaurės miestelis	935	NULL	NULL	NULL	NULL	NULL	NULL	NULL	33	Autobusai	33	03		970	NULL	NULL	NULL
missed	663229	A>B	Šiaurės miestelis–Rinktinės–Sukilėlių g.–Guriai	976	NULL	NULL	NULL	NULL	NULL	NULL	NULL	33	Autobusai	33	03		1013	NULL	NULL	NULL
missed	663229	B>A	Guriai–Sukilėlių–Rinktinės g.–Šiaurės miestelis	1020	NULL	NULL	NULL	NULL	NULL	NULL	NULL	33	Autobusai	33	03		1057	NULL	NULL	NULL
missed	663229	A>B	Šiaurės miestelis–Rinktinės–Sukilėlių g.–Guriai	1065	NULL	NULL	NULL	NULL	NULL	NULL	NULL	33	Autobusai	33	03		1102	NULL	NULL	NULL
missed	663229	B>A	Guriai–Sukilėlių–Rinktinės g.–Šiaurės miestelis	1112	NULL	NULL	NULL	NULL	NULL	NULL	NULL	33	Autobusai	33	03		1147	NULL	NULL	NULL
missed	663229	A>B	Šiaurės miestelis–Rinktinės–Sukilėlių g.–Guriai	1181	NULL	NULL	NULL	NULL	NULL	NULL	NULL	33	Autobusai	33	03		1218	NULL	NULL	NULL
missed	663229	B>A	Guriai–Sukilėlių–Rinktinės g.–Šiaurės miestelis	1223	NULL	NULL	NULL	NULL	NULL	NULL	NULL	33	Autobusai	33	03		1258	NULL	NULL	NULL
missed	663229	A>B	Šiaurės miestelis–Rinktinės–Sukilėlių g.–Guriai	1288	NULL	NULL	NULL	NULL	NULL	NULL	NULL	33	Autobusai	33	03		1325	NULL	NULL	NULL
missed	663229	B>A	Guriai–Sukilėlių–Rinktinės g.–Šiaurės miestelis	1330	NULL	NULL	NULL	NULL	NULL	NULL	NULL	33	Autobusai	33	03		1365	NULL	NULL	NULL
missed	663229	A>B	Šiaurės miestelis–Rinktinės–Sukilėlių g.–Guriai	1370	NULL	NULL	NULL	NULL	NULL	NULL	NULL	33	Autobusai	33	03		1407	NULL	NULL	NULL
missed	663236	A>B	Stotis–Olandų g.–Baltupiai–Jeruzalės g.–Visoriai	306	NULL	NULL	NULL	NULL	NULL	NULL	NULL	34	Autobusai	34	01-Ž		357	NULL	NULL	NULL
missed	663236	B>A	Visoriai–Jeruzalės g –Baltupiai–Olandų g.–Stotis	363	NULL	NULL	NULL	NULL	NULL	NULL	NULL	34	Autobusai	34	01-Ž		411	NULL	NULL	NULL
missed	663236	A>B	Stotis–Olandų g.–Baltupiai–Jeruzalės g.–Visoriai	420	NULL	NULL	NULL	NULL	NULL	NULL	NULL	34	Autobusai	34	01-Ž		473	NULL	NULL	NULL
missed	663236	B>A	Visoriai–Jeruzalės g –Baltupiai–Olandų g.–Stotis	480	NULL	NULL	NULL	NULL	NULL	NULL	NULL	34	Autobusai	34	01-Ž		531	NULL	NULL	NULL
missed	663236	A>B	Stotis–Olandų g.–Baltupiai–Jeruzalės g.–Visoriai	538	NULL	NULL	NULL	NULL	NULL	NULL	NULL	34	Autobusai	34	01-Ž		589	NULL	NULL	NULL
missed	663236	B>A	Visoriai–Jeruzalės g –Baltupiai–Olandų g.–Stotis	594	NULL	NULL	NULL	NULL	NULL	NULL	NULL	34	Autobusai	34	01-Ž		642	NULL	NULL	NULL
missed	663236	B>A	Visoriai–Jeruzalės g –Baltupiai–Olandų g.–Stotis	740	NULL	NULL	NULL	NULL	NULL	NULL	NULL	34	Autobusai	34	01-Ž		788	NULL	NULL	NULL
missed	663236	A>B	Stotis–Olandų g.–Baltupiai–Jeruzalės g.–Visoriai	794	NULL	NULL	NULL	NULL	NULL	NULL	NULL	34	Autobusai	34	01-Ž		845	NULL	NULL	NULL
missed	663236	B>A	Visoriai–Jeruzalės g –Baltupiai–Olandų g.–Stotis	854	NULL	NULL	NULL	NULL	NULL	NULL	NULL	34	Autobusai	34	01-Ž		902	NULL	NULL	NULL
missed	663236	A>B	Stotis–Olandų g.–Baltupiai–Jeruzalės g.–Visoriai	912	NULL	NULL	NULL	NULL	NULL	NULL	NULL	34	Autobusai	34	01-Ž		963	NULL	NULL	NULL
missed	663236	B>A	Visoriai–Jeruzalės g –Baltupiai–Olandų g.–Stotis	971	NULL	NULL	NULL	NULL	NULL	NULL	NULL	34	Autobusai	34	01-Ž		1022	NULL	NULL	NULL
missed	663236	A>B	Stotis–Olandų g.–Baltupiai–Jeruzalės g.–Visoriai	1030	NULL	NULL	NULL	NULL	NULL	NULL	NULL	34	Autobusai	34	01-Ž		1086	NULL	NULL	NULL
missed	663236	B>A	Visoriai–Jeruzalės g –Baltupiai–Olandų g.–Stotis	1092	NULL	NULL	NULL	NULL	NULL	NULL	NULL	34	Autobusai	34	01-Ž		1142	NULL	NULL	NULL
missed	663236	B>A	Visoriai–Jeruzalės g –Baltupiai–Olandų g.–Stotis	1232	NULL	NULL	NULL	NULL	NULL	NULL	NULL	34	Autobusai	34	01-Ž		1279	NULL	NULL	NULL
missed	663236	A>B	Stotis–Olandų g.–Baltupiai–Jeruzalės g.–Visoriai	1284	NULL	NULL	NULL	NULL	NULL	NULL	NULL	34	Autobusai	34	01-Ž		1334	NULL	NULL	NULL
missed	663236	B>A	Visoriai–Jeruzalės g –Baltupiai–Olandų g.–Stotis	1339	NULL	NULL	NULL	NULL	NULL	NULL	NULL	34	Autobusai	34	01-Ž		1385	NULL	NULL	NULL
missed	663239	A>B	Stotis–Olandų g.–Baltupiai–Jeruzalės g.–Visoriai	398	NULL	NULL	NULL	NULL	NULL	NULL	NULL	34	Autobusai	34	02		450	NULL	NULL	NULL
missed	663239	B>A	Visoriai–Jeruzalės g –Baltupiai–Olandų g.–Stotis	458	NULL	NULL	NULL	NULL	NULL	NULL	NULL	34	Autobusai	34	02		510	NULL	NULL	NULL
missed	663239	A>B	Stotis–Olandų g.–Baltupiai–Jeruzalės g.–Visoriai	519	NULL	NULL	NULL	NULL	NULL	NULL	NULL	34	Autobusai	34	02		570	NULL	NULL	NULL
missed	663239	B>A	Visoriai–Jeruzalės g –Baltupiai–Olandų g.–Stotis	575	NULL	NULL	NULL	NULL	NULL	NULL	NULL	34	Autobusai	34	02		623	NULL	NULL	NULL
missed	663239	B>A	Visoriai–Jeruzalės g –Baltupiai–Olandų g.–Stotis	948	NULL	NULL	NULL	NULL	NULL	NULL	NULL	34	Autobusai	34	02		998	NULL	NULL	NULL
missed	663239	A>B	Stotis–Olandų g.–Baltupiai–Jeruzalės g.–Visoriai	1007	NULL	NULL	NULL	NULL	NULL	NULL	NULL	34	Autobusai	34	02		1061	NULL	NULL	NULL
missed	663239	B>A	Visoriai–Jeruzalės g –Baltupiai–Olandų g.–Stotis	1066	NULL	NULL	NULL	NULL	NULL	NULL	NULL	34	Autobusai	34	02		1117	NULL	NULL	NULL
missed	663237	B>A	Visoriai–Jeruzalės g –Baltupiai–Olandų g.–Stotis	301	NULL	NULL	NULL	NULL	NULL	NULL	NULL	34	Autobusai	34	03		345	NULL	NULL	NULL
missed	663237	A>B	Stotis–Olandų g.–Baltupiai–Jeruzalės g.–Visoriai	355	NULL	NULL	NULL	NULL	NULL	NULL	NULL	34	Autobusai	34	03		407	NULL	NULL	NULL
missed	663237	B>A	Visoriai–Jeruzalės g –Baltupiai–Olandų g.–Stotis	412	NULL	NULL	NULL	NULL	NULL	NULL	NULL	34	Autobusai	34	03		464	NULL	NULL	NULL
missed	663237	A>B	Stotis–Olandų g.–Baltupiai–Jeruzalės g.–Visoriai	470	NULL	NULL	NULL	NULL	NULL	NULL	NULL	34	Autobusai	34	03		524	NULL	NULL	NULL
missed	663237	B>A	Visoriai–Jeruzalės g –Baltupiai–Olandų g.–Stotis	529	NULL	NULL	NULL	NULL	NULL	NULL	NULL	34	Autobusai	34	03		578	NULL	NULL	NULL
missed	663237	B>A	Visoriai–Jeruzalės g –Baltupiai–Olandų g.–Stotis	666	NULL	NULL	NULL	NULL	NULL	NULL	NULL	34	Autobusai	34	03		714	NULL	NULL	NULL
missed	663237	A>B	Stotis–Olandų g.–Baltupiai–Jeruzalės g.–Visoriai	719	NULL	NULL	NULL	NULL	NULL	NULL	NULL	34	Autobusai	34	03		770	NULL	NULL	NULL
missed	663237	B>A	Visoriai–Jeruzalės g –Baltupiai–Olandų g.–Stotis	776	NULL	NULL	NULL	NULL	NULL	NULL	NULL	34	Autobusai	34	03		824	NULL	NULL	NULL
missed	663237	A>B	Stotis–Olandų g.–Baltupiai–Jeruzalės g.–Visoriai	834	NULL	NULL	NULL	NULL	NULL	NULL	NULL	34	Autobusai	34	03		885	NULL	NULL	NULL
missed	663237	B>A	Visoriai–Jeruzalės g –Baltupiai–Olandų g.–Stotis	892	NULL	NULL	NULL	NULL	NULL	NULL	NULL	34	Autobusai	34	03		941	NULL	NULL	NULL
missed	663237	A>B	Stotis–Olandų g.–Baltupiai–Jeruzalės g.–Visoriai	959	NULL	NULL	NULL	NULL	NULL	NULL	NULL	34	Autobusai	34	03		1012	NULL	NULL	NULL
missed	663237	B>A	Visoriai–Jeruzalės g –Baltupiai–Olandų g.–Stotis	1017	NULL	NULL	NULL	NULL	NULL	NULL	NULL	34	Autobusai	34	03		1068	NULL	NULL	NULL
missed	663237	B>A	Visoriai–Jeruzalės g –Baltupiai–Olandų g.–Stotis	1159	NULL	NULL	NULL	NULL	NULL	NULL	NULL	34	Autobusai	34	03		1208	NULL	NULL	NULL
missed	663237	A>B	Stotis–Olandų g.–Baltupiai–Jeruzalės g.–Visoriai	1214	NULL	NULL	NULL	NULL	NULL	NULL	NULL	34	Autobusai	34	03		1264	NULL	NULL	NULL
missed	663237	B>A	Visoriai–Jeruzalės g –Baltupiai–Olandų g.–Stotis	1269	NULL	NULL	NULL	NULL	NULL	NULL	NULL	34	Autobusai	34	03		1316	NULL	NULL	NULL
missed	663237	A>B	Stotis–Olandų g.–Baltupiai–Jeruzalės g.–Visoriai	1321	NULL	NULL	NULL	NULL	NULL	NULL	NULL	34	Autobusai	34	03		1371	NULL	NULL	NULL
missed	663238	B>A	Visoriai–Jeruzalės g –Baltupiai–Olandų g.–Stotis	329	NULL	NULL	NULL	NULL	NULL	NULL	NULL	34	Autobusai	34	04		373	NULL	NULL	NULL
missed	663238	A>B	Stotis–Olandų g.–Baltupiai–Jeruzalės g.–Visoriai	378	NULL	NULL	NULL	NULL	NULL	NULL	NULL	34	Autobusai	34	04		430	NULL	NULL	NULL
missed	663238	B>A	Visoriai–Jeruzalės g –Baltupiai–Olandų g.–Stotis	437	NULL	NULL	NULL	NULL	NULL	NULL	NULL	34	Autobusai	34	04		490	NULL	NULL	NULL
missed	663238	A>B	Stotis–Olandų g.–Baltupiai–Jeruzalės g.–Visoriai	496	NULL	NULL	NULL	NULL	NULL	NULL	NULL	34	Autobusai	34	04		549	NULL	NULL	NULL
missed	663238	B>A	Visoriai–Jeruzalės g –Baltupiai–Olandų g.–Stotis	554	NULL	NULL	NULL	NULL	NULL	NULL	NULL	34	Autobusai	34	04		603	NULL	NULL	NULL
missed	663238	B>A	Visoriai–Jeruzalės g –Baltupiai–Olandų g.–Stotis	702	NULL	NULL	NULL	NULL	NULL	NULL	NULL	34	Autobusai	34	04		750	NULL	NULL	NULL
missed	663238	A>B	Stotis–Olandų g.–Baltupiai–Jeruzalės g.–Visoriai	755	NULL	NULL	NULL	NULL	NULL	NULL	NULL	34	Autobusai	34	04		806	NULL	NULL	NULL
missed	663238	B>A	Visoriai–Jeruzalės g –Baltupiai–Olandų g.–Stotis	810	NULL	NULL	NULL	NULL	NULL	NULL	NULL	34	Autobusai	34	04		858	NULL	NULL	NULL
missed	663238	A>B	Stotis–Olandų g.–Baltupiai–Jeruzalės g.–Visoriai	868	NULL	NULL	NULL	NULL	NULL	NULL	NULL	34	Autobusai	34	04		919	NULL	NULL	NULL
missed	663238	B>A	Visoriai–Jeruzalės g –Baltupiai–Olandų g.–Stotis	928	NULL	NULL	NULL	NULL	NULL	NULL	NULL	34	Autobusai	34	04		977	NULL	NULL	NULL
missed	663238	A>B	Stotis–Olandų g.–Baltupiai–Jeruzalės g.–Visoriai	984	NULL	NULL	NULL	NULL	NULL	NULL	NULL	34	Autobusai	34	04		1037	NULL	NULL	NULL
missed	663238	B>A	Visoriai–Jeruzalės g –Baltupiai–Olandų g.–Stotis	1042	NULL	NULL	NULL	NULL	NULL	NULL	NULL	34	Autobusai	34	04		1093	NULL	NULL	NULL
missed	663238	B>A	Visoriai–Jeruzalės g –Baltupiai–Olandų g.–Stotis	1188	NULL	NULL	NULL	NULL	NULL	NULL	NULL	34	Autobusai	34	04		1235	NULL	NULL	NULL
missed	663238	A>B	Stotis–Olandų g.–Baltupiai–Jeruzalės g.–Visoriai	1244	NULL	NULL	NULL	NULL	NULL	NULL	NULL	34	Autobusai	34	04		1294	NULL	NULL	NULL
missed	663238	B>A	Visoriai–Jeruzalės g –Baltupiai–Olandų g.–Stotis	1301	NULL	NULL	NULL	NULL	NULL	NULL	NULL	34	Autobusai	34	04		1347	NULL	NULL	NULL
missed	663238	A>B	Stotis–Olandų g.–Baltupiai–Jeruzalės g.–Visoriai	1363	NULL	NULL	NULL	NULL	NULL	NULL	NULL	34	Autobusai	34	04		1413	NULL	NULL	NULL
missed	663240	B>A	Visoriai–Jeruzalės g –Baltupiai–Olandų g.–Stotis	386	NULL	NULL	NULL	NULL	NULL	NULL	NULL	34	Autobusai	34	05		436	NULL	NULL	NULL
missed	663240	A>B	Stotis–Olandų g.–Baltupiai–Jeruzalės g.–Visoriai	442	NULL	NULL	NULL	NULL	NULL	NULL	NULL	34	Autobusai	34	05		496	NULL	NULL	NULL
missed	663240	B>A	Visoriai–Jeruzalės g –Baltupiai–Olandų g.–Stotis	502	NULL	NULL	NULL	NULL	NULL	NULL	NULL	34	Autobusai	34	05		551	NULL	NULL	NULL
missed	663240	A>B	Stotis–Olandų g.–Baltupiai–Jeruzalės g.–Visoriai	560	NULL	NULL	NULL	NULL	NULL	NULL	NULL	34	Autobusai	34	05		611	NULL	NULL	NULL
missed	663240	B>A	Visoriai–Jeruzalės g –Baltupiai–Olandų g.–Stotis	616	NULL	NULL	NULL	NULL	NULL	NULL	NULL	34	Autobusai	34	05		664	NULL	NULL	NULL
missed	663240	B>A	Visoriai–Jeruzalės g –Baltupiai–Olandų g.–Stotis	994	NULL	NULL	NULL	NULL	NULL	NULL	NULL	34	Autobusai	34	05		1045	NULL	NULL	NULL
missed	663240	A>B	Stotis–Olandų g.–Baltupiai–Jeruzalės g.–Visoriai	1054	NULL	NULL	NULL	NULL	NULL	NULL	NULL	34	Autobusai	34	05		1110	NULL	NULL	NULL
missed	663240	B>A	Visoriai–Jeruzalės g –Baltupiai–Olandų g.–Stotis	1115	NULL	NULL	NULL	NULL	NULL	NULL	NULL	34	Autobusai	34	05		1165	NULL	NULL	NULL
missed	635408	B>A	Ožkiniai–Naujieji Verkiai–Kalvarijų–Žalgirio g.	319	NULL	NULL	NULL	NULL	NULL	NULL	NULL	35	Autobusai	35	01		359	NULL	NULL	NULL
missed	635408	A>B1	Žalgirio g.–Ožkiniai	364	NULL	NULL	NULL	NULL	NULL	NULL	NULL	35	Autobusai	35	01		396	NULL	NULL	NULL
missed	635408	B>A	Ožkiniai–Naujieji Verkiai–Kalvarijų–Žalgirio g.	405	NULL	NULL	NULL	NULL	NULL	NULL	NULL	35	Autobusai	35	01		451	NULL	NULL	NULL
missed	635408	A>B1	Žalgirio g.–Ožkiniai	462	NULL	NULL	NULL	NULL	NULL	NULL	NULL	35	Autobusai	35	01		496	NULL	NULL	NULL
missed	635408	B>A	Ožkiniai–Naujieji Verkiai–Kalvarijų–Žalgirio g.	503	NULL	NULL	NULL	NULL	NULL	NULL	NULL	35	Autobusai	35	01		545	NULL	NULL	NULL
missed	635408	A>B1	Žalgirio g.–Ožkiniai	590	NULL	NULL	NULL	NULL	NULL	NULL	NULL	35	Autobusai	35	01		622	NULL	NULL	NULL
missed	635408	B>A	Ožkiniai–Naujieji Verkiai–Kalvarijų–Žalgirio g.	632	NULL	NULL	NULL	NULL	NULL	NULL	NULL	35	Autobusai	35	01		674	NULL	NULL	NULL
missed	635408	A>B1	Žalgirio g.–Ožkiniai	679	NULL	NULL	NULL	NULL	NULL	NULL	NULL	35	Autobusai	35	01		711	NULL	NULL	NULL
missed	635408	B>A	Ožkiniai–Naujieji Verkiai–Kalvarijų–Žalgirio g.	716	NULL	NULL	NULL	NULL	NULL	NULL	NULL	35	Autobusai	35	01		758	NULL	NULL	NULL
missed	635408	A>B	Žalgirio–Kalvarijų g.–Naujieji Verkiai–Ožkiniai	765	NULL	NULL	NULL	NULL	NULL	NULL	NULL	35	Autobusai	35	01		803	NULL	NULL	NULL
missed	635408	B2>A1	Ožkiniai–Žalgirio g.	808	NULL	NULL	NULL	NULL	NULL	NULL	NULL	35	Autobusai	35	01		844	NULL	NULL	NULL
missed	635408	A>B	Žalgirio–Kalvarijų g.–Naujieji Verkiai–Ožkiniai	853	NULL	NULL	NULL	NULL	NULL	NULL	NULL	35	Autobusai	35	01		891	NULL	NULL	NULL
missed	635408	B2>A1	Ožkiniai–Žalgirio g.	899	NULL	NULL	NULL	NULL	NULL	NULL	NULL	35	Autobusai	35	01		935	NULL	NULL	NULL
missed	635408	A>B	Žalgirio–Kalvarijų g.–Naujieji Verkiai–Ožkiniai	943	NULL	NULL	NULL	NULL	NULL	NULL	NULL	35	Autobusai	35	01		981	NULL	NULL	NULL
missed	635408	B2>A1	Ožkiniai–Žalgirio g.	995	NULL	NULL	NULL	NULL	NULL	NULL	NULL	35	Autobusai	35	01		1031	NULL	NULL	NULL
missed	635408	A>B	Žalgirio–Kalvarijų g.–Naujieji Verkiai–Ožkiniai	1036	NULL	NULL	NULL	NULL	NULL	NULL	NULL	35	Autobusai	35	01		1078	NULL	NULL	NULL
missed	635408	B2>A1	Ožkiniai–Žalgirio g.	1084	NULL	NULL	NULL	NULL	NULL	NULL	NULL	35	Autobusai	35	01		1120	NULL	NULL	NULL
missed	635408	A>B	Žalgirio–Kalvarijų g.–Naujieji Verkiai–Ožkiniai	1161	NULL	NULL	NULL	NULL	NULL	NULL	NULL	35	Autobusai	35	01		1199	NULL	NULL	NULL
missed	635408	B2>A1	Ožkiniai–Žalgirio g.	1204	NULL	NULL	NULL	NULL	NULL	NULL	NULL	35	Autobusai	35	01		1240	NULL	NULL	NULL
missed	635408	A>B	Žalgirio–Kalvarijų g.–Naujieji Verkiai–Ožkiniai	1247	NULL	NULL	NULL	NULL	NULL	NULL	NULL	35	Autobusai	35	01		1284	NULL	NULL	NULL
missed	635408	B2>A1	Ožkiniai–Žalgirio g.	1290	NULL	NULL	NULL	NULL	NULL	NULL	NULL	35	Autobusai	35	01		1320	NULL	NULL	NULL
missed	635408	A>B	Žalgirio–Kalvarijų g.–Naujieji Verkiai–Ožkiniai	1335	NULL	NULL	NULL	NULL	NULL	NULL	NULL	35	Autobusai	35	01		1369	NULL	NULL	NULL
missed	635408	B2>A1	Ožkiniai–Žalgirio g.	1379	NULL	NULL	NULL	NULL	NULL	NULL	NULL	35	Autobusai	35	01		1409	NULL	NULL	NULL
missed	635407	A>B1	Žalgirio g.–Ožkiniai	325	NULL	NULL	NULL	NULL	NULL	NULL	NULL	35	Autobusai	35	02-ž		357	NULL	NULL	NULL
missed	635407	B>A	Ožkiniai–Naujieji Verkiai–Kalvarijų–Žalgirio g.	364	NULL	NULL	NULL	NULL	NULL	NULL	NULL	35	Autobusai	35	02-ž		406	NULL	NULL	NULL
missed	635407	A>B1	Žalgirio g.–Ožkiniai	420	NULL	NULL	NULL	NULL	NULL	NULL	NULL	35	Autobusai	35	02-ž		454	NULL	NULL	NULL
missed	635407	B>A	Ožkiniai–Naujieji Verkiai–Kalvarijų–Žalgirio g.	458	NULL	NULL	NULL	NULL	NULL	NULL	NULL	35	Autobusai	35	02-ž		504	NULL	NULL	NULL
missed	635407	A>B1	Žalgirio g.–Ožkiniai	538	NULL	NULL	NULL	NULL	NULL	NULL	NULL	35	Autobusai	35	02-ž		570	NULL	NULL	NULL
missed	635407	B>A	Ožkiniai–Naujieji Verkiai–Kalvarijų–Žalgirio g.	584	NULL	NULL	NULL	NULL	NULL	NULL	NULL	35	Autobusai	35	02-ž		626	NULL	NULL	NULL
missed	635407	A>B1	Žalgirio g.–Ožkiniai	638	NULL	NULL	NULL	NULL	NULL	NULL	NULL	35	Autobusai	35	02-ž		670	NULL	NULL	NULL
missed	635407	B>A	Ožkiniai–Naujieji Verkiai–Kalvarijų–Žalgirio g.	677	NULL	NULL	NULL	NULL	NULL	NULL	NULL	35	Autobusai	35	02-ž		719	NULL	NULL	NULL
missed	635407	A>B	Žalgirio–Kalvarijų g.–Naujieji Verkiai–Ožkiniai	730	NULL	NULL	NULL	NULL	NULL	NULL	NULL	35	Autobusai	35	02-ž		768	NULL	NULL	NULL
missed	635407	B2>A1	Ožkiniai–Žalgirio g.	773	NULL	NULL	NULL	NULL	NULL	NULL	NULL	35	Autobusai	35	02-ž		809	NULL	NULL	NULL
missed	635407	A>B	Žalgirio–Kalvarijų g.–Naujieji Verkiai–Ožkiniai	821	NULL	NULL	NULL	NULL	NULL	NULL	NULL	35	Autobusai	35	02-ž		859	NULL	NULL	NULL
missed	635407	B2>A1	Ožkiniai–Žalgirio g.	869	NULL	NULL	NULL	NULL	NULL	NULL	NULL	35	Autobusai	35	02-ž		905	NULL	NULL	NULL
missed	635407	A>B	Žalgirio–Kalvarijų g.–Naujieji Verkiai–Ožkiniai	913	NULL	NULL	NULL	NULL	NULL	NULL	NULL	35	Autobusai	35	02-ž		951	NULL	NULL	NULL
missed	635407	B2>A1	Ožkiniai–Žalgirio g.	956	NULL	NULL	NULL	NULL	NULL	NULL	NULL	35	Autobusai	35	02-ž		992	NULL	NULL	NULL
missed	635407	A>B	Žalgirio–Kalvarijų g.–Naujieji Verkiai–Ožkiniai	1002	NULL	NULL	NULL	NULL	NULL	NULL	NULL	35	Autobusai	35	02-ž		1044	NULL	NULL	NULL
missed	635407	B2>A1	Ožkiniai–Žalgirio g.	1051	NULL	NULL	NULL	NULL	NULL	NULL	NULL	35	Autobusai	35	02-ž		1087	NULL	NULL	NULL
missed	635407	A>B	Žalgirio–Kalvarijų g.–Naujieji Verkiai–Ožkiniai	1096	NULL	NULL	NULL	NULL	NULL	NULL	NULL	35	Autobusai	35	02-ž		1138	NULL	NULL	NULL
missed	635407	B2>A1	Ožkiniai–Žalgirio g.	1146	NULL	NULL	NULL	NULL	NULL	NULL	NULL	35	Autobusai	35	02-ž		1182	NULL	NULL	NULL
missed	635407	A>B	Žalgirio–Kalvarijų g.–Naujieji Verkiai–Ožkiniai	1217	NULL	NULL	NULL	NULL	NULL	NULL	NULL	35	Autobusai	35	02-ž		1254	NULL	NULL	NULL
missed	635407	B2>A1	Ožkiniai–Žalgirio g.	1259	NULL	NULL	NULL	NULL	NULL	NULL	NULL	35	Autobusai	35	02-ž		1289	NULL	NULL	NULL
missed	635407	A>B	Žalgirio–Kalvarijų g.–Naujieji Verkiai–Ožkiniai	1295	NULL	NULL	NULL	NULL	NULL	NULL	NULL	35	Autobusai	35	02-ž		1329	NULL	NULL	NULL
missed	635407	B2>A1	Ožkiniai–Žalgirio g.	1334	NULL	NULL	NULL	NULL	NULL	NULL	NULL	35	Autobusai	35	02-ž		1364	NULL	NULL	NULL
missed	635409	B>A	Pagubė–Naujaneriai–Balsiai–Kalvarijų–Žalgirio g.	328	NULL	NULL	NULL	NULL	NULL	NULL	NULL	36	Autobusai	35	03		373	NULL	NULL	NULL
missed	635409	A>B1	Žalgirio g.–Ožkiniai	386	NULL	NULL	NULL	NULL	NULL	NULL	NULL	35	Autobusai	35	03		418	NULL	NULL	NULL
missed	635409	B>A	Ožkiniai–Naujieji Verkiai–Kalvarijų–Žalgirio g.	432	NULL	NULL	NULL	NULL	NULL	NULL	NULL	35	Autobusai	35	03		478	NULL	NULL	NULL
missed	635409	A>B1	Žalgirio g.–Ožkiniai	499	NULL	NULL	NULL	NULL	NULL	NULL	NULL	35	Autobusai	35	03		533	NULL	NULL	NULL
missed	635409	B>A	Ožkiniai–Naujieji Verkiai–Kalvarijų–Žalgirio g.	542	NULL	NULL	NULL	NULL	NULL	NULL	NULL	35	Autobusai	35	03		584	NULL	NULL	NULL
missed	635409	A>B	Žalgirio–Kalvarijų g.–Naujieji Verkiai–Ožkiniai	876	NULL	NULL	NULL	NULL	NULL	NULL	NULL	35	Autobusai	35	03		914	NULL	NULL	NULL
missed	635409	B2>A1	Ožkiniai–Žalgirio g.	925	NULL	NULL	NULL	NULL	NULL	NULL	NULL	35	Autobusai	35	03		961	NULL	NULL	NULL
missed	635409	A>B	Žalgirio–Kalvarijų g.–Naujieji Verkiai–Ožkiniai	972	NULL	NULL	NULL	NULL	NULL	NULL	NULL	35	Autobusai	35	03		1010	NULL	NULL	NULL
missed	635409	B2>A1	Ožkiniai–Žalgirio g.	1015	NULL	NULL	NULL	NULL	NULL	NULL	NULL	35	Autobusai	35	03		1051	NULL	NULL	NULL
missed	635409	A>B	Žalgirio–Kalvarijų g.–Naujieji Verkiai–Ožkiniai	1061	NULL	NULL	NULL	NULL	NULL	NULL	NULL	35	Autobusai	35	03		1103	NULL	NULL	NULL
missed	635409	B2>A1	Ožkiniai–Žalgirio g.	1108	NULL	NULL	NULL	NULL	NULL	NULL	NULL	35	Autobusai	35	03		1144	NULL	NULL	NULL
missed	635414	B>A	Pagubė–Naujaneriai–Balsiai–Kalvarijų–Žalgirio g.	345	NULL	NULL	NULL	NULL	NULL	NULL	NULL	36	Autobusai	36	01		390	NULL	NULL	NULL
missed	635414	A>B	Žalgirio–Kalvarijų g.–Balsiai–Naujaneriai–Pagubė	398	NULL	NULL	NULL	NULL	NULL	NULL	NULL	36	Autobusai	36	01		438	NULL	NULL	NULL
missed	635414	B>A	Pagubė–Naujaneriai–Balsiai–Kalvarijų–Žalgirio g.	443	NULL	NULL	NULL	NULL	NULL	NULL	NULL	36	Autobusai	36	01		492	NULL	NULL	NULL
missed	635414	A>B	Žalgirio–Kalvarijų g.–Balsiai–Naujaneriai–Pagubė	525	NULL	NULL	NULL	NULL	NULL	NULL	NULL	36	Autobusai	36	01		567	NULL	NULL	NULL
missed	635414	B>A	Pagubė–Naujaneriai–Balsiai–Kalvarijų–Žalgirio g.	572	NULL	NULL	NULL	NULL	NULL	NULL	NULL	36	Autobusai	36	01		617	NULL	NULL	NULL
missed	635414	A>B	Žalgirio–Kalvarijų g.–Balsiai–Naujaneriai–Pagubė	622	NULL	NULL	NULL	NULL	NULL	NULL	NULL	36	Autobusai	36	01		662	NULL	NULL	NULL
missed	635414	B>A	Pagubė–Naujaneriai–Balsiai–Kalvarijų–Žalgirio g.	668	NULL	NULL	NULL	NULL	NULL	NULL	NULL	36	Autobusai	36	01		713	NULL	NULL	NULL
missed	635414	A>B	Žalgirio–Kalvarijų g.–Balsiai–Naujaneriai–Pagubė	724	NULL	NULL	NULL	NULL	NULL	NULL	NULL	36	Autobusai	36	01		764	NULL	NULL	NULL
missed	635414	B>A	Pagubė–Naujaneriai–Balsiai–Kalvarijų–Žalgirio g.	772	NULL	NULL	NULL	NULL	NULL	NULL	NULL	36	Autobusai	36	01		817	NULL	NULL	NULL
missed	635414	A>B	Žalgirio–Kalvarijų g.–Balsiai–Naujaneriai–Pagubė	826	NULL	NULL	NULL	NULL	NULL	NULL	NULL	36	Autobusai	36	01		866	NULL	NULL	NULL
missed	635414	B>A	Pagubė–Naujaneriai–Balsiai–Kalvarijų–Žalgirio g.	876	NULL	NULL	NULL	NULL	NULL	NULL	NULL	36	Autobusai	36	01		921	NULL	NULL	NULL
missed	635414	A>B	Žalgirio–Kalvarijų g.–Balsiai–Naujaneriai–Pagubė	931	NULL	NULL	NULL	NULL	NULL	NULL	NULL	36	Autobusai	36	01		971	NULL	NULL	NULL
missed	635414	B>A	Pagubė–Naujaneriai–Balsiai–Kalvarijų–Žalgirio g.	980	NULL	NULL	NULL	NULL	NULL	NULL	NULL	36	Autobusai	36	01		1025	NULL	NULL	NULL
missed	635414	A>B	Žalgirio–Kalvarijų g.–Balsiai–Naujaneriai–Pagubė	1030	NULL	NULL	NULL	NULL	NULL	NULL	NULL	36	Autobusai	36	01		1074	NULL	NULL	NULL
missed	635414	B>A	Pagubė–Naujaneriai–Balsiai–Kalvarijų–Žalgirio g.	1079	NULL	NULL	NULL	NULL	NULL	NULL	NULL	36	Autobusai	36	01		1124	NULL	NULL	NULL
missed	635414	A>B	Žalgirio–Kalvarijų g.–Balsiai–Naujaneriai–Pagubė	1154	NULL	NULL	NULL	NULL	NULL	NULL	NULL	36	Autobusai	36	01		1192	NULL	NULL	NULL
missed	635414	B>A	Pagubė–Naujaneriai–Balsiai–Kalvarijų–Žalgirio g.	1201	NULL	NULL	NULL	NULL	NULL	NULL	NULL	36	Autobusai	36	01		1246	NULL	NULL	NULL
missed	635414	A>B	Žalgirio–Kalvarijų g.–Balsiai–Naujaneriai–Pagubė	1254	NULL	NULL	NULL	NULL	NULL	NULL	NULL	36	Autobusai	36	01		1291	NULL	NULL	NULL
missed	635414	B>A	Pagubė–Naujaneriai–Balsiai–Kalvarijų–Žalgirio g.	1298	NULL	NULL	NULL	NULL	NULL	NULL	NULL	36	Autobusai	36	01		1340	NULL	NULL	NULL
missed	635414	A>B	Žalgirio–Kalvarijų g.–Balsiai–Naujaneriai–Pagubė	1350	NULL	NULL	NULL	NULL	NULL	NULL	NULL	36	Autobusai	36	01		1388	NULL	NULL	NULL
missed	635414	B>A	Pagubė–Naujaneriai–Balsiai–Kalvarijų–Žalgirio g.	1391	NULL	NULL	NULL	NULL	NULL	NULL	NULL	36	Autobusai	36	01		1433	NULL	NULL	NULL
missed	635413	A>B	Žalgirio–Kalvarijų g.–Balsiai–Naujaneriai–Pagubė	336	NULL	NULL	NULL	NULL	NULL	NULL	NULL	36	Autobusai	36	02		376	NULL	NULL	NULL
missed	635413	B>A	Pagubė–Naujaneriai–Balsiai–Kalvarijų–Žalgirio g.	384	NULL	NULL	NULL	NULL	NULL	NULL	NULL	36	Autobusai	36	02		433	NULL	NULL	NULL
missed	635413	A>B	Žalgirio–Kalvarijų g.–Balsiai–Naujaneriai–Pagubė	439	NULL	NULL	NULL	NULL	NULL	NULL	NULL	36	Autobusai	36	02		481	NULL	NULL	NULL
missed	635413	B>A	Pagubė–Naujaneriai–Balsiai–Kalvarijų–Žalgirio g.	486	NULL	NULL	NULL	NULL	NULL	NULL	NULL	36	Autobusai	36	02		531	NULL	NULL	NULL
missed	635413	A>B	Žalgirio–Kalvarijų g.–Balsiai–Naujaneriai–Pagubė	569	NULL	NULL	NULL	NULL	NULL	NULL	NULL	36	Autobusai	36	02		609	NULL	NULL	NULL
missed	635413	B>A	Pagubė–Naujaneriai–Balsiai–Kalvarijų–Žalgirio g.	624	NULL	NULL	NULL	NULL	NULL	NULL	NULL	36	Autobusai	36	02		669	NULL	NULL	NULL
missed	635413	A>B	Žalgirio–Kalvarijų g.–Balsiai–Naujaneriai–Pagubė	674	NULL	NULL	NULL	NULL	NULL	NULL	NULL	36	Autobusai	36	02		714	NULL	NULL	NULL
missed	635413	B>A	Pagubė–Naujaneriai–Balsiai–Kalvarijų–Žalgirio g.	722	NULL	NULL	NULL	NULL	NULL	NULL	NULL	36	Autobusai	36	02		767	NULL	NULL	NULL
missed	635413	A>B	Žalgirio–Kalvarijų g.–Balsiai–Naujaneriai–Pagubė	778	NULL	NULL	NULL	NULL	NULL	NULL	NULL	36	Autobusai	36	02		818	NULL	NULL	NULL
missed	635413	B>A	Pagubė–Naujaneriai–Balsiai–Kalvarijų–Žalgirio g.	827	NULL	NULL	NULL	NULL	NULL	NULL	NULL	36	Autobusai	36	02		872	NULL	NULL	NULL
missed	635413	A>B	Žalgirio–Kalvarijų g.–Balsiai–Naujaneriai–Pagubė	882	NULL	NULL	NULL	NULL	NULL	NULL	NULL	36	Autobusai	36	02		922	NULL	NULL	NULL
missed	635413	B>A	Pagubė–Naujaneriai–Balsiai–Kalvarijų–Žalgirio g.	927	NULL	NULL	NULL	NULL	NULL	NULL	NULL	36	Autobusai	36	02		972	NULL	NULL	NULL
missed	635413	A>B	Žalgirio–Kalvarijų g.–Balsiai–Naujaneriai–Pagubė	980	NULL	NULL	NULL	NULL	NULL	NULL	NULL	36	Autobusai	36	02		1022	NULL	NULL	NULL
missed	635413	B>A	Pagubė–Naujaneriai–Balsiai–Kalvarijų–Žalgirio g.	1030	NULL	NULL	NULL	NULL	NULL	NULL	NULL	36	Autobusai	36	02		1075	NULL	NULL	NULL
missed	635413	A>B	Žalgirio–Kalvarijų g.–Balsiai–Naujaneriai–Pagubė	1084	NULL	NULL	NULL	NULL	NULL	NULL	NULL	36	Autobusai	36	02		1128	NULL	NULL	NULL
missed	635413	B>A	Pagubė–Naujaneriai–Balsiai–Kalvarijų–Žalgirio g.	1133	NULL	NULL	NULL	NULL	NULL	NULL	NULL	36	Autobusai	36	02		1178	NULL	NULL	NULL
missed	635413	A>B	Žalgirio–Kalvarijų g.–Balsiai–Naujaneriai–Pagubė	1208	NULL	NULL	NULL	NULL	NULL	NULL	NULL	36	Autobusai	36	02		1247	NULL	NULL	NULL
missed	635413	B>A	Pagubė–Naujaneriai–Balsiai–Kalvarijų–Žalgirio g.	1252	NULL	NULL	NULL	NULL	NULL	NULL	NULL	36	Autobusai	36	02		1295	NULL	NULL	NULL
missed	635413	A>B	Žalgirio–Kalvarijų g.–Balsiai–Naujaneriai–Pagubė	1304	NULL	NULL	NULL	NULL	NULL	NULL	NULL	36	Autobusai	36	02		1343	NULL	NULL	NULL
missed	635413	B>A	Pagubė–Naujaneriai–Balsiai–Kalvarijų–Žalgirio g.	1351	NULL	NULL	NULL	NULL	NULL	NULL	NULL	36	Autobusai	36	02		1394	NULL	NULL	NULL
missed	635412	A>B	Žalgirio–Kalvarijų g.–Balsiai–Naujaneriai–Pagubė	372	NULL	NULL	NULL	NULL	NULL	NULL	NULL	36	Autobusai	36	03		412	NULL	NULL	NULL
missed	635412	B>A	Pagubė–Naujaneriai–Balsiai–Kalvarijų–Žalgirio g.	420	NULL	NULL	NULL	NULL	NULL	NULL	NULL	36	Autobusai	36	03		469	NULL	NULL	NULL
missed	635412	A>B	Žalgirio–Kalvarijų g.–Balsiai–Naujaneriai–Pagubė	479	NULL	NULL	NULL	NULL	NULL	NULL	NULL	36	Autobusai	36	03		521	NULL	NULL	NULL
missed	635412	B>A	Pagubė–Naujaneriai–Balsiai–Kalvarijų–Žalgirio g.	528	NULL	NULL	NULL	NULL	NULL	NULL	NULL	36	Autobusai	36	03		573	NULL	NULL	NULL
missed	635412	A>B	Žalgirio–Kalvarijų g.–Balsiai–Naujaneriai–Pagubė	906	NULL	NULL	NULL	NULL	NULL	NULL	NULL	36	Autobusai	36	03		946	NULL	NULL	NULL
missed	635412	B>A	Pagubė–Naujaneriai–Balsiai–Kalvarijų–Žalgirio g.	953	NULL	NULL	NULL	NULL	NULL	NULL	NULL	36	Autobusai	36	03		998	NULL	NULL	NULL
missed	635412	A>B	Žalgirio–Kalvarijų g.–Balsiai–Naujaneriai–Pagubė	1010	NULL	NULL	NULL	NULL	NULL	NULL	NULL	36	Autobusai	36	03		1054	NULL	NULL	NULL
missed	635412	B>A	Pagubė–Naujaneriai–Balsiai–Kalvarijų–Žalgirio g.	1059	NULL	NULL	NULL	NULL	NULL	NULL	NULL	36	Autobusai	36	03		1104	NULL	NULL	NULL
missed	635412	A>B	Žalgirio–Kalvarijų g.–Balsiai–Naujaneriai–Pagubė	1109	NULL	NULL	NULL	NULL	NULL	NULL	NULL	36	Autobusai	36	03		1153	NULL	NULL	NULL
missed	635412	B>A	Pagubė–Naujaneriai–Balsiai–Kalvarijų–Žalgirio g.	1158	NULL	NULL	NULL	NULL	NULL	NULL	NULL	36	Autobusai	36	03		1201	NULL	NULL	NULL
missed	83113	A>B	Kalvarijų–Tuskulėnų–Olandų g.–Rokantiškės	296	NULL	NULL	NULL	NULL	NULL	NULL	NULL	37	Autobusai	37	01		319	NULL	NULL	NULL
missed	83113	B>A	Rokantiškės–Olandų–Šeimyniškių–Kalvarijų g.	329	NULL	NULL	NULL	NULL	NULL	NULL	NULL	37	Autobusai	37	01		353	NULL	NULL	NULL
missed	83113	A>B	Kalvarijų–Tuskulėnų–Olandų g.–Rokantiškės	354	NULL	NULL	NULL	NULL	NULL	NULL	NULL	37	Autobusai	37	01		377	NULL	NULL	NULL
missed	83113	B>A	Rokantiškės–Olandų–Šeimyniškių–Kalvarijų g.	387	NULL	NULL	NULL	NULL	NULL	NULL	NULL	37	Autobusai	37	01		411	NULL	NULL	NULL
missed	83113	A>B	Kalvarijų–Tuskulėnų–Olandų g.–Rokantiškės	411	NULL	NULL	NULL	NULL	NULL	NULL	NULL	37	Autobusai	37	01		434	NULL	NULL	NULL
missed	83113	B>A	Rokantiškės–Olandų–Šeimyniškių–Kalvarijų g.	450	NULL	NULL	NULL	NULL	NULL	NULL	NULL	37	Autobusai	37	01		476	NULL	NULL	NULL
missed	83113	A>B	Kalvarijų–Tuskulėnų–Olandų g.–Rokantiškės	476	NULL	NULL	NULL	NULL	NULL	NULL	NULL	37	Autobusai	37	01		499	NULL	NULL	NULL
missed	83113	B>A	Rokantiškės–Olandų–Šeimyniškių–Kalvarijų g.	509	NULL	NULL	NULL	NULL	NULL	NULL	NULL	37	Autobusai	37	01		535	NULL	NULL	NULL
missed	83113	A>B	Kalvarijų–Tuskulėnų–Olandų g.–Rokantiškės	535	NULL	NULL	NULL	NULL	NULL	NULL	NULL	37	Autobusai	37	01		558	NULL	NULL	NULL
missed	83113	B>A	Rokantiškės–Olandų–Šeimyniškių–Kalvarijų g.	601	NULL	NULL	NULL	NULL	NULL	NULL	NULL	37	Autobusai	37	01		625	NULL	NULL	NULL
missed	83113	A>B	Kalvarijų–Tuskulėnų–Olandų g.–Rokantiškės	626	NULL	NULL	NULL	NULL	NULL	NULL	NULL	37	Autobusai	37	01		649	NULL	NULL	NULL
missed	83113	B>A	Rokantiškės–Olandų–Šeimyniškių–Kalvarijų g.	659	NULL	NULL	NULL	NULL	NULL	NULL	NULL	37	Autobusai	37	01		683	NULL	NULL	NULL
missed	83113	A>B	Kalvarijų–Tuskulėnų–Olandų g.–Rokantiškės	683	NULL	NULL	NULL	NULL	NULL	NULL	NULL	37	Autobusai	37	01		706	NULL	NULL	NULL
missed	83113	B>A	Rokantiškės–Olandų–Šeimyniškių–Kalvarijų g.	716	NULL	NULL	NULL	NULL	NULL	NULL	NULL	37	Autobusai	37	01		740	NULL	NULL	NULL
missed	83113	A>B	Kalvarijų–Tuskulėnų–Olandų g.–Rokantiškės	740	NULL	NULL	NULL	NULL	NULL	NULL	NULL	37	Autobusai	37	01		762	NULL	NULL	NULL
missed	83113	B>A	Rokantiškės–Olandų–Šeimyniškių–Kalvarijų g.	772	NULL	NULL	NULL	NULL	NULL	NULL	NULL	37	Autobusai	37	01		796	NULL	NULL	NULL
missed	83113	A>B	Kalvarijų–Tuskulėnų–Olandų g.–Rokantiškės	797	NULL	NULL	NULL	NULL	NULL	NULL	NULL	37	Autobusai	37	01		820	NULL	NULL	NULL
missed	83113	B>A	Rokantiškės–Olandų–Šeimyniškių–Kalvarijų g.	830	NULL	NULL	NULL	NULL	NULL	NULL	NULL	37	Autobusai	37	01		854	NULL	NULL	NULL
missed	83113	A>B	Kalvarijų–Tuskulėnų–Olandų g.–Rokantiškės	855	NULL	NULL	NULL	NULL	NULL	NULL	NULL	37	Autobusai	37	01		878	NULL	NULL	NULL
missed	83113	B>A	Rokantiškės–Olandų–Šeimyniškių–Kalvarijų g.	888	NULL	NULL	NULL	NULL	NULL	NULL	NULL	37	Autobusai	37	01		912	NULL	NULL	NULL
missed	83113	A>B	Kalvarijų–Tuskulėnų–Olandų g.–Rokantiškės	912	NULL	NULL	NULL	NULL	NULL	NULL	NULL	37	Autobusai	37	01		935	NULL	NULL	NULL
missed	83113	B>A	Rokantiškės–Olandų–Šeimyniškių–Kalvarijų g.	945	NULL	NULL	NULL	NULL	NULL	NULL	NULL	37	Autobusai	37	01		969	NULL	NULL	NULL
missed	83113	A>B	Kalvarijų–Tuskulėnų–Olandų g.–Rokantiškės	969	NULL	NULL	NULL	NULL	NULL	NULL	NULL	37	Autobusai	37	01		992	NULL	NULL	NULL
missed	83113	B>A	Rokantiškės–Olandų–Šeimyniškių–Kalvarijų g.	1002	NULL	NULL	NULL	NULL	NULL	NULL	NULL	37	Autobusai	37	01		1028	NULL	NULL	NULL
missed	83113	A>B	Kalvarijų–Tuskulėnų–Olandų g.–Rokantiškės	1028	NULL	NULL	NULL	NULL	NULL	NULL	NULL	37	Autobusai	37	01		1052	NULL	NULL	NULL
missed	83113	B>A	Rokantiškės–Olandų–Šeimyniškių–Kalvarijų g.	1062	NULL	NULL	NULL	NULL	NULL	NULL	NULL	37	Autobusai	37	01		1088	NULL	NULL	NULL
missed	83113	A>B	Kalvarijų–Tuskulėnų–Olandų g.–Rokantiškės	1088	NULL	NULL	NULL	NULL	NULL	NULL	NULL	37	Autobusai	37	01		1112	NULL	NULL	NULL
missed	83113	B>A	Rokantiškės–Olandų–Šeimyniškių–Kalvarijų g.	1122	NULL	NULL	NULL	NULL	NULL	NULL	NULL	37	Autobusai	37	01		1148	NULL	NULL	NULL
missed	83113	A>B	Kalvarijų–Tuskulėnų–Olandų g.–Rokantiškės	1148	NULL	NULL	NULL	NULL	NULL	NULL	NULL	37	Autobusai	37	01		1171	NULL	NULL	NULL
missed	83113	B>A	Rokantiškės–Olandų–Šeimyniškių–Kalvarijų g.	1221	NULL	NULL	NULL	NULL	NULL	NULL	NULL	37	Autobusai	37	01		1243	NULL	NULL	NULL
missed	83113	A>B	Kalvarijų–Tuskulėnų–Olandų g.–Rokantiškės	1243	NULL	NULL	NULL	NULL	NULL	NULL	NULL	37	Autobusai	37	01		1266	NULL	NULL	NULL
missed	83113	B>A	Rokantiškės–Olandų–Šeimyniškių–Kalvarijų g.	1279	NULL	NULL	NULL	NULL	NULL	NULL	NULL	37	Autobusai	37	01		1302	NULL	NULL	NULL
missed	83113	A>B	Kalvarijų–Tuskulėnų–Olandų g.–Rokantiškės	1302	NULL	NULL	NULL	NULL	NULL	NULL	NULL	37	Autobusai	37	01		1324	NULL	NULL	NULL
missed	83113	B>A1	Rokantiškės-Olandų-Šeimyniškių-Žalgirio st.	1339	NULL	NULL	NULL	NULL	NULL	NULL	NULL	37	Autobusai	37	01		1361	NULL	NULL	NULL
missed	614861	B>A	Šilėnų g.–Dvarčionys–Antakalnis	317	NULL	NULL	NULL	NULL	NULL	NULL	NULL	38	Autobusai	38	01		343	NULL	NULL	NULL
missed	614861	A>B	Antakalnis–Dvarčionys–Šilėnų g.	348	NULL	NULL	NULL	NULL	NULL	NULL	NULL	38	Autobusai	38	01		374	NULL	NULL	NULL
missed	614861	B>A	Šilėnų g.–Dvarčionys–Antakalnis	379	NULL	NULL	NULL	NULL	NULL	NULL	NULL	38	Autobusai	38	01		405	NULL	NULL	NULL
missed	614861	A>B	Antakalnis–Dvarčionys–Šilėnų g.	416	NULL	NULL	NULL	NULL	NULL	NULL	NULL	38	Autobusai	38	01		442	NULL	NULL	NULL
missed	614861	B>A	Šilėnų g.–Dvarčionys–Antakalnis	447	NULL	NULL	NULL	NULL	NULL	NULL	NULL	38	Autobusai	38	01		473	NULL	NULL	NULL
missed	614861	A>B	Antakalnis–Dvarčionys–Šilėnų g.	478	NULL	NULL	NULL	NULL	NULL	NULL	NULL	38	Autobusai	38	01		504	NULL	NULL	NULL
missed	614861	B>A	Šilėnų g.–Dvarčionys–Antakalnis	512	NULL	NULL	NULL	NULL	NULL	NULL	NULL	38	Autobusai	38	01		538	NULL	NULL	NULL
missed	614861	A>B	Antakalnis–Dvarčionys–Šilėnų g.	572	NULL	NULL	NULL	NULL	NULL	NULL	NULL	38	Autobusai	38	01		598	NULL	NULL	NULL
missed	614861	B>A	Šilėnų g.–Dvarčionys–Antakalnis	603	NULL	NULL	NULL	NULL	NULL	NULL	NULL	38	Autobusai	38	01		629	NULL	NULL	NULL
missed	614861	A>B	Antakalnis–Dvarčionys–Šilėnų g.	634	NULL	NULL	NULL	NULL	NULL	NULL	NULL	38	Autobusai	38	01		660	NULL	NULL	NULL
missed	614861	B>A	Šilėnų g.–Dvarčionys–Antakalnis	665	NULL	NULL	NULL	NULL	NULL	NULL	NULL	38	Autobusai	38	01		691	NULL	NULL	NULL
missed	614861	A>B	Antakalnis–Dvarčionys–Šilėnų g.	696	NULL	NULL	NULL	NULL	NULL	NULL	NULL	38	Autobusai	38	01		722	NULL	NULL	NULL
missed	614861	B>A	Šilėnų g.–Dvarčionys–Antakalnis	729	NULL	NULL	NULL	NULL	NULL	NULL	NULL	38	Autobusai	38	01		755	NULL	NULL	NULL
missed	614861	A>B	Antakalnis–Dvarčionys–Šilėnų g.	760	NULL	NULL	NULL	NULL	NULL	NULL	NULL	38	Autobusai	38	01		786	NULL	NULL	NULL
missed	614861	B>A	Šilėnų g.–Dvarčionys–Antakalnis	791	NULL	NULL	NULL	NULL	NULL	NULL	NULL	38	Autobusai	38	01		817	NULL	NULL	NULL
missed	614861	A>B	Antakalnis–Dvarčionys–Šilėnų g.	827	NULL	NULL	NULL	NULL	NULL	NULL	NULL	38	Autobusai	38	01		853	NULL	NULL	NULL
missed	614861	B>A	Šilėnų g.–Dvarčionys–Antakalnis	858	NULL	NULL	NULL	NULL	NULL	NULL	NULL	38	Autobusai	38	01		884	NULL	NULL	NULL
missed	614861	A>B	Antakalnis–Dvarčionys–Šilėnų g.	889	NULL	NULL	NULL	NULL	NULL	NULL	NULL	38	Autobusai	38	01		915	NULL	NULL	NULL
missed	614861	B>A	Šilėnų g.–Dvarčionys–Antakalnis	920	NULL	NULL	NULL	NULL	NULL	NULL	NULL	38	Autobusai	38	01		946	NULL	NULL	NULL
missed	614861	A>B	Antakalnis–Dvarčionys–Šilėnų g.	951	NULL	NULL	NULL	NULL	NULL	NULL	NULL	38	Autobusai	38	01		977	NULL	NULL	NULL
missed	614861	B>A	Šilėnų g.–Dvarčionys–Antakalnis	982	NULL	NULL	NULL	NULL	NULL	NULL	NULL	38	Autobusai	38	01		1008	NULL	NULL	NULL
missed	614861	A>B	Antakalnis–Dvarčionys–Šilėnų g.	1019	NULL	NULL	NULL	NULL	NULL	NULL	NULL	38	Autobusai	38	01		1045	NULL	NULL	NULL
missed	614861	B>A	Šilėnų g.–Dvarčionys–Antakalnis	1050	NULL	NULL	NULL	NULL	NULL	NULL	NULL	38	Autobusai	38	01		1076	NULL	NULL	NULL
missed	614861	A>B	Antakalnis–Dvarčionys–Šilėnų g.	1108	NULL	NULL	NULL	NULL	NULL	NULL	NULL	38	Autobusai	38	01		1134	NULL	NULL	NULL
missed	614861	B>A	Šilėnų g.–Dvarčionys–Antakalnis	1139	NULL	NULL	NULL	NULL	NULL	NULL	NULL	38	Autobusai	38	01		1165	NULL	NULL	NULL
missed	614861	A>B	Antakalnis–Dvarčionys–Šilėnų g.	1173	NULL	NULL	NULL	NULL	NULL	NULL	NULL	38	Autobusai	38	01		1199	NULL	NULL	NULL
missed	614861	B>A	Šilėnų g.–Dvarčionys–Antakalnis	1204	NULL	NULL	NULL	NULL	NULL	NULL	NULL	38	Autobusai	38	01		1230	NULL	NULL	NULL
missed	614861	A>B	Antakalnis–Dvarčionys–Šilėnų g.	1235	NULL	NULL	NULL	NULL	NULL	NULL	NULL	38	Autobusai	38	01		1261	NULL	NULL	NULL
missed	614861	B>A	Šilėnų g.–Dvarčionys–Antakalnis	1266	NULL	NULL	NULL	NULL	NULL	NULL	NULL	38	Autobusai	38	01		1292	NULL	NULL	NULL
missed	614861	A>B	Antakalnis–Dvarčionys–Šilėnų g.	1297	NULL	NULL	NULL	NULL	NULL	NULL	NULL	38	Autobusai	38	01		1323	NULL	NULL	NULL
missed	614861	B>A	Šilėnų g.–Dvarčionys–Antakalnis	1328	NULL	NULL	NULL	NULL	NULL	NULL	NULL	38	Autobusai	38	01		1354	NULL	NULL	NULL
missed	614860	A>B	Antakalnis–Dvarčionys–Šilėnų g.	318	NULL	NULL	NULL	NULL	NULL	NULL	NULL	38	Autobusai	38	02		344	NULL	NULL	NULL
missed	614860	B>A	Šilėnų g.–Dvarčionys–Antakalnis	349	NULL	NULL	NULL	NULL	NULL	NULL	NULL	38	Autobusai	38	02		375	NULL	NULL	NULL
missed	614860	A>B	Antakalnis–Dvarčionys–Šilėnų g.	380	NULL	NULL	NULL	NULL	NULL	NULL	NULL	38	Autobusai	38	02		406	NULL	NULL	NULL
missed	614860	B>A	Šilėnų g.–Dvarčionys–Antakalnis	411	NULL	NULL	NULL	NULL	NULL	NULL	NULL	38	Autobusai	38	02		437	NULL	NULL	NULL
missed	614860	A>B	Antakalnis–Dvarčionys–Šilėnų g.	442	NULL	NULL	NULL	NULL	NULL	NULL	NULL	38	Autobusai	38	02		468	NULL	NULL	NULL
missed	614860	B>A	Šilėnų g.–Dvarčionys–Antakalnis	476	NULL	NULL	NULL	NULL	NULL	NULL	NULL	38	Autobusai	38	02		502	NULL	NULL	NULL
missed	614860	A>B	Antakalnis–Dvarčionys–Šilėnų g.	507	NULL	NULL	NULL	NULL	NULL	NULL	NULL	38	Autobusai	38	02		533	NULL	NULL	NULL
missed	614860	B>A	Šilėnų g.–Dvarčionys–Antakalnis	538	NULL	NULL	NULL	NULL	NULL	NULL	NULL	38	Autobusai	38	02		564	NULL	NULL	NULL
missed	614860	A>B	Antakalnis–Dvarčionys–Šilėnų g.	596	NULL	NULL	NULL	NULL	NULL	NULL	NULL	38	Autobusai	38	02		622	NULL	NULL	NULL
missed	614860	B>A	Šilėnų g.–Dvarčionys–Antakalnis	633	NULL	NULL	NULL	NULL	NULL	NULL	NULL	38	Autobusai	38	02		659	NULL	NULL	NULL
missed	614860	A>B	Antakalnis–Dvarčionys–Šilėnų g.	664	NULL	NULL	NULL	NULL	NULL	NULL	NULL	38	Autobusai	38	02		690	NULL	NULL	NULL
missed	614860	B>A	Šilėnų g.–Dvarčionys–Antakalnis	695	NULL	NULL	NULL	NULL	NULL	NULL	NULL	38	Autobusai	38	02		721	NULL	NULL	NULL
missed	614860	A>B	Antakalnis–Dvarčionys–Šilėnų g.	726	NULL	NULL	NULL	NULL	NULL	NULL	NULL	38	Autobusai	38	02		752	NULL	NULL	NULL
missed	614860	B>A	Šilėnų g.–Dvarčionys–Antakalnis	757	NULL	NULL	NULL	NULL	NULL	NULL	NULL	38	Autobusai	38	02		783	NULL	NULL	NULL
missed	614860	A>B	Antakalnis–Dvarčionys–Šilėnų g.	792	NULL	NULL	NULL	NULL	NULL	NULL	NULL	38	Autobusai	38	02		818	NULL	NULL	NULL
missed	614860	B>A	Šilėnų g.–Dvarčionys–Antakalnis	823	NULL	NULL	NULL	NULL	NULL	NULL	NULL	38	Autobusai	38	02		849	NULL	NULL	NULL
missed	614860	A>B	Antakalnis–Dvarčionys–Šilėnų g.	859	NULL	NULL	NULL	NULL	NULL	NULL	NULL	38	Autobusai	38	02		885	NULL	NULL	NULL
missed	614860	B>A	Šilėnų g.–Dvarčionys–Antakalnis	890	NULL	NULL	NULL	NULL	NULL	NULL	NULL	38	Autobusai	38	02		916	NULL	NULL	NULL
missed	614860	A>B	Antakalnis–Dvarčionys–Šilėnų g.	921	NULL	NULL	NULL	NULL	NULL	NULL	NULL	38	Autobusai	38	02		947	NULL	NULL	NULL
missed	614860	B>A	Šilėnų g.–Dvarčionys–Antakalnis	952	NULL	NULL	NULL	NULL	NULL	NULL	NULL	38	Autobusai	38	02		978	NULL	NULL	NULL
missed	614860	A>B	Antakalnis–Dvarčionys–Šilėnų g.	983	NULL	NULL	NULL	NULL	NULL	NULL	NULL	38	Autobusai	38	02		1009	NULL	NULL	NULL
missed	614860	B>A	Šilėnų g.–Dvarčionys–Antakalnis	1014	NULL	NULL	NULL	NULL	NULL	NULL	NULL	38	Autobusai	38	02		1040	NULL	NULL	NULL
missed	614860	A>B	Antakalnis–Dvarčionys–Šilėnų g.	1051	NULL	NULL	NULL	NULL	NULL	NULL	NULL	38	Autobusai	38	02		1077	NULL	NULL	NULL
missed	614860	B>A	Šilėnų g.–Dvarčionys–Antakalnis	1082	NULL	NULL	NULL	NULL	NULL	NULL	NULL	38	Autobusai	38	02		1108	NULL	NULL	NULL
missed	614860	A>B	Antakalnis–Dvarčionys–Šilėnų g.	1140	NULL	NULL	NULL	NULL	NULL	NULL	NULL	38	Autobusai	38	02		1166	NULL	NULL	NULL
missed	614860	B>A	Šilėnų g.–Dvarčionys–Antakalnis	1171	NULL	NULL	NULL	NULL	NULL	NULL	NULL	38	Autobusai	38	02		1197	NULL	NULL	NULL
missed	614860	A>B	Antakalnis–Dvarčionys–Šilėnų g.	1202	NULL	NULL	NULL	NULL	NULL	NULL	NULL	38	Autobusai	38	02		1228	NULL	NULL	NULL
missed	614860	B>A	Šilėnų g.–Dvarčionys–Antakalnis	1233	NULL	NULL	NULL	NULL	NULL	NULL	NULL	38	Autobusai	38	02		1259	NULL	NULL	NULL
missed	614860	A>B	Antakalnis–Dvarčionys–Šilėnų g.	1264	NULL	NULL	NULL	NULL	NULL	NULL	NULL	38	Autobusai	38	02		1290	NULL	NULL	NULL
missed	614860	B>A	Šilėnų g.–Dvarčionys–Antakalnis	1296	NULL	NULL	NULL	NULL	NULL	NULL	NULL	38	Autobusai	38	02		1322	NULL	NULL	NULL
missed	614860	A>B	Antakalnis–Dvarčionys–Šilėnų g.	1327	NULL	NULL	NULL	NULL	NULL	NULL	NULL	38	Autobusai	38	02		1353	NULL	NULL	NULL
missed	614860	B>A	Šilėnų g.–Dvarčionys–Antakalnis	1358	NULL	NULL	NULL	NULL	NULL	NULL	NULL	38	Autobusai	38	02		1384	NULL	NULL	NULL
missed	83120	A>B	Antakalnis–Nemenčinės pl.–Balžio g.	306	NULL	NULL	NULL	NULL	NULL	NULL	NULL	39	Autobusai	39	01		333	NULL	NULL	NULL
missed	83120	B>A	Balžio g.–Nemenčinės pl.–Antakalnis	338	NULL	NULL	NULL	NULL	NULL	NULL	NULL	39	Autobusai	39	01		365	NULL	NULL	NULL
missed	83120	A>B	Antakalnis–Nemenčinės pl.–Balžio g.	370	NULL	NULL	NULL	NULL	NULL	NULL	NULL	39	Autobusai	39	01		397	NULL	NULL	NULL
missed	83120	B>A	Balžio g.–Nemenčinės pl.–Antakalnis	402	NULL	NULL	NULL	NULL	NULL	NULL	NULL	39	Autobusai	39	01		429	NULL	NULL	NULL
missed	83120	A>B	Antakalnis–Nemenčinės pl.–Balžio g.	434	NULL	NULL	NULL	NULL	NULL	NULL	NULL	39	Autobusai	39	01		461	NULL	NULL	NULL
missed	83120	B>A	Balžio g.–Nemenčinės pl.–Antakalnis	466	NULL	NULL	NULL	NULL	NULL	NULL	NULL	39	Autobusai	39	01		493	NULL	NULL	NULL
missed	83120	A>B	Antakalnis–Nemenčinės pl.–Balžio g.	498	NULL	NULL	NULL	NULL	NULL	NULL	NULL	39	Autobusai	39	01		525	NULL	NULL	NULL
missed	83120	B>A	Balžio g.–Nemenčinės pl.–Antakalnis	530	NULL	NULL	NULL	NULL	NULL	NULL	NULL	39	Autobusai	39	01		557	NULL	NULL	NULL
missed	83120	A>B	Antakalnis–Nemenčinės pl.–Balžio g.	604	NULL	NULL	NULL	NULL	NULL	NULL	NULL	39	Autobusai	39	01		631	NULL	NULL	NULL
missed	83120	B>A	Balžio g.–Nemenčinės pl.–Antakalnis	636	NULL	NULL	NULL	NULL	NULL	NULL	NULL	39	Autobusai	39	01		663	NULL	NULL	NULL
missed	83120	A>B	Antakalnis–Nemenčinės pl.–Balžio g.	668	NULL	NULL	NULL	NULL	NULL	NULL	NULL	39	Autobusai	39	01		695	NULL	NULL	NULL
missed	83120	B>A	Balžio g.–Nemenčinės pl.–Antakalnis	700	NULL	NULL	NULL	NULL	NULL	NULL	NULL	39	Autobusai	39	01		727	NULL	NULL	NULL
missed	83120	A>B	Antakalnis–Nemenčinės pl.–Balžio g.	732	NULL	NULL	NULL	NULL	NULL	NULL	NULL	39	Autobusai	39	01		759	NULL	NULL	NULL
missed	83120	B>A	Balžio g.–Nemenčinės pl.–Antakalnis	764	NULL	NULL	NULL	NULL	NULL	NULL	NULL	39	Autobusai	39	01		791	NULL	NULL	NULL
missed	83120	A>B	Antakalnis–Nemenčinės pl.–Balžio g.	801	NULL	NULL	NULL	NULL	NULL	NULL	NULL	39	Autobusai	39	01		828	NULL	NULL	NULL
missed	83120	B>A	Balžio g.–Nemenčinės pl.–Antakalnis	833	NULL	NULL	NULL	NULL	NULL	NULL	NULL	39	Autobusai	39	01		860	NULL	NULL	NULL
missed	83120	A>B	Antakalnis–Nemenčinės pl.–Balžio g.	865	NULL	NULL	NULL	NULL	NULL	NULL	NULL	39	Autobusai	39	01		892	NULL	NULL	NULL
missed	83120	B>A	Balžio g.–Nemenčinės pl.–Antakalnis	897	NULL	NULL	NULL	NULL	NULL	NULL	NULL	39	Autobusai	39	01		924	NULL	NULL	NULL
missed	83120	A>B	Antakalnis–Nemenčinės pl.–Balžio g.	929	NULL	NULL	NULL	NULL	NULL	NULL	NULL	39	Autobusai	39	01		956	NULL	NULL	NULL
missed	83120	B>A	Balžio g.–Nemenčinės pl.–Antakalnis	961	NULL	NULL	NULL	NULL	NULL	NULL	NULL	39	Autobusai	39	01		988	NULL	NULL	NULL
missed	83120	A>B	Antakalnis–Nemenčinės pl.–Balžio g.	999	NULL	NULL	NULL	NULL	NULL	NULL	NULL	39	Autobusai	39	01		1026	NULL	NULL	NULL
missed	83120	B>A	Balžio g.–Nemenčinės pl.–Antakalnis	1031	NULL	NULL	NULL	NULL	NULL	NULL	NULL	39	Autobusai	39	01		1058	NULL	NULL	NULL
missed	83120	A>B	Antakalnis–Nemenčinės pl.–Balžio g.	1090	NULL	NULL	NULL	NULL	NULL	NULL	NULL	39	Autobusai	39	01		1117	NULL	NULL	NULL
missed	83120	B>A	Balžio g.–Nemenčinės pl.–Antakalnis	1122	NULL	NULL	NULL	NULL	NULL	NULL	NULL	39	Autobusai	39	01		1149	NULL	NULL	NULL
missed	83120	A>B	Antakalnis–Nemenčinės pl.–Balžio g.	1154	NULL	NULL	NULL	NULL	NULL	NULL	NULL	39	Autobusai	39	01		1181	NULL	NULL	NULL
missed	83120	B>A	Balžio g.–Nemenčinės pl.–Antakalnis	1186	NULL	NULL	NULL	NULL	NULL	NULL	NULL	39	Autobusai	39	01		1208	NULL	NULL	NULL
missed	83120	A>B	Antakalnis–Nemenčinės pl.–Balžio g.	1218	NULL	NULL	NULL	NULL	NULL	NULL	NULL	39	Autobusai	39	01		1240	NULL	NULL	NULL
missed	83120	B>A	Balžio g.–Nemenčinės pl.–Antakalnis	1245	NULL	NULL	NULL	NULL	NULL	NULL	NULL	39	Autobusai	39	01		1266	NULL	NULL	NULL
missed	83120	A>B	Antakalnis–Nemenčinės pl.–Balžio g.	1278	NULL	NULL	NULL	NULL	NULL	NULL	NULL	39	Autobusai	39	01		1300	NULL	NULL	NULL
missed	83120	B>A	Balžio g.–Nemenčinės pl.–Antakalnis	1305	NULL	NULL	NULL	NULL	NULL	NULL	NULL	39	Autobusai	39	01		1327	NULL	NULL	NULL
missed	614639	A>B	Fabijoniškės–Centras–Oro uostas	305	NULL	NULL	NULL	NULL	NULL	NULL	NULL	3G	Autobusai	3G	01-Ž		346	NULL	NULL	NULL
missed	614639	B>A	Oro uostas–Centras–Fabijoniškės	351	NULL	NULL	NULL	NULL	NULL	NULL	NULL	3G	Autobusai	3G	01-Ž		391	NULL	NULL	NULL
missed	614639	A>B	Fabijoniškės–Centras–Oro uostas	403	NULL	NULL	NULL	NULL	NULL	NULL	NULL	3G	Autobusai	3G	01-Ž		446	NULL	NULL	NULL
missed	614639	B>A	Oro uostas–Centras–Fabijoniškės	451	NULL	NULL	NULL	NULL	NULL	NULL	NULL	3G	Autobusai	3G	01-Ž		494	NULL	NULL	NULL
missed	614639	A>B	Fabijoniškės–Centras–Oro uostas	506	NULL	NULL	NULL	NULL	NULL	NULL	NULL	3G	Autobusai	3G	01-Ž		555	NULL	NULL	NULL
missed	614639	B>A	Oro uostas–Centras–Fabijoniškės	560	NULL	NULL	NULL	NULL	NULL	NULL	NULL	3G	Autobusai	3G	01-Ž		603	NULL	NULL	NULL
missed	614639	A>B	Fabijoniškės–Centras–Oro uostas	634	NULL	NULL	NULL	NULL	NULL	NULL	NULL	3G	Autobusai	3G	01-Ž		678	NULL	NULL	NULL
missed	614639	B>A	Oro uostas–Centras–Fabijoniškės	683	NULL	NULL	NULL	NULL	NULL	NULL	NULL	3G	Autobusai	3G	01-Ž		726	NULL	NULL	NULL
missed	614639	A>B	Fabijoniškės–Centras–Oro uostas	739	NULL	NULL	NULL	NULL	NULL	NULL	NULL	3G	Autobusai	3G	01-Ž		783	NULL	NULL	NULL
missed	614639	B>A	Oro uostas–Centras–Fabijoniškės	788	NULL	NULL	NULL	NULL	NULL	NULL	NULL	3G	Autobusai	3G	01-Ž		831	NULL	NULL	NULL
missed	614639	A>B	Fabijoniškės–Centras–Oro uostas	841	NULL	NULL	NULL	NULL	NULL	NULL	NULL	3G	Autobusai	3G	01-Ž		885	NULL	NULL	NULL
missed	614639	B>A	Oro uostas–Centras–Fabijoniškės	890	NULL	NULL	NULL	NULL	NULL	NULL	NULL	3G	Autobusai	3G	01-Ž		933	NULL	NULL	NULL
missed	614639	A>B	Fabijoniškės–Centras–Oro uostas	944	NULL	NULL	NULL	NULL	NULL	NULL	NULL	3G	Autobusai	3G	01-Ž		988	NULL	NULL	NULL
missed	614639	B>A	Oro uostas–Centras–Fabijoniškės	993	NULL	NULL	NULL	NULL	NULL	NULL	NULL	3G	Autobusai	3G	01-Ž		1040	NULL	NULL	NULL
missed	614639	A>B	Fabijoniškės–Centras–Oro uostas	1053	NULL	NULL	NULL	NULL	NULL	NULL	NULL	3G	Autobusai	3G	01-Ž		1097	NULL	NULL	NULL
missed	614639	B>A	Oro uostas–Centras–Fabijoniškės	1102	NULL	NULL	NULL	NULL	NULL	NULL	NULL	3G	Autobusai	3G	01-Ž		1147	NULL	NULL	NULL
missed	614639	A>B	Fabijoniškės–Centras–Oro uostas	1184	NULL	NULL	NULL	NULL	NULL	NULL	NULL	3G	Autobusai	3G	01-Ž		1226	NULL	NULL	NULL
missed	614639	B>A	Oro uostas–Centras–Fabijoniškės	1231	NULL	NULL	NULL	NULL	NULL	NULL	NULL	3G	Autobusai	3G	01-Ž		1272	NULL	NULL	NULL
missed	614639	A>B	Fabijoniškės–Centras–Oro uostas	1283	NULL	NULL	NULL	NULL	NULL	NULL	NULL	3G	Autobusai	3G	01-Ž		1324	NULL	NULL	NULL
missed	614639	B>A	Oro uostas–Centras–Fabijoniškės	1329	NULL	NULL	NULL	NULL	NULL	NULL	NULL	3G	Autobusai	3G	01-Ž		1370	NULL	NULL	NULL
missed	614642	A>B	Fabijoniškės–Centras–Oro uostas	378	NULL	NULL	NULL	NULL	NULL	NULL	NULL	3G	Autobusai	3G	02		419	NULL	NULL	NULL
missed	614642	B>A	Oro uostas–Centras–Fabijoniškės	424	NULL	NULL	NULL	NULL	NULL	NULL	NULL	3G	Autobusai	3G	02		467	NULL	NULL	NULL
missed	614642	A>B	Fabijoniškės–Centras–Oro uostas	480	NULL	NULL	NULL	NULL	NULL	NULL	NULL	3G	Autobusai	3G	02		529	NULL	NULL	NULL
missed	614642	B>A	Oro uostas–Centras–Fabijoniškės	534	NULL	NULL	NULL	NULL	NULL	NULL	NULL	3G	Autobusai	3G	02		577	NULL	NULL	NULL
missed	614642	A>B	Fabijoniškės–Centras–Oro uostas	905	NULL	NULL	NULL	NULL	NULL	NULL	NULL	3G	Autobusai	3G	02		949	NULL	NULL	NULL
missed	614642	B>A	Oro uostas–Centras–Fabijoniškės	954	NULL	NULL	NULL	NULL	NULL	NULL	NULL	3G	Autobusai	3G	02		1001	NULL	NULL	NULL
missed	614642	A>B	Fabijoniškės–Centras–Oro uostas	1013	NULL	NULL	NULL	NULL	NULL	NULL	NULL	3G	Autobusai	3G	02		1057	NULL	NULL	NULL
missed	614642	B>A	Oro uostas–Centras–Fabijoniškės	1062	NULL	NULL	NULL	NULL	NULL	NULL	NULL	3G	Autobusai	3G	02		1107	NULL	NULL	NULL
missed	614640	B>A	Oro uostas–Centras–Fabijoniškės	359	NULL	NULL	NULL	NULL	NULL	NULL	NULL	3G	Autobusai	3G	03-ž		399	NULL	NULL	NULL
missed	614640	A>B	Fabijoniškės–Centras–Oro uostas	413	NULL	NULL	NULL	NULL	NULL	NULL	NULL	3G	Autobusai	3G	03-ž		459	NULL	NULL	NULL
missed	614640	B>A	Oro uostas–Centras–Fabijoniškės	464	NULL	NULL	NULL	NULL	NULL	NULL	NULL	3G	Autobusai	3G	03-ž		507	NULL	NULL	NULL
missed	614640	A>B	Fabijoniškės–Centras–Oro uostas	517	NULL	NULL	NULL	NULL	NULL	NULL	NULL	3G	Autobusai	3G	03-ž		566	NULL	NULL	NULL
missed	614640	B>A	Oro uostas–Centras–Fabijoniškės	571	NULL	NULL	NULL	NULL	NULL	NULL	NULL	3G	Autobusai	3G	03-ž		614	NULL	NULL	NULL
missed	614640	A>B	Fabijoniškės–Centras–Oro uostas	644	NULL	NULL	NULL	NULL	NULL	NULL	NULL	3G	Autobusai	3G	03-ž		688	NULL	NULL	NULL
missed	614640	B>A	Oro uostas–Centras–Fabijoniškės	693	NULL	NULL	NULL	NULL	NULL	NULL	NULL	3G	Autobusai	3G	03-ž		736	NULL	NULL	NULL
missed	614640	A>B	Fabijoniškės–Centras–Oro uostas	746	NULL	NULL	NULL	NULL	NULL	NULL	NULL	3G	Autobusai	3G	03-ž		790	NULL	NULL	NULL
missed	614640	B>A	Oro uostas–Centras–Fabijoniškės	795	NULL	NULL	NULL	NULL	NULL	NULL	NULL	3G	Autobusai	3G	03-ž		838	NULL	NULL	NULL
missed	614640	A>B	Fabijoniškės–Centras–Oro uostas	849	NULL	NULL	NULL	NULL	NULL	NULL	NULL	3G	Autobusai	3G	03-ž		893	NULL	NULL	NULL
missed	614640	B>A	Oro uostas–Centras–Fabijoniškės	898	NULL	NULL	NULL	NULL	NULL	NULL	NULL	3G	Autobusai	3G	03-ž		941	NULL	NULL	NULL
missed	614640	A>B	Fabijoniškės–Centras–Oro uostas	959	NULL	NULL	NULL	NULL	NULL	NULL	NULL	3G	Autobusai	3G	03-ž		1003	NULL	NULL	NULL
missed	614640	B>A	Oro uostas–Centras–Fabijoniškės	1008	NULL	NULL	NULL	NULL	NULL	NULL	NULL	3G	Autobusai	3G	03-ž		1055	NULL	NULL	NULL
missed	614640	A>B	Fabijoniškės–Centras–Oro uostas	1068	NULL	NULL	NULL	NULL	NULL	NULL	NULL	3G	Autobusai	3G	03-ž		1112	NULL	NULL	NULL
missed	614640	B>A	Oro uostas–Centras–Fabijoniškės	1117	NULL	NULL	NULL	NULL	NULL	NULL	NULL	3G	Autobusai	3G	03-ž		1162	NULL	NULL	NULL
missed	614640	A>B	Fabijoniškės–Centras–Oro uostas	1192	NULL	NULL	NULL	NULL	NULL	NULL	NULL	3G	Autobusai	3G	03-ž		1233	NULL	NULL	NULL
missed	614640	B>A	Oro uostas–Centras–Fabijoniškės	1238	NULL	NULL	NULL	NULL	NULL	NULL	NULL	3G	Autobusai	3G	03-ž		1279	NULL	NULL	NULL
missed	614640	A>B	Fabijoniškės–Centras–Oro uostas	1291	NULL	NULL	NULL	NULL	NULL	NULL	NULL	3G	Autobusai	3G	03-ž		1332	NULL	NULL	NULL
missed	614640	B>A	Oro uostas–Centras–Fabijoniškės	1337	NULL	NULL	NULL	NULL	NULL	NULL	NULL	3G	Autobusai	3G	03-ž		1378	NULL	NULL	NULL
missed	614641	A>B	Fabijoniškės–Centras–Oro uostas	388	NULL	NULL	NULL	NULL	NULL	NULL	NULL	3G	Autobusai	3G	04		430	NULL	NULL	NULL
missed	614641	B>A	Oro uostas–Centras–Fabijoniškės	435	NULL	NULL	NULL	NULL	NULL	NULL	NULL	3G	Autobusai	3G	04		478	NULL	NULL	NULL
missed	614641	A>B	Fabijoniškės–Centras–Oro uostas	490	NULL	NULL	NULL	NULL	NULL	NULL	NULL	3G	Autobusai	3G	04		539	NULL	NULL	NULL
missed	614641	B>A	Oro uostas–Centras–Fabijoniškės	544	NULL	NULL	NULL	NULL	NULL	NULL	NULL	3G	Autobusai	3G	04		587	NULL	NULL	NULL
missed	614641	A>B	Fabijoniškės–Centras–Oro uostas	911	NULL	NULL	NULL	NULL	NULL	NULL	NULL	3G	Autobusai	3G	04		955	NULL	NULL	NULL
missed	614641	B>A	Oro uostas–Centras–Fabijoniškės	960	NULL	NULL	NULL	NULL	NULL	NULL	NULL	3G	Autobusai	3G	04		1007	NULL	NULL	NULL
missed	614641	A>B	Fabijoniškės–Centras–Oro uostas	1019	NULL	NULL	NULL	NULL	NULL	NULL	NULL	3G	Autobusai	3G	04		1063	NULL	NULL	NULL
missed	614641	B>A	Oro uostas–Centras–Fabijoniškės	1068	NULL	NULL	NULL	NULL	NULL	NULL	NULL	3G	Autobusai	3G	04		1113	NULL	NULL	NULL
missed	614643	A>B	Fabijoniškės–Centras–Oro uostas	319	NULL	NULL	NULL	NULL	NULL	NULL	NULL	3G	Autobusai	3G	05		360	NULL	NULL	NULL
missed	614643	B>A	Oro uostas–Centras–Fabijoniškės	367	NULL	NULL	NULL	NULL	NULL	NULL	NULL	3G	Autobusai	3G	05		407	NULL	NULL	NULL
missed	614643	A>B	Fabijoniškės–Centras–Oro uostas	418	NULL	NULL	NULL	NULL	NULL	NULL	NULL	3G	Autobusai	3G	05		464	NULL	NULL	NULL
missed	614643	B>A	Oro uostas–Centras–Fabijoniškės	469	NULL	NULL	NULL	NULL	NULL	NULL	NULL	3G	Autobusai	3G	05		512	NULL	NULL	NULL
missed	614643	A>B	Fabijoniškės–Centras–Oro uostas	524	NULL	NULL	NULL	NULL	NULL	NULL	NULL	3G	Autobusai	3G	05		570	NULL	NULL	NULL
missed	614643	B>A	Oro uostas–Centras–Fabijoniškės	576	NULL	NULL	NULL	NULL	NULL	NULL	NULL	3G	Autobusai	3G	05		619	NULL	NULL	NULL
missed	614643	A>B	Fabijoniškės–Centras–Oro uostas	654	NULL	NULL	NULL	NULL	NULL	NULL	NULL	3G	Autobusai	3G	05		698	NULL	NULL	NULL
missed	614643	B>A	Oro uostas–Centras–Fabijoniškės	703	NULL	NULL	NULL	NULL	NULL	NULL	NULL	3G	Autobusai	3G	05		746	NULL	NULL	NULL
missed	614643	A>B	Fabijoniškės–Centras–Oro uostas	756	NULL	NULL	NULL	NULL	NULL	NULL	NULL	3G	Autobusai	3G	05		800	NULL	NULL	NULL
missed	614643	B>A	Oro uostas–Centras–Fabijoniškės	805	NULL	NULL	NULL	NULL	NULL	NULL	NULL	3G	Autobusai	3G	05		848	NULL	NULL	NULL
missed	614643	A>B	Fabijoniškės–Centras–Oro uostas	859	NULL	NULL	NULL	NULL	NULL	NULL	NULL	3G	Autobusai	3G	05		903	NULL	NULL	NULL
missed	614643	B>A	Oro uostas–Centras–Fabijoniškės	908	NULL	NULL	NULL	NULL	NULL	NULL	NULL	3G	Autobusai	3G	05		951	NULL	NULL	NULL
missed	614643	A>B	Fabijoniškės–Centras–Oro uostas	969	NULL	NULL	NULL	NULL	NULL	NULL	NULL	3G	Autobusai	3G	05		1013	NULL	NULL	NULL
missed	614643	B>A	Oro uostas–Centras–Fabijoniškės	1018	NULL	NULL	NULL	NULL	NULL	NULL	NULL	3G	Autobusai	3G	05		1065	NULL	NULL	NULL
missed	614643	A>B	Fabijoniškės–Centras–Oro uostas	1079	NULL	NULL	NULL	NULL	NULL	NULL	NULL	3G	Autobusai	3G	05		1123	NULL	NULL	NULL
missed	614643	B>A	Oro uostas–Centras–Fabijoniškės	1128	NULL	NULL	NULL	NULL	NULL	NULL	NULL	3G	Autobusai	3G	05		1170	NULL	NULL	NULL
missed	614643	A>B	Fabijoniškės–Centras–Oro uostas	1200	NULL	NULL	NULL	NULL	NULL	NULL	NULL	3G	Autobusai	3G	05		1241	NULL	NULL	NULL
missed	614643	B>A	Oro uostas–Centras–Fabijoniškės	1246	NULL	NULL	NULL	NULL	NULL	NULL	NULL	3G	Autobusai	3G	05		1287	NULL	NULL	NULL
missed	614643	A>B	Fabijoniškės–Centras–Oro uostas	1301	NULL	NULL	NULL	NULL	NULL	NULL	NULL	3G	Autobusai	3G	05		1342	NULL	NULL	NULL
missed	614643	B>A	Oro uostas–Centras–Fabijoniškės	1347	NULL	NULL	NULL	NULL	NULL	NULL	NULL	3G	Autobusai	3G	05		1388	NULL	NULL	NULL
missed	614644	A>B	Fabijoniškės–Centras–Oro uostas	398	NULL	NULL	NULL	NULL	NULL	NULL	NULL	3G	Autobusai	3G	06		440	NULL	NULL	NULL
missed	614644	B>A	Oro uostas–Centras–Fabijoniškės	445	NULL	NULL	NULL	NULL	NULL	NULL	NULL	3G	Autobusai	3G	06		488	NULL	NULL	NULL
missed	614644	A>B	Fabijoniškės–Centras–Oro uostas	500	NULL	NULL	NULL	NULL	NULL	NULL	NULL	3G	Autobusai	3G	06		549	NULL	NULL	NULL
missed	614644	B>A	Oro uostas–Centras–Fabijoniškės	554	NULL	NULL	NULL	NULL	NULL	NULL	NULL	3G	Autobusai	3G	06		597	NULL	NULL	NULL
missed	614644	A>B	Fabijoniškės–Centras–Oro uostas	928	NULL	NULL	NULL	NULL	NULL	NULL	NULL	3G	Autobusai	3G	06		972	NULL	NULL	NULL
missed	614644	B>A	Oro uostas–Centras–Fabijoniškės	977	NULL	NULL	NULL	NULL	NULL	NULL	NULL	3G	Autobusai	3G	06		1024	NULL	NULL	NULL
missed	614644	A>B	Fabijoniškės–Centras–Oro uostas	1036	NULL	NULL	NULL	NULL	NULL	NULL	NULL	3G	Autobusai	3G	06		1082	NULL	NULL	NULL
missed	614644	B>A	Oro uostas–Centras–Fabijoniškės	1087	NULL	NULL	NULL	NULL	NULL	NULL	NULL	3G	Autobusai	3G	06		1132	NULL	NULL	NULL
missed	614645	A>B	Fabijoniškės–Centras–Oro uostas	331	NULL	NULL	NULL	NULL	NULL	NULL	NULL	3G	Autobusai	3G	07-ž		372	NULL	NULL	NULL
missed	614645	B>A	Oro uostas–Centras–Fabijoniškės	377	NULL	NULL	NULL	NULL	NULL	NULL	NULL	3G	Autobusai	3G	07-ž		417	NULL	NULL	NULL
missed	614645	A>B	Fabijoniškės–Centras–Oro uostas	428	NULL	NULL	NULL	NULL	NULL	NULL	NULL	3G	Autobusai	3G	07-ž		475	NULL	NULL	NULL
missed	614645	B>A	Oro uostas–Centras–Fabijoniškės	480	NULL	NULL	NULL	NULL	NULL	NULL	NULL	3G	Autobusai	3G	07-ž		523	NULL	NULL	NULL
missed	614645	A>B	Fabijoniškės–Centras–Oro uostas	536	NULL	NULL	NULL	NULL	NULL	NULL	NULL	3G	Autobusai	3G	07-ž		581	NULL	NULL	NULL
missed	614645	B>A	Oro uostas–Centras–Fabijoniškės	586	NULL	NULL	NULL	NULL	NULL	NULL	NULL	3G	Autobusai	3G	07-ž		629	NULL	NULL	NULL
missed	614645	A>B	Fabijoniškės–Centras–Oro uostas	663	NULL	NULL	NULL	NULL	NULL	NULL	NULL	3G	Autobusai	3G	07-ž		707	NULL	NULL	NULL
missed	614645	B>A	Oro uostas–Centras–Fabijoniškės	712	NULL	NULL	NULL	NULL	NULL	NULL	NULL	3G	Autobusai	3G	07-ž		755	NULL	NULL	NULL
missed	614645	A>B	Fabijoniškės–Centras–Oro uostas	765	NULL	NULL	NULL	NULL	NULL	NULL	NULL	3G	Autobusai	3G	07-ž		809	NULL	NULL	NULL
missed	614645	B>A	Oro uostas–Centras–Fabijoniškės	814	NULL	NULL	NULL	NULL	NULL	NULL	NULL	3G	Autobusai	3G	07-ž		857	NULL	NULL	NULL
missed	614645	A>B	Fabijoniškės–Centras–Oro uostas	868	NULL	NULL	NULL	NULL	NULL	NULL	NULL	3G	Autobusai	3G	07-ž		912	NULL	NULL	NULL
missed	614645	B>A	Oro uostas–Centras–Fabijoniškės	917	NULL	NULL	NULL	NULL	NULL	NULL	NULL	3G	Autobusai	3G	07-ž		960	NULL	NULL	NULL
missed	614645	A>B	Fabijoniškės–Centras–Oro uostas	980	NULL	NULL	NULL	NULL	NULL	NULL	NULL	3G	Autobusai	3G	07-ž		1024	NULL	NULL	NULL
missed	614645	B>A	Oro uostas–Centras–Fabijoniškės	1029	NULL	NULL	NULL	NULL	NULL	NULL	NULL	3G	Autobusai	3G	07-ž		1076	NULL	NULL	NULL
missed	614645	A>B	Fabijoniškės–Centras–Oro uostas	1107	NULL	NULL	NULL	NULL	NULL	NULL	NULL	3G	Autobusai	3G	07-ž		1151	NULL	NULL	NULL
missed	614645	B>A	Oro uostas–Centras–Fabijoniškės	1156	NULL	NULL	NULL	NULL	NULL	NULL	NULL	3G	Autobusai	3G	07-ž		1197	NULL	NULL	NULL
missed	614645	A>B	Fabijoniškės–Centras–Oro uostas	1208	NULL	NULL	NULL	NULL	NULL	NULL	NULL	3G	Autobusai	3G	07-ž		1249	NULL	NULL	NULL
missed	614645	B>A	Oro uostas–Centras–Fabijoniškės	1254	NULL	NULL	NULL	NULL	NULL	NULL	NULL	3G	Autobusai	3G	07-ž		1295	NULL	NULL	NULL
missed	614645	A>B	Fabijoniškės–Centras–Oro uostas	1312	NULL	NULL	NULL	NULL	NULL	NULL	NULL	3G	Autobusai	3G	07-ž		1353	NULL	NULL	NULL
missed	614645	B>A	Oro uostas–Centras–Fabijoniškės	1358	NULL	NULL	NULL	NULL	NULL	NULL	NULL	3G	Autobusai	3G	07-ž		1399	NULL	NULL	NULL
missed	614648	A>B	Fabijoniškės–Centras–Oro uostas	408	NULL	NULL	NULL	NULL	NULL	NULL	NULL	3G	Autobusai	3G	08		454	NULL	NULL	NULL
missed	614648	B>A	Oro uostas–Centras–Fabijoniškės	459	NULL	NULL	NULL	NULL	NULL	NULL	NULL	3G	Autobusai	3G	08		502	NULL	NULL	NULL
missed	614648	A>B	Fabijoniškės–Centras–Oro uostas	512	NULL	NULL	NULL	NULL	NULL	NULL	NULL	3G	Autobusai	3G	08		561	NULL	NULL	NULL
missed	614648	B>A	Oro uostas–Centras–Fabijoniškės	566	NULL	NULL	NULL	NULL	NULL	NULL	NULL	3G	Autobusai	3G	08		609	NULL	NULL	NULL
missed	614648	A>B	Fabijoniškės–Centras–Oro uostas	949	NULL	NULL	NULL	NULL	NULL	NULL	NULL	3G	Autobusai	3G	08		993	NULL	NULL	NULL
missed	614648	B>A	Oro uostas–Centras–Fabijoniškės	998	NULL	NULL	NULL	NULL	NULL	NULL	NULL	3G	Autobusai	3G	08		1045	NULL	NULL	NULL
missed	614648	A>B	Fabijoniškės–Centras–Oro uostas	1058	NULL	NULL	NULL	NULL	NULL	NULL	NULL	3G	Autobusai	3G	08		1102	NULL	NULL	NULL
missed	614648	B>A	Oro uostas–Centras–Fabijoniškės	1107	NULL	NULL	NULL	NULL	NULL	NULL	NULL	3G	Autobusai	3G	08		1152	NULL	NULL	NULL
missed	614647	B>A	Oro uostas–Centras–Fabijoniškės	333	NULL	NULL	NULL	NULL	NULL	NULL	NULL	3G	Autobusai	3G	09-ž		373	NULL	NULL	NULL
missed	614647	A>B	Fabijoniškės–Centras–Oro uostas	383	NULL	NULL	NULL	NULL	NULL	NULL	NULL	3G	Autobusai	3G	09-ž		425	NULL	NULL	NULL
missed	614647	B>A	Oro uostas–Centras–Fabijoniškės	430	NULL	NULL	NULL	NULL	NULL	NULL	NULL	3G	Autobusai	3G	09-ž		473	NULL	NULL	NULL
missed	614647	A>B	Fabijoniškės–Centras–Oro uostas	485	NULL	NULL	NULL	NULL	NULL	NULL	NULL	3G	Autobusai	3G	09-ž		534	NULL	NULL	NULL
missed	614647	B>A	Oro uostas–Centras–Fabijoniškės	539	NULL	NULL	NULL	NULL	NULL	NULL	NULL	3G	Autobusai	3G	09-ž		582	NULL	NULL	NULL
missed	614647	A>B	Fabijoniškės–Centras–Oro uostas	612	NULL	NULL	NULL	NULL	NULL	NULL	NULL	3G	Autobusai	3G	09-ž		656	NULL	NULL	NULL
missed	614647	B>A	Oro uostas–Centras–Fabijoniškės	661	NULL	NULL	NULL	NULL	NULL	NULL	NULL	3G	Autobusai	3G	09-ž		704	NULL	NULL	NULL
missed	614647	A>B	Fabijoniškės–Centras–Oro uostas	720	NULL	NULL	NULL	NULL	NULL	NULL	NULL	3G	Autobusai	3G	09-ž		764	NULL	NULL	NULL
missed	614647	B>A	Oro uostas–Centras–Fabijoniškės	769	NULL	NULL	NULL	NULL	NULL	NULL	NULL	3G	Autobusai	3G	09-ž		812	NULL	NULL	NULL
missed	614647	A>B	Fabijoniškės–Centras–Oro uostas	823	NULL	NULL	NULL	NULL	NULL	NULL	NULL	3G	Autobusai	3G	09-ž		867	NULL	NULL	NULL
missed	614647	B>A	Oro uostas–Centras–Fabijoniškės	874	NULL	NULL	NULL	NULL	NULL	NULL	NULL	3G	Autobusai	3G	09-ž		917	NULL	NULL	NULL
missed	614647	A>B	Fabijoniškės–Centras–Oro uostas	934	NULL	NULL	NULL	NULL	NULL	NULL	NULL	3G	Autobusai	3G	09-ž		978	NULL	NULL	NULL
missed	614647	B>A	Oro uostas–Centras–Fabijoniškės	983	NULL	NULL	NULL	NULL	NULL	NULL	NULL	3G	Autobusai	3G	09-ž		1030	NULL	NULL	NULL
missed	614647	A>B	Fabijoniškės–Centras–Oro uostas	1042	NULL	NULL	NULL	NULL	NULL	NULL	NULL	3G	Autobusai	3G	09-ž		1088	NULL	NULL	NULL
missed	614647	B>A	Oro uostas–Centras–Fabijoniškės	1092	NULL	NULL	NULL	NULL	NULL	NULL	NULL	3G	Autobusai	3G	09-ž		1137	NULL	NULL	NULL
missed	614647	A>B	Fabijoniškės–Centras–Oro uostas	1168	NULL	NULL	NULL	NULL	NULL	NULL	NULL	3G	Autobusai	3G	09-ž		1210	NULL	NULL	NULL
missed	614647	B>A	Oro uostas–Centras–Fabijoniškės	1215	NULL	NULL	NULL	NULL	NULL	NULL	NULL	3G	Autobusai	3G	09-ž		1256	NULL	NULL	NULL
missed	614647	A>B	Fabijoniškės–Centras–Oro uostas	1266	NULL	NULL	NULL	NULL	NULL	NULL	NULL	3G	Autobusai	3G	09-ž		1307	NULL	NULL	NULL
missed	614647	B>A	Oro uostas–Centras–Fabijoniškės	1313	NULL	NULL	NULL	NULL	NULL	NULL	NULL	3G	Autobusai	3G	09-ž		1354	NULL	NULL	NULL
missed	614649	A>B	Fabijoniškės–Centras–Oro uostas	423	NULL	NULL	NULL	NULL	NULL	NULL	NULL	3G	Autobusai	3G	10		469	NULL	NULL	NULL
missed	614649	B>A	Oro uostas–Centras–Fabijoniškės	474	NULL	NULL	NULL	NULL	NULL	NULL	NULL	3G	Autobusai	3G	10		517	NULL	NULL	NULL
missed	614649	A>B	Fabijoniškės–Centras–Oro uostas	530	NULL	NULL	NULL	NULL	NULL	NULL	NULL	3G	Autobusai	3G	10		576	NULL	NULL	NULL
missed	614649	B>A	Oro uostas–Centras–Fabijoniškės	581	NULL	NULL	NULL	NULL	NULL	NULL	NULL	3G	Autobusai	3G	10		624	NULL	NULL	NULL
missed	614649	A>B	Fabijoniškės–Centras–Oro uostas	954	NULL	NULL	NULL	NULL	NULL	NULL	NULL	3G	Autobusai	3G	10		998	NULL	NULL	NULL
missed	614649	B>A	Oro uostas–Centras–Fabijoniškės	1003	NULL	NULL	NULL	NULL	NULL	NULL	NULL	3G	Autobusai	3G	10		1050	NULL	NULL	NULL
missed	614649	A>B	Fabijoniškės–Centras–Oro uostas	1063	NULL	NULL	NULL	NULL	NULL	NULL	NULL	3G	Autobusai	3G	10		1107	NULL	NULL	NULL
missed	614649	B>A	Oro uostas–Centras–Fabijoniškės	1112	NULL	NULL	NULL	NULL	NULL	NULL	NULL	3G	Autobusai	3G	10		1157	NULL	NULL	NULL
missed	614646	A>B	Fabijoniškės–Centras–Oro uostas	341	NULL	NULL	NULL	NULL	NULL	NULL	NULL	3G	Autobusai	3G	11		382	NULL	NULL	NULL
missed	614646	B>A	Oro uostas–Centras–Fabijoniškės	387	NULL	NULL	NULL	NULL	NULL	NULL	NULL	3G	Autobusai	3G	11		427	NULL	NULL	NULL
missed	614646	A>B	Fabijoniškės–Centras–Oro uostas	438	NULL	NULL	NULL	NULL	NULL	NULL	NULL	3G	Autobusai	3G	11		486	NULL	NULL	NULL
missed	614646	B>A	Oro uostas–Centras–Fabijoniškės	491	NULL	NULL	NULL	NULL	NULL	NULL	NULL	3G	Autobusai	3G	11		534	NULL	NULL	NULL
missed	614646	A>B	Fabijoniškės–Centras–Oro uostas	548	NULL	NULL	NULL	NULL	NULL	NULL	NULL	3G	Autobusai	3G	11		591	NULL	NULL	NULL
missed	614646	B>A	Oro uostas–Centras–Fabijoniškės	596	NULL	NULL	NULL	NULL	NULL	NULL	NULL	3G	Autobusai	3G	11		639	NULL	NULL	NULL
missed	614646	A>B	Fabijoniškės–Centras–Oro uostas	673	NULL	NULL	NULL	NULL	NULL	NULL	NULL	3G	Autobusai	3G	11		717	NULL	NULL	NULL
missed	614646	B>A	Oro uostas–Centras–Fabijoniškės	722	NULL	NULL	NULL	NULL	NULL	NULL	NULL	3G	Autobusai	3G	11		765	NULL	NULL	NULL
missed	614646	A>B	Fabijoniškės–Centras–Oro uostas	775	NULL	NULL	NULL	NULL	NULL	NULL	NULL	3G	Autobusai	3G	11		819	NULL	NULL	NULL
missed	614646	B>A	Oro uostas–Centras–Fabijoniškės	824	NULL	NULL	NULL	NULL	NULL	NULL	NULL	3G	Autobusai	3G	11		867	NULL	NULL	NULL
missed	614646	A>B	Fabijoniškės–Centras–Oro uostas	877	NULL	NULL	NULL	NULL	NULL	NULL	NULL	3G	Autobusai	3G	11		921	NULL	NULL	NULL
missed	614646	B>A	Oro uostas–Centras–Fabijoniškės	926	NULL	NULL	NULL	NULL	NULL	NULL	NULL	3G	Autobusai	3G	11		969	NULL	NULL	NULL
missed	614646	A>B	Fabijoniškės–Centras–Oro uostas	991	NULL	NULL	NULL	NULL	NULL	NULL	NULL	3G	Autobusai	3G	11		1035	NULL	NULL	NULL
missed	614646	B>A	Oro uostas–Centras–Fabijoniškės	1040	NULL	NULL	NULL	NULL	NULL	NULL	NULL	3G	Autobusai	3G	11		1087	NULL	NULL	NULL
missed	614646	A>B	Fabijoniškės–Centras–Oro uostas	1117	NULL	NULL	NULL	NULL	NULL	NULL	NULL	3G	Autobusai	3G	11		1160	NULL	NULL	NULL
missed	614646	B>A	Oro uostas–Centras–Fabijoniškės	1165	NULL	NULL	NULL	NULL	NULL	NULL	NULL	3G	Autobusai	3G	11		1206	NULL	NULL	NULL
missed	614646	A>B	Fabijoniškės–Centras–Oro uostas	1216	NULL	NULL	NULL	NULL	NULL	NULL	NULL	3G	Autobusai	3G	11		1257	NULL	NULL	NULL
missed	614646	B>A	Oro uostas–Centras–Fabijoniškės	1262	NULL	NULL	NULL	NULL	NULL	NULL	NULL	3G	Autobusai	3G	11		1303	NULL	NULL	NULL
missed	614646	A>B	Fabijoniškės–Centras–Oro uostas	1324	NULL	NULL	NULL	NULL	NULL	NULL	NULL	3G	Autobusai	3G	11		1365	NULL	NULL	NULL
missed	614646	B>A	Oro uostas–Centras–Fabijoniškės	1370	NULL	NULL	NULL	NULL	NULL	NULL	NULL	3G	Autobusai	3G	11		1411	NULL	NULL	NULL
missed	614651	A>B	Fabijoniškės–Centras–Oro uostas	433	NULL	NULL	NULL	NULL	NULL	NULL	NULL	3G	Autobusai	3G	12		481	NULL	NULL	NULL
missed	614651	B>A	Oro uostas–Centras–Fabijoniškės	486	NULL	NULL	NULL	NULL	NULL	NULL	NULL	3G	Autobusai	3G	12		529	NULL	NULL	NULL
missed	614651	A>B	Fabijoniškės–Centras–Oro uostas	542	NULL	NULL	NULL	NULL	NULL	NULL	NULL	3G	Autobusai	3G	12		586	NULL	NULL	NULL
missed	614651	B>A	Oro uostas–Centras–Fabijoniškės	591	NULL	NULL	NULL	NULL	NULL	NULL	NULL	3G	Autobusai	3G	12		634	NULL	NULL	NULL
missed	614651	A>B	Fabijoniškės–Centras–Oro uostas	964	NULL	NULL	NULL	NULL	NULL	NULL	NULL	3G	Autobusai	3G	12		1008	NULL	NULL	NULL
missed	614651	B>A	Oro uostas–Centras–Fabijoniškės	1013	NULL	NULL	NULL	NULL	NULL	NULL	NULL	3G	Autobusai	3G	12		1060	NULL	NULL	NULL
missed	614651	A>B	Fabijoniškės–Centras–Oro uostas	1074	NULL	NULL	NULL	NULL	NULL	NULL	NULL	3G	Autobusai	3G	12		1118	NULL	NULL	NULL
missed	614651	B>A	Oro uostas–Centras–Fabijoniškės	1123	NULL	NULL	NULL	NULL	NULL	NULL	NULL	3G	Autobusai	3G	12		1166	NULL	NULL	NULL
missed	614650	B>A	Oro uostas–Centras–Fabijoniškės	311	NULL	NULL	NULL	NULL	NULL	NULL	NULL	3G	Autobusai	3G	13-ž		351	NULL	NULL	NULL
missed	614650	A>B	Fabijoniškės–Centras–Oro uostas	360	NULL	NULL	NULL	NULL	NULL	NULL	NULL	3G	Autobusai	3G	13-ž		401	NULL	NULL	NULL
missed	614650	B>A	Oro uostas–Centras–Fabijoniškės	407	NULL	NULL	NULL	NULL	NULL	NULL	NULL	3G	Autobusai	3G	13-ž		450	NULL	NULL	NULL
missed	614650	A>B	Fabijoniškės–Centras–Oro uostas	459	NULL	NULL	NULL	NULL	NULL	NULL	NULL	3G	Autobusai	3G	13-ž		507	NULL	NULL	NULL
missed	614650	B>A	Oro uostas–Centras–Fabijoniškės	512	NULL	NULL	NULL	NULL	NULL	NULL	NULL	3G	Autobusai	3G	13-ž		555	NULL	NULL	NULL
missed	614650	A>B	Fabijoniškės–Centras–Oro uostas	591	NULL	NULL	NULL	NULL	NULL	NULL	NULL	3G	Autobusai	3G	13-ž		635	NULL	NULL	NULL
missed	614650	B>A	Oro uostas–Centras–Fabijoniškės	640	NULL	NULL	NULL	NULL	NULL	NULL	NULL	3G	Autobusai	3G	13-ž		683	NULL	NULL	NULL
missed	614650	A>B	Fabijoniškės–Centras–Oro uostas	696	NULL	NULL	NULL	NULL	NULL	NULL	NULL	3G	Autobusai	3G	13-ž		740	NULL	NULL	NULL
missed	614650	B>A	Oro uostas–Centras–Fabijoniškės	745	NULL	NULL	NULL	NULL	NULL	NULL	NULL	3G	Autobusai	3G	13-ž		788	NULL	NULL	NULL
missed	614650	A>B	Fabijoniškės–Centras–Oro uostas	798	NULL	NULL	NULL	NULL	NULL	NULL	NULL	3G	Autobusai	3G	13-ž		842	NULL	NULL	NULL
missed	614650	B>A	Oro uostas–Centras–Fabijoniškės	847	NULL	NULL	NULL	NULL	NULL	NULL	NULL	3G	Autobusai	3G	13-ž		890	NULL	NULL	NULL
missed	614650	A>B	Fabijoniškės–Centras–Oro uostas	900	NULL	NULL	NULL	NULL	NULL	NULL	NULL	3G	Autobusai	3G	13-ž		944	NULL	NULL	NULL
missed	614650	B>A	Oro uostas–Centras–Fabijoniškės	949	NULL	NULL	NULL	NULL	NULL	NULL	NULL	3G	Autobusai	3G	13-ž		996	NULL	NULL	NULL
missed	614650	A>B	Fabijoniškės–Centras–Oro uostas	1008	NULL	NULL	NULL	NULL	NULL	NULL	NULL	3G	Autobusai	3G	13-ž		1052	NULL	NULL	NULL
missed	614650	B>A	Oro uostas–Centras–Fabijoniškės	1057	NULL	NULL	NULL	NULL	NULL	NULL	NULL	3G	Autobusai	3G	13-ž		1102	NULL	NULL	NULL
missed	614650	A>B	Fabijoniškės–Centras–Oro uostas	1142	NULL	NULL	NULL	NULL	NULL	NULL	NULL	3G	Autobusai	3G	13-ž		1184	NULL	NULL	NULL
missed	614650	B>A	Oro uostas–Centras–Fabijoniškės	1189	NULL	NULL	NULL	NULL	NULL	NULL	NULL	3G	Autobusai	3G	13-ž		1230	NULL	NULL	NULL
missed	614650	A>B	Fabijoniškės–Centras–Oro uostas	1240	NULL	NULL	NULL	NULL	NULL	NULL	NULL	3G	Autobusai	3G	13-ž		1281	NULL	NULL	NULL
missed	614650	B>A	Oro uostas–Centras–Fabijoniškės	1286	NULL	NULL	NULL	NULL	NULL	NULL	NULL	3G	Autobusai	3G	13-ž		1327	NULL	NULL	NULL
missed	614652	A>B	Fabijoniškės–Centras–Oro uostas	349	NULL	NULL	NULL	NULL	NULL	NULL	NULL	3G	Autobusai	3G	14		390	NULL	NULL	NULL
missed	614652	B>A	Oro uostas–Centras–Fabijoniškės	395	NULL	NULL	NULL	NULL	NULL	NULL	NULL	3G	Autobusai	3G	14		435	NULL	NULL	NULL
missed	614652	A>B	Fabijoniškės–Centras–Oro uostas	448	NULL	NULL	NULL	NULL	NULL	NULL	NULL	3G	Autobusai	3G	14		496	NULL	NULL	NULL
missed	614652	B>A	Oro uostas–Centras–Fabijoniškės	501	NULL	NULL	NULL	NULL	NULL	NULL	NULL	3G	Autobusai	3G	14		544	NULL	NULL	NULL
missed	614652	A>B	Fabijoniškės–Centras–Oro uostas	560	NULL	NULL	NULL	NULL	NULL	NULL	NULL	3G	Autobusai	3G	14		604	NULL	NULL	NULL
missed	614652	B>A	Oro uostas–Centras–Fabijoniškės	609	NULL	NULL	NULL	NULL	NULL	NULL	NULL	3G	Autobusai	3G	14		652	NULL	NULL	NULL
missed	614652	A>B	Fabijoniškės–Centras–Oro uostas	682	NULL	NULL	NULL	NULL	NULL	NULL	NULL	3G	Autobusai	3G	14		726	NULL	NULL	NULL
missed	614652	B>A	Oro uostas–Centras–Fabijoniškės	731	NULL	NULL	NULL	NULL	NULL	NULL	NULL	3G	Autobusai	3G	14		774	NULL	NULL	NULL
missed	614652	A>B	Fabijoniškės–Centras–Oro uostas	784	NULL	NULL	NULL	NULL	NULL	NULL	NULL	3G	Autobusai	3G	14		828	NULL	NULL	NULL
missed	614652	B>A	Oro uostas–Centras–Fabijoniškės	833	NULL	NULL	NULL	NULL	NULL	NULL	NULL	3G	Autobusai	3G	14		876	NULL	NULL	NULL
missed	614652	A>B	Fabijoniškės–Centras–Oro uostas	886	NULL	NULL	NULL	NULL	NULL	NULL	NULL	3G	Autobusai	3G	14		930	NULL	NULL	NULL
missed	614652	B>A	Oro uostas–Centras–Fabijoniškės	935	NULL	NULL	NULL	NULL	NULL	NULL	NULL	3G	Autobusai	3G	14		978	NULL	NULL	NULL
missed	614652	A>B	Fabijoniškės–Centras–Oro uostas	997	NULL	NULL	NULL	NULL	NULL	NULL	NULL	3G	Autobusai	3G	14		1041	NULL	NULL	NULL
missed	614652	B>A	Oro uostas–Centras–Fabijoniškės	1046	NULL	NULL	NULL	NULL	NULL	NULL	NULL	3G	Autobusai	3G	14		1093	NULL	NULL	NULL
missed	614652	A>B	Fabijoniškės–Centras–Oro uostas	1125	NULL	NULL	NULL	NULL	NULL	NULL	NULL	3G	Autobusai	3G	14		1168	NULL	NULL	NULL
missed	614652	B>A	Oro uostas–Centras–Fabijoniškės	1173	NULL	NULL	NULL	NULL	NULL	NULL	NULL	3G	Autobusai	3G	14		1214	NULL	NULL	NULL
missed	614652	A>B	Fabijoniškės–Centras–Oro uostas	1224	NULL	NULL	NULL	NULL	NULL	NULL	NULL	3G	Autobusai	3G	14		1265	NULL	NULL	NULL
missed	614652	B>A	Oro uostas–Centras–Fabijoniškės	1270	NULL	NULL	NULL	NULL	NULL	NULL	NULL	3G	Autobusai	3G	14		1311	NULL	NULL	NULL
missed	614652	A>B	Fabijoniškės–Centras–Oro uostas	1337	NULL	NULL	NULL	NULL	NULL	NULL	NULL	3G	Autobusai	3G	14		1378	NULL	NULL	NULL
missed	614652	B>A	Oro uostas–Centras–Fabijoniškės	1383	NULL	NULL	NULL	NULL	NULL	NULL	NULL	3G	Autobusai	3G	14		1424	NULL	NULL	NULL
missed	614653	B>A	Oro uostas–Centras–Fabijoniškės	323	NULL	NULL	NULL	NULL	NULL	NULL	NULL	3G	Autobusai	3G	15		363	NULL	NULL	NULL
missed	614653	A>B	Fabijoniškės–Centras–Oro uostas	373	NULL	NULL	NULL	NULL	NULL	NULL	NULL	3G	Autobusai	3G	15		415	NULL	NULL	NULL
missed	614653	B>A	Oro uostas–Centras–Fabijoniškės	420	NULL	NULL	NULL	NULL	NULL	NULL	NULL	3G	Autobusai	3G	15		463	NULL	NULL	NULL
missed	614653	A>B	Fabijoniškės–Centras–Oro uostas	475	NULL	NULL	NULL	NULL	NULL	NULL	NULL	3G	Autobusai	3G	15		523	NULL	NULL	NULL
missed	614653	B>A	Oro uostas–Centras–Fabijoniškės	528	NULL	NULL	NULL	NULL	NULL	NULL	NULL	3G	Autobusai	3G	15		571	NULL	NULL	NULL
missed	614653	A>B	Fabijoniškės–Centras–Oro uostas	601	NULL	NULL	NULL	NULL	NULL	NULL	NULL	3G	Autobusai	3G	15		645	NULL	NULL	NULL
missed	614653	B>A	Oro uostas–Centras–Fabijoniškės	650	NULL	NULL	NULL	NULL	NULL	NULL	NULL	3G	Autobusai	3G	15		693	NULL	NULL	NULL
missed	614653	A>B	Fabijoniškės–Centras–Oro uostas	704	NULL	NULL	NULL	NULL	NULL	NULL	NULL	3G	Autobusai	3G	15		748	NULL	NULL	NULL
missed	614653	B>A	Oro uostas–Centras–Fabijoniškės	753	NULL	NULL	NULL	NULL	NULL	NULL	NULL	3G	Autobusai	3G	15		796	NULL	NULL	NULL
missed	614653	A>B	Fabijoniškės–Centras–Oro uostas	806	NULL	NULL	NULL	NULL	NULL	NULL	NULL	3G	Autobusai	3G	15		850	NULL	NULL	NULL
missed	614653	B>A	Oro uostas–Centras–Fabijoniškės	856	NULL	NULL	NULL	NULL	NULL	NULL	NULL	3G	Autobusai	3G	15		899	NULL	NULL	NULL
missed	614653	A>B	Fabijoniškės–Centras–Oro uostas	917	NULL	NULL	NULL	NULL	NULL	NULL	NULL	3G	Autobusai	3G	15		961	NULL	NULL	NULL
missed	614653	B>A	Oro uostas–Centras–Fabijoniškės	966	NULL	NULL	NULL	NULL	NULL	NULL	NULL	3G	Autobusai	3G	15		1013	NULL	NULL	NULL
missed	614653	A>B	Fabijoniškės–Centras–Oro uostas	1025	NULL	NULL	NULL	NULL	NULL	NULL	NULL	3G	Autobusai	3G	15		1070	NULL	NULL	NULL
missed	614653	B>A	Oro uostas–Centras–Fabijoniškės	1075	NULL	NULL	NULL	NULL	NULL	NULL	NULL	3G	Autobusai	3G	15		1120	NULL	NULL	NULL
missed	614653	A>B	Fabijoniškės–Centras–Oro uostas	1151	NULL	NULL	NULL	NULL	NULL	NULL	NULL	3G	Autobusai	3G	15		1193	NULL	NULL	NULL
missed	614653	B>A	Oro uostas–Centras–Fabijoniškės	1198	NULL	NULL	NULL	NULL	NULL	NULL	NULL	3G	Autobusai	3G	15		1239	NULL	NULL	NULL
missed	614653	A>B	Fabijoniškės–Centras–Oro uostas	1249	NULL	NULL	NULL	NULL	NULL	NULL	NULL	3G	Autobusai	3G	15		1290	NULL	NULL	NULL
missed	614653	B>A	Oro uostas–Centras–Fabijoniškės	1295	NULL	NULL	NULL	NULL	NULL	NULL	NULL	3G	Autobusai	3G	15		1336	NULL	NULL	NULL
missed	614654	A>B	Fabijoniškės–Centras–Oro uostas	443	NULL	NULL	NULL	NULL	NULL	NULL	NULL	3G	Autobusai	3G	16		491	NULL	NULL	NULL
missed	614654	B>A	Oro uostas–Centras–Fabijoniškės	496	NULL	NULL	NULL	NULL	NULL	NULL	NULL	3G	Autobusai	3G	16		539	NULL	NULL	NULL
missed	614654	A>B	Fabijoniškės–Centras–Oro uostas	554	NULL	NULL	NULL	NULL	NULL	NULL	NULL	3G	Autobusai	3G	16		598	NULL	NULL	NULL
missed	614654	B>A	Oro uostas–Centras–Fabijoniškės	603	NULL	NULL	NULL	NULL	NULL	NULL	NULL	3G	Autobusai	3G	16		646	NULL	NULL	NULL
missed	614654	A>B	Fabijoniškės–Centras–Oro uostas	974	NULL	NULL	NULL	NULL	NULL	NULL	NULL	3G	Autobusai	3G	16		1018	NULL	NULL	NULL
missed	614654	B>A	Oro uostas–Centras–Fabijoniškės	1023	NULL	NULL	NULL	NULL	NULL	NULL	NULL	3G	Autobusai	3G	16		1070	NULL	NULL	NULL
missed	614654	A>B	Fabijoniškės–Centras–Oro uostas	1087	NULL	NULL	NULL	NULL	NULL	NULL	NULL	3G	Autobusai	3G	16		1131	NULL	NULL	NULL
missed	614654	B>A	Oro uostas–Centras–Fabijoniškės	1136	NULL	NULL	NULL	NULL	NULL	NULL	NULL	3G	Autobusai	3G	16		1178	NULL	NULL	NULL
missed	614655	A>B	Fabijoniškės–Centras–Oro uostas	354	NULL	NULL	NULL	NULL	NULL	NULL	NULL	3G	Autobusai	3G	17		396	NULL	NULL	NULL
missed	614655	B>A	Oro uostas–Centras–Fabijoniškės	401	NULL	NULL	NULL	NULL	NULL	NULL	NULL	3G	Autobusai	3G	17		444	NULL	NULL	NULL
missed	614655	A>B	Fabijoniškės–Centras–Oro uostas	454	NULL	NULL	NULL	NULL	NULL	NULL	NULL	3G	Autobusai	3G	17		502	NULL	NULL	NULL
missed	614655	B>A	Oro uostas–Centras–Fabijoniškės	507	NULL	NULL	NULL	NULL	NULL	NULL	NULL	3G	Autobusai	3G	17		550	NULL	NULL	NULL
missed	614655	A>B	Fabijoniškės–Centras–Oro uostas	567	NULL	NULL	NULL	NULL	NULL	NULL	NULL	3G	Autobusai	3G	17		611	NULL	NULL	NULL
missed	614655	B>A	Oro uostas–Centras–Fabijoniškės	616	NULL	NULL	NULL	NULL	NULL	NULL	NULL	3G	Autobusai	3G	17		659	NULL	NULL	NULL
missed	614655	A>B	Fabijoniškės–Centras–Oro uostas	689	NULL	NULL	NULL	NULL	NULL	NULL	NULL	3G	Autobusai	3G	17		733	NULL	NULL	NULL
missed	614655	B>A	Oro uostas–Centras–Fabijoniškės	738	NULL	NULL	NULL	NULL	NULL	NULL	NULL	3G	Autobusai	3G	17		781	NULL	NULL	NULL
missed	614655	A>B	Fabijoniškės–Centras–Oro uostas	791	NULL	NULL	NULL	NULL	NULL	NULL	NULL	3G	Autobusai	3G	17		835	NULL	NULL	NULL
missed	614655	B>A	Oro uostas–Centras–Fabijoniškės	840	NULL	NULL	NULL	NULL	NULL	NULL	NULL	3G	Autobusai	3G	17		883	NULL	NULL	NULL
missed	614655	A>B	Fabijoniškės–Centras–Oro uostas	893	NULL	NULL	NULL	NULL	NULL	NULL	NULL	3G	Autobusai	3G	17		937	NULL	NULL	NULL
missed	614655	B>A	Oro uostas–Centras–Fabijoniškės	942	NULL	NULL	NULL	NULL	NULL	NULL	NULL	3G	Autobusai	3G	17		986	NULL	NULL	NULL
missed	614655	A>B	Fabijoniškės–Centras–Oro uostas	1003	NULL	NULL	NULL	NULL	NULL	NULL	NULL	3G	Autobusai	3G	17		1047	NULL	NULL	NULL
missed	614655	B>A	Oro uostas–Centras–Fabijoniškės	1052	NULL	NULL	NULL	NULL	NULL	NULL	NULL	3G	Autobusai	3G	17		1098	NULL	NULL	NULL
missed	614655	A>B	Fabijoniškės–Centras–Oro uostas	1134	NULL	NULL	NULL	NULL	NULL	NULL	NULL	3G	Autobusai	3G	17		1177	NULL	NULL	NULL
missed	614655	B>A	Oro uostas–Centras–Fabijoniškės	1182	NULL	NULL	NULL	NULL	NULL	NULL	NULL	3G	Autobusai	3G	17		1223	NULL	NULL	NULL
missed	614655	A>B	Fabijoniškės–Centras–Oro uostas	1232	NULL	NULL	NULL	NULL	NULL	NULL	NULL	3G	Autobusai	3G	17		1273	NULL	NULL	NULL
missed	614655	B>A	Oro uostas–Centras–Fabijoniškės	1278	NULL	NULL	NULL	NULL	NULL	NULL	NULL	3G	Autobusai	3G	17		1319	NULL	NULL	NULL
missed	614656	A>B	Fabijoniškės–Centras–Oro uostas	464	NULL	NULL	NULL	NULL	NULL	NULL	NULL	3G	Autobusai	3G	18		512	NULL	NULL	NULL
missed	614656	B>A	Oro uostas–Centras–Fabijoniškės	517	NULL	NULL	NULL	NULL	NULL	NULL	NULL	3G	Autobusai	3G	18		560	NULL	NULL	NULL
missed	614656	A>B	Fabijoniškės–Centras–Oro uostas	575	NULL	NULL	NULL	NULL	NULL	NULL	NULL	3G	Autobusai	3G	18		619	NULL	NULL	NULL
missed	614656	B>A	Oro uostas–Centras–Fabijoniškės	624	NULL	NULL	NULL	NULL	NULL	NULL	NULL	3G	Autobusai	3G	18		667	NULL	NULL	NULL
missed	614656	A>B	Fabijoniškės–Centras–Oro uostas	985	NULL	NULL	NULL	NULL	NULL	NULL	NULL	3G	Autobusai	3G	18		1029	NULL	NULL	NULL
missed	614656	B>A	Oro uostas–Centras–Fabijoniškės	1034	NULL	NULL	NULL	NULL	NULL	NULL	NULL	3G	Autobusai	3G	18		1081	NULL	NULL	NULL
missed	614656	A>B	Fabijoniškės–Centras–Oro uostas	1097	NULL	NULL	NULL	NULL	NULL	NULL	NULL	3G	Autobusai	3G	18		1141	NULL	NULL	NULL
missed	614656	B>A	Oro uostas–Centras–Fabijoniškės	1146	NULL	NULL	NULL	NULL	NULL	NULL	NULL	3G	Autobusai	3G	18		1187	NULL	NULL	NULL
missed	614657	A>B	Fabijoniškės–Centras–Oro uostas	366	NULL	NULL	NULL	NULL	NULL	NULL	NULL	3G	Autobusai	3G	19		408	NULL	NULL	NULL
missed	614657	B>A	Oro uostas–Centras–Fabijoniškės	413	NULL	NULL	NULL	NULL	NULL	NULL	NULL	3G	Autobusai	3G	19		456	NULL	NULL	NULL
missed	614657	A>B	Fabijoniškės–Centras–Oro uostas	469	NULL	NULL	NULL	NULL	NULL	NULL	NULL	3G	Autobusai	3G	19		517	NULL	NULL	NULL
missed	614657	B>A	Oro uostas–Centras–Fabijoniškės	522	NULL	NULL	NULL	NULL	NULL	NULL	NULL	3G	Autobusai	3G	19		565	NULL	NULL	NULL
missed	614657	A>B	Fabijoniškės–Centras–Oro uostas	583	NULL	NULL	NULL	NULL	NULL	NULL	NULL	3G	Autobusai	3G	19		627	NULL	NULL	NULL
missed	614657	B>A	Oro uostas–Centras–Fabijoniškės	632	NULL	NULL	NULL	NULL	NULL	NULL	NULL	3G	Autobusai	3G	19		675	NULL	NULL	NULL
missed	614657	A>B	Fabijoniškės–Centras–Oro uostas	712	NULL	NULL	NULL	NULL	NULL	NULL	NULL	3G	Autobusai	3G	19		756	NULL	NULL	NULL
missed	614657	B>A	Oro uostas–Centras–Fabijoniškės	761	NULL	NULL	NULL	NULL	NULL	NULL	NULL	3G	Autobusai	3G	19		804	NULL	NULL	NULL
missed	614657	A>B	Fabijoniškės–Centras–Oro uostas	814	NULL	NULL	NULL	NULL	NULL	NULL	NULL	3G	Autobusai	3G	19		858	NULL	NULL	NULL
missed	614657	B>A	Oro uostas–Centras–Fabijoniškės	866	NULL	NULL	NULL	NULL	NULL	NULL	NULL	3G	Autobusai	3G	19		909	NULL	NULL	NULL
missed	614657	A>B	Fabijoniškės–Centras–Oro uostas	923	NULL	NULL	NULL	NULL	NULL	NULL	NULL	3G	Autobusai	3G	19		967	NULL	NULL	NULL
missed	614657	B>A	Oro uostas–Centras–Fabijoniškės	972	NULL	NULL	NULL	NULL	NULL	NULL	NULL	3G	Autobusai	3G	19		1019	NULL	NULL	NULL
missed	614657	A>B	Fabijoniškės–Centras–Oro uostas	1031	NULL	NULL	NULL	NULL	NULL	NULL	NULL	3G	Autobusai	3G	19		1075	NULL	NULL	NULL
missed	614657	B>A	Oro uostas–Centras–Fabijoniškės	1081	NULL	NULL	NULL	NULL	NULL	NULL	NULL	3G	Autobusai	3G	19		1126	NULL	NULL	NULL
missed	614657	A>B	Fabijoniškės–Centras–Oro uostas	1160	NULL	NULL	NULL	NULL	NULL	NULL	NULL	3G	Autobusai	3G	19		1202	NULL	NULL	NULL
missed	614657	B>A	Oro uostas–Centras–Fabijoniškės	1207	NULL	NULL	NULL	NULL	NULL	NULL	NULL	3G	Autobusai	3G	19		1248	NULL	NULL	NULL
missed	614657	A>B	Fabijoniškės–Centras–Oro uostas	1259	NULL	NULL	NULL	NULL	NULL	NULL	NULL	3G	Autobusai	3G	19		1300	NULL	NULL	NULL
missed	614657	B>A	Oro uostas–Centras–Fabijoniškės	1305	NULL	NULL	NULL	NULL	NULL	NULL	NULL	3G	Autobusai	3G	19		1346	NULL	NULL	NULL
missed	614657	A>B	Fabijoniškės–Centras–Oro uostas	1355	NULL	NULL	NULL	NULL	NULL	NULL	NULL	3G	Autobusai	3G	19		1396	NULL	NULL	NULL
missed	614657	B>A	Oro uostas–Centras–Fabijoniškės	1399	NULL	NULL	NULL	NULL	NULL	NULL	NULL	3G	Autobusai	3G	19		1440	NULL	NULL	NULL
missed	614658	B>A	Oro uostas–Centras–Fabijoniškės	343	NULL	NULL	NULL	NULL	NULL	NULL	NULL	3G	Autobusai	3G	20		383	NULL	NULL	NULL
missed	614658	A>B	Fabijoniškės–Centras–Oro uostas	393	NULL	NULL	NULL	NULL	NULL	NULL	NULL	3G	Autobusai	3G	20		435	NULL	NULL	NULL
missed	614658	B>A	Oro uostas–Centras–Fabijoniškės	440	NULL	NULL	NULL	NULL	NULL	NULL	NULL	3G	Autobusai	3G	20		483	NULL	NULL	NULL
missed	614658	A>B	Fabijoniškės–Centras–Oro uostas	495	NULL	NULL	NULL	NULL	NULL	NULL	NULL	3G	Autobusai	3G	20		544	NULL	NULL	NULL
missed	614658	B>A	Oro uostas–Centras–Fabijoniškės	549	NULL	NULL	NULL	NULL	NULL	NULL	NULL	3G	Autobusai	3G	20		592	NULL	NULL	NULL
missed	614658	A>B	Fabijoniškės–Centras–Oro uostas	623	NULL	NULL	NULL	NULL	NULL	NULL	NULL	3G	Autobusai	3G	20		667	NULL	NULL	NULL
missed	614658	B>A	Oro uostas–Centras–Fabijoniškės	672	NULL	NULL	NULL	NULL	NULL	NULL	NULL	3G	Autobusai	3G	20		715	NULL	NULL	NULL
missed	614658	A>B	Fabijoniškės–Centras–Oro uostas	730	NULL	NULL	NULL	NULL	NULL	NULL	NULL	3G	Autobusai	3G	20		774	NULL	NULL	NULL
missed	614658	B>A	Oro uostas–Centras–Fabijoniškės	779	NULL	NULL	NULL	NULL	NULL	NULL	NULL	3G	Autobusai	3G	20		822	NULL	NULL	NULL
missed	614658	A>B	Fabijoniškės–Centras–Oro uostas	832	NULL	NULL	NULL	NULL	NULL	NULL	NULL	3G	Autobusai	3G	20		876	NULL	NULL	NULL
missed	614658	B>A	Oro uostas–Centras–Fabijoniškės	881	NULL	NULL	NULL	NULL	NULL	NULL	NULL	3G	Autobusai	3G	20		924	NULL	NULL	NULL
missed	614658	A>B	Fabijoniškės–Centras–Oro uostas	939	NULL	NULL	NULL	NULL	NULL	NULL	NULL	3G	Autobusai	3G	20		983	NULL	NULL	NULL
missed	614658	B>A	Oro uostas–Centras–Fabijoniškės	988	NULL	NULL	NULL	NULL	NULL	NULL	NULL	3G	Autobusai	3G	20		1035	NULL	NULL	NULL
missed	614658	A>B	Fabijoniškės–Centras–Oro uostas	1048	NULL	NULL	NULL	NULL	NULL	NULL	NULL	3G	Autobusai	3G	20		1092	NULL	NULL	NULL
missed	614658	B>A	Oro uostas–Centras–Fabijoniškės	1097	NULL	NULL	NULL	NULL	NULL	NULL	NULL	3G	Autobusai	3G	20		1142	NULL	NULL	NULL
missed	614658	A>B	Fabijoniškės–Centras–Oro uostas	1177	NULL	NULL	NULL	NULL	NULL	NULL	NULL	3G	Autobusai	3G	20		1219	NULL	NULL	NULL
missed	614658	B>A	Oro uostas–Centras–Fabijoniškės	1224	NULL	NULL	NULL	NULL	NULL	NULL	NULL	3G	Autobusai	3G	20		1265	NULL	NULL	NULL
missed	614658	A>B	Fabijoniškės–Centras–Oro uostas	1275	NULL	NULL	NULL	NULL	NULL	NULL	NULL	3G	Autobusai	3G	20		1316	NULL	NULL	NULL
missed	614658	B>A	Oro uostas–Centras–Fabijoniškės	1321	NULL	NULL	NULL	NULL	NULL	NULL	NULL	3G	Autobusai	3G	20		1362	NULL	NULL	NULL
missed	103576	A>B	Stotis–Rodūnios kelias–Kirtimai	318	NULL	NULL	NULL	NULL	NULL	NULL	NULL	4	Autobusai	4	01		344	NULL	NULL	NULL
missed	103576	B>A	Kirtimai–Rodūnios kelias–Stotis	348	NULL	NULL	NULL	NULL	NULL	NULL	NULL	4	Autobusai	4	01		376	NULL	NULL	NULL
missed	103576	A>B	Stotis–Rodūnios kelias–Kirtimai	381	NULL	NULL	NULL	NULL	NULL	NULL	NULL	4	Autobusai	4	01		410	NULL	NULL	NULL
missed	103576	B>A	Kirtimai–Rodūnios kelias–Stotis	416	NULL	NULL	NULL	NULL	NULL	NULL	NULL	4	Autobusai	4	01		443	NULL	NULL	NULL
missed	103576	A>B	Stotis–Rodūnios kelias–Kirtimai	447	NULL	NULL	NULL	NULL	NULL	NULL	NULL	4	Autobusai	4	01		476	NULL	NULL	NULL
missed	103576	B>A	Kirtimai–Rodūnios kelias–Stotis	487	NULL	NULL	NULL	NULL	NULL	NULL	NULL	4	Autobusai	4	01		512	NULL	NULL	NULL
missed	103576	A>B	Stotis–Rodūnios kelias–Kirtimai	552	NULL	NULL	NULL	NULL	NULL	NULL	NULL	4	Autobusai	4	01		579	NULL	NULL	NULL
missed	103576	B>A	Kirtimai–Rodūnios kelias–Stotis	584	NULL	NULL	NULL	NULL	NULL	NULL	NULL	4	Autobusai	4	01		609	NULL	NULL	NULL
missed	103576	A>B	Stotis–Rodūnios kelias–Kirtimai	612	NULL	NULL	NULL	NULL	NULL	NULL	NULL	4	Autobusai	4	01		638	NULL	NULL	NULL
missed	103576	B>A	Kirtimai–Rodūnios kelias–Stotis	649	NULL	NULL	NULL	NULL	NULL	NULL	NULL	4	Autobusai	4	01		674	NULL	NULL	NULL
missed	103576	A>B	Stotis–Rodūnios kelias–Kirtimai	679	NULL	NULL	NULL	NULL	NULL	NULL	NULL	4	Autobusai	4	01		705	NULL	NULL	NULL
missed	103576	B>A	Kirtimai–Rodūnios kelias–Stotis	710	NULL	NULL	NULL	NULL	NULL	NULL	NULL	4	Autobusai	4	01		735	NULL	NULL	NULL
missed	103576	A>B	Stotis–Rodūnios kelias–Kirtimai	739	NULL	NULL	NULL	NULL	NULL	NULL	NULL	4	Autobusai	4	01		765	NULL	NULL	NULL
missed	103576	B>A	Kirtimai–Rodūnios kelias–Stotis	770	NULL	NULL	NULL	NULL	NULL	NULL	NULL	4	Autobusai	4	01		795	NULL	NULL	NULL
missed	103576	A>B	Stotis–Rodūnios kelias–Kirtimai	802	NULL	NULL	NULL	NULL	NULL	NULL	NULL	4	Autobusai	4	01		828	NULL	NULL	NULL
missed	103576	B>A	Kirtimai–Rodūnios kelias–Stotis	831	NULL	NULL	NULL	NULL	NULL	NULL	NULL	4	Autobusai	4	01		856	NULL	NULL	NULL
missed	103576	A>B	Stotis–Rodūnios kelias–Kirtimai	866	NULL	NULL	NULL	NULL	NULL	NULL	NULL	4	Autobusai	4	01		892	NULL	NULL	NULL
missed	103576	B>A	Kirtimai–Rodūnios kelias–Stotis	910	NULL	NULL	NULL	NULL	NULL	NULL	NULL	4	Autobusai	4	01		936	NULL	NULL	NULL
missed	103576	A>B	Stotis–Rodūnios kelias–Kirtimai	945	NULL	NULL	NULL	NULL	NULL	NULL	NULL	4	Autobusai	4	01		972	NULL	NULL	NULL
missed	103576	B>A	Kirtimai–Rodūnios kelias–Stotis	979	NULL	NULL	NULL	NULL	NULL	NULL	NULL	4	Autobusai	4	01		1006	NULL	NULL	NULL
missed	103576	A>B	Stotis–Rodūnios kelias–Kirtimai	1014	NULL	NULL	NULL	NULL	NULL	NULL	NULL	4	Autobusai	4	01		1043	NULL	NULL	NULL
missed	103576	B>A	Kirtimai–Rodūnios kelias–Stotis	1056	NULL	NULL	NULL	NULL	NULL	NULL	NULL	4	Autobusai	4	01		1083	NULL	NULL	NULL
missed	103576	A>B	Stotis–Rodūnios kelias–Kirtimai	1117	NULL	NULL	NULL	NULL	NULL	NULL	NULL	4	Autobusai	4	01		1145	NULL	NULL	NULL
missed	103576	B>A	Kirtimai–Rodūnios kelias–Stotis	1148	NULL	NULL	NULL	NULL	NULL	NULL	NULL	4	Autobusai	4	01		1175	NULL	NULL	NULL
missed	103576	A>B	Stotis–Rodūnios kelias–Kirtimai	1189	NULL	NULL	NULL	NULL	NULL	NULL	NULL	4	Autobusai	4	01		1217	NULL	NULL	NULL
missed	103576	B>A	Kirtimai–Rodūnios kelias–Stotis	1222	NULL	NULL	NULL	NULL	NULL	NULL	NULL	4	Autobusai	4	01		1247	NULL	NULL	NULL
missed	103576	A>B	Stotis–Rodūnios kelias–Kirtimai	1250	NULL	NULL	NULL	NULL	NULL	NULL	NULL	4	Autobusai	4	01		1276	NULL	NULL	NULL
missed	103576	B>A	Kirtimai–Rodūnios kelias–Stotis	1281	NULL	NULL	NULL	NULL	NULL	NULL	NULL	4	Autobusai	4	01		1306	NULL	NULL	NULL
missed	103576	A>B	Stotis–Rodūnios kelias–Kirtimai	1311	NULL	NULL	NULL	NULL	NULL	NULL	NULL	4	Autobusai	4	01		1337	NULL	NULL	NULL
missed	103576	B>A	Kirtimai–Rodūnios kelias–Stotis	1341	NULL	NULL	NULL	NULL	NULL	NULL	NULL	4	Autobusai	4	01		1365	NULL	NULL	NULL
missed	614868	A>B	Fabijoniškės–S.Stanevičiaus g.–Centras	315	NULL	NULL	NULL	NULL	NULL	NULL	NULL	40	Autobusai	40	01-Ž		347	NULL	NULL	NULL
missed	614868	B>A	Centras–S.Stanevičiaus g.–Fabijoniškės	347	NULL	NULL	NULL	NULL	NULL	NULL	NULL	40	Autobusai	40	01-Ž		370	NULL	NULL	NULL
missed	614868	A>B	Fabijoniškės–S.Stanevičiaus g.–Centras	382	NULL	NULL	NULL	NULL	NULL	NULL	NULL	40	Autobusai	40	01-Ž		417	NULL	NULL	NULL
missed	614868	B>A	Centras–S.Stanevičiaus g.–Fabijoniškės	417	NULL	NULL	NULL	NULL	NULL	NULL	NULL	40	Autobusai	40	01-Ž		441	NULL	NULL	NULL
missed	614868	A>B	Fabijoniškės–S.Stanevičiaus g.–Centras	451	NULL	NULL	NULL	NULL	NULL	NULL	NULL	40	Autobusai	40	01-Ž		488	NULL	NULL	NULL
missed	614868	B>A	Centras–S.Stanevičiaus g.–Fabijoniškės	488	NULL	NULL	NULL	NULL	NULL	NULL	NULL	40	Autobusai	40	01-Ž		512	NULL	NULL	NULL
missed	614868	A>B	Fabijoniškės–S.Stanevičiaus g.–Centras	522	NULL	NULL	NULL	NULL	NULL	NULL	NULL	40	Autobusai	40	01-Ž		559	NULL	NULL	NULL
missed	614868	B>A	Centras–S.Stanevičiaus g.–Fabijoniškės	559	NULL	NULL	NULL	NULL	NULL	NULL	NULL	40	Autobusai	40	01-Ž		583	NULL	NULL	NULL
missed	614868	A>B	Fabijoniškės–S.Stanevičiaus g.–Centras	617	NULL	NULL	NULL	NULL	NULL	NULL	NULL	40	Autobusai	40	01-Ž		652	NULL	NULL	NULL
missed	614868	B>A	Centras–S.Stanevičiaus g.–Fabijoniškės	652	NULL	NULL	NULL	NULL	NULL	NULL	NULL	40	Autobusai	40	01-Ž		676	NULL	NULL	NULL
missed	614868	A>B	Fabijoniškės–S.Stanevičiaus g.–Centras	693	NULL	NULL	NULL	NULL	NULL	NULL	NULL	40	Autobusai	40	01-Ž		728	NULL	NULL	NULL
missed	614868	B>A	Centras–S.Stanevičiaus g.–Fabijoniškės	728	NULL	NULL	NULL	NULL	NULL	NULL	NULL	40	Autobusai	40	01-Ž		752	NULL	NULL	NULL
missed	614868	A>B	Fabijoniškės–S.Stanevičiaus g.–Centras	761	NULL	NULL	NULL	NULL	NULL	NULL	NULL	40	Autobusai	40	01-Ž		796	NULL	NULL	NULL
missed	614868	B>A	Centras–S.Stanevičiaus g.–Fabijoniškės	796	NULL	NULL	NULL	NULL	NULL	NULL	NULL	40	Autobusai	40	01-Ž		820	NULL	NULL	NULL
missed	614868	A>B	Fabijoniškės–S.Stanevičiaus g.–Centras	830	NULL	NULL	NULL	NULL	NULL	NULL	NULL	40	Autobusai	40	01-Ž		865	NULL	NULL	NULL
missed	614868	B>A	Centras–S.Stanevičiaus g.–Fabijoniškės	865	NULL	NULL	NULL	NULL	NULL	NULL	NULL	40	Autobusai	40	01-Ž		889	NULL	NULL	NULL
missed	614868	A>B	Fabijoniškės–S.Stanevičiaus g.–Centras	899	NULL	NULL	NULL	NULL	NULL	NULL	NULL	40	Autobusai	40	01-Ž		934	NULL	NULL	NULL
missed	614868	B>A	Centras–S.Stanevičiaus g.–Fabijoniškės	934	NULL	NULL	NULL	NULL	NULL	NULL	NULL	40	Autobusai	40	01-Ž		958	NULL	NULL	NULL
missed	614868	A>B	Fabijoniškės–S.Stanevičiaus g.–Centras	966	NULL	NULL	NULL	NULL	NULL	NULL	NULL	40	Autobusai	40	01-Ž		1001	NULL	NULL	NULL
missed	614868	B>A	Centras–S.Stanevičiaus g.–Fabijoniškės	1001	NULL	NULL	NULL	NULL	NULL	NULL	NULL	40	Autobusai	40	01-Ž		1027	NULL	NULL	NULL
missed	614868	A>B	Fabijoniškės–S.Stanevičiaus g.–Centras	1036	NULL	NULL	NULL	NULL	NULL	NULL	NULL	40	Autobusai	40	01-Ž		1071	NULL	NULL	NULL
missed	614868	B>A	Centras–S.Stanevičiaus g.–Fabijoniškės	1071	NULL	NULL	NULL	NULL	NULL	NULL	NULL	40	Autobusai	40	01-Ž		1097	NULL	NULL	NULL
missed	614868	A>B	Fabijoniškės–S.Stanevičiaus g.–Centras	1127	NULL	NULL	NULL	NULL	NULL	NULL	NULL	40	Autobusai	40	01-Ž		1162	NULL	NULL	NULL
missed	614868	B>A	Centras–S.Stanevičiaus g.–Fabijoniškės	1162	NULL	NULL	NULL	NULL	NULL	NULL	NULL	40	Autobusai	40	01-Ž		1186	NULL	NULL	NULL
missed	614868	A>B	Fabijoniškės–S.Stanevičiaus g.–Centras	1196	NULL	NULL	NULL	NULL	NULL	NULL	NULL	40	Autobusai	40	01-Ž		1228	NULL	NULL	NULL
missed	614868	B>A	Centras–S.Stanevičiaus g.–Fabijoniškės	1228	NULL	NULL	NULL	NULL	NULL	NULL	NULL	40	Autobusai	40	01-Ž		1251	NULL	NULL	NULL
missed	614868	A>B	Fabijoniškės–S.Stanevičiaus g.–Centras	1261	NULL	NULL	NULL	NULL	NULL	NULL	NULL	40	Autobusai	40	01-Ž		1293	NULL	NULL	NULL
missed	614868	B>A	Centras–S.Stanevičiaus g.–Fabijoniškės	1293	NULL	NULL	NULL	NULL	NULL	NULL	NULL	40	Autobusai	40	01-Ž		1316	NULL	NULL	NULL
missed	614868	A>B	Fabijoniškės–S.Stanevičiaus g.–Centras	1326	NULL	NULL	NULL	NULL	NULL	NULL	NULL	40	Autobusai	40	01-Ž		1358	NULL	NULL	NULL
missed	614868	B>A	Centras–S.Stanevičiaus g.–Fabijoniškės	1358	NULL	NULL	NULL	NULL	NULL	NULL	NULL	40	Autobusai	40	01-Ž		1381	NULL	NULL	NULL
missed	614865	A>B	Fabijoniškės–S.Stanevičiaus g.–Centras	394	NULL	NULL	NULL	NULL	NULL	NULL	NULL	40	Autobusai	40	02		429	NULL	NULL	NULL
missed	614865	B>A	Centras–S.Stanevičiaus g.–Fabijoniškės	429	NULL	NULL	NULL	NULL	NULL	NULL	NULL	40	Autobusai	40	02		453	NULL	NULL	NULL
missed	614865	A>B	Fabijoniškės–S.Stanevičiaus g.–Centras	465	NULL	NULL	NULL	NULL	NULL	NULL	NULL	40	Autobusai	40	02		502	NULL	NULL	NULL
missed	614865	B>A	Centras–S.Stanevičiaus g.–Fabijoniškės	502	NULL	NULL	NULL	NULL	NULL	NULL	NULL	40	Autobusai	40	02		526	NULL	NULL	NULL
missed	614865	A>B	Fabijoniškės–S.Stanevičiaus g.–Centras	537	NULL	NULL	NULL	NULL	NULL	NULL	NULL	40	Autobusai	40	02		572	NULL	NULL	NULL
missed	614865	B>A	Centras–S.Stanevičiaus g.–Fabijoniškės	572	NULL	NULL	NULL	NULL	NULL	NULL	NULL	40	Autobusai	40	02		596	NULL	NULL	NULL
missed	614865	A>B	Fabijoniškės–S.Stanevičiaus g.–Centras	935	NULL	NULL	NULL	NULL	NULL	NULL	NULL	40	Autobusai	40	02		970	NULL	NULL	NULL
missed	614865	B>A	Centras–S.Stanevičiaus g.–Fabijoniškės	970	NULL	NULL	NULL	NULL	NULL	NULL	NULL	40	Autobusai	40	02		996	NULL	NULL	NULL
missed	614865	A>B	Fabijoniškės–S.Stanevičiaus g.–Centras	1006	NULL	NULL	NULL	NULL	NULL	NULL	NULL	40	Autobusai	40	02		1041	NULL	NULL	NULL
missed	614865	B>A	Centras–S.Stanevičiaus g.–Fabijoniškės	1041	NULL	NULL	NULL	NULL	NULL	NULL	NULL	40	Autobusai	40	02		1067	NULL	NULL	NULL
missed	614865	A>B	Fabijoniškės–S.Stanevičiaus g.–Centras	1077	NULL	NULL	NULL	NULL	NULL	NULL	NULL	40	Autobusai	40	02		1112	NULL	NULL	NULL
missed	614865	B>A	Centras–S.Stanevičiaus g.–Fabijoniškės	1112	NULL	NULL	NULL	NULL	NULL	NULL	NULL	40	Autobusai	40	02		1138	NULL	NULL	NULL
missed	614864	A>B	Fabijoniškės–S.Stanevičiaus g.–Centras	333	NULL	NULL	NULL	NULL	NULL	NULL	NULL	40	Autobusai	40	03		365	NULL	NULL	NULL
missed	614864	B>A	Centras–S.Stanevičiaus g.–Fabijoniškės	365	NULL	NULL	NULL	NULL	NULL	NULL	NULL	40	Autobusai	40	03		389	NULL	NULL	NULL
missed	614864	A>B	Fabijoniškės–S.Stanevičiaus g.–Centras	401	NULL	NULL	NULL	NULL	NULL	NULL	NULL	40	Autobusai	40	03		436	NULL	NULL	NULL
missed	614864	B>A	Centras–S.Stanevičiaus g.–Fabijoniškės	436	NULL	NULL	NULL	NULL	NULL	NULL	NULL	40	Autobusai	40	03		460	NULL	NULL	NULL
missed	614864	A>B	Fabijoniškės–S.Stanevičiaus g.–Centras	472	NULL	NULL	NULL	NULL	NULL	NULL	NULL	40	Autobusai	40	03		509	NULL	NULL	NULL
missed	614864	B>A	Centras–S.Stanevičiaus g.–Fabijoniškės	509	NULL	NULL	NULL	NULL	NULL	NULL	NULL	40	Autobusai	40	03		533	NULL	NULL	NULL
missed	614864	A>B	Fabijoniškės–S.Stanevičiaus g.–Centras	544	NULL	NULL	NULL	NULL	NULL	NULL	NULL	40	Autobusai	40	03		579	NULL	NULL	NULL
missed	614864	B>A	Centras–S.Stanevičiaus g.–Fabijoniškės	579	NULL	NULL	NULL	NULL	NULL	NULL	NULL	40	Autobusai	40	03		603	NULL	NULL	NULL
missed	614864	A>B	Fabijoniškės–S.Stanevičiaus g.–Centras	633	NULL	NULL	NULL	NULL	NULL	NULL	NULL	40	Autobusai	40	03		668	NULL	NULL	NULL
missed	614864	B>A	Centras–S.Stanevičiaus g.–Fabijoniškės	668	NULL	NULL	NULL	NULL	NULL	NULL	NULL	40	Autobusai	40	03		692	NULL	NULL	NULL
missed	614864	A>B	Fabijoniškės–S.Stanevičiaus g.–Centras	706	NULL	NULL	NULL	NULL	NULL	NULL	NULL	40	Autobusai	40	03		741	NULL	NULL	NULL
missed	614864	B>A	Centras–S.Stanevičiaus g.–Fabijoniškės	741	NULL	NULL	NULL	NULL	NULL	NULL	NULL	40	Autobusai	40	03		765	NULL	NULL	NULL
missed	614864	A>B	Fabijoniškės–S.Stanevičiaus g.–Centras	775	NULL	NULL	NULL	NULL	NULL	NULL	NULL	40	Autobusai	40	03		810	NULL	NULL	NULL
missed	614864	B>A	Centras–S.Stanevičiaus g.–Fabijoniškės	810	NULL	NULL	NULL	NULL	NULL	NULL	NULL	40	Autobusai	40	03		834	NULL	NULL	NULL
missed	614864	A>B	Fabijoniškės–S.Stanevičiaus g.–Centras	844	NULL	NULL	NULL	NULL	NULL	NULL	NULL	40	Autobusai	40	03		879	NULL	NULL	NULL
missed	614864	B>A	Centras–S.Stanevičiaus g.–Fabijoniškės	879	NULL	NULL	NULL	NULL	NULL	NULL	NULL	40	Autobusai	40	03		903	NULL	NULL	NULL
missed	614864	A>B	Fabijoniškės–S.Stanevičiaus g.–Centras	913	NULL	NULL	NULL	NULL	NULL	NULL	NULL	40	Autobusai	40	03		948	NULL	NULL	NULL
missed	614864	B>A	Centras–S.Stanevičiaus g.–Fabijoniškės	948	NULL	NULL	NULL	NULL	NULL	NULL	NULL	40	Autobusai	40	03		972	NULL	NULL	NULL
missed	614864	A>B	Fabijoniškės–S.Stanevičiaus g.–Centras	981	NULL	NULL	NULL	NULL	NULL	NULL	NULL	40	Autobusai	40	03		1016	NULL	NULL	NULL
missed	614864	B>A	Centras–S.Stanevičiaus g.–Fabijoniškės	1016	NULL	NULL	NULL	NULL	NULL	NULL	NULL	40	Autobusai	40	03		1042	NULL	NULL	NULL
missed	614864	A>B	Fabijoniškės–S.Stanevičiaus g.–Centras	1051	NULL	NULL	NULL	NULL	NULL	NULL	NULL	40	Autobusai	40	03		1086	NULL	NULL	NULL
missed	614864	B>A	Centras–S.Stanevičiaus g.–Fabijoniškės	1086	NULL	NULL	NULL	NULL	NULL	NULL	NULL	40	Autobusai	40	03		1112	NULL	NULL	NULL
missed	614864	A>B	Fabijoniškės–S.Stanevičiaus g.–Centras	1151	NULL	NULL	NULL	NULL	NULL	NULL	NULL	40	Autobusai	40	03		1186	NULL	NULL	NULL
missed	614864	B>A	Centras–S.Stanevičiaus g.–Fabijoniškės	1186	NULL	NULL	NULL	NULL	NULL	NULL	NULL	40	Autobusai	40	03		1209	NULL	NULL	NULL
missed	614864	A>B	Fabijoniškės–S.Stanevičiaus g.–Centras	1222	NULL	NULL	NULL	NULL	NULL	NULL	NULL	40	Autobusai	40	03		1254	NULL	NULL	NULL
missed	614864	B>A	Centras–S.Stanevičiaus g.–Fabijoniškės	1254	NULL	NULL	NULL	NULL	NULL	NULL	NULL	40	Autobusai	40	03		1277	NULL	NULL	NULL
missed	614864	A>B	Fabijoniškės–S.Stanevičiaus g.–Centras	1287	NULL	NULL	NULL	NULL	NULL	NULL	NULL	40	Autobusai	40	03		1319	NULL	NULL	NULL
missed	614864	B>A	Centras–S.Stanevičiaus g.–Fabijoniškės	1319	NULL	NULL	NULL	NULL	NULL	NULL	NULL	40	Autobusai	40	03		1342	NULL	NULL	NULL
missed	614864	A>B	Fabijoniškės–S.Stanevičiaus g.–Centras	1353	NULL	NULL	NULL	NULL	NULL	NULL	NULL	40	Autobusai	40	03		1385	NULL	NULL	NULL
missed	614864	B>A	Centras–S.Stanevičiaus g.–Fabijoniškės	1385	NULL	NULL	NULL	NULL	NULL	NULL	NULL	40	Autobusai	40	03		1408	NULL	NULL	NULL
missed	614867	A>B	Fabijoniškės–S.Stanevičiaus g.–Centras	408	NULL	NULL	NULL	NULL	NULL	NULL	NULL	40	Autobusai	40	04		445	NULL	NULL	NULL
missed	614867	B>A	Centras–S.Stanevičiaus g.–Fabijoniškės	445	NULL	NULL	NULL	NULL	NULL	NULL	NULL	40	Autobusai	40	04		469	NULL	NULL	NULL
missed	614867	A>B	Fabijoniškės–S.Stanevičiaus g.–Centras	479	NULL	NULL	NULL	NULL	NULL	NULL	NULL	40	Autobusai	40	04		516	NULL	NULL	NULL
missed	614867	B>A	Centras–S.Stanevičiaus g.–Fabijoniškės	516	NULL	NULL	NULL	NULL	NULL	NULL	NULL	40	Autobusai	40	04		540	NULL	NULL	NULL
missed	614867	A>B	Fabijoniškės–S.Stanevičiaus g.–Centras	551	NULL	NULL	NULL	NULL	NULL	NULL	NULL	40	Autobusai	40	04		586	NULL	NULL	NULL
missed	614867	B>A	Centras–S.Stanevičiaus g.–Fabijoniškės	586	NULL	NULL	NULL	NULL	NULL	NULL	NULL	40	Autobusai	40	04		610	NULL	NULL	NULL
missed	614867	A>B	Fabijoniškės–S.Stanevičiaus g.–Centras	973	NULL	NULL	NULL	NULL	NULL	NULL	NULL	40	Autobusai	40	04		1008	NULL	NULL	NULL
missed	614867	B>A	Centras–S.Stanevičiaus g.–Fabijoniškės	1008	NULL	NULL	NULL	NULL	NULL	NULL	NULL	40	Autobusai	40	04		1034	NULL	NULL	NULL
missed	614867	A>B	Fabijoniškės–S.Stanevičiaus g.–Centras	1044	NULL	NULL	NULL	NULL	NULL	NULL	NULL	40	Autobusai	40	04		1079	NULL	NULL	NULL
missed	614867	B>A	Centras–S.Stanevičiaus g.–Fabijoniškės	1079	NULL	NULL	NULL	NULL	NULL	NULL	NULL	40	Autobusai	40	04		1105	NULL	NULL	NULL
missed	614867	A>B	Fabijoniškės–S.Stanevičiaus g.–Centras	1117	NULL	NULL	NULL	NULL	NULL	NULL	NULL	40	Autobusai	40	04		1151	NULL	NULL	NULL
missed	614867	B>A	Centras–S.Stanevičiaus g.–Fabijoniškės	1151	NULL	NULL	NULL	NULL	NULL	NULL	NULL	40	Autobusai	40	04		1175	NULL	NULL	NULL
missed	614866	A>B	Fabijoniškės–S.Stanevičiaus g.–Centras	347	NULL	NULL	NULL	NULL	NULL	NULL	NULL	40	Autobusai	40	05		381	NULL	NULL	NULL
missed	614866	B>A	Centras–S.Stanevičiaus g.–Fabijoniškės	381	NULL	NULL	NULL	NULL	NULL	NULL	NULL	40	Autobusai	40	05		405	NULL	NULL	NULL
missed	614866	A>B	Fabijoniškės–S.Stanevičiaus g.–Centras	415	NULL	NULL	NULL	NULL	NULL	NULL	NULL	40	Autobusai	40	05		452	NULL	NULL	NULL
missed	614866	B>A	Centras–S.Stanevičiaus g.–Fabijoniškės	452	NULL	NULL	NULL	NULL	NULL	NULL	NULL	40	Autobusai	40	05		476	NULL	NULL	NULL
missed	614866	A>B	Fabijoniškės–S.Stanevičiaus g.–Centras	486	NULL	NULL	NULL	NULL	NULL	NULL	NULL	40	Autobusai	40	05		523	NULL	NULL	NULL
missed	614866	B>A	Centras–S.Stanevičiaus g.–Fabijoniškės	523	NULL	NULL	NULL	NULL	NULL	NULL	NULL	40	Autobusai	40	05		547	NULL	NULL	NULL
missed	614866	A>B	Fabijoniškės–S.Stanevičiaus g.–Centras	557	NULL	NULL	NULL	NULL	NULL	NULL	NULL	40	Autobusai	40	05		592	NULL	NULL	NULL
missed	614866	B>A	Centras–S.Stanevičiaus g.–Fabijoniškės	592	NULL	NULL	NULL	NULL	NULL	NULL	NULL	40	Autobusai	40	05		616	NULL	NULL	NULL
missed	614866	A>B	Fabijoniškės–S.Stanevičiaus g.–Centras	649	NULL	NULL	NULL	NULL	NULL	NULL	NULL	40	Autobusai	40	05		684	NULL	NULL	NULL
missed	614866	B>A	Centras–S.Stanevičiaus g.–Fabijoniškės	684	NULL	NULL	NULL	NULL	NULL	NULL	NULL	40	Autobusai	40	05		708	NULL	NULL	NULL
missed	614866	A>B	Fabijoniškės–S.Stanevičiaus g.–Centras	719	NULL	NULL	NULL	NULL	NULL	NULL	NULL	40	Autobusai	40	05		754	NULL	NULL	NULL
missed	614866	B>A	Centras–S.Stanevičiaus g.–Fabijoniškės	754	NULL	NULL	NULL	NULL	NULL	NULL	NULL	40	Autobusai	40	05		778	NULL	NULL	NULL
missed	614866	A>B	Fabijoniškės–S.Stanevičiaus g.–Centras	788	NULL	NULL	NULL	NULL	NULL	NULL	NULL	40	Autobusai	40	05		823	NULL	NULL	NULL
missed	614866	B>A	Centras–S.Stanevičiaus g.–Fabijoniškės	823	NULL	NULL	NULL	NULL	NULL	NULL	NULL	40	Autobusai	40	05		847	NULL	NULL	NULL
missed	614866	A>B	Fabijoniškės–S.Stanevičiaus g.–Centras	857	NULL	NULL	NULL	NULL	NULL	NULL	NULL	40	Autobusai	40	05		892	NULL	NULL	NULL
missed	614866	B>A	Centras–S.Stanevičiaus g.–Fabijoniškės	892	NULL	NULL	NULL	NULL	NULL	NULL	NULL	40	Autobusai	40	05		916	NULL	NULL	NULL
missed	614866	A>B	Fabijoniškės–S.Stanevičiaus g.–Centras	927	NULL	NULL	NULL	NULL	NULL	NULL	NULL	40	Autobusai	40	05		962	NULL	NULL	NULL
missed	614866	B>A	Centras–S.Stanevičiaus g.–Fabijoniškės	962	NULL	NULL	NULL	NULL	NULL	NULL	NULL	40	Autobusai	40	05		988	NULL	NULL	NULL
missed	614866	A>B	Fabijoniškės–S.Stanevičiaus g.–Centras	1000	NULL	NULL	NULL	NULL	NULL	NULL	NULL	40	Autobusai	40	05		1035	NULL	NULL	NULL
missed	614866	B>A	Centras–S.Stanevičiaus g.–Fabijoniškės	1035	NULL	NULL	NULL	NULL	NULL	NULL	NULL	40	Autobusai	40	05		1061	NULL	NULL	NULL
missed	614866	A>B	Fabijoniškės–S.Stanevičiaus g.–Centras	1071	NULL	NULL	NULL	NULL	NULL	NULL	NULL	40	Autobusai	40	05		1106	NULL	NULL	NULL
missed	614866	B>A	Centras–S.Stanevičiaus g.–Fabijoniškės	1106	NULL	NULL	NULL	NULL	NULL	NULL	NULL	40	Autobusai	40	05		1132	NULL	NULL	NULL
missed	614866	A>B	Fabijoniškės–S.Stanevičiaus g.–Centras	1172	NULL	NULL	NULL	NULL	NULL	NULL	NULL	40	Autobusai	40	05		1206	NULL	NULL	NULL
missed	614866	B>A	Centras–S.Stanevičiaus g.–Fabijoniškės	1206	NULL	NULL	NULL	NULL	NULL	NULL	NULL	40	Autobusai	40	05		1229	NULL	NULL	NULL
missed	614866	A>B	Fabijoniškės–S.Stanevičiaus g.–Centras	1238	NULL	NULL	NULL	NULL	NULL	NULL	NULL	40	Autobusai	40	05		1270	NULL	NULL	NULL
missed	614866	B>A	Centras–S.Stanevičiaus g.–Fabijoniškės	1270	NULL	NULL	NULL	NULL	NULL	NULL	NULL	40	Autobusai	40	05		1293	NULL	NULL	NULL
missed	614866	A>B	Fabijoniškės–S.Stanevičiaus g.–Centras	1301	NULL	NULL	NULL	NULL	NULL	NULL	NULL	40	Autobusai	40	05		1333	NULL	NULL	NULL
missed	614866	B>A	Centras–S.Stanevičiaus g.–Fabijoniškės	1333	NULL	NULL	NULL	NULL	NULL	NULL	NULL	40	Autobusai	40	05		1356	NULL	NULL	NULL
missed	614866	A>B	Fabijoniškės–S.Stanevičiaus g.–Centras	1366	NULL	NULL	NULL	NULL	NULL	NULL	NULL	40	Autobusai	40	05		1398	NULL	NULL	NULL
missed	614866	B>A	Centras–S.Stanevičiaus g.–Fabijoniškės	1398	NULL	NULL	NULL	NULL	NULL	NULL	NULL	40	Autobusai	40	05		1421	NULL	NULL	NULL
missed	614869	A>B	Fabijoniškės–S.Stanevičiaus g.–Centras	357	NULL	NULL	NULL	NULL	NULL	NULL	NULL	40	Autobusai	40	06		392	NULL	NULL	NULL
missed	614869	B>A	Centras–S.Stanevičiaus g.–Fabijoniškės	392	NULL	NULL	NULL	NULL	NULL	NULL	NULL	40	Autobusai	40	06		416	NULL	NULL	NULL
missed	614869	A>B	Fabijoniškės–S.Stanevičiaus g.–Centras	429	NULL	NULL	NULL	NULL	NULL	NULL	NULL	40	Autobusai	40	06		466	NULL	NULL	NULL
missed	614869	B>A	Centras–S.Stanevičiaus g.–Fabijoniškės	466	NULL	NULL	NULL	NULL	NULL	NULL	NULL	40	Autobusai	40	06		490	NULL	NULL	NULL
missed	614869	A>B	Fabijoniškės–S.Stanevičiaus g.–Centras	500	NULL	NULL	NULL	NULL	NULL	NULL	NULL	40	Autobusai	40	06		537	NULL	NULL	NULL
missed	614869	B>A	Centras–S.Stanevičiaus g.–Fabijoniškės	537	NULL	NULL	NULL	NULL	NULL	NULL	NULL	40	Autobusai	40	06		561	NULL	NULL	NULL
missed	614869	A>B	Fabijoniškės–S.Stanevičiaus g.–Centras	571	NULL	NULL	NULL	NULL	NULL	NULL	NULL	40	Autobusai	40	06		606	NULL	NULL	NULL
missed	614869	B>A	Centras–S.Stanevičiaus g.–Fabijoniškės	606	NULL	NULL	NULL	NULL	NULL	NULL	NULL	40	Autobusai	40	06		630	NULL	NULL	NULL
missed	614869	A>B	Fabijoniškės–S.Stanevičiaus g.–Centras	950	NULL	NULL	NULL	NULL	NULL	NULL	NULL	40	Autobusai	40	06		985	NULL	NULL	NULL
missed	614869	B>A	Centras–S.Stanevičiaus g.–Fabijoniškės	985	NULL	NULL	NULL	NULL	NULL	NULL	NULL	40	Autobusai	40	06		1011	NULL	NULL	NULL
missed	614869	A>B	Fabijoniškės–S.Stanevičiaus g.–Centras	1024	NULL	NULL	NULL	NULL	NULL	NULL	NULL	40	Autobusai	40	06		1059	NULL	NULL	NULL
missed	614869	B>A	Centras–S.Stanevičiaus g.–Fabijoniškės	1059	NULL	NULL	NULL	NULL	NULL	NULL	NULL	40	Autobusai	40	06		1085	NULL	NULL	NULL
missed	614869	A>B	Fabijoniškės–S.Stanevičiaus g.–Centras	1101	NULL	NULL	NULL	NULL	NULL	NULL	NULL	40	Autobusai	40	06		1136	NULL	NULL	NULL
missed	614869	B>A	Centras–S.Stanevičiaus g.–Fabijoniškės	1136	NULL	NULL	NULL	NULL	NULL	NULL	NULL	40	Autobusai	40	06		1162	NULL	NULL	NULL
missed	614870	A>B	Fabijoniškės–S.Stanevičiaus g.–Centras	367	NULL	NULL	NULL	NULL	NULL	NULL	NULL	40	Autobusai	40	07		402	NULL	NULL	NULL
missed	614870	B>A	Centras–S.Stanevičiaus g.–Fabijoniškės	402	NULL	NULL	NULL	NULL	NULL	NULL	NULL	40	Autobusai	40	07		426	NULL	NULL	NULL
missed	614870	A>B	Fabijoniškės–S.Stanevičiaus g.–Centras	436	NULL	NULL	NULL	NULL	NULL	NULL	NULL	40	Autobusai	40	07		473	NULL	NULL	NULL
missed	614870	B>A	Centras–S.Stanevičiaus g.–Fabijoniškės	473	NULL	NULL	NULL	NULL	NULL	NULL	NULL	40	Autobusai	40	07		497	NULL	NULL	NULL
missed	614870	A>B	Fabijoniškės–S.Stanevičiaus g.–Centras	507	NULL	NULL	NULL	NULL	NULL	NULL	NULL	40	Autobusai	40	07		544	NULL	NULL	NULL
missed	614870	B>A	Centras–S.Stanevičiaus g.–Fabijoniškės	544	NULL	NULL	NULL	NULL	NULL	NULL	NULL	40	Autobusai	40	07		568	NULL	NULL	NULL
missed	614870	A>B	Fabijoniškės–S.Stanevičiaus g.–Centras	578	NULL	NULL	NULL	NULL	NULL	NULL	NULL	40	Autobusai	40	07		613	NULL	NULL	NULL
missed	614870	B>A	Centras–S.Stanevičiaus g.–Fabijoniškės	613	NULL	NULL	NULL	NULL	NULL	NULL	NULL	40	Autobusai	40	07		637	NULL	NULL	NULL
missed	614870	A>B	Fabijoniškės–S.Stanevičiaus g.–Centras	667	NULL	NULL	NULL	NULL	NULL	NULL	NULL	40	Autobusai	40	07		702	NULL	NULL	NULL
missed	614870	B>A	Centras–S.Stanevičiaus g.–Fabijoniškės	702	NULL	NULL	NULL	NULL	NULL	NULL	NULL	40	Autobusai	40	07		726	NULL	NULL	NULL
missed	614870	A>B	Fabijoniškės–S.Stanevičiaus g.–Centras	735	NULL	NULL	NULL	NULL	NULL	NULL	NULL	40	Autobusai	40	07		770	NULL	NULL	NULL
missed	614870	B>A	Centras–S.Stanevičiaus g.–Fabijoniškės	770	NULL	NULL	NULL	NULL	NULL	NULL	NULL	40	Autobusai	40	07		794	NULL	NULL	NULL
missed	614870	A>B	Fabijoniškės–S.Stanevičiaus g.–Centras	804	NULL	NULL	NULL	NULL	NULL	NULL	NULL	40	Autobusai	40	07		839	NULL	NULL	NULL
missed	614870	B>A	Centras–S.Stanevičiaus g.–Fabijoniškės	839	NULL	NULL	NULL	NULL	NULL	NULL	NULL	40	Autobusai	40	07		863	NULL	NULL	NULL
missed	614870	A>B	Fabijoniškės–S.Stanevičiaus g.–Centras	873	NULL	NULL	NULL	NULL	NULL	NULL	NULL	40	Autobusai	40	07		908	NULL	NULL	NULL
missed	614870	B>A	Centras–S.Stanevičiaus g.–Fabijoniškės	908	NULL	NULL	NULL	NULL	NULL	NULL	NULL	40	Autobusai	40	07		932	NULL	NULL	NULL
missed	614870	A>B	Fabijoniškės–S.Stanevičiaus g.–Centras	943	NULL	NULL	NULL	NULL	NULL	NULL	NULL	40	Autobusai	40	07		978	NULL	NULL	NULL
missed	614870	B>A	Centras–S.Stanevičiaus g.–Fabijoniškės	978	NULL	NULL	NULL	NULL	NULL	NULL	NULL	40	Autobusai	40	07		1004	NULL	NULL	NULL
missed	614870	A>B	Fabijoniškės–S.Stanevičiaus g.–Centras	1018	NULL	NULL	NULL	NULL	NULL	NULL	NULL	40	Autobusai	40	07		1053	NULL	NULL	NULL
missed	614870	B>A	Centras–S.Stanevičiaus g.–Fabijoniškės	1053	NULL	NULL	NULL	NULL	NULL	NULL	NULL	40	Autobusai	40	07		1079	NULL	NULL	NULL
missed	614870	A>B	Fabijoniškės–S.Stanevičiaus g.–Centras	1093	NULL	NULL	NULL	NULL	NULL	NULL	NULL	40	Autobusai	40	07		1128	NULL	NULL	NULL
missed	614870	B>A	Centras–S.Stanevičiaus g.–Fabijoniškės	1128	NULL	NULL	NULL	NULL	NULL	NULL	NULL	40	Autobusai	40	07		1154	NULL	NULL	NULL
missed	614870	A>B	Fabijoniškės–S.Stanevičiaus g.–Centras	1184	NULL	NULL	NULL	NULL	NULL	NULL	NULL	40	Autobusai	40	07		1216	NULL	NULL	NULL
missed	614870	B>A	Centras–S.Stanevičiaus g.–Fabijoniškės	1216	NULL	NULL	NULL	NULL	NULL	NULL	NULL	40	Autobusai	40	07		1239	NULL	NULL	NULL
missed	614870	A>B	Fabijoniškės–S.Stanevičiaus g.–Centras	1250	NULL	NULL	NULL	NULL	NULL	NULL	NULL	40	Autobusai	40	07		1282	NULL	NULL	NULL
missed	614870	B>A	Centras–S.Stanevičiaus g.–Fabijoniškės	1282	NULL	NULL	NULL	NULL	NULL	NULL	NULL	40	Autobusai	40	07		1305	NULL	NULL	NULL
missed	614870	A>B	Fabijoniškės–S.Stanevičiaus g.–Centras	1315	NULL	NULL	NULL	NULL	NULL	NULL	NULL	40	Autobusai	40	07		1347	NULL	NULL	NULL
missed	614870	B>A	Centras–S.Stanevičiaus g.–Fabijoniškės	1347	NULL	NULL	NULL	NULL	NULL	NULL	NULL	40	Autobusai	40	07		1370	NULL	NULL	NULL
missed	614870	A>B	Fabijoniškės–S.Stanevičiaus g.–Centras	1381	NULL	NULL	NULL	NULL	NULL	NULL	NULL	40	Autobusai	40	07		1413	NULL	NULL	NULL
missed	614870	B>A	Centras–S.Stanevičiaus g.–Fabijoniškės	1413	NULL	NULL	NULL	NULL	NULL	NULL	NULL	40	Autobusai	40	07		1436	NULL	NULL	NULL
missed	614871	A>B	Fabijoniškės–S.Stanevičiaus g.–Centras	422	NULL	NULL	NULL	NULL	NULL	NULL	NULL	40	Autobusai	40	08		459	NULL	NULL	NULL
missed	614871	B>A	Centras–S.Stanevičiaus g.–Fabijoniškės	459	NULL	NULL	NULL	NULL	NULL	NULL	NULL	40	Autobusai	40	08		483	NULL	NULL	NULL
missed	614871	A>B	Fabijoniškės–S.Stanevičiaus g.–Centras	493	NULL	NULL	NULL	NULL	NULL	NULL	NULL	40	Autobusai	40	08		530	NULL	NULL	NULL
missed	614871	B>A	Centras–S.Stanevičiaus g.–Fabijoniškės	530	NULL	NULL	NULL	NULL	NULL	NULL	NULL	40	Autobusai	40	08		554	NULL	NULL	NULL
missed	614871	A>B	Fabijoniškės–S.Stanevičiaus g.–Centras	565	NULL	NULL	NULL	NULL	NULL	NULL	NULL	40	Autobusai	40	08		600	NULL	NULL	NULL
missed	614871	B>A	Centras–S.Stanevičiaus g.–Fabijoniškės	600	NULL	NULL	NULL	NULL	NULL	NULL	NULL	40	Autobusai	40	08		624	NULL	NULL	NULL
missed	614871	A>B	Fabijoniškės–S.Stanevičiaus g.–Centras	988	NULL	NULL	NULL	NULL	NULL	NULL	NULL	40	Autobusai	40	08		1023	NULL	NULL	NULL
missed	614871	B>A	Centras–S.Stanevičiaus g.–Fabijoniškės	1023	NULL	NULL	NULL	NULL	NULL	NULL	NULL	40	Autobusai	40	08		1049	NULL	NULL	NULL
missed	614871	A>B	Fabijoniškės–S.Stanevičiaus g.–Centras	1059	NULL	NULL	NULL	NULL	NULL	NULL	NULL	40	Autobusai	40	08		1094	NULL	NULL	NULL
missed	614871	B>A	Centras–S.Stanevičiaus g.–Fabijoniškės	1094	NULL	NULL	NULL	NULL	NULL	NULL	NULL	40	Autobusai	40	08		1120	NULL	NULL	NULL
missed	614871	A>B	Fabijoniškės–S.Stanevičiaus g.–Centras	1135	NULL	NULL	NULL	NULL	NULL	NULL	NULL	40	Autobusai	40	08		1170	NULL	NULL	NULL
missed	614871	B>A	Centras–S.Stanevičiaus g.–Fabijoniškės	1170	NULL	NULL	NULL	NULL	NULL	NULL	NULL	40	Autobusai	40	08		1194	NULL	NULL	NULL
missed	614872	A>B	Fabijoniškės–S.Stanevičiaus g.–Centras	375	NULL	NULL	NULL	NULL	NULL	NULL	NULL	40	Autobusai	40	09		410	NULL	NULL	NULL
missed	614872	B>A	Centras–S.Stanevičiaus g.–Fabijoniškės	410	NULL	NULL	NULL	NULL	NULL	NULL	NULL	40	Autobusai	40	09		434	NULL	NULL	NULL
missed	614872	A>B	Fabijoniškės–S.Stanevičiaus g.–Centras	443	NULL	NULL	NULL	NULL	NULL	NULL	NULL	40	Autobusai	40	09		480	NULL	NULL	NULL
missed	614872	B>A	Centras–S.Stanevičiaus g.–Fabijoniškės	480	NULL	NULL	NULL	NULL	NULL	NULL	NULL	40	Autobusai	40	09		504	NULL	NULL	NULL
missed	614872	A>B	Fabijoniškės–S.Stanevičiaus g.–Centras	514	NULL	NULL	NULL	NULL	NULL	NULL	NULL	40	Autobusai	40	09		551	NULL	NULL	NULL
missed	614872	B>A	Centras–S.Stanevičiaus g.–Fabijoniškės	551	NULL	NULL	NULL	NULL	NULL	NULL	NULL	40	Autobusai	40	09		575	NULL	NULL	NULL
missed	614872	A>B	Fabijoniškės–S.Stanevičiaus g.–Centras	587	NULL	NULL	NULL	NULL	NULL	NULL	NULL	40	Autobusai	40	09		622	NULL	NULL	NULL
missed	614872	B>A	Centras–S.Stanevičiaus g.–Fabijoniškės	622	NULL	NULL	NULL	NULL	NULL	NULL	NULL	40	Autobusai	40	09		646	NULL	NULL	NULL
missed	614872	A>B	Fabijoniškės–S.Stanevičiaus g.–Centras	679	NULL	NULL	NULL	NULL	NULL	NULL	NULL	40	Autobusai	40	09		714	NULL	NULL	NULL
missed	614872	B>A	Centras–S.Stanevičiaus g.–Fabijoniškės	714	NULL	NULL	NULL	NULL	NULL	NULL	NULL	40	Autobusai	40	09		738	NULL	NULL	NULL
missed	614872	A>B	Fabijoniškės–S.Stanevičiaus g.–Centras	748	NULL	NULL	NULL	NULL	NULL	NULL	NULL	40	Autobusai	40	09		783	NULL	NULL	NULL
missed	614872	B>A	Centras–S.Stanevičiaus g.–Fabijoniškės	783	NULL	NULL	NULL	NULL	NULL	NULL	NULL	40	Autobusai	40	09		807	NULL	NULL	NULL
missed	614872	A>B	Fabijoniškės–S.Stanevičiaus g.–Centras	817	NULL	NULL	NULL	NULL	NULL	NULL	NULL	40	Autobusai	40	09		852	NULL	NULL	NULL
missed	614872	B>A	Centras–S.Stanevičiaus g.–Fabijoniškės	852	NULL	NULL	NULL	NULL	NULL	NULL	NULL	40	Autobusai	40	09		876	NULL	NULL	NULL
missed	614872	A>B	Fabijoniškės–S.Stanevičiaus g.–Centras	886	NULL	NULL	NULL	NULL	NULL	NULL	NULL	40	Autobusai	40	09		921	NULL	NULL	NULL
missed	614872	B>A	Centras–S.Stanevičiaus g.–Fabijoniškės	921	NULL	NULL	NULL	NULL	NULL	NULL	NULL	40	Autobusai	40	09		945	NULL	NULL	NULL
missed	614872	A>B	Fabijoniškės–S.Stanevičiaus g.–Centras	958	NULL	NULL	NULL	NULL	NULL	NULL	NULL	40	Autobusai	40	09		993	NULL	NULL	NULL
missed	614872	B>A	Centras–S.Stanevičiaus g.–Fabijoniškės	993	NULL	NULL	NULL	NULL	NULL	NULL	NULL	40	Autobusai	40	09		1019	NULL	NULL	NULL
missed	614872	A>B	Fabijoniškės–S.Stanevičiaus g.–Centras	1030	NULL	NULL	NULL	NULL	NULL	NULL	NULL	40	Autobusai	40	09		1065	NULL	NULL	NULL
missed	614872	B>A	Centras–S.Stanevičiaus g.–Fabijoniškės	1065	NULL	NULL	NULL	NULL	NULL	NULL	NULL	40	Autobusai	40	09		1091	NULL	NULL	NULL
missed	614872	A>B	Fabijoniškės–S.Stanevičiaus g.–Centras	1108	NULL	NULL	NULL	NULL	NULL	NULL	NULL	40	Autobusai	40	09		1143	NULL	NULL	NULL
missed	614872	B>A	Centras–S.Stanevičiaus g.–Fabijoniškės	1143	NULL	NULL	NULL	NULL	NULL	NULL	NULL	40	Autobusai	40	09		1167	NULL	NULL	NULL
missed	614872	A>B	Fabijoniškės–S.Stanevičiaus g.–Centras	1208	NULL	NULL	NULL	NULL	NULL	NULL	NULL	40	Autobusai	40	09		1240	NULL	NULL	NULL
missed	614872	B>A	Centras–S.Stanevičiaus g.–Fabijoniškės	1240	NULL	NULL	NULL	NULL	NULL	NULL	NULL	40	Autobusai	40	09		1263	NULL	NULL	NULL
missed	614872	A>B	Fabijoniškės–S.Stanevičiaus g.–Centras	1273	NULL	NULL	NULL	NULL	NULL	NULL	NULL	40	Autobusai	40	09		1305	NULL	NULL	NULL
missed	614872	B>A	Centras–S.Stanevičiaus g.–Fabijoniškės	1305	NULL	NULL	NULL	NULL	NULL	NULL	NULL	40	Autobusai	40	09		1328	NULL	NULL	NULL
missed	614872	A>B	Fabijoniškės–S.Stanevičiaus g.–Centras	1338	NULL	NULL	NULL	NULL	NULL	NULL	NULL	40	Autobusai	40	09		1370	NULL	NULL	NULL
missed	614872	B>A	Centras–S.Stanevičiaus g.–Fabijoniškės	1370	NULL	NULL	NULL	NULL	NULL	NULL	NULL	40	Autobusai	40	09		1393	NULL	NULL	NULL
missed	614873	A>B	Fabijoniškės–S.Stanevičiaus g.–Centras	388	NULL	NULL	NULL	NULL	NULL	NULL	NULL	40	Autobusai	40	10		423	NULL	NULL	NULL
missed	614873	B>A	Centras–S.Stanevičiaus g.–Fabijoniškės	423	NULL	NULL	NULL	NULL	NULL	NULL	NULL	40	Autobusai	40	10		447	NULL	NULL	NULL
missed	614873	A>B	Fabijoniškės–S.Stanevičiaus g.–Centras	457	NULL	NULL	NULL	NULL	NULL	NULL	NULL	40	Autobusai	40	10		494	NULL	NULL	NULL
missed	614873	B>A	Centras–S.Stanevičiaus g.–Fabijoniškės	494	NULL	NULL	NULL	NULL	NULL	NULL	NULL	40	Autobusai	40	10		518	NULL	NULL	NULL
missed	614873	A>B	Fabijoniškės–S.Stanevičiaus g.–Centras	528	NULL	NULL	NULL	NULL	NULL	NULL	NULL	40	Autobusai	40	10		565	NULL	NULL	NULL
missed	614873	B>A	Centras–S.Stanevičiaus g.–Fabijoniškės	565	NULL	NULL	NULL	NULL	NULL	NULL	NULL	40	Autobusai	40	10		589	NULL	NULL	NULL
missed	614873	A>B	Fabijoniškės–S.Stanevičiaus g.–Centras	601	NULL	NULL	NULL	NULL	NULL	NULL	NULL	40	Autobusai	40	10		636	NULL	NULL	NULL
missed	614873	B>A	Centras–S.Stanevičiaus g.–Fabijoniškės	636	NULL	NULL	NULL	NULL	NULL	NULL	NULL	40	Autobusai	40	10		660	NULL	NULL	NULL
missed	614873	A>B	Fabijoniškės–S.Stanevičiaus g.–Centras	994	NULL	NULL	NULL	NULL	NULL	NULL	NULL	40	Autobusai	40	10		1029	NULL	NULL	NULL
missed	614873	B>A	Centras–S.Stanevičiaus g.–Fabijoniškės	1029	NULL	NULL	NULL	NULL	NULL	NULL	NULL	40	Autobusai	40	10		1055	NULL	NULL	NULL
missed	614873	A>B	Fabijoniškės–S.Stanevičiaus g.–Centras	1065	NULL	NULL	NULL	NULL	NULL	NULL	NULL	40	Autobusai	40	10		1100	NULL	NULL	NULL
missed	614873	B>A	Centras–S.Stanevičiaus g.–Fabijoniškės	1100	NULL	NULL	NULL	NULL	NULL	NULL	NULL	40	Autobusai	40	10		1126	NULL	NULL	NULL
missed	614873	A>B	Fabijoniškės–S.Stanevičiaus g.–Centras	1144	NULL	NULL	NULL	NULL	NULL	NULL	NULL	40	Autobusai	40	10		1179	NULL	NULL	NULL
missed	614873	B>A	Centras–S.Stanevičiaus g.–Fabijoniškės	1179	NULL	NULL	NULL	NULL	NULL	NULL	NULL	40	Autobusai	40	10		1203	NULL	NULL	NULL
missed	614874	A>B	Fabijoniškės–S.Stanevičiaus g.–Centras	1012	NULL	NULL	NULL	NULL	NULL	NULL	NULL	40	Autobusai	40	11		1047	NULL	NULL	NULL
missed	614874	B>A	Centras–S.Stanevičiaus g.–Fabijoniškės	1047	NULL	NULL	NULL	NULL	NULL	NULL	NULL	40	Autobusai	40	11		1073	NULL	NULL	NULL
missed	614874	A>B	Fabijoniškės–S.Stanevičiaus g.–Centras	1085	NULL	NULL	NULL	NULL	NULL	NULL	NULL	40	Autobusai	40	11		1120	NULL	NULL	NULL
missed	614874	B>A	Centras–S.Stanevičiaus g.–Fabijoniškės	1120	NULL	NULL	NULL	NULL	NULL	NULL	NULL	40	Autobusai	40	11		1146	NULL	NULL	NULL
missed	614874	A>B	Fabijoniškės–S.Stanevičiaus g.–Centras	1162	NULL	NULL	NULL	NULL	NULL	NULL	NULL	40	Autobusai	40	11		1197	NULL	NULL	NULL
missed	614874	B>A	Centras–S.Stanevičiaus g.–Fabijoniškės	1197	NULL	NULL	NULL	NULL	NULL	NULL	NULL	40	Autobusai	40	11		1220	NULL	NULL	NULL
missed	83145	A>B	Stotis–Eišiškių pl.–Užusienis	320	NULL	NULL	NULL	NULL	NULL	NULL	NULL	41	Autobusai	41	01		342	NULL	NULL	NULL
missed	83145	B>A	Užusienis–Eišiškių pl.–Stotis	355	NULL	NULL	NULL	NULL	NULL	NULL	NULL	41	Autobusai	41	01		378	NULL	NULL	NULL
missed	83145	A>B	Stotis–Eišiškių pl.–Užusienis	389	NULL	NULL	NULL	NULL	NULL	NULL	NULL	41	Autobusai	41	01		413	NULL	NULL	NULL
missed	83145	B>A	Užusienis–Eišiškių pl.–Stotis	435	NULL	NULL	NULL	NULL	NULL	NULL	NULL	41	Autobusai	41	01		458	NULL	NULL	NULL
missed	83145	A>B	Stotis–Eišiškių pl.–Užusienis	463	NULL	NULL	NULL	NULL	NULL	NULL	NULL	41	Autobusai	41	01		487	NULL	NULL	NULL
missed	83145	B>A	Užusienis–Eišiškių pl.–Stotis	496	NULL	NULL	NULL	NULL	NULL	NULL	NULL	41	Autobusai	41	01		517	NULL	NULL	NULL
missed	83145	A>B	Stotis–Eišiškių pl.–Užusienis	527	NULL	NULL	NULL	NULL	NULL	NULL	NULL	41	Autobusai	41	01		549	NULL	NULL	NULL
missed	83145	B>A	Užusienis–Eišiškių pl.–Stotis	556	NULL	NULL	NULL	NULL	NULL	NULL	NULL	41	Autobusai	41	01		577	NULL	NULL	NULL
missed	83145	A>B	Stotis–Eišiškių pl.–Užusienis	613	NULL	NULL	NULL	NULL	NULL	NULL	NULL	41	Autobusai	41	01		635	NULL	NULL	NULL
missed	83145	B>A	Užusienis–Eišiškių pl.–Stotis	641	NULL	NULL	NULL	NULL	NULL	NULL	NULL	41	Autobusai	41	01		662	NULL	NULL	NULL
missed	83145	A>B	Stotis–Eišiškių pl.–Užusienis	669	NULL	NULL	NULL	NULL	NULL	NULL	NULL	41	Autobusai	41	01		691	NULL	NULL	NULL
missed	83145	B>A	Užusienis–Eišiškių pl.–Stotis	700	NULL	NULL	NULL	NULL	NULL	NULL	NULL	41	Autobusai	41	01		721	NULL	NULL	NULL
missed	83145	A>B	Stotis–Eišiškių pl.–Užusienis	727	NULL	NULL	NULL	NULL	NULL	NULL	NULL	41	Autobusai	41	01		749	NULL	NULL	NULL
missed	83145	B>A	Užusienis–Eišiškių pl.–Stotis	755	NULL	NULL	NULL	NULL	NULL	NULL	NULL	41	Autobusai	41	01		776	NULL	NULL	NULL
missed	83145	A>B	Stotis–Eišiškių pl.–Užusienis	782	NULL	NULL	NULL	NULL	NULL	NULL	NULL	41	Autobusai	41	01		804	NULL	NULL	NULL
missed	83145	B>A	Užusienis–Eišiškių pl.–Stotis	811	NULL	NULL	NULL	NULL	NULL	NULL	NULL	41	Autobusai	41	01		832	NULL	NULL	NULL
missed	83145	A>B	Stotis–Eišiškių pl.–Užusienis	849	NULL	NULL	NULL	NULL	NULL	NULL	NULL	41	Autobusai	41	01		871	NULL	NULL	NULL
missed	83145	B>A	Užusienis–Eišiškių pl.–Stotis	876	NULL	NULL	NULL	NULL	NULL	NULL	NULL	41	Autobusai	41	01		899	NULL	NULL	NULL
missed	83145	A>B	Stotis–Eišiškių pl.–Užusienis	904	NULL	NULL	NULL	NULL	NULL	NULL	NULL	41	Autobusai	41	01		928	NULL	NULL	NULL
missed	83145	B>A	Užusienis–Eišiškių pl.–Stotis	936	NULL	NULL	NULL	NULL	NULL	NULL	NULL	41	Autobusai	41	01		959	NULL	NULL	NULL
missed	83145	A>B	Stotis–Eišiškių pl.–Užusienis	964	NULL	NULL	NULL	NULL	NULL	NULL	NULL	41	Autobusai	41	01		988	NULL	NULL	NULL
missed	83145	B>A	Užusienis–Eišiškių pl.–Stotis	993	NULL	NULL	NULL	NULL	NULL	NULL	NULL	41	Autobusai	41	01		1016	NULL	NULL	NULL
missed	83145	A>B	Stotis–Eišiškių pl.–Užusienis	1022	NULL	NULL	NULL	NULL	NULL	NULL	NULL	41	Autobusai	41	01		1046	NULL	NULL	NULL
missed	83145	B>A	Užusienis–Eišiškių pl.–Stotis	1051	NULL	NULL	NULL	NULL	NULL	NULL	NULL	41	Autobusai	41	01		1074	NULL	NULL	NULL
missed	83145	A>B	Stotis–Eišiškių pl.–Užusienis	1080	NULL	NULL	NULL	NULL	NULL	NULL	NULL	41	Autobusai	41	01		1104	NULL	NULL	NULL
missed	83145	B>A	Užusienis–Eišiškių pl.–Stotis	1109	NULL	NULL	NULL	NULL	NULL	NULL	NULL	41	Autobusai	41	01		1132	NULL	NULL	NULL
missed	83145	A>B	Stotis–Eišiškių pl.–Užusienis	1165	NULL	NULL	NULL	NULL	NULL	NULL	NULL	41	Autobusai	41	01		1189	NULL	NULL	NULL
missed	83145	B>A	Užusienis–Eišiškių pl.–Stotis	1194	NULL	NULL	NULL	NULL	NULL	NULL	NULL	41	Autobusai	41	01		1215	NULL	NULL	NULL
missed	83145	A>B	Stotis–Eišiškių pl.–Užusienis	1220	NULL	NULL	NULL	NULL	NULL	NULL	NULL	41	Autobusai	41	01		1242	NULL	NULL	NULL
missed	83145	B>A	Užusienis–Eišiškių pl.–Stotis	1247	NULL	NULL	NULL	NULL	NULL	NULL	NULL	41	Autobusai	41	01		1268	NULL	NULL	NULL
missed	83145	A>B	Stotis–Eišiškių pl.–Užusienis	1275	NULL	NULL	NULL	NULL	NULL	NULL	NULL	41	Autobusai	41	01		1297	NULL	NULL	NULL
missed	83145	B>A	Užusienis–Eišiškių pl.–Stotis	1302	NULL	NULL	NULL	NULL	NULL	NULL	NULL	41	Autobusai	41	01		1323	NULL	NULL	NULL
missed	83145	A>B	Stotis–Eišiškių pl.–Užusienis	1329	NULL	NULL	NULL	NULL	NULL	NULL	NULL	41	Autobusai	41	01		1351	NULL	NULL	NULL
missed	83145	B>A	Užusienis–Eišiškių pl.–Stotis	1356	NULL	NULL	NULL	NULL	NULL	NULL	NULL	41	Autobusai	41	01		1377	NULL	NULL	NULL
missed	426022	B1>A	Salininkai–Eišiškių pl.–Stotis	315	NULL	NULL	NULL	NULL	NULL	NULL	NULL	42	Autobusai	42	01-Ž		342	NULL	NULL	NULL
missed	426022	A>B	Stotis–Eišiškių pl.–Salininkai	345	NULL	NULL	NULL	NULL	NULL	NULL	NULL	42	Autobusai	42	01-Ž		374	NULL	NULL	NULL
missed	426022	B>A	Salininkai–Eišiškių pl.–Stotis	379	NULL	NULL	NULL	NULL	NULL	NULL	NULL	42	Autobusai	42	01-Ž		408	NULL	NULL	NULL
missed	426022	A>B	Stotis–Eišiškių pl.–Salininkai	413	NULL	NULL	NULL	NULL	NULL	NULL	NULL	42	Autobusai	42	01-Ž		444	NULL	NULL	NULL
missed	426022	B>A	Salininkai–Eišiškių pl.–Stotis	452	NULL	NULL	NULL	NULL	NULL	NULL	NULL	42	Autobusai	42	01-Ž		481	NULL	NULL	NULL
missed	426022	A>B	Stotis–Eišiškių pl.–Salininkai	490	NULL	NULL	NULL	NULL	NULL	NULL	NULL	42	Autobusai	42	01-Ž		519	NULL	NULL	NULL
missed	426022	B>A	Salininkai–Eišiškių pl.–Stotis	525	NULL	NULL	NULL	NULL	NULL	NULL	NULL	42	Autobusai	42	01-Ž		552	NULL	NULL	NULL
missed	426022	A>B	Stotis–Eišiškių pl.–Salininkai	600	NULL	NULL	NULL	NULL	NULL	NULL	NULL	42	Autobusai	42	01-Ž		629	NULL	NULL	NULL
missed	426022	B>A	Salininkai–Eišiškių pl.–Stotis	644	NULL	NULL	NULL	NULL	NULL	NULL	NULL	42	Autobusai	42	01-Ž		671	NULL	NULL	NULL
missed	426022	A>B	Stotis–Eišiškių pl.–Salininkai	678	NULL	NULL	NULL	NULL	NULL	NULL	NULL	42	Autobusai	42	01-Ž		707	NULL	NULL	NULL
missed	426022	B>A	Salininkai–Eišiškių pl.–Stotis	714	NULL	NULL	NULL	NULL	NULL	NULL	NULL	42	Autobusai	42	01-Ž		741	NULL	NULL	NULL
missed	426022	A>B	Stotis–Eišiškių pl.–Salininkai	752	NULL	NULL	NULL	NULL	NULL	NULL	NULL	42	Autobusai	42	01-Ž		781	NULL	NULL	NULL
missed	426022	B>A	Salininkai–Eišiškių pl.–Stotis	788	NULL	NULL	NULL	NULL	NULL	NULL	NULL	42	Autobusai	42	01-Ž		815	NULL	NULL	NULL
missed	426022	A>B	Stotis–Eišiškių pl.–Salininkai	825	NULL	NULL	NULL	NULL	NULL	NULL	NULL	42	Autobusai	42	01-Ž		854	NULL	NULL	NULL
missed	426022	B>A	Salininkai–Eišiškių pl.–Stotis	861	NULL	NULL	NULL	NULL	NULL	NULL	NULL	42	Autobusai	42	01-Ž		890	NULL	NULL	NULL
missed	426022	A>B	Stotis–Eišiškių pl.–Salininkai	895	NULL	NULL	NULL	NULL	NULL	NULL	NULL	42	Autobusai	42	01-Ž		926	NULL	NULL	NULL
missed	426022	B>A	Salininkai–Eišiškių pl.–Stotis	932	NULL	NULL	NULL	NULL	NULL	NULL	NULL	42	Autobusai	42	01-Ž		961	NULL	NULL	NULL
missed	426022	A>B	Stotis–Eišiškių pl.–Salininkai	972	NULL	NULL	NULL	NULL	NULL	NULL	NULL	42	Autobusai	42	01-Ž		1003	NULL	NULL	NULL
missed	426022	B>A	Salininkai–Eišiškių pl.–Stotis	1013	NULL	NULL	NULL	NULL	NULL	NULL	NULL	42	Autobusai	42	01-Ž		1042	NULL	NULL	NULL
missed	426022	A>B	Stotis–Eišiškių pl.–Salininkai	1049	NULL	NULL	NULL	NULL	NULL	NULL	NULL	42	Autobusai	42	01-Ž		1080	NULL	NULL	NULL
missed	426022	B>A	Salininkai–Eišiškių pl.–Stotis	1087	NULL	NULL	NULL	NULL	NULL	NULL	NULL	42	Autobusai	42	01-Ž		1116	NULL	NULL	NULL
missed	426022	A>B	Stotis–Eišiškių pl.–Salininkai	1151	NULL	NULL	NULL	NULL	NULL	NULL	NULL	42	Autobusai	42	01-Ž		1182	NULL	NULL	NULL
missed	426022	B>A	Salininkai–Eišiškių pl.–Stotis	1189	NULL	NULL	NULL	NULL	NULL	NULL	NULL	42	Autobusai	42	01-Ž		1218	NULL	NULL	NULL
missed	426022	A>B	Stotis–Eišiškių pl.–Salininkai	1229	NULL	NULL	NULL	NULL	NULL	NULL	NULL	42	Autobusai	42	01-Ž		1258	NULL	NULL	NULL
missed	426022	B>A	Salininkai–Eišiškių pl.–Stotis	1265	NULL	NULL	NULL	NULL	NULL	NULL	NULL	42	Autobusai	42	01-Ž		1292	NULL	NULL	NULL
missed	426022	A>B	Stotis–Eišiškių pl.–Salininkai	1300	NULL	NULL	NULL	NULL	NULL	NULL	NULL	42	Autobusai	42	01-Ž		1329	NULL	NULL	NULL
missed	426022	B>A	Salininkai–Eišiškių pl.–Stotis	1331	NULL	NULL	NULL	NULL	NULL	NULL	NULL	42	Autobusai	42	01-Ž		1358	NULL	NULL	NULL
missed	426024	A>B	Stotis–Eišiškių pl.–Salininkai	363	NULL	NULL	NULL	NULL	NULL	NULL	NULL	42	Autobusai	42	02		394	NULL	NULL	NULL
missed	426024	B>A	Salininkai–Eišiškių pl.–Stotis	406	NULL	NULL	NULL	NULL	NULL	NULL	NULL	42	Autobusai	42	02		435	NULL	NULL	NULL
missed	426024	A>B	Stotis–Eišiškių pl.–Salininkai	440	NULL	NULL	NULL	NULL	NULL	NULL	NULL	42	Autobusai	42	02		471	NULL	NULL	NULL
missed	426024	B>A	Salininkai–Eišiškių pl.–Stotis	482	NULL	NULL	NULL	NULL	NULL	NULL	NULL	42	Autobusai	42	02		509	NULL	NULL	NULL
missed	426024	A>B	Stotis–Eišiškių pl.–Salininkai	521	NULL	NULL	NULL	NULL	NULL	NULL	NULL	42	Autobusai	42	02		550	NULL	NULL	NULL
missed	426024	B>A	Salininkai–Eišiškių pl.–Stotis	557	NULL	NULL	NULL	NULL	NULL	NULL	NULL	42	Autobusai	42	02		584	NULL	NULL	NULL
missed	426024	A>B	Stotis–Eišiškių pl.–Salininkai	946	NULL	NULL	NULL	NULL	NULL	NULL	NULL	42	Autobusai	42	02		977	NULL	NULL	NULL
missed	426024	B>A	Salininkai–Eišiškių pl.–Stotis	990	NULL	NULL	NULL	NULL	NULL	NULL	NULL	42	Autobusai	42	02		1019	NULL	NULL	NULL
missed	426024	A>B	Stotis–Eišiškių pl.–Salininkai	1026	NULL	NULL	NULL	NULL	NULL	NULL	NULL	42	Autobusai	42	02		1057	NULL	NULL	NULL
missed	426024	B>A	Salininkai–Eišiškių pl.–Stotis	1062	NULL	NULL	NULL	NULL	NULL	NULL	NULL	42	Autobusai	42	02		1091	NULL	NULL	NULL
missed	426024	A>B	Stotis–Eišiškių pl.–Salininkai	1100	NULL	NULL	NULL	NULL	NULL	NULL	NULL	42	Autobusai	42	02		1131	NULL	NULL	NULL
missed	426024	B>A	Salininkai–Eišiškių pl.–Stotis	1140	NULL	NULL	NULL	NULL	NULL	NULL	NULL	42	Autobusai	42	02		1169	NULL	NULL	NULL
missed	426023	A>B	Stotis–Eišiškių pl.–Salininkai	326	NULL	NULL	NULL	NULL	NULL	NULL	NULL	42	Autobusai	42	03		355	NULL	NULL	NULL
missed	426023	B>A	Salininkai–Eišiškių pl.–Stotis	361	NULL	NULL	NULL	NULL	NULL	NULL	NULL	42	Autobusai	42	03		390	NULL	NULL	NULL
missed	426023	A>B	Stotis–Eišiškių pl.–Salininkai	395	NULL	NULL	NULL	NULL	NULL	NULL	NULL	42	Autobusai	42	03		426	NULL	NULL	NULL
missed	426023	B>A	Salininkai–Eišiškių pl.–Stotis	433	NULL	NULL	NULL	NULL	NULL	NULL	NULL	42	Autobusai	42	03		462	NULL	NULL	NULL
missed	426023	A>B	Stotis–Eišiškių pl.–Salininkai	467	NULL	NULL	NULL	NULL	NULL	NULL	NULL	42	Autobusai	42	03		498	NULL	NULL	NULL
missed	426023	B>A	Salininkai–Eišiškių pl.–Stotis	505	NULL	NULL	NULL	NULL	NULL	NULL	NULL	42	Autobusai	42	03		532	NULL	NULL	NULL
missed	426023	A>B	Stotis–Eišiškių pl.–Salininkai	569	NULL	NULL	NULL	NULL	NULL	NULL	NULL	42	Autobusai	42	03		598	NULL	NULL	NULL
missed	426023	B>A	Salininkai–Eišiškių pl.–Stotis	606	NULL	NULL	NULL	NULL	NULL	NULL	NULL	42	Autobusai	42	03		633	NULL	NULL	NULL
missed	426023	A>B	Stotis–Eišiškių pl.–Salininkai	645	NULL	NULL	NULL	NULL	NULL	NULL	NULL	42	Autobusai	42	03		674	NULL	NULL	NULL
missed	426023	B>A	Salininkai–Eišiškių pl.–Stotis	683	NULL	NULL	NULL	NULL	NULL	NULL	NULL	42	Autobusai	42	03		710	NULL	NULL	NULL
missed	426023	A>B	Stotis–Eišiškių pl.–Salininkai	716	NULL	NULL	NULL	NULL	NULL	NULL	NULL	42	Autobusai	42	03		745	NULL	NULL	NULL
missed	426023	B>A	Salininkai–Eišiškių pl.–Stotis	751	NULL	NULL	NULL	NULL	NULL	NULL	NULL	42	Autobusai	42	03		778	NULL	NULL	NULL
missed	426023	A>B	Stotis–Eišiškių pl.–Salininkai	786	NULL	NULL	NULL	NULL	NULL	NULL	NULL	42	Autobusai	42	03		815	NULL	NULL	NULL
missed	426023	B>A	Salininkai–Eišiškių pl.–Stotis	820	NULL	NULL	NULL	NULL	NULL	NULL	NULL	42	Autobusai	42	03		847	NULL	NULL	NULL
missed	426023	A>B	Stotis–Eišiškių pl.–Salininkai	857	NULL	NULL	NULL	NULL	NULL	NULL	NULL	42	Autobusai	42	03		886	NULL	NULL	NULL
missed	426023	B>A	Salininkai–Eišiškių pl.–Stotis	891	NULL	NULL	NULL	NULL	NULL	NULL	NULL	42	Autobusai	42	03		920	NULL	NULL	NULL
missed	426023	A>B	Stotis–Eišiškių pl.–Salininkai	931	NULL	NULL	NULL	NULL	NULL	NULL	NULL	42	Autobusai	42	03		962	NULL	NULL	NULL
missed	426023	B>A	Salininkai–Eišiškių pl.–Stotis	967	NULL	NULL	NULL	NULL	NULL	NULL	NULL	42	Autobusai	42	03		996	NULL	NULL	NULL
missed	426023	A>B	Stotis–Eišiškių pl.–Salininkai	1001	NULL	NULL	NULL	NULL	NULL	NULL	NULL	42	Autobusai	42	03		1032	NULL	NULL	NULL
missed	426023	B>A	Salininkai–Eišiškių pl.–Stotis	1039	NULL	NULL	NULL	NULL	NULL	NULL	NULL	42	Autobusai	42	03		1068	NULL	NULL	NULL
missed	426023	A>B	Stotis–Eišiškių pl.–Salininkai	1073	NULL	NULL	NULL	NULL	NULL	NULL	NULL	42	Autobusai	42	03		1104	NULL	NULL	NULL
missed	426023	B>A	Salininkai–Eišiškių pl.–Stotis	1109	NULL	NULL	NULL	NULL	NULL	NULL	NULL	42	Autobusai	42	03		1138	NULL	NULL	NULL
missed	426023	A>B	Stotis–Eišiškių pl.–Salininkai	1186	NULL	NULL	NULL	NULL	NULL	NULL	NULL	42	Autobusai	42	03		1217	NULL	NULL	NULL
missed	426023	B>A	Salininkai–Eišiškių pl.–Stotis	1226	NULL	NULL	NULL	NULL	NULL	NULL	NULL	42	Autobusai	42	03		1253	NULL	NULL	NULL
missed	426023	A>B	Stotis–Eišiškių pl.–Salininkai	1258	NULL	NULL	NULL	NULL	NULL	NULL	NULL	42	Autobusai	42	03		1287	NULL	NULL	NULL
missed	426023	B>A	Salininkai–Eišiškių pl.–Stotis	1294	NULL	NULL	NULL	NULL	NULL	NULL	NULL	42	Autobusai	42	03		1321	NULL	NULL	NULL
missed	426023	A>B	Stotis–Eišiškių pl.–Salininkai	1336	NULL	NULL	NULL	NULL	NULL	NULL	NULL	42	Autobusai	42	03		1365	NULL	NULL	NULL
missed	426023	B>A	Salininkai–Eišiškių pl.–Stotis	1376	NULL	NULL	NULL	NULL	NULL	NULL	NULL	42	Autobusai	42	03		1403	NULL	NULL	NULL
missed	663127	A>B	Justiniškės–Šeškinė–Žaliasis tiltas–Centras	307	NULL	NULL	NULL	NULL	NULL	NULL	NULL	43	Autobusai	43	01-ž		337	NULL	NULL	NULL
missed	663127	B>A	Centras–Žaliasis tiltas–Šeškinė–Justiniškės	347	NULL	NULL	NULL	NULL	NULL	NULL	NULL	43	Autobusai	43	01-ž		380	NULL	NULL	NULL
missed	663127	A>B	Justiniškės–Šeškinė–Žaliasis tiltas–Centras	388	NULL	NULL	NULL	NULL	NULL	NULL	NULL	43	Autobusai	43	01-ž		420	NULL	NULL	NULL
missed	663127	B>A	Centras–Žaliasis tiltas–Šeškinė–Justiniškės	426	NULL	NULL	NULL	NULL	NULL	NULL	NULL	43	Autobusai	43	01-ž		463	NULL	NULL	NULL
missed	663127	A>B	Justiniškės–Šeškinė–Žaliasis tiltas–Centras	472	NULL	NULL	NULL	NULL	NULL	NULL	NULL	43	Autobusai	43	01-ž		517	NULL	NULL	NULL
missed	663127	B>A	Centras–Žaliasis tiltas–Šeškinė–Justiniškės	527	NULL	NULL	NULL	NULL	NULL	NULL	NULL	43	Autobusai	43	01-ž		563	NULL	NULL	NULL
missed	663127	A>B	Justiniškės–Šeškinė–Žaliasis tiltas–Centras	596	NULL	NULL	NULL	NULL	NULL	NULL	NULL	43	Autobusai	43	01-ž		628	NULL	NULL	NULL
missed	663127	B>A	Centras–Žaliasis tiltas–Šeškinė–Justiniškės	633	NULL	NULL	NULL	NULL	NULL	NULL	NULL	43	Autobusai	43	01-ž		668	NULL	NULL	NULL
missed	663127	A>B	Justiniškės–Šeškinė–Žaliasis tiltas–Centras	673	NULL	NULL	NULL	NULL	NULL	NULL	NULL	43	Autobusai	43	01-ž		705	NULL	NULL	NULL
missed	663127	B>A	Centras–Žaliasis tiltas–Šeškinė–Justiniškės	712	NULL	NULL	NULL	NULL	NULL	NULL	NULL	43	Autobusai	43	01-ž		747	NULL	NULL	NULL
missed	663127	A>B	Justiniškės–Šeškinė–Žaliasis tiltas–Centras	752	NULL	NULL	NULL	NULL	NULL	NULL	NULL	43	Autobusai	43	01-ž		784	NULL	NULL	NULL
missed	663127	B>A	Centras–Žaliasis tiltas–Šeškinė–Justiniškės	791	NULL	NULL	NULL	NULL	NULL	NULL	NULL	43	Autobusai	43	01-ž		826	NULL	NULL	NULL
missed	663127	A>B	Justiniškės–Šeškinė–Žaliasis tiltas–Centras	831	NULL	NULL	NULL	NULL	NULL	NULL	NULL	43	Autobusai	43	01-ž		863	NULL	NULL	NULL
missed	663127	B>A	Centras–Žaliasis tiltas–Šeškinė–Justiniškės	873	NULL	NULL	NULL	NULL	NULL	NULL	NULL	43	Autobusai	43	01-ž		908	NULL	NULL	NULL
missed	663127	A>B	Justiniškės–Šeškinė–Žaliasis tiltas–Centras	919	NULL	NULL	NULL	NULL	NULL	NULL	NULL	43	Autobusai	43	01-ž		951	NULL	NULL	NULL
missed	663127	B>A	Centras–Žaliasis tiltas–Šeškinė–Justiniškės	957	NULL	NULL	NULL	NULL	NULL	NULL	NULL	43	Autobusai	43	01-ž		994	NULL	NULL	NULL
missed	663127	A>B	Justiniškės–Šeškinė–Žaliasis tiltas–Centras	1002	NULL	NULL	NULL	NULL	NULL	NULL	NULL	43	Autobusai	43	01-ž		1034	NULL	NULL	NULL
missed	663127	B>A	Centras–Žaliasis tiltas–Šeškinė–Justiniškės	1044	NULL	NULL	NULL	NULL	NULL	NULL	NULL	43	Autobusai	43	01-ž		1085	NULL	NULL	NULL
missed	663127	A>B	Justiniškės–Šeškinė–Žaliasis tiltas–Centras	1102	NULL	NULL	NULL	NULL	NULL	NULL	NULL	43	Autobusai	43	01-ž		1135	NULL	NULL	NULL
missed	663127	B>A	Centras–Žaliasis tiltas–Šeškinė–Justiniškės	1142	NULL	NULL	NULL	NULL	NULL	NULL	NULL	43	Autobusai	43	01-ž		1178	NULL	NULL	NULL
missed	663127	A>B	Justiniškės–Šeškinė–Žaliasis tiltas–Centras	1209	NULL	NULL	NULL	NULL	NULL	NULL	NULL	43	Autobusai	43	01-ž		1239	NULL	NULL	NULL
missed	663127	B>A	Centras–Žaliasis tiltas–Šeškinė–Justiniškės	1245	NULL	NULL	NULL	NULL	NULL	NULL	NULL	43	Autobusai	43	01-ž		1278	NULL	NULL	NULL
missed	663127	A>B	Justiniškės–Šeškinė–Žaliasis tiltas–Centras	1284	NULL	NULL	NULL	NULL	NULL	NULL	NULL	43	Autobusai	43	01-ž		1314	NULL	NULL	NULL
missed	663127	B>A	Centras–Žaliasis tiltas–Šeškinė–Justiniškės	1319	NULL	NULL	NULL	NULL	NULL	NULL	NULL	43	Autobusai	43	01-ž		1352	NULL	NULL	NULL
missed	663127	A>B	Justiniškės–Šeškinė–Žaliasis tiltas–Centras	1357	NULL	NULL	NULL	NULL	NULL	NULL	NULL	43	Autobusai	43	01-ž		1387	NULL	NULL	NULL
missed	663127	B>A	Centras–Žaliasis tiltas–Šeškinė–Justiniškės	1392	NULL	NULL	NULL	NULL	NULL	NULL	NULL	43	Autobusai	43	01-ž		1425	NULL	NULL	NULL
missed	663125	A>B	Justiniškės–Šeškinė–Žaliasis tiltas–Centras	348	NULL	NULL	NULL	NULL	NULL	NULL	NULL	43	Autobusai	43	02		379	NULL	NULL	NULL
missed	663125	B>A	Centras–Žaliasis tiltas–Šeškinė–Justiniškės	384	NULL	NULL	NULL	NULL	NULL	NULL	NULL	43	Autobusai	43	02		417	NULL	NULL	NULL
missed	663125	A>B	Justiniškės–Šeškinė–Žaliasis tiltas–Centras	425	NULL	NULL	NULL	NULL	NULL	NULL	NULL	43	Autobusai	43	02		470	NULL	NULL	NULL
missed	663125	B>A	Centras–Žaliasis tiltas–Šeškinė–Justiniškės	484	NULL	NULL	NULL	NULL	NULL	NULL	NULL	43	Autobusai	43	02		521	NULL	NULL	NULL
missed	663125	A>B	Justiniškės–Šeškinė–Žaliasis tiltas–Centras	533	NULL	NULL	NULL	NULL	NULL	NULL	NULL	43	Autobusai	43	02		570	NULL	NULL	NULL
missed	663125	B>A	Centras–Žaliasis tiltas–Šeškinė–Justiniškės	575	NULL	NULL	NULL	NULL	NULL	NULL	NULL	43	Autobusai	43	02		610	NULL	NULL	NULL
missed	663125	A>B	Justiniškės–Šeškinė–Žaliasis tiltas–Centras	904	NULL	NULL	NULL	NULL	NULL	NULL	NULL	43	Autobusai	43	02		936	NULL	NULL	NULL
missed	663125	B>A	Centras–Žaliasis tiltas–Šeškinė–Justiniškės	943	NULL	NULL	NULL	NULL	NULL	NULL	NULL	43	Autobusai	43	02		979	NULL	NULL	NULL
missed	663125	A>B	Justiniškės–Šeškinė–Žaliasis tiltas–Centras	986	NULL	NULL	NULL	NULL	NULL	NULL	NULL	43	Autobusai	43	02		1018	NULL	NULL	NULL
missed	663125	B>A	Centras–Žaliasis tiltas–Šeškinė–Justiniškės	1028	NULL	NULL	NULL	NULL	NULL	NULL	NULL	43	Autobusai	43	02		1069	NULL	NULL	NULL
missed	663125	A>B	Justiniškės–Šeškinė–Žaliasis tiltas–Centras	1080	NULL	NULL	NULL	NULL	NULL	NULL	NULL	43	Autobusai	43	02		1113	NULL	NULL	NULL
missed	663125	B>A	Centras–Žaliasis tiltas–Šeškinė–Justiniškės	1123	NULL	NULL	NULL	NULL	NULL	NULL	NULL	43	Autobusai	43	02		1159	NULL	NULL	NULL
missed	663124	B>A	Centras–Žaliasis tiltas–Šeškinė–Justiniškės	327	NULL	NULL	NULL	NULL	NULL	NULL	NULL	43	Autobusai	43	03		360	NULL	NULL	NULL
missed	663124	A>B	Justiniškės–Šeškinė–Žaliasis tiltas–Centras	365	NULL	NULL	NULL	NULL	NULL	NULL	NULL	43	Autobusai	43	03		396	NULL	NULL	NULL
missed	663124	B>A	Centras–Žaliasis tiltas–Šeškinė–Justiniškės	401	NULL	NULL	NULL	NULL	NULL	NULL	NULL	43	Autobusai	43	03		436	NULL	NULL	NULL
missed	663124	A>B	Justiniškės–Šeškinė–Žaliasis tiltas–Centras	443	NULL	NULL	NULL	NULL	NULL	NULL	NULL	43	Autobusai	43	03		488	NULL	NULL	NULL
missed	663124	B>A	Centras–Žaliasis tiltas–Šeškinė–Justiniškės	498	NULL	NULL	NULL	NULL	NULL	NULL	NULL	43	Autobusai	43	03		535	NULL	NULL	NULL
missed	663124	A>B	Justiniškės–Šeškinė–Žaliasis tiltas–Centras	571	NULL	NULL	NULL	NULL	NULL	NULL	NULL	43	Autobusai	43	03		603	NULL	NULL	NULL
missed	663124	B>A	Centras–Žaliasis tiltas–Šeškinė–Justiniškės	612	NULL	NULL	NULL	NULL	NULL	NULL	NULL	43	Autobusai	43	03		647	NULL	NULL	NULL
missed	663124	A>B	Justiniškės–Šeškinė–Žaliasis tiltas–Centras	654	NULL	NULL	NULL	NULL	NULL	NULL	NULL	43	Autobusai	43	03		686	NULL	NULL	NULL
missed	663124	B>A	Centras–Žaliasis tiltas–Šeškinė–Justiniškės	691	NULL	NULL	NULL	NULL	NULL	NULL	NULL	43	Autobusai	43	03		726	NULL	NULL	NULL
missed	663124	A>B	Justiniškės–Šeškinė–Žaliasis tiltas–Centras	731	NULL	NULL	NULL	NULL	NULL	NULL	NULL	43	Autobusai	43	03		763	NULL	NULL	NULL
missed	663124	B>A	Centras–Žaliasis tiltas–Šeškinė–Justiniškės	768	NULL	NULL	NULL	NULL	NULL	NULL	NULL	43	Autobusai	43	03		803	NULL	NULL	NULL
missed	663124	A>B	Justiniškės–Šeškinė–Žaliasis tiltas–Centras	808	NULL	NULL	NULL	NULL	NULL	NULL	NULL	43	Autobusai	43	03		840	NULL	NULL	NULL
missed	663124	B>A	Centras–Žaliasis tiltas–Šeškinė–Justiniškės	850	NULL	NULL	NULL	NULL	NULL	NULL	NULL	43	Autobusai	43	03		885	NULL	NULL	NULL
missed	663124	A>B	Justiniškės–Šeškinė–Žaliasis tiltas–Centras	890	NULL	NULL	NULL	NULL	NULL	NULL	NULL	43	Autobusai	43	03		922	NULL	NULL	NULL
missed	663124	B>A	Centras–Žaliasis tiltas–Šeškinė–Justiniškės	928	NULL	NULL	NULL	NULL	NULL	NULL	NULL	43	Autobusai	43	03		963	NULL	NULL	NULL
missed	663124	A>B	Justiniškės–Šeškinė–Žaliasis tiltas–Centras	971	NULL	NULL	NULL	NULL	NULL	NULL	NULL	43	Autobusai	43	03		1003	NULL	NULL	NULL
missed	663124	B>A	Centras–Žaliasis tiltas–Šeškinė–Justiniškės	1011	NULL	NULL	NULL	NULL	NULL	NULL	NULL	43	Autobusai	43	03		1052	NULL	NULL	NULL
missed	663124	A>B	Justiniškės–Šeškinė–Žaliasis tiltas–Centras	1062	NULL	NULL	NULL	NULL	NULL	NULL	NULL	43	Autobusai	43	03		1095	NULL	NULL	NULL
missed	663124	B>A	Centras–Žaliasis tiltas–Šeškinė–Justiniškės	1105	NULL	NULL	NULL	NULL	NULL	NULL	NULL	43	Autobusai	43	03		1144	NULL	NULL	NULL
missed	663124	A>B	Justiniškės–Šeškinė–Žaliasis tiltas–Centras	1184	NULL	NULL	NULL	NULL	NULL	NULL	NULL	43	Autobusai	43	03		1214	NULL	NULL	NULL
missed	663124	B>A	Centras–Žaliasis tiltas–Šeškinė–Justiniškės	1223	NULL	NULL	NULL	NULL	NULL	NULL	NULL	43	Autobusai	43	03		1256	NULL	NULL	NULL
missed	663124	A>B	Justiniškės–Šeškinė–Žaliasis tiltas–Centras	1264	NULL	NULL	NULL	NULL	NULL	NULL	NULL	43	Autobusai	43	03		1294	NULL	NULL	NULL
missed	663124	B>A	Centras–Žaliasis tiltas–Šeškinė–Justiniškės	1299	NULL	NULL	NULL	NULL	NULL	NULL	NULL	43	Autobusai	43	03		1332	NULL	NULL	NULL
missed	663124	A>B	Justiniškės–Šeškinė–Žaliasis tiltas–Centras	1340	NULL	NULL	NULL	NULL	NULL	NULL	NULL	43	Autobusai	43	03		1370	NULL	NULL	NULL
missed	663124	B>A	Centras–Žaliasis tiltas–Šeškinė–Justiniškės	1376	NULL	NULL	NULL	NULL	NULL	NULL	NULL	43	Autobusai	43	03		1409	NULL	NULL	NULL
missed	663126	A>B	Justiniškės–Šeškinė–Žaliasis tiltas–Centras	377	NULL	NULL	NULL	NULL	NULL	NULL	NULL	43	Autobusai	43	04		409	NULL	NULL	NULL
missed	663126	B>A	Centras–Žaliasis tiltas–Šeškinė–Justiniškės	414	NULL	NULL	NULL	NULL	NULL	NULL	NULL	43	Autobusai	43	04		451	NULL	NULL	NULL
missed	663126	A>B	Justiniškės–Šeškinė–Žaliasis tiltas–Centras	459	NULL	NULL	NULL	NULL	NULL	NULL	NULL	43	Autobusai	43	04		504	NULL	NULL	NULL
missed	663126	B>A	Centras–Žaliasis tiltas–Šeškinė–Justiniškės	514	NULL	NULL	NULL	NULL	NULL	NULL	NULL	43	Autobusai	43	04		550	NULL	NULL	NULL
missed	663126	A>B	Justiniškės–Šeškinė–Žaliasis tiltas–Centras	556	NULL	NULL	NULL	NULL	NULL	NULL	NULL	43	Autobusai	43	04		592	NULL	NULL	NULL
missed	663126	B>A	Centras–Žaliasis tiltas–Šeškinė–Justiniškės	597	NULL	NULL	NULL	NULL	NULL	NULL	NULL	43	Autobusai	43	04		632	NULL	NULL	NULL
missed	663126	A>B	Justiniškės–Šeškinė–Žaliasis tiltas–Centras	944	NULL	NULL	NULL	NULL	NULL	NULL	NULL	43	Autobusai	43	04		976	NULL	NULL	NULL
missed	663126	B>A	Centras–Žaliasis tiltas–Šeškinė–Justiniškės	982	NULL	NULL	NULL	NULL	NULL	NULL	NULL	43	Autobusai	43	04		1023	NULL	NULL	NULL
missed	663126	A>B	Justiniškės–Šeškinė–Žaliasis tiltas–Centras	1033	NULL	NULL	NULL	NULL	NULL	NULL	NULL	43	Autobusai	43	04		1066	NULL	NULL	NULL
missed	663126	B>A	Centras–Žaliasis tiltas–Šeškinė–Justiniškės	1076	NULL	NULL	NULL	NULL	NULL	NULL	NULL	43	Autobusai	43	04		1117	NULL	NULL	NULL
missed	663126	A>B	Justiniškės–Šeškinė–Žaliasis tiltas–Centras	1124	NULL	NULL	NULL	NULL	NULL	NULL	NULL	43	Autobusai	43	04		1155	NULL	NULL	NULL
missed	663126	B>A	Centras–Žaliasis tiltas–Šeškinė–Justiniškės	1162	NULL	NULL	NULL	NULL	NULL	NULL	NULL	43	Autobusai	43	04		1198	NULL	NULL	NULL
missed	663128	A>B	Justiniškės–Šeškinė–Žaliasis tiltas–Centras	328	NULL	NULL	NULL	NULL	NULL	NULL	NULL	43	Autobusai	43	05		358	NULL	NULL	NULL
missed	663128	B>A	Centras–Žaliasis tiltas–Šeškinė–Justiniškės	363	NULL	NULL	NULL	NULL	NULL	NULL	NULL	43	Autobusai	43	05		396	NULL	NULL	NULL
missed	663128	A>B	Justiniškės–Šeškinė–Žaliasis tiltas–Centras	401	NULL	NULL	NULL	NULL	NULL	NULL	NULL	43	Autobusai	43	05		435	NULL	NULL	NULL
missed	663128	B>A	Centras–Žaliasis tiltas–Šeškinė–Justiniškės	444	NULL	NULL	NULL	NULL	NULL	NULL	NULL	43	Autobusai	43	05		481	NULL	NULL	NULL
missed	663128	A>B	Justiniškės–Šeškinė–Žaliasis tiltas–Centras	491	NULL	NULL	NULL	NULL	NULL	NULL	NULL	43	Autobusai	43	05		534	NULL	NULL	NULL
missed	663128	B>A	Centras–Žaliasis tiltas–Šeškinė–Justiniškės	544	NULL	NULL	NULL	NULL	NULL	NULL	NULL	43	Autobusai	43	05		580	NULL	NULL	NULL
missed	663128	A>B	Justiniškės–Šeškinė–Žaliasis tiltas–Centras	615	NULL	NULL	NULL	NULL	NULL	NULL	NULL	43	Autobusai	43	05		647	NULL	NULL	NULL
missed	663128	B>A	Centras–Žaliasis tiltas–Šeškinė–Justiniškės	653	NULL	NULL	NULL	NULL	NULL	NULL	NULL	43	Autobusai	43	05		688	NULL	NULL	NULL
missed	663128	A>B	Justiniškės–Šeškinė–Žaliasis tiltas–Centras	693	NULL	NULL	NULL	NULL	NULL	NULL	NULL	43	Autobusai	43	05		725	NULL	NULL	NULL
missed	663128	B>A	Centras–Žaliasis tiltas–Šeškinė–Justiniškės	731	NULL	NULL	NULL	NULL	NULL	NULL	NULL	43	Autobusai	43	05		766	NULL	NULL	NULL
missed	663128	A>B	Justiniškės–Šeškinė–Žaliasis tiltas–Centras	771	NULL	NULL	NULL	NULL	NULL	NULL	NULL	43	Autobusai	43	05		803	NULL	NULL	NULL
missed	663128	B>A	Centras–Žaliasis tiltas–Šeškinė–Justiniškės	811	NULL	NULL	NULL	NULL	NULL	NULL	NULL	43	Autobusai	43	05		846	NULL	NULL	NULL
missed	663128	A>B	Justiniškės–Šeškinė–Žaliasis tiltas–Centras	851	NULL	NULL	NULL	NULL	NULL	NULL	NULL	43	Autobusai	43	05		883	NULL	NULL	NULL
missed	663128	B>A	Centras–Žaliasis tiltas–Šeškinė–Justiniškės	893	NULL	NULL	NULL	NULL	NULL	NULL	NULL	43	Autobusai	43	05		928	NULL	NULL	NULL
missed	663128	A>B	Justiniškės–Šeškinė–Žaliasis tiltas–Centras	933	NULL	NULL	NULL	NULL	NULL	NULL	NULL	43	Autobusai	43	05		965	NULL	NULL	NULL
missed	663128	B>A	Centras–Žaliasis tiltas–Šeškinė–Justiniškės	971	NULL	NULL	NULL	NULL	NULL	NULL	NULL	43	Autobusai	43	05		1011	NULL	NULL	NULL
missed	663128	A>B	Justiniškės–Šeškinė–Žaliasis tiltas–Centras	1021	NULL	NULL	NULL	NULL	NULL	NULL	NULL	43	Autobusai	43	05		1053	NULL	NULL	NULL
missed	663128	B>A	Centras–Žaliasis tiltas–Šeškinė–Justiniškės	1063	NULL	NULL	NULL	NULL	NULL	NULL	NULL	43	Autobusai	43	05		1104	NULL	NULL	NULL
missed	663128	A>B	Justiniškės–Šeškinė–Žaliasis tiltas–Centras	1145	NULL	NULL	NULL	NULL	NULL	NULL	NULL	43	Autobusai	43	05		1176	NULL	NULL	NULL
missed	663128	B>A	Centras–Žaliasis tiltas–Šeškinė–Justiniškės	1183	NULL	NULL	NULL	NULL	NULL	NULL	NULL	43	Autobusai	43	05		1219	NULL	NULL	NULL
missed	663128	A>B	Justiniškės–Šeškinė–Žaliasis tiltas–Centras	1228	NULL	NULL	NULL	NULL	NULL	NULL	NULL	43	Autobusai	43	05		1258	NULL	NULL	NULL
missed	663128	B>A	Centras–Žaliasis tiltas–Šeškinė–Justiniškės	1263	NULL	NULL	NULL	NULL	NULL	NULL	NULL	43	Autobusai	43	05		1296	NULL	NULL	NULL
missed	663128	A>B	Justiniškės–Šeškinė–Žaliasis tiltas–Centras	1304	NULL	NULL	NULL	NULL	NULL	NULL	NULL	43	Autobusai	43	05		1334	NULL	NULL	NULL
missed	663128	B>A	Centras–Žaliasis tiltas–Šeškinė–Justiniškės	1341	NULL	NULL	NULL	NULL	NULL	NULL	NULL	43	Autobusai	43	05		1374	NULL	NULL	NULL
missed	663128	A>B	Justiniškės–Šeškinė–Žaliasis tiltas–Centras	1382	NULL	NULL	NULL	NULL	NULL	NULL	NULL	43	Autobusai	43	05		1412	NULL	NULL	NULL
missed	663129	A>B	Justiniškės–Šeškinė–Žaliasis tiltas–Centras	411	NULL	NULL	NULL	NULL	NULL	NULL	NULL	43	Autobusai	43	06		451	NULL	NULL	NULL
missed	663129	B>A	Centras–Žaliasis tiltas–Šeškinė–Justiniškės	463	NULL	NULL	NULL	NULL	NULL	NULL	NULL	43	Autobusai	43	06		500	NULL	NULL	NULL
missed	663129	A>B	Justiniškės–Šeškinė–Žaliasis tiltas–Centras	510	NULL	NULL	NULL	NULL	NULL	NULL	NULL	43	Autobusai	43	06		549	NULL	NULL	NULL
missed	663129	B>A	Centras–Žaliasis tiltas–Šeškinė–Justiniškės	560	NULL	NULL	NULL	NULL	NULL	NULL	NULL	43	Autobusai	43	06		596	NULL	NULL	NULL
missed	663129	A>B	Justiniškės–Šeškinė–Žaliasis tiltas–Centras	633	NULL	NULL	NULL	NULL	NULL	NULL	NULL	43	Autobusai	43	06		665	NULL	NULL	NULL
missed	663129	B>A	Centras–Žaliasis tiltas–Šeškinė–Justiniškės	672	NULL	NULL	NULL	NULL	NULL	NULL	NULL	43	Autobusai	43	06		707	NULL	NULL	NULL
missed	663129	A>B	Justiniškės–Šeškinė–Žaliasis tiltas–Centras	713	NULL	NULL	NULL	NULL	NULL	NULL	NULL	43	Autobusai	43	06		745	NULL	NULL	NULL
missed	663129	B>A	Centras–Žaliasis tiltas–Šeškinė–Justiniškės	750	NULL	NULL	NULL	NULL	NULL	NULL	NULL	43	Autobusai	43	06		785	NULL	NULL	NULL
missed	663129	A>B	Justiniškės–Šeškinė–Žaliasis tiltas–Centras	790	NULL	NULL	NULL	NULL	NULL	NULL	NULL	43	Autobusai	43	06		822	NULL	NULL	NULL
missed	663129	B>A	Centras–Žaliasis tiltas–Šeškinė–Justiniškės	828	NULL	NULL	NULL	NULL	NULL	NULL	NULL	43	Autobusai	43	06		863	NULL	NULL	NULL
missed	663129	A>B	Justiniškės–Šeškinė–Žaliasis tiltas–Centras	871	NULL	NULL	NULL	NULL	NULL	NULL	NULL	43	Autobusai	43	06		903	NULL	NULL	NULL
missed	663129	B>A	Centras–Žaliasis tiltas–Šeškinė–Justiniškės	913	NULL	NULL	NULL	NULL	NULL	NULL	NULL	43	Autobusai	43	06		948	NULL	NULL	NULL
missed	663129	A>B	Justiniškės–Šeškinė–Žaliasis tiltas–Centras	956	NULL	NULL	NULL	NULL	NULL	NULL	NULL	43	Autobusai	43	06		988	NULL	NULL	NULL
missed	663129	B>A	Centras–Žaliasis tiltas–Šeškinė–Justiniškės	998	NULL	NULL	NULL	NULL	NULL	NULL	NULL	43	Autobusai	43	06		1039	NULL	NULL	NULL
missed	663129	A>B	Justiniškės–Šeškinė–Žaliasis tiltas–Centras	1050	NULL	NULL	NULL	NULL	NULL	NULL	NULL	43	Autobusai	43	06		1083	NULL	NULL	NULL
missed	663129	B>A	Centras–Žaliasis tiltas–Šeškinė–Justiniškės	1094	NULL	NULL	NULL	NULL	NULL	NULL	NULL	43	Autobusai	43	06		1133	NULL	NULL	NULL
missed	663129	A>B	Justiniškės–Šeškinė–Žaliasis tiltas–Centras	1168	NULL	NULL	NULL	NULL	NULL	NULL	NULL	43	Autobusai	43	06		1199	NULL	NULL	NULL
missed	663129	B>A	Centras–Žaliasis tiltas–Šeškinė–Justiniškės	1206	NULL	NULL	NULL	NULL	NULL	NULL	NULL	43	Autobusai	43	06		1241	NULL	NULL	NULL
missed	663129	A>B	Justiniškės–Šeškinė–Žaliasis tiltas–Centras	1247	NULL	NULL	NULL	NULL	NULL	NULL	NULL	43	Autobusai	43	06		1277	NULL	NULL	NULL
missed	663129	B>A	Centras–Žaliasis tiltas–Šeškinė–Justiniškės	1285	NULL	NULL	NULL	NULL	NULL	NULL	NULL	43	Autobusai	43	06		1318	NULL	NULL	NULL
missed	663129	A>B	Justiniškės–Šeškinė–Žaliasis tiltas–Centras	1325	NULL	NULL	NULL	NULL	NULL	NULL	NULL	43	Autobusai	43	06		1355	NULL	NULL	NULL
missed	663129	B>A	Centras–Žaliasis tiltas–Šeškinė–Justiniškės	1360	NULL	NULL	NULL	NULL	NULL	NULL	NULL	43	Autobusai	43	06		1393	NULL	NULL	NULL
missed	614887	A>B	Pašilaičiai–A.Goštauto g.–Centras	319	NULL	NULL	NULL	NULL	NULL	NULL	NULL	46	Autobusai	46	01		349	NULL	NULL	NULL
missed	614887	B>A	Centras–A.Goštauto g.–Pašilaičiai	349	NULL	NULL	NULL	NULL	NULL	NULL	NULL	46	Autobusai	46	01		377	NULL	NULL	NULL
missed	614887	A>B	Pašilaičiai–A.Goštauto g.–Centras	388	NULL	NULL	NULL	NULL	NULL	NULL	NULL	46	Autobusai	46	01		419	NULL	NULL	NULL
missed	614887	B>A	Centras–A.Goštauto g.–Pašilaičiai	419	NULL	NULL	NULL	NULL	NULL	NULL	NULL	46	Autobusai	46	01		449	NULL	NULL	NULL
missed	614887	A>B	Pašilaičiai–A.Goštauto g.–Centras	459	NULL	NULL	NULL	NULL	NULL	NULL	NULL	46	Autobusai	46	01		490	NULL	NULL	NULL
missed	614887	B>A	Centras–A.Goštauto g.–Pašilaičiai	490	NULL	NULL	NULL	NULL	NULL	NULL	NULL	46	Autobusai	46	01		520	NULL	NULL	NULL
missed	614887	A>B	Pašilaičiai–A.Goštauto g.–Centras	533	NULL	NULL	NULL	NULL	NULL	NULL	NULL	46	Autobusai	46	01		563	NULL	NULL	NULL
missed	614887	B>A	Centras–A.Goštauto g.–Pašilaičiai	563	NULL	NULL	NULL	NULL	NULL	NULL	NULL	46	Autobusai	46	01		593	NULL	NULL	NULL
missed	614887	A>B	Pašilaičiai–A.Goštauto g.–Centras	623	NULL	NULL	NULL	NULL	NULL	NULL	NULL	46	Autobusai	46	01		653	NULL	NULL	NULL
missed	614887	B>A	Centras–A.Goštauto g.–Pašilaičiai	653	NULL	NULL	NULL	NULL	NULL	NULL	NULL	46	Autobusai	46	01		683	NULL	NULL	NULL
missed	614887	A>B	Pašilaičiai–A.Goštauto g.–Centras	700	NULL	NULL	NULL	NULL	NULL	NULL	NULL	46	Autobusai	46	01		730	NULL	NULL	NULL
missed	614887	B>A	Centras–A.Goštauto g.–Pašilaičiai	730	NULL	NULL	NULL	NULL	NULL	NULL	NULL	46	Autobusai	46	01		760	NULL	NULL	NULL
missed	614887	A>B	Pašilaičiai–A.Goštauto g.–Centras	771	NULL	NULL	NULL	NULL	NULL	NULL	NULL	46	Autobusai	46	01		801	NULL	NULL	NULL
missed	614887	B>A	Centras–A.Goštauto g.–Pašilaičiai	801	NULL	NULL	NULL	NULL	NULL	NULL	NULL	46	Autobusai	46	01		831	NULL	NULL	NULL
missed	614887	A>B	Pašilaičiai–A.Goštauto g.–Centras	841	NULL	NULL	NULL	NULL	NULL	NULL	NULL	46	Autobusai	46	01		871	NULL	NULL	NULL
missed	614887	B>A	Centras–A.Goštauto g.–Pašilaičiai	871	NULL	NULL	NULL	NULL	NULL	NULL	NULL	46	Autobusai	46	01		901	NULL	NULL	NULL
missed	614887	A>B	Pašilaičiai–A.Goštauto g.–Centras	910	NULL	NULL	NULL	NULL	NULL	NULL	NULL	46	Autobusai	46	01		941	NULL	NULL	NULL
missed	614887	B>A	Centras–A.Goštauto g.–Pašilaičiai	941	NULL	NULL	NULL	NULL	NULL	NULL	NULL	46	Autobusai	46	01		974	NULL	NULL	NULL
missed	614887	A>B	Pašilaičiai–A.Goštauto g.–Centras	989	NULL	NULL	NULL	NULL	NULL	NULL	NULL	46	Autobusai	46	01		1020	NULL	NULL	NULL
missed	614887	B>A	Centras–A.Goštauto g.–Pašilaičiai	1020	NULL	NULL	NULL	NULL	NULL	NULL	NULL	46	Autobusai	46	01		1053	NULL	NULL	NULL
missed	614887	A>B	Pašilaičiai–A.Goštauto g.–Centras	1068	NULL	NULL	NULL	NULL	NULL	NULL	NULL	46	Autobusai	46	01		1099	NULL	NULL	NULL
missed	614887	B>A	Centras–A.Goštauto g.–Pašilaičiai	1099	NULL	NULL	NULL	NULL	NULL	NULL	NULL	46	Autobusai	46	01		1129	NULL	NULL	NULL
missed	614887	A>B	Pašilaičiai–A.Goštauto g.–Centras	1173	NULL	NULL	NULL	NULL	NULL	NULL	NULL	46	Autobusai	46	01		1204	NULL	NULL	NULL
missed	614887	B>A	Centras–A.Goštauto g.–Pašilaičiai	1204	NULL	NULL	NULL	NULL	NULL	NULL	NULL	46	Autobusai	46	01		1234	NULL	NULL	NULL
missed	614887	A>B	Pašilaičiai–A.Goštauto g.–Centras	1245	NULL	NULL	NULL	NULL	NULL	NULL	NULL	46	Autobusai	46	01		1275	NULL	NULL	NULL
missed	614887	B>A	Centras–A.Goštauto g.–Pašilaičiai	1275	NULL	NULL	NULL	NULL	NULL	NULL	NULL	46	Autobusai	46	01		1303	NULL	NULL	NULL
missed	614887	A>B	Pašilaičiai–A.Goštauto g.–Centras	1315	NULL	NULL	NULL	NULL	NULL	NULL	NULL	46	Autobusai	46	01		1345	NULL	NULL	NULL
missed	614887	B>A	Centras–A.Goštauto g.–Pašilaičiai	1345	NULL	NULL	NULL	NULL	NULL	NULL	NULL	46	Autobusai	46	01		1373	NULL	NULL	NULL
missed	614889	A>B	Pašilaičiai–A.Goštauto g.–Centras	374	NULL	NULL	NULL	NULL	NULL	NULL	NULL	46	Autobusai	46	02		405	NULL	NULL	NULL
missed	614889	B>A	Centras–A.Goštauto g.–Pašilaičiai	405	NULL	NULL	NULL	NULL	NULL	NULL	NULL	46	Autobusai	46	02		433	NULL	NULL	NULL
missed	614889	A>B	Pašilaičiai–A.Goštauto g.–Centras	446	NULL	NULL	NULL	NULL	NULL	NULL	NULL	46	Autobusai	46	02		477	NULL	NULL	NULL
missed	614889	B>A	Centras–A.Goštauto g.–Pašilaičiai	477	NULL	NULL	NULL	NULL	NULL	NULL	NULL	46	Autobusai	46	02		507	NULL	NULL	NULL
missed	614889	A>B	Pašilaičiai–A.Goštauto g.–Centras	521	NULL	NULL	NULL	NULL	NULL	NULL	NULL	46	Autobusai	46	02		551	NULL	NULL	NULL
missed	614889	B>A	Centras–A.Goštauto g.–Pašilaičiai	551	NULL	NULL	NULL	NULL	NULL	NULL	NULL	46	Autobusai	46	02		581	NULL	NULL	NULL
missed	614889	A>B	Pašilaičiai–A.Goštauto g.–Centras	923	NULL	NULL	NULL	NULL	NULL	NULL	NULL	46	Autobusai	46	02		954	NULL	NULL	NULL
missed	614889	B>A	Centras–A.Goštauto g.–Pašilaičiai	954	NULL	NULL	NULL	NULL	NULL	NULL	NULL	46	Autobusai	46	02		987	NULL	NULL	NULL
missed	614889	A>B	Pašilaičiai–A.Goštauto g.–Centras	1002	NULL	NULL	NULL	NULL	NULL	NULL	NULL	46	Autobusai	46	02		1033	NULL	NULL	NULL
missed	614889	B>A	Centras–A.Goštauto g.–Pašilaičiai	1033	NULL	NULL	NULL	NULL	NULL	NULL	NULL	46	Autobusai	46	02		1066	NULL	NULL	NULL
missed	614889	A>B	Pašilaičiai–A.Goštauto g.–Centras	1081	NULL	NULL	NULL	NULL	NULL	NULL	NULL	46	Autobusai	46	02		1112	NULL	NULL	NULL
missed	614889	B>A	Centras–A.Goštauto g.–Pašilaičiai	1112	NULL	NULL	NULL	NULL	NULL	NULL	NULL	46	Autobusai	46	02		1142	NULL	NULL	NULL
missed	614888	A>B	Pašilaičiai–A.Goštauto g.–Centras	333	NULL	NULL	NULL	NULL	NULL	NULL	NULL	46	Autobusai	46	03-ž		363	NULL	NULL	NULL
missed	614888	B>A	Centras–A.Goštauto g.–Pašilaičiai	363	NULL	NULL	NULL	NULL	NULL	NULL	NULL	46	Autobusai	46	03-ž		391	NULL	NULL	NULL
missed	614888	A>B	Pašilaičiai–A.Goštauto g.–Centras	401	NULL	NULL	NULL	NULL	NULL	NULL	NULL	46	Autobusai	46	03-ž		432	NULL	NULL	NULL
missed	614888	B>A	Centras–A.Goštauto g.–Pašilaičiai	432	NULL	NULL	NULL	NULL	NULL	NULL	NULL	46	Autobusai	46	03-ž		462	NULL	NULL	NULL
missed	614888	A>B	Pašilaičiai–A.Goštauto g.–Centras	473	NULL	NULL	NULL	NULL	NULL	NULL	NULL	46	Autobusai	46	03-ž		504	NULL	NULL	NULL
missed	614888	B>A	Centras–A.Goštauto g.–Pašilaičiai	504	NULL	NULL	NULL	NULL	NULL	NULL	NULL	46	Autobusai	46	03-ž		534	NULL	NULL	NULL
missed	614888	A>B	Pašilaičiai–A.Goštauto g.–Centras	547	NULL	NULL	NULL	NULL	NULL	NULL	NULL	46	Autobusai	46	03-ž		577	NULL	NULL	NULL
missed	614888	B>A	Centras–A.Goštauto g.–Pašilaičiai	577	NULL	NULL	NULL	NULL	NULL	NULL	NULL	46	Autobusai	46	03-ž		607	NULL	NULL	NULL
missed	614888	A>B	Pašilaičiai–A.Goštauto g.–Centras	642	NULL	NULL	NULL	NULL	NULL	NULL	NULL	46	Autobusai	46	03-ž		672	NULL	NULL	NULL
missed	614888	B>A	Centras–A.Goštauto g.–Pašilaičiai	672	NULL	NULL	NULL	NULL	NULL	NULL	NULL	46	Autobusai	46	03-ž		702	NULL	NULL	NULL
missed	614888	A>B	Pašilaičiai–A.Goštauto g.–Centras	718	NULL	NULL	NULL	NULL	NULL	NULL	NULL	46	Autobusai	46	03-ž		748	NULL	NULL	NULL
missed	614888	B>A	Centras–A.Goštauto g.–Pašilaičiai	748	NULL	NULL	NULL	NULL	NULL	NULL	NULL	46	Autobusai	46	03-ž		778	NULL	NULL	NULL
missed	614888	A>B	Pašilaičiai–A.Goštauto g.–Centras	789	NULL	NULL	NULL	NULL	NULL	NULL	NULL	46	Autobusai	46	03-ž		819	NULL	NULL	NULL
missed	614888	B>A	Centras–A.Goštauto g.–Pašilaičiai	819	NULL	NULL	NULL	NULL	NULL	NULL	NULL	46	Autobusai	46	03-ž		849	NULL	NULL	NULL
missed	614888	A>B	Pašilaičiai–A.Goštauto g.–Centras	859	NULL	NULL	NULL	NULL	NULL	NULL	NULL	46	Autobusai	46	03-ž		889	NULL	NULL	NULL
missed	614888	B>A	Centras–A.Goštauto g.–Pašilaičiai	889	NULL	NULL	NULL	NULL	NULL	NULL	NULL	46	Autobusai	46	03-ž		919	NULL	NULL	NULL
missed	614888	A>B	Pašilaičiai–A.Goštauto g.–Centras	936	NULL	NULL	NULL	NULL	NULL	NULL	NULL	46	Autobusai	46	03-ž		967	NULL	NULL	NULL
missed	614888	B>A	Centras–A.Goštauto g.–Pašilaičiai	967	NULL	NULL	NULL	NULL	NULL	NULL	NULL	46	Autobusai	46	03-ž		1000	NULL	NULL	NULL
missed	614888	A>B	Pašilaičiai–A.Goštauto g.–Centras	1015	NULL	NULL	NULL	NULL	NULL	NULL	NULL	46	Autobusai	46	03-ž		1046	NULL	NULL	NULL
missed	614888	B>A	Centras–A.Goštauto g.–Pašilaičiai	1046	NULL	NULL	NULL	NULL	NULL	NULL	NULL	46	Autobusai	46	03-ž		1079	NULL	NULL	NULL
missed	614888	A>B	Pašilaičiai–A.Goštauto g.–Centras	1095	NULL	NULL	NULL	NULL	NULL	NULL	NULL	46	Autobusai	46	03-ž		1126	NULL	NULL	NULL
missed	614888	B>A	Centras–A.Goštauto g.–Pašilaičiai	1126	NULL	NULL	NULL	NULL	NULL	NULL	NULL	46	Autobusai	46	03-ž		1156	NULL	NULL	NULL
missed	614888	A>B	Pašilaičiai–A.Goštauto g.–Centras	1191	NULL	NULL	NULL	NULL	NULL	NULL	NULL	46	Autobusai	46	03-ž		1221	NULL	NULL	NULL
missed	614888	B>A	Centras–A.Goštauto g.–Pašilaičiai	1221	NULL	NULL	NULL	NULL	NULL	NULL	NULL	46	Autobusai	46	03-ž		1251	NULL	NULL	NULL
missed	614888	A>B	Pašilaičiai–A.Goštauto g.–Centras	1262	NULL	NULL	NULL	NULL	NULL	NULL	NULL	46	Autobusai	46	03-ž		1292	NULL	NULL	NULL
missed	614888	B>A	Centras–A.Goštauto g.–Pašilaičiai	1292	NULL	NULL	NULL	NULL	NULL	NULL	NULL	46	Autobusai	46	03-ž		1320	NULL	NULL	NULL
missed	614888	A>B	Pašilaičiai–A.Goštauto g.–Centras	1332	NULL	NULL	NULL	NULL	NULL	NULL	NULL	46	Autobusai	46	03-ž		1362	NULL	NULL	NULL
missed	614888	B>A	Centras–A.Goštauto g.–Pašilaičiai	1362	NULL	NULL	NULL	NULL	NULL	NULL	NULL	46	Autobusai	46	03-ž		1390	NULL	NULL	NULL
missed	614890	A>B	Pašilaičiai–A.Goštauto g.–Centras	347	NULL	NULL	NULL	NULL	NULL	NULL	NULL	46	Autobusai	46	04		377	NULL	NULL	NULL
missed	614890	B>A	Centras–A.Goštauto g.–Pašilaičiai	377	NULL	NULL	NULL	NULL	NULL	NULL	NULL	46	Autobusai	46	04		405	NULL	NULL	NULL
missed	614890	A>B	Pašilaičiai–A.Goštauto g.–Centras	423	NULL	NULL	NULL	NULL	NULL	NULL	NULL	46	Autobusai	46	04		454	NULL	NULL	NULL
missed	614890	B>A	Centras–A.Goštauto g.–Pašilaičiai	454	NULL	NULL	NULL	NULL	NULL	NULL	NULL	46	Autobusai	46	04		484	NULL	NULL	NULL
missed	614890	A>B	Pašilaičiai–A.Goštauto g.–Centras	498	NULL	NULL	NULL	NULL	NULL	NULL	NULL	46	Autobusai	46	04		528	NULL	NULL	NULL
missed	614890	B>A	Centras–A.Goštauto g.–Pašilaičiai	528	NULL	NULL	NULL	NULL	NULL	NULL	NULL	46	Autobusai	46	04		558	NULL	NULL	NULL
missed	614890	A>B	Pašilaičiai–A.Goštauto g.–Centras	591	NULL	NULL	NULL	NULL	NULL	NULL	NULL	46	Autobusai	46	04		621	NULL	NULL	NULL
missed	614890	B>A	Centras–A.Goštauto g.–Pašilaičiai	621	NULL	NULL	NULL	NULL	NULL	NULL	NULL	46	Autobusai	46	04		651	NULL	NULL	NULL
missed	614890	A>B	Pašilaičiai–A.Goštauto g.–Centras	681	NULL	NULL	NULL	NULL	NULL	NULL	NULL	46	Autobusai	46	04		711	NULL	NULL	NULL
missed	614890	B>A	Centras–A.Goštauto g.–Pašilaičiai	711	NULL	NULL	NULL	NULL	NULL	NULL	NULL	46	Autobusai	46	04		741	NULL	NULL	NULL
missed	614890	A>B	Pašilaičiai–A.Goštauto g.–Centras	753	NULL	NULL	NULL	NULL	NULL	NULL	NULL	46	Autobusai	46	04		783	NULL	NULL	NULL
missed	614890	B>A	Centras–A.Goštauto g.–Pašilaičiai	783	NULL	NULL	NULL	NULL	NULL	NULL	NULL	46	Autobusai	46	04		813	NULL	NULL	NULL
missed	614890	A>B	Pašilaičiai–A.Goštauto g.–Centras	825	NULL	NULL	NULL	NULL	NULL	NULL	NULL	46	Autobusai	46	04		855	NULL	NULL	NULL
missed	614890	B>A	Centras–A.Goštauto g.–Pašilaičiai	855	NULL	NULL	NULL	NULL	NULL	NULL	NULL	46	Autobusai	46	04		885	NULL	NULL	NULL
missed	614890	A>B	Pašilaičiai–A.Goštauto g.–Centras	896	NULL	NULL	NULL	NULL	NULL	NULL	NULL	46	Autobusai	46	04		927	NULL	NULL	NULL
missed	614890	B>A	Centras–A.Goštauto g.–Pašilaičiai	927	NULL	NULL	NULL	NULL	NULL	NULL	NULL	46	Autobusai	46	04		957	NULL	NULL	NULL
missed	614890	A>B	Pašilaičiai–A.Goštauto g.–Centras	975	NULL	NULL	NULL	NULL	NULL	NULL	NULL	46	Autobusai	46	04		1006	NULL	NULL	NULL
missed	614890	B>A	Centras–A.Goštauto g.–Pašilaičiai	1006	NULL	NULL	NULL	NULL	NULL	NULL	NULL	46	Autobusai	46	04		1039	NULL	NULL	NULL
missed	614890	A>B	Pašilaičiai–A.Goštauto g.–Centras	1054	NULL	NULL	NULL	NULL	NULL	NULL	NULL	46	Autobusai	46	04		1085	NULL	NULL	NULL
missed	614890	B>A	Centras–A.Goštauto g.–Pašilaičiai	1085	NULL	NULL	NULL	NULL	NULL	NULL	NULL	46	Autobusai	46	04		1115	NULL	NULL	NULL
missed	614890	A>B	Pašilaičiai–A.Goštauto g.–Centras	1154	NULL	NULL	NULL	NULL	NULL	NULL	NULL	46	Autobusai	46	04		1185	NULL	NULL	NULL
missed	614890	B>A	Centras–A.Goštauto g.–Pašilaičiai	1185	NULL	NULL	NULL	NULL	NULL	NULL	NULL	46	Autobusai	46	04		1215	NULL	NULL	NULL
missed	614890	A>B	Pašilaičiai–A.Goštauto g.–Centras	1228	NULL	NULL	NULL	NULL	NULL	NULL	NULL	46	Autobusai	46	04		1258	NULL	NULL	NULL
missed	614890	B>A	Centras–A.Goštauto g.–Pašilaičiai	1258	NULL	NULL	NULL	NULL	NULL	NULL	NULL	46	Autobusai	46	04		1286	NULL	NULL	NULL
missed	614890	A>B	Pašilaičiai–A.Goštauto g.–Centras	1298	NULL	NULL	NULL	NULL	NULL	NULL	NULL	46	Autobusai	46	04		1328	NULL	NULL	NULL
missed	614890	B>A	Centras–A.Goštauto g.–Pašilaičiai	1328	NULL	NULL	NULL	NULL	NULL	NULL	NULL	46	Autobusai	46	04		1356	NULL	NULL	NULL
missed	614890	A>B	Pašilaičiai–A.Goštauto g.–Centras	1370	NULL	NULL	NULL	NULL	NULL	NULL	NULL	46	Autobusai	46	04		1400	NULL	NULL	NULL
missed	614890	B>A	Centras–A.Goštauto g.–Pašilaičiai	1400	NULL	NULL	NULL	NULL	NULL	NULL	NULL	46	Autobusai	46	04		1428	NULL	NULL	NULL
missed	614891	A>B	Pašilaičiai–A.Goštauto g.–Centras	361	NULL	NULL	NULL	NULL	NULL	NULL	NULL	46	Autobusai	46	05		392	NULL	NULL	NULL
missed	614891	B>A	Centras–A.Goštauto g.–Pašilaičiai	392	NULL	NULL	NULL	NULL	NULL	NULL	NULL	46	Autobusai	46	05		420	NULL	NULL	NULL
missed	614891	A>B	Pašilaičiai–A.Goštauto g.–Centras	435	NULL	NULL	NULL	NULL	NULL	NULL	NULL	46	Autobusai	46	05		466	NULL	NULL	NULL
missed	614891	B>A	Centras–A.Goštauto g.–Pašilaičiai	466	NULL	NULL	NULL	NULL	NULL	NULL	NULL	46	Autobusai	46	05		496	NULL	NULL	NULL
missed	614891	A>B	Pašilaičiai–A.Goštauto g.–Centras	510	NULL	NULL	NULL	NULL	NULL	NULL	NULL	46	Autobusai	46	05		540	NULL	NULL	NULL
missed	614891	B>A	Centras–A.Goštauto g.–Pašilaičiai	540	NULL	NULL	NULL	NULL	NULL	NULL	NULL	46	Autobusai	46	05		570	NULL	NULL	NULL
missed	614891	A>B	Pašilaičiai–A.Goštauto g.–Centras	948	NULL	NULL	NULL	NULL	NULL	NULL	NULL	46	Autobusai	46	05		979	NULL	NULL	NULL
missed	614891	B>A	Centras–A.Goštauto g.–Pašilaičiai	979	NULL	NULL	NULL	NULL	NULL	NULL	NULL	46	Autobusai	46	05		1012	NULL	NULL	NULL
missed	614891	A>B	Pašilaičiai–A.Goštauto g.–Centras	1026	NULL	NULL	NULL	NULL	NULL	NULL	NULL	46	Autobusai	46	05		1057	NULL	NULL	NULL
missed	614891	B>A	Centras–A.Goštauto g.–Pašilaičiai	1057	NULL	NULL	NULL	NULL	NULL	NULL	NULL	46	Autobusai	46	05		1088	NULL	NULL	NULL
missed	614891	A>B	Pašilaičiai–A.Goštauto g.–Centras	1107	NULL	NULL	NULL	NULL	NULL	NULL	NULL	46	Autobusai	46	05		1138	NULL	NULL	NULL
missed	614891	B>A	Centras–A.Goštauto g.–Pašilaičiai	1138	NULL	NULL	NULL	NULL	NULL	NULL	NULL	46	Autobusai	46	05		1168	NULL	NULL	NULL
missed	614892	A>B	Pašilaičiai–A.Goštauto g.–Centras	412	NULL	NULL	NULL	NULL	NULL	NULL	NULL	46	Autobusai	46	06		443	NULL	NULL	NULL
missed	614892	B>A	Centras–A.Goštauto g.–Pašilaičiai	443	NULL	NULL	NULL	NULL	NULL	NULL	NULL	46	Autobusai	46	06		473	NULL	NULL	NULL
missed	614892	A>B	Pašilaičiai–A.Goštauto g.–Centras	486	NULL	NULL	NULL	NULL	NULL	NULL	NULL	46	Autobusai	46	06		517	NULL	NULL	NULL
missed	614892	B>A	Centras–A.Goštauto g.–Pašilaičiai	517	NULL	NULL	NULL	NULL	NULL	NULL	NULL	46	Autobusai	46	06		547	NULL	NULL	NULL
missed	614892	A>B	Pašilaičiai–A.Goštauto g.–Centras	565	NULL	NULL	NULL	NULL	NULL	NULL	NULL	46	Autobusai	46	06		595	NULL	NULL	NULL
missed	614892	B>A	Centras–A.Goštauto g.–Pašilaičiai	595	NULL	NULL	NULL	NULL	NULL	NULL	NULL	46	Autobusai	46	06		625	NULL	NULL	NULL
missed	614892	A>B	Pašilaičiai–A.Goštauto g.–Centras	661	NULL	NULL	NULL	NULL	NULL	NULL	NULL	46	Autobusai	46	06		691	NULL	NULL	NULL
missed	614892	B>A	Centras–A.Goštauto g.–Pašilaičiai	691	NULL	NULL	NULL	NULL	NULL	NULL	NULL	46	Autobusai	46	06		721	NULL	NULL	NULL
missed	614892	A>B	Pašilaičiai–A.Goštauto g.–Centras	735	NULL	NULL	NULL	NULL	NULL	NULL	NULL	46	Autobusai	46	06		765	NULL	NULL	NULL
missed	614892	B>A	Centras–A.Goštauto g.–Pašilaičiai	765	NULL	NULL	NULL	NULL	NULL	NULL	NULL	46	Autobusai	46	06		795	NULL	NULL	NULL
missed	614892	A>B	Pašilaičiai–A.Goštauto g.–Centras	807	NULL	NULL	NULL	NULL	NULL	NULL	NULL	46	Autobusai	46	06		837	NULL	NULL	NULL
missed	614892	B>A	Centras–A.Goštauto g.–Pašilaičiai	837	NULL	NULL	NULL	NULL	NULL	NULL	NULL	46	Autobusai	46	06		867	NULL	NULL	NULL
missed	614892	A>B	Pašilaičiai–A.Goštauto g.–Centras	878	NULL	NULL	NULL	NULL	NULL	NULL	NULL	46	Autobusai	46	06		908	NULL	NULL	NULL
missed	614892	B>A	Centras–A.Goštauto g.–Pašilaičiai	908	NULL	NULL	NULL	NULL	NULL	NULL	NULL	46	Autobusai	46	06		938	NULL	NULL	NULL
missed	614892	A>B	Pašilaičiai–A.Goštauto g.–Centras	961	NULL	NULL	NULL	NULL	NULL	NULL	NULL	46	Autobusai	46	06		992	NULL	NULL	NULL
missed	614892	B>A	Centras–A.Goštauto g.–Pašilaičiai	992	NULL	NULL	NULL	NULL	NULL	NULL	NULL	46	Autobusai	46	06		1025	NULL	NULL	NULL
missed	614892	A>B	Pašilaičiai–A.Goštauto g.–Centras	1040	NULL	NULL	NULL	NULL	NULL	NULL	NULL	46	Autobusai	46	06		1071	NULL	NULL	NULL
missed	614892	B>A	Centras–A.Goštauto g.–Pašilaičiai	1071	NULL	NULL	NULL	NULL	NULL	NULL	NULL	46	Autobusai	46	06		1101	NULL	NULL	NULL
missed	614892	A>B	Pašilaičiai–A.Goštauto g.–Centras	1131	NULL	NULL	NULL	NULL	NULL	NULL	NULL	46	Autobusai	46	06		1162	NULL	NULL	NULL
missed	614892	B>A	Centras–A.Goštauto g.–Pašilaičiai	1162	NULL	NULL	NULL	NULL	NULL	NULL	NULL	46	Autobusai	46	06		1192	NULL	NULL	NULL
missed	614892	A>B	Pašilaičiai–A.Goštauto g.–Centras	1209	NULL	NULL	NULL	NULL	NULL	NULL	NULL	46	Autobusai	46	06		1239	NULL	NULL	NULL
missed	614892	B>A	Centras–A.Goštauto g.–Pašilaičiai	1239	NULL	NULL	NULL	NULL	NULL	NULL	NULL	46	Autobusai	46	06		1267	NULL	NULL	NULL
missed	614892	A>B	Pašilaičiai–A.Goštauto g.–Centras	1280	NULL	NULL	NULL	NULL	NULL	NULL	NULL	46	Autobusai	46	06		1310	NULL	NULL	NULL
missed	614892	B>A	Centras–A.Goštauto g.–Pašilaičiai	1310	NULL	NULL	NULL	NULL	NULL	NULL	NULL	46	Autobusai	46	06		1338	NULL	NULL	NULL
missed	614892	A>B	Pašilaičiai–A.Goštauto g.–Centras	1350	NULL	NULL	NULL	NULL	NULL	NULL	NULL	46	Autobusai	46	06		1380	NULL	NULL	NULL
missed	614892	B>A	Centras–A.Goštauto g.–Pašilaičiai	1380	NULL	NULL	NULL	NULL	NULL	NULL	NULL	46	Autobusai	46	06		1408	NULL	NULL	NULL
missed	663241	B>A	Santariškės–Pašilaičiai–Šeškinė	327	NULL	NULL	NULL	NULL	NULL	NULL	NULL	48	Autobusai	48	01-Ž		365	NULL	NULL	NULL
missed	663241	A>B	Šeškinė–Pašilaičiai–Santariškės	370	NULL	NULL	NULL	NULL	NULL	NULL	NULL	48	Autobusai	48	01-Ž		407	NULL	NULL	NULL
missed	663241	B>A	Santariškės–Pašilaičiai–Šeškinė	421	NULL	NULL	NULL	NULL	NULL	NULL	NULL	48	Autobusai	48	01-Ž		460	NULL	NULL	NULL
missed	663241	A>B	Šeškinė–Pašilaičiai–Santariškės	465	NULL	NULL	NULL	NULL	NULL	NULL	NULL	48	Autobusai	48	01-Ž		506	NULL	NULL	NULL
missed	663241	B>A	Santariškės–Pašilaičiai–Šeškinė	514	NULL	NULL	NULL	NULL	NULL	NULL	NULL	48	Autobusai	48	01-Ž		553	NULL	NULL	NULL
missed	663241	A>B	Šeškinė–Pašilaičiai–Santariškės	583	NULL	NULL	NULL	NULL	NULL	NULL	NULL	48	Autobusai	48	01-Ž		619	NULL	NULL	NULL
missed	663241	B>A	Santariškės–Pašilaičiai–Šeškinė	625	NULL	NULL	NULL	NULL	NULL	NULL	NULL	48	Autobusai	48	01-Ž		663	NULL	NULL	NULL
missed	663241	A>B	Šeškinė–Pašilaičiai–Santariškės	671	NULL	NULL	NULL	NULL	NULL	NULL	NULL	48	Autobusai	48	01-Ž		707	NULL	NULL	NULL
missed	663241	B>A	Santariškės–Pašilaičiai–Šeškinė	712	NULL	NULL	NULL	NULL	NULL	NULL	NULL	48	Autobusai	48	01-Ž		750	NULL	NULL	NULL
missed	663241	A>B	Šeškinė–Pašilaičiai–Santariškės	755	NULL	NULL	NULL	NULL	NULL	NULL	NULL	48	Autobusai	48	01-Ž		791	NULL	NULL	NULL
missed	663241	B>A	Santariškės–Pašilaičiai–Šeškinė	798	NULL	NULL	NULL	NULL	NULL	NULL	NULL	48	Autobusai	48	01-Ž		836	NULL	NULL	NULL
missed	663241	A>B	Šeškinė–Pašilaičiai–Santariškės	847	NULL	NULL	NULL	NULL	NULL	NULL	NULL	48	Autobusai	48	01-Ž		883	NULL	NULL	NULL
missed	663241	B>A	Santariškės–Pašilaičiai–Šeškinė	889	NULL	NULL	NULL	NULL	NULL	NULL	NULL	48	Autobusai	48	01-Ž		927	NULL	NULL	NULL
missed	663241	A>B	Šeškinė–Pašilaičiai–Santariškės	936	NULL	NULL	NULL	NULL	NULL	NULL	NULL	48	Autobusai	48	01-Ž		973	NULL	NULL	NULL
missed	663241	B>A	Santariškės–Pašilaičiai–Šeškinė	978	NULL	NULL	NULL	NULL	NULL	NULL	NULL	48	Autobusai	48	01-Ž		1017	NULL	NULL	NULL
missed	663241	A>B	Šeškinė–Pašilaičiai–Santariškės	1022	NULL	NULL	NULL	NULL	NULL	NULL	NULL	48	Autobusai	48	01-Ž		1062	NULL	NULL	NULL
missed	663241	B>A	Santariškės–Pašilaičiai–Šeškinė	1069	NULL	NULL	NULL	NULL	NULL	NULL	NULL	48	Autobusai	48	01-Ž		1109	NULL	NULL	NULL
missed	663241	A>B	Šeškinė–Pašilaičiai–Santariškės	1114	NULL	NULL	NULL	NULL	NULL	NULL	NULL	48	Autobusai	48	01-Ž		1155	NULL	NULL	NULL
missed	663241	B>A	Santariškės–Pašilaičiai–Šeškinė	1160	NULL	NULL	NULL	NULL	NULL	NULL	NULL	48	Autobusai	48	01-Ž		1200	NULL	NULL	NULL
missed	663241	A>B	Šeškinė–Pašilaičiai–Santariškės	1230	NULL	NULL	NULL	NULL	NULL	NULL	NULL	48	Autobusai	48	01-Ž		1265	NULL	NULL	NULL
missed	663241	B>A	Santariškės–Pašilaičiai–Šeškinė	1270	NULL	NULL	NULL	NULL	NULL	NULL	NULL	48	Autobusai	48	01-Ž		1306	NULL	NULL	NULL
missed	663241	A>B	Šeškinė–Pašilaičiai–Santariškės	1311	NULL	NULL	NULL	NULL	NULL	NULL	NULL	48	Autobusai	48	01-Ž		1346	NULL	NULL	NULL
missed	663241	B>A	Santariškės–Pašilaičiai–Šeškinė	1351	NULL	NULL	NULL	NULL	NULL	NULL	NULL	48	Autobusai	48	01-Ž		1387	NULL	NULL	NULL
missed	663242	A>B	Šeškinė–Pašilaičiai–Santariškės	327	NULL	NULL	NULL	NULL	NULL	NULL	NULL	48	Autobusai	48	02		363	NULL	NULL	NULL
missed	663242	B>A	Santariškės–Pašilaičiai–Šeškinė	368	NULL	NULL	NULL	NULL	NULL	NULL	NULL	48	Autobusai	48	02		406	NULL	NULL	NULL
missed	663242	A>B	Šeškinė–Pašilaičiai–Santariškės	416	NULL	NULL	NULL	NULL	NULL	NULL	NULL	48	Autobusai	48	02		457	NULL	NULL	NULL
missed	663242	B>A	Santariškės–Pašilaičiai–Šeškinė	462	NULL	NULL	NULL	NULL	NULL	NULL	NULL	48	Autobusai	48	02		501	NULL	NULL	NULL
missed	663242	A>B	Šeškinė–Pašilaičiai–Santariškės	507	NULL	NULL	NULL	NULL	NULL	NULL	NULL	48	Autobusai	48	02		548	NULL	NULL	NULL
missed	663242	B>A	Santariškės–Pašilaičiai–Šeškinė	555	NULL	NULL	NULL	NULL	NULL	NULL	NULL	48	Autobusai	48	02		593	NULL	NULL	NULL
missed	663242	A>B	Šeškinė–Pašilaičiai–Santariškės	627	NULL	NULL	NULL	NULL	NULL	NULL	NULL	48	Autobusai	48	02		663	NULL	NULL	NULL
missed	663242	B>A	Santariškės–Pašilaičiai–Šeškinė	668	NULL	NULL	NULL	NULL	NULL	NULL	NULL	48	Autobusai	48	02		706	NULL	NULL	NULL
missed	663242	A>B	Šeškinė–Pašilaičiai–Santariškės	712	NULL	NULL	NULL	NULL	NULL	NULL	NULL	48	Autobusai	48	02		748	NULL	NULL	NULL
missed	663242	B>A	Santariškės–Pašilaičiai–Šeškinė	753	NULL	NULL	NULL	NULL	NULL	NULL	NULL	48	Autobusai	48	02		791	NULL	NULL	NULL
missed	663242	A>B	Šeškinė–Pašilaičiai–Santariškės	798	NULL	NULL	NULL	NULL	NULL	NULL	NULL	48	Autobusai	48	02		834	NULL	NULL	NULL
missed	663242	B>A	Santariškės–Pašilaičiai–Šeškinė	839	NULL	NULL	NULL	NULL	NULL	NULL	NULL	48	Autobusai	48	02		877	NULL	NULL	NULL
missed	663242	A>B	Šeškinė–Pašilaičiai–Santariškės	886	NULL	NULL	NULL	NULL	NULL	NULL	NULL	48	Autobusai	48	02		922	NULL	NULL	NULL
missed	663242	B>A	Santariškės–Pašilaičiai–Šeškinė	927	NULL	NULL	NULL	NULL	NULL	NULL	NULL	48	Autobusai	48	02		965	NULL	NULL	NULL
missed	663242	A>B	Šeškinė–Pašilaičiai–Santariškės	975	NULL	NULL	NULL	NULL	NULL	NULL	NULL	48	Autobusai	48	02		1014	NULL	NULL	NULL
missed	663242	B>A	Santariškės–Pašilaičiai–Šeškinė	1020	NULL	NULL	NULL	NULL	NULL	NULL	NULL	48	Autobusai	48	02		1060	NULL	NULL	NULL
missed	663242	A>B	Šeškinė–Pašilaičiai–Santariškės	1069	NULL	NULL	NULL	NULL	NULL	NULL	NULL	48	Autobusai	48	02		1110	NULL	NULL	NULL
missed	663242	B>A	Santariškės–Pašilaičiai–Šeškinė	1115	NULL	NULL	NULL	NULL	NULL	NULL	NULL	48	Autobusai	48	02		1155	NULL	NULL	NULL
missed	663242	A>B	Šeškinė–Pašilaičiai–Santariškės	1185	NULL	NULL	NULL	NULL	NULL	NULL	NULL	48	Autobusai	48	02		1221	NULL	NULL	NULL
missed	663242	B>A	Santariškės–Pašilaičiai–Šeškinė	1226	NULL	NULL	NULL	NULL	NULL	NULL	NULL	48	Autobusai	48	02		1262	NULL	NULL	NULL
missed	663242	A>B	Šeškinė–Pašilaičiai–Santariškės	1267	NULL	NULL	NULL	NULL	NULL	NULL	NULL	48	Autobusai	48	02		1302	NULL	NULL	NULL
missed	663242	B>A	Santariškės–Pašilaičiai–Šeškinė	1307	NULL	NULL	NULL	NULL	NULL	NULL	NULL	48	Autobusai	48	02		1343	NULL	NULL	NULL
missed	663242	A>B	Šeškinė–Pašilaičiai–Santariškės	1348	NULL	NULL	NULL	NULL	NULL	NULL	NULL	48	Autobusai	48	02		1383	NULL	NULL	NULL
missed	663242	B>A	Santariškės–Pašilaičiai–Šeškinė	1388	NULL	NULL	NULL	NULL	NULL	NULL	NULL	48	Autobusai	48	02		1424	NULL	NULL	NULL
missed	663243	B>A	Bukčiai–Lazdynai–Žalgirio–Didlaukio–Ateities g.	330	NULL	NULL	NULL	NULL	NULL	NULL	NULL	49	Autobusai	49	01-Ž		380	NULL	NULL	NULL
missed	663243	A>B	Ateities–Didlaukio–Žalgirio g.–Lazdynai–Bukčiai	385	NULL	NULL	NULL	NULL	NULL	NULL	NULL	49	Autobusai	49	01-Ž		434	NULL	NULL	NULL
missed	663243	B>A	Bukčiai–Lazdynai–Žalgirio–Didlaukio–Ateities g.	445	NULL	NULL	NULL	NULL	NULL	NULL	NULL	49	Autobusai	49	01-Ž		498	NULL	NULL	NULL
missed	663243	A>B	Ateities–Didlaukio–Žalgirio g.–Lazdynai–Bukčiai	528	NULL	NULL	NULL	NULL	NULL	NULL	NULL	49	Autobusai	49	01-Ž		578	NULL	NULL	NULL
missed	663243	B>A	Bukčiai–Lazdynai–Žalgirio–Didlaukio–Ateities g.	587	NULL	NULL	NULL	NULL	NULL	NULL	NULL	49	Autobusai	49	01-Ž		639	NULL	NULL	NULL
missed	663243	A>B	Ateities–Didlaukio–Žalgirio g.–Lazdynai–Bukčiai	669	NULL	NULL	NULL	NULL	NULL	NULL	NULL	49	Autobusai	49	01-Ž		719	NULL	NULL	NULL
missed	663243	B>A	Bukčiai–Lazdynai–Žalgirio–Didlaukio–Ateities g.	728	NULL	NULL	NULL	NULL	NULL	NULL	NULL	49	Autobusai	49	01-Ž		780	NULL	NULL	NULL
missed	663243	A>B	Ateities–Didlaukio–Žalgirio g.–Lazdynai–Bukčiai	789	NULL	NULL	NULL	NULL	NULL	NULL	NULL	49	Autobusai	49	01-Ž		839	NULL	NULL	NULL
missed	663243	B>A	Bukčiai–Lazdynai–Žalgirio–Didlaukio–Ateities g.	850	NULL	NULL	NULL	NULL	NULL	NULL	NULL	49	Autobusai	49	01-Ž		902	NULL	NULL	NULL
missed	663243	A>B	Ateities–Didlaukio–Žalgirio g.–Lazdynai–Bukčiai	913	NULL	NULL	NULL	NULL	NULL	NULL	NULL	49	Autobusai	49	01-Ž		963	NULL	NULL	NULL
missed	663243	B>A	Bukčiai–Lazdynai–Žalgirio–Didlaukio–Ateities g.	972	NULL	NULL	NULL	NULL	NULL	NULL	NULL	49	Autobusai	49	01-Ž		1030	NULL	NULL	NULL
missed	663243	A>B	Ateities–Didlaukio–Žalgirio g.–Lazdynai–Bukčiai	1060	NULL	NULL	NULL	NULL	NULL	NULL	NULL	49	Autobusai	49	01-Ž		1117	NULL	NULL	NULL
missed	663243	B>A	Bukčiai–Lazdynai–Žalgirio–Didlaukio–Ateities g.	1125	NULL	NULL	NULL	NULL	NULL	NULL	NULL	49	Autobusai	49	01-Ž		1178	NULL	NULL	NULL
missed	663243	A>B	Ateities–Didlaukio–Žalgirio g.–Lazdynai–Bukčiai	1187	NULL	NULL	NULL	NULL	NULL	NULL	NULL	49	Autobusai	49	01-Ž		1236	NULL	NULL	NULL
missed	663243	B>A	Bukčiai–Lazdynai–Žalgirio–Didlaukio–Ateities g.	1244	NULL	NULL	NULL	NULL	NULL	NULL	NULL	49	Autobusai	49	01-Ž		1293	NULL	NULL	NULL
missed	663243	A>B	Ateities–Didlaukio–Žalgirio g.–Lazdynai–Bukčiai	1298	NULL	NULL	NULL	NULL	NULL	NULL	NULL	49	Autobusai	49	01-Ž		1347	NULL	NULL	NULL
missed	663243	B>A	Bukčiai–Lazdynai–Žalgirio–Didlaukio–Ateities g.	1352	NULL	NULL	NULL	NULL	NULL	NULL	NULL	49	Autobusai	49	01-Ž		1401	NULL	NULL	NULL
missed	663246	A>B	Ateities–Didlaukio–Žalgirio g.–Lazdynai–Bukčiai	361	NULL	NULL	NULL	NULL	NULL	NULL	NULL	49	Autobusai	49	02		411	NULL	NULL	NULL
missed	663246	B>A	Bukčiai–Lazdynai–Žalgirio–Didlaukio–Ateities g.	423	NULL	NULL	NULL	NULL	NULL	NULL	NULL	49	Autobusai	49	02		476	NULL	NULL	NULL
missed	663246	A>B	Ateities–Didlaukio–Žalgirio g.–Lazdynai–Bukčiai	490	NULL	NULL	NULL	NULL	NULL	NULL	NULL	49	Autobusai	49	02		544	NULL	NULL	NULL
missed	663246	B>A	Bukčiai–Lazdynai–Žalgirio–Didlaukio–Ateities g.	554	NULL	NULL	NULL	NULL	NULL	NULL	NULL	49	Autobusai	49	02		606	NULL	NULL	NULL
missed	663246	A>B	Ateities–Didlaukio–Žalgirio g.–Lazdynai–Bukčiai	636	NULL	NULL	NULL	NULL	NULL	NULL	NULL	49	Autobusai	49	02		686	NULL	NULL	NULL
missed	663246	B>A	Bukčiai–Lazdynai–Žalgirio–Didlaukio–Ateities g.	696	NULL	NULL	NULL	NULL	NULL	NULL	NULL	49	Autobusai	49	02		748	NULL	NULL	NULL
missed	663246	A>B	Ateities–Didlaukio–Žalgirio g.–Lazdynai–Bukčiai	756	NULL	NULL	NULL	NULL	NULL	NULL	NULL	49	Autobusai	49	02		806	NULL	NULL	NULL
missed	663246	B>A	Bukčiai–Lazdynai–Žalgirio–Didlaukio–Ateities g.	813	NULL	NULL	NULL	NULL	NULL	NULL	NULL	49	Autobusai	49	02		865	NULL	NULL	NULL
missed	663246	A>B	Ateities–Didlaukio–Žalgirio g.–Lazdynai–Bukčiai	875	NULL	NULL	NULL	NULL	NULL	NULL	NULL	49	Autobusai	49	02		925	NULL	NULL	NULL
missed	663246	B>A	Bukčiai–Lazdynai–Žalgirio–Didlaukio–Ateities g.	934	NULL	NULL	NULL	NULL	NULL	NULL	NULL	49	Autobusai	49	02		987	NULL	NULL	NULL
missed	663246	A>B	Ateities–Didlaukio–Žalgirio g.–Lazdynai–Bukčiai	997	NULL	NULL	NULL	NULL	NULL	NULL	NULL	49	Autobusai	49	02		1050	NULL	NULL	NULL
missed	663246	B>A	Bukčiai–Lazdynai–Žalgirio–Didlaukio–Ateities g.	1060	NULL	NULL	NULL	NULL	NULL	NULL	NULL	49	Autobusai	49	02		1118	NULL	NULL	NULL
missed	663246	A>B	Ateities–Didlaukio–Žalgirio g.–Lazdynai–Bukčiai	1149	NULL	NULL	NULL	NULL	NULL	NULL	NULL	49	Autobusai	49	02		1199	NULL	NULL	NULL
missed	663246	B>A	Bukčiai–Lazdynai–Žalgirio–Didlaukio–Ateities g.	1212	NULL	NULL	NULL	NULL	NULL	NULL	NULL	49	Autobusai	49	02		1261	NULL	NULL	NULL
missed	663246	A>B	Ateities–Didlaukio–Žalgirio g.–Lazdynai–Bukčiai	1267	NULL	NULL	NULL	NULL	NULL	NULL	NULL	49	Autobusai	49	02		1316	NULL	NULL	NULL
missed	663246	B>A	Bukčiai–Lazdynai–Žalgirio–Didlaukio–Ateities g.	1323	NULL	NULL	NULL	NULL	NULL	NULL	NULL	49	Autobusai	49	02		1372	NULL	NULL	NULL
missed	663245	B>A	Bukčiai–Lazdynai–Žalgirio–Didlaukio–Ateities g.	348	NULL	NULL	NULL	NULL	NULL	NULL	NULL	49	Autobusai	49	03		398	NULL	NULL	NULL
missed	663245	A>B	Ateities–Didlaukio–Žalgirio g.–Lazdynai–Bukčiai	405	NULL	NULL	NULL	NULL	NULL	NULL	NULL	49	Autobusai	49	03		455	NULL	NULL	NULL
missed	663245	B>A	Bukčiai–Lazdynai–Žalgirio–Didlaukio–Ateities g.	463	NULL	NULL	NULL	NULL	NULL	NULL	NULL	49	Autobusai	49	03		516	NULL	NULL	NULL
missed	663245	A>B	Ateities–Didlaukio–Žalgirio g.–Lazdynai–Bukčiai	551	NULL	NULL	NULL	NULL	NULL	NULL	NULL	49	Autobusai	49	03		601	NULL	NULL	NULL
missed	663245	B>A	Bukčiai–Lazdynai–Žalgirio–Didlaukio–Ateities g.	611	NULL	NULL	NULL	NULL	NULL	NULL	NULL	49	Autobusai	49	03		663	NULL	NULL	NULL
missed	663245	A>B	Ateities–Didlaukio–Žalgirio g.–Lazdynai–Bukčiai	696	NULL	NULL	NULL	NULL	NULL	NULL	NULL	49	Autobusai	49	03		746	NULL	NULL	NULL
missed	663245	B>A	Bukčiai–Lazdynai–Žalgirio–Didlaukio–Ateities g.	755	NULL	NULL	NULL	NULL	NULL	NULL	NULL	49	Autobusai	49	03		807	NULL	NULL	NULL
missed	663245	A>B	Ateities–Didlaukio–Žalgirio g.–Lazdynai–Bukčiai	817	NULL	NULL	NULL	NULL	NULL	NULL	NULL	49	Autobusai	49	03		867	NULL	NULL	NULL
missed	663245	B>A	Bukčiai–Lazdynai–Žalgirio–Didlaukio–Ateities g.	877	NULL	NULL	NULL	NULL	NULL	NULL	NULL	49	Autobusai	49	03		929	NULL	NULL	NULL
missed	663245	A>B	Ateities–Didlaukio–Žalgirio g.–Lazdynai–Bukčiai	937	NULL	NULL	NULL	NULL	NULL	NULL	NULL	49	Autobusai	49	03		987	NULL	NULL	NULL
missed	663245	B>A	Bukčiai–Lazdynai–Žalgirio–Didlaukio–Ateities g.	996	NULL	NULL	NULL	NULL	NULL	NULL	NULL	49	Autobusai	49	03		1054	NULL	NULL	NULL
missed	663245	A>B	Ateities–Didlaukio–Žalgirio g.–Lazdynai–Bukčiai	1097	NULL	NULL	NULL	NULL	NULL	NULL	NULL	49	Autobusai	49	03		1154	NULL	NULL	NULL
missed	663245	B>A	Bukčiai–Lazdynai–Žalgirio–Didlaukio–Ateities g.	1163	NULL	NULL	NULL	NULL	NULL	NULL	NULL	49	Autobusai	49	03		1214	NULL	NULL	NULL
missed	663245	A>B	Ateities–Didlaukio–Žalgirio g.–Lazdynai–Bukčiai	1221	NULL	NULL	NULL	NULL	NULL	NULL	NULL	49	Autobusai	49	03		1270	NULL	NULL	NULL
missed	663245	B>A	Bukčiai–Lazdynai–Žalgirio–Didlaukio–Ateities g.	1276	NULL	NULL	NULL	NULL	NULL	NULL	NULL	49	Autobusai	49	03		1325	NULL	NULL	NULL
missed	663245	A>B	Ateities–Didlaukio–Žalgirio g.–Lazdynai–Bukčiai	1331	NULL	NULL	NULL	NULL	NULL	NULL	NULL	49	Autobusai	49	03		1380	NULL	NULL	NULL
missed	663245	B>A	Bukčiai–Lazdynai–Žalgirio–Didlaukio–Ateities g.	1386	NULL	NULL	NULL	NULL	NULL	NULL	NULL	49	Autobusai	49	03		1435	NULL	NULL	NULL
missed	663248	B>A	Bukčiai–Lazdynai–Žalgirio–Didlaukio–Ateities g.	366	NULL	NULL	NULL	NULL	NULL	NULL	NULL	49	Autobusai	49	04		416	NULL	NULL	NULL
missed	663248	A>B	Ateities–Didlaukio–Žalgirio g.–Lazdynai–Bukčiai	426	NULL	NULL	NULL	NULL	NULL	NULL	NULL	49	Autobusai	49	04		479	NULL	NULL	NULL
missed	663248	B>A	Bukčiai–Lazdynai–Žalgirio–Didlaukio–Ateities g.	489	NULL	NULL	NULL	NULL	NULL	NULL	NULL	49	Autobusai	49	04		542	NULL	NULL	NULL
missed	663248	A>B	Ateities–Didlaukio–Žalgirio g.–Lazdynai–Bukčiai	584	NULL	NULL	NULL	NULL	NULL	NULL	NULL	49	Autobusai	49	04		634	NULL	NULL	NULL
missed	663248	B>A	Bukčiai–Lazdynai–Žalgirio–Didlaukio–Ateities g.	642	NULL	NULL	NULL	NULL	NULL	NULL	NULL	49	Autobusai	49	04		694	NULL	NULL	NULL
missed	663248	A>B	Ateities–Didlaukio–Žalgirio g.–Lazdynai–Bukčiai	724	NULL	NULL	NULL	NULL	NULL	NULL	NULL	49	Autobusai	49	04		774	NULL	NULL	NULL
missed	663248	B>A	Bukčiai–Lazdynai–Žalgirio–Didlaukio–Ateities g.	784	NULL	NULL	NULL	NULL	NULL	NULL	NULL	49	Autobusai	49	04		836	NULL	NULL	NULL
missed	663248	A>B	Ateities–Didlaukio–Žalgirio g.–Lazdynai–Bukčiai	846	NULL	NULL	NULL	NULL	NULL	NULL	NULL	49	Autobusai	49	04		896	NULL	NULL	NULL
missed	663248	B>A	Bukčiai–Lazdynai–Žalgirio–Didlaukio–Ateities g.	908	NULL	NULL	NULL	NULL	NULL	NULL	NULL	49	Autobusai	49	04		960	NULL	NULL	NULL
missed	663248	A>B	Ateities–Didlaukio–Žalgirio g.–Lazdynai–Bukčiai	976	NULL	NULL	NULL	NULL	NULL	NULL	NULL	49	Autobusai	49	04		1029	NULL	NULL	NULL
missed	663248	B>A	Bukčiai–Lazdynai–Žalgirio–Didlaukio–Ateities g.	1038	NULL	NULL	NULL	NULL	NULL	NULL	NULL	49	Autobusai	49	04		1096	NULL	NULL	NULL
missed	663248	A>B	Ateities–Didlaukio–Žalgirio g.–Lazdynai–Bukčiai	1126	NULL	NULL	NULL	NULL	NULL	NULL	NULL	49	Autobusai	49	04		1176	NULL	NULL	NULL
missed	663248	B>A	Bukčiai–Lazdynai–Žalgirio–Didlaukio–Ateities g.	1186	NULL	NULL	NULL	NULL	NULL	NULL	NULL	49	Autobusai	49	04		1235	NULL	NULL	NULL
missed	663248	A>B	Ateities–Didlaukio–Žalgirio g.–Lazdynai–Bukčiai	1244	NULL	NULL	NULL	NULL	NULL	NULL	NULL	49	Autobusai	49	04		1293	NULL	NULL	NULL
missed	663248	B>A	Bukčiai–Lazdynai–Žalgirio–Didlaukio–Ateities g.	1302	NULL	NULL	NULL	NULL	NULL	NULL	NULL	49	Autobusai	49	04		1351	NULL	NULL	NULL
missed	663248	A>B	Ateities–Didlaukio–Žalgirio g.–Lazdynai–Bukčiai	1361	NULL	NULL	NULL	NULL	NULL	NULL	NULL	49	Autobusai	49	04		1410	NULL	NULL	NULL
missed	663244	B>A	Bukčiai–Lazdynai–Žalgirio–Didlaukio–Ateities g.	400	NULL	NULL	NULL	NULL	NULL	NULL	NULL	49	Autobusai	49	05		453	NULL	NULL	NULL
missed	663244	A>B	Ateities–Didlaukio–Žalgirio g.–Lazdynai–Bukčiai	466	NULL	NULL	NULL	NULL	NULL	NULL	NULL	49	Autobusai	49	05		520	NULL	NULL	NULL
missed	663244	B>A	Bukčiai–Lazdynai–Žalgirio–Didlaukio–Ateities g.	528	NULL	NULL	NULL	NULL	NULL	NULL	NULL	49	Autobusai	49	05		580	NULL	NULL	NULL
missed	663244	A>B	Ateities–Didlaukio–Žalgirio g.–Lazdynai–Bukčiai	953	NULL	NULL	NULL	NULL	NULL	NULL	NULL	49	Autobusai	49	05		1006	NULL	NULL	NULL
missed	663244	B>A	Bukčiai–Lazdynai–Žalgirio–Didlaukio–Ateities g.	1014	NULL	NULL	NULL	NULL	NULL	NULL	NULL	49	Autobusai	49	05		1072	NULL	NULL	NULL
missed	663244	A>B	Ateities–Didlaukio–Žalgirio g.–Lazdynai–Bukčiai	1081	NULL	NULL	NULL	NULL	NULL	NULL	NULL	49	Autobusai	49	05		1138	NULL	NULL	NULL
missed	663244	B>A	Bukčiai–Lazdynai–Žalgirio–Didlaukio–Ateities g.	1148	NULL	NULL	NULL	NULL	NULL	NULL	NULL	49	Autobusai	49	05		1201	NULL	NULL	NULL
missed	663247	B>A	Bukčiai–Lazdynai–Žalgirio–Didlaukio–Ateities g.	380	NULL	NULL	NULL	NULL	NULL	NULL	NULL	49	Autobusai	49	06		430	NULL	NULL	NULL
missed	663247	A>B	Ateities–Didlaukio–Žalgirio g.–Lazdynai–Bukčiai	445	NULL	NULL	NULL	NULL	NULL	NULL	NULL	49	Autobusai	49	06		498	NULL	NULL	NULL
missed	663247	B>A	Bukčiai–Lazdynai–Žalgirio–Didlaukio–Ateities g.	506	NULL	NULL	NULL	NULL	NULL	NULL	NULL	49	Autobusai	49	06		558	NULL	NULL	NULL
missed	663247	A>B	Ateities–Didlaukio–Žalgirio g.–Lazdynai–Bukčiai	895	NULL	NULL	NULL	NULL	NULL	NULL	NULL	49	Autobusai	49	06		945	NULL	NULL	NULL
missed	663247	B>A	Bukčiai–Lazdynai–Žalgirio–Didlaukio–Ateities g.	953	NULL	NULL	NULL	NULL	NULL	NULL	NULL	49	Autobusai	49	06		1008	NULL	NULL	NULL
missed	663247	A>B	Ateities–Didlaukio–Žalgirio g.–Lazdynai–Bukčiai	1026	NULL	NULL	NULL	NULL	NULL	NULL	NULL	49	Autobusai	49	06		1083	NULL	NULL	NULL
missed	663247	B>A	Bukčiai–Lazdynai–Žalgirio–Didlaukio–Ateities g.	1093	NULL	NULL	NULL	NULL	NULL	NULL	NULL	49	Autobusai	49	06		1150	NULL	NULL	NULL
missed	663087	A>B	Pilaitė–Konstitucijos pr.–Saulėtekis	365	NULL	NULL	NULL	NULL	NULL	NULL	NULL	4G	Autobusai	4G	01Ž		408	NULL	NULL	NULL
missed	663087	B>A	Saulėtekis–Konstitucijos pr.–Pilaitė	414	NULL	NULL	NULL	NULL	NULL	NULL	NULL	4G	Autobusai	4G	01Ž		455	NULL	NULL	NULL
missed	663087	A>B	Pilaitė–Konstitucijos pr.–Saulėtekis	466	NULL	NULL	NULL	NULL	NULL	NULL	NULL	4G	Autobusai	4G	01Ž		518	NULL	NULL	NULL
missed	663087	B>A	Saulėtekis–Konstitucijos pr.–Pilaitė	528	NULL	NULL	NULL	NULL	NULL	NULL	NULL	4G	Autobusai	4G	01Ž		569	NULL	NULL	NULL
missed	663087	A>B	Pilaitė–Konstitucijos pr.–Saulėtekis	612	NULL	NULL	NULL	NULL	NULL	NULL	NULL	4G	Autobusai	4G	01Ž		655	NULL	NULL	NULL
missed	663087	B>A	Saulėtekis–Konstitucijos pr.–Pilaitė	663	NULL	NULL	NULL	NULL	NULL	NULL	NULL	4G	Autobusai	4G	01Ž		705	NULL	NULL	NULL
missed	663087	A>B	Pilaitė–Konstitucijos pr.–Saulėtekis	717	NULL	NULL	NULL	NULL	NULL	NULL	NULL	4G	Autobusai	4G	01Ž		760	NULL	NULL	NULL
missed	663087	B>A	Saulėtekis–Konstitucijos pr.–Pilaitė	766	NULL	NULL	NULL	NULL	NULL	NULL	NULL	4G	Autobusai	4G	01Ž		808	NULL	NULL	NULL
missed	663087	A>B	Pilaitė–Konstitucijos pr.–Saulėtekis	816	NULL	NULL	NULL	NULL	NULL	NULL	NULL	4G	Autobusai	4G	01Ž		859	NULL	NULL	NULL
missed	663087	B>A	Saulėtekis–Konstitucijos pr.–Pilaitė	870	NULL	NULL	NULL	NULL	NULL	NULL	NULL	4G	Autobusai	4G	01Ž		912	NULL	NULL	NULL
missed	663087	A>B	Pilaitė–Konstitucijos pr.–Saulėtekis	922	NULL	NULL	NULL	NULL	NULL	NULL	NULL	4G	Autobusai	4G	01Ž		965	NULL	NULL	NULL
missed	663087	B>A	Saulėtekis–Konstitucijos pr.–Pilaitė	974	NULL	NULL	NULL	NULL	NULL	NULL	NULL	4G	Autobusai	4G	01Ž		1019	NULL	NULL	NULL
missed	663087	A>B	Pilaitė–Konstitucijos pr.–Saulėtekis	1031	NULL	NULL	NULL	NULL	NULL	NULL	NULL	4G	Autobusai	4G	01Ž		1077	NULL	NULL	NULL
missed	663087	B>A	Saulėtekis–Konstitucijos pr.–Pilaitė	1086	NULL	NULL	NULL	NULL	NULL	NULL	NULL	4G	Autobusai	4G	01Ž		1132	NULL	NULL	NULL
missed	663087	A>B	Pilaitė–Konstitucijos pr.–Saulėtekis	1167	NULL	NULL	NULL	NULL	NULL	NULL	NULL	4G	Autobusai	4G	01Ž		1210	NULL	NULL	NULL
missed	663087	B>A	Saulėtekis–Konstitucijos pr.–Pilaitė	1215	NULL	NULL	NULL	NULL	NULL	NULL	NULL	4G	Autobusai	4G	01Ž		1256	NULL	NULL	NULL
missed	663087	A>B	Pilaitė–Konstitucijos pr.–Saulėtekis	1273	NULL	NULL	NULL	NULL	NULL	NULL	NULL	4G	Autobusai	4G	01Ž		1315	NULL	NULL	NULL
missed	663087	B>A	Saulėtekis–Konstitucijos pr.–Pilaitė	1322	NULL	NULL	NULL	NULL	NULL	NULL	NULL	4G	Autobusai	4G	01Ž		1363	NULL	NULL	NULL
missed	663088	A>B	Pilaitė–Konstitucijos pr.–Saulėtekis	454	NULL	NULL	NULL	NULL	NULL	NULL	NULL	4G	Autobusai	4G	02		506	NULL	NULL	NULL
missed	663088	B>A	Saulėtekis–Konstitucijos pr.–Pilaitė	516	NULL	NULL	NULL	NULL	NULL	NULL	NULL	4G	Autobusai	4G	02		559	NULL	NULL	NULL
missed	663088	A>B	Pilaitė–Konstitucijos pr.–Saulėtekis	574	NULL	NULL	NULL	NULL	NULL	NULL	NULL	4G	Autobusai	4G	02		617	NULL	NULL	NULL
missed	663088	B>A	Saulėtekis–Konstitucijos pr.–Pilaitė	623	NULL	NULL	NULL	NULL	NULL	NULL	NULL	4G	Autobusai	4G	02		665	NULL	NULL	NULL
missed	663088	A>B	Pilaitė–Konstitucijos pr.–Saulėtekis	939	NULL	NULL	NULL	NULL	NULL	NULL	NULL	4G	Autobusai	4G	02		984	NULL	NULL	NULL
missed	663088	B>A	Saulėtekis–Konstitucijos pr.–Pilaitė	992	NULL	NULL	NULL	NULL	NULL	NULL	NULL	4G	Autobusai	4G	02		1039	NULL	NULL	NULL
missed	663088	A>B	Pilaitė–Konstitucijos pr.–Saulėtekis	1052	NULL	NULL	NULL	NULL	NULL	NULL	NULL	4G	Autobusai	4G	02		1098	NULL	NULL	NULL
missed	663088	B>A	Saulėtekis–Konstitucijos pr.–Pilaitė	1108	NULL	NULL	NULL	NULL	NULL	NULL	NULL	4G	Autobusai	4G	02		1153	NULL	NULL	NULL
missed	663102	A>B	Pilaitė–Konstitucijos pr.–Saulėtekis	380	NULL	NULL	NULL	NULL	NULL	NULL	NULL	4G	Autobusai	4G	03Ž		423	NULL	NULL	NULL
missed	663102	B>A	Saulėtekis–Konstitucijos pr.–Pilaitė	431	NULL	NULL	NULL	NULL	NULL	NULL	NULL	4G	Autobusai	4G	03Ž		472	NULL	NULL	NULL
missed	663102	A>B	Pilaitė–Konstitucijos pr.–Saulėtekis	484	NULL	NULL	NULL	NULL	NULL	NULL	NULL	4G	Autobusai	4G	03Ž		536	NULL	NULL	NULL
missed	663102	B>A	Saulėtekis–Konstitucijos pr.–Pilaitė	546	NULL	NULL	NULL	NULL	NULL	NULL	NULL	4G	Autobusai	4G	03Ž		587	NULL	NULL	NULL
missed	663102	A>B	Pilaitė–Konstitucijos pr.–Saulėtekis	632	NULL	NULL	NULL	NULL	NULL	NULL	NULL	4G	Autobusai	4G	03Ž		675	NULL	NULL	NULL
missed	663102	B>A	Saulėtekis–Konstitucijos pr.–Pilaitė	683	NULL	NULL	NULL	NULL	NULL	NULL	NULL	4G	Autobusai	4G	03Ž		725	NULL	NULL	NULL
missed	663102	A>B	Pilaitė–Konstitucijos pr.–Saulėtekis	736	NULL	NULL	NULL	NULL	NULL	NULL	NULL	4G	Autobusai	4G	03Ž		779	NULL	NULL	NULL
missed	663102	B>A	Saulėtekis–Konstitucijos pr.–Pilaitė	786	NULL	NULL	NULL	NULL	NULL	NULL	NULL	4G	Autobusai	4G	03Ž		828	NULL	NULL	NULL
missed	663102	A>B	Pilaitė–Konstitucijos pr.–Saulėtekis	838	NULL	NULL	NULL	NULL	NULL	NULL	NULL	4G	Autobusai	4G	03Ž		881	NULL	NULL	NULL
missed	663102	B>A	Saulėtekis–Konstitucijos pr.–Pilaitė	891	NULL	NULL	NULL	NULL	NULL	NULL	NULL	4G	Autobusai	4G	03Ž		935	NULL	NULL	NULL
missed	663102	A>B	Pilaitė–Konstitucijos pr.–Saulėtekis	945	NULL	NULL	NULL	NULL	NULL	NULL	NULL	4G	Autobusai	4G	03Ž		990	NULL	NULL	NULL
missed	663102	B>A	Saulėtekis–Konstitucijos pr.–Pilaitė	999	NULL	NULL	NULL	NULL	NULL	NULL	NULL	4G	Autobusai	4G	03Ž		1046	NULL	NULL	NULL
missed	663102	A>B	Pilaitė–Konstitucijos pr.–Saulėtekis	1059	NULL	NULL	NULL	NULL	NULL	NULL	NULL	4G	Autobusai	4G	03Ž		1105	NULL	NULL	NULL
missed	663102	B>A	Saulėtekis–Konstitucijos pr.–Pilaitė	1116	NULL	NULL	NULL	NULL	NULL	NULL	NULL	4G	Autobusai	4G	03Ž		1160	NULL	NULL	NULL
missed	663102	A>B	Pilaitė–Konstitucijos pr.–Saulėtekis	1196	NULL	NULL	NULL	NULL	NULL	NULL	NULL	4G	Autobusai	4G	03Ž		1239	NULL	NULL	NULL
missed	663102	B>A	Saulėtekis–Konstitucijos pr.–Pilaitė	1245	NULL	NULL	NULL	NULL	NULL	NULL	NULL	4G	Autobusai	4G	03Ž		1286	NULL	NULL	NULL
missed	663102	A>B	Pilaitė–Konstitucijos pr.–Saulėtekis	1295	NULL	NULL	NULL	NULL	NULL	NULL	NULL	4G	Autobusai	4G	03Ž		1337	NULL	NULL	NULL
missed	663102	B>A	Saulėtekis–Konstitucijos pr.–Pilaitė	1343	NULL	NULL	NULL	NULL	NULL	NULL	NULL	4G	Autobusai	4G	03Ž		1384	NULL	NULL	NULL
missed	663101	A>B	Pilaitė–Konstitucijos pr.–Saulėtekis	472	NULL	NULL	NULL	NULL	NULL	NULL	NULL	4G	Autobusai	4G	04		524	NULL	NULL	NULL
missed	663101	B>A	Saulėtekis–Konstitucijos pr.–Pilaitė	534	NULL	NULL	NULL	NULL	NULL	NULL	NULL	4G	Autobusai	4G	04		575	NULL	NULL	NULL
missed	663101	A>B	Pilaitė–Konstitucijos pr.–Saulėtekis	592	NULL	NULL	NULL	NULL	NULL	NULL	NULL	4G	Autobusai	4G	04		635	NULL	NULL	NULL
missed	663101	B>A	Saulėtekis–Konstitucijos pr.–Pilaitė	642	NULL	NULL	NULL	NULL	NULL	NULL	NULL	4G	Autobusai	4G	04		684	NULL	NULL	NULL
missed	663101	A>B	Pilaitė–Konstitucijos pr.–Saulėtekis	957	NULL	NULL	NULL	NULL	NULL	NULL	NULL	4G	Autobusai	4G	04		1002	NULL	NULL	NULL
missed	663101	B>A	Saulėtekis–Konstitucijos pr.–Pilaitė	1012	NULL	NULL	NULL	NULL	NULL	NULL	NULL	4G	Autobusai	4G	04		1059	NULL	NULL	NULL
missed	663101	A>B	Pilaitė–Konstitucijos pr.–Saulėtekis	1076	NULL	NULL	NULL	NULL	NULL	NULL	NULL	4G	Autobusai	4G	04		1122	NULL	NULL	NULL
missed	663101	B>A	Saulėtekis–Konstitucijos pr.–Pilaitė	1132	NULL	NULL	NULL	NULL	NULL	NULL	NULL	4G	Autobusai	4G	04		1174	NULL	NULL	NULL
missed	663091	B>A	Saulėtekis–Konstitucijos pr.–Pilaitė	325	NULL	NULL	NULL	NULL	NULL	NULL	NULL	4G	Autobusai	4G	05Ž		365	NULL	NULL	NULL
missed	663091	A>B	Pilaitė–Konstitucijos pr.–Saulėtekis	373	NULL	NULL	NULL	NULL	NULL	NULL	NULL	4G	Autobusai	4G	05Ž		416	NULL	NULL	NULL
missed	663091	B>A	Saulėtekis–Konstitucijos pr.–Pilaitė	423	NULL	NULL	NULL	NULL	NULL	NULL	NULL	4G	Autobusai	4G	05Ž		464	NULL	NULL	NULL
missed	663091	A>B	Pilaitė–Konstitucijos pr.–Saulėtekis	478	NULL	NULL	NULL	NULL	NULL	NULL	NULL	4G	Autobusai	4G	05Ž		530	NULL	NULL	NULL
missed	663091	B>A	Saulėtekis–Konstitucijos pr.–Pilaitė	540	NULL	NULL	NULL	NULL	NULL	NULL	NULL	4G	Autobusai	4G	05Ž		581	NULL	NULL	NULL
missed	663091	A>B	Pilaitė–Konstitucijos pr.–Saulėtekis	622	NULL	NULL	NULL	NULL	NULL	NULL	NULL	4G	Autobusai	4G	05Ž		665	NULL	NULL	NULL
missed	663091	B>A	Saulėtekis–Konstitucijos pr.–Pilaitė	673	NULL	NULL	NULL	NULL	NULL	NULL	NULL	4G	Autobusai	4G	05Ž		715	NULL	NULL	NULL
missed	663091	A>B	Pilaitė–Konstitucijos pr.–Saulėtekis	726	NULL	NULL	NULL	NULL	NULL	NULL	NULL	4G	Autobusai	4G	05Ž		769	NULL	NULL	NULL
missed	663091	B>A	Saulėtekis–Konstitucijos pr.–Pilaitė	777	NULL	NULL	NULL	NULL	NULL	NULL	NULL	4G	Autobusai	4G	05Ž		819	NULL	NULL	NULL
missed	663091	A>B	Pilaitė–Konstitucijos pr.–Saulėtekis	829	NULL	NULL	NULL	NULL	NULL	NULL	NULL	4G	Autobusai	4G	05Ž		872	NULL	NULL	NULL
missed	663091	B>A	Saulėtekis–Konstitucijos pr.–Pilaitė	881	NULL	NULL	NULL	NULL	NULL	NULL	NULL	4G	Autobusai	4G	05Ž		923	NULL	NULL	NULL
missed	663091	A>B	Pilaitė–Konstitucijos pr.–Saulėtekis	933	NULL	NULL	NULL	NULL	NULL	NULL	NULL	4G	Autobusai	4G	05Ž		976	NULL	NULL	NULL
missed	663091	B>A	Saulėtekis–Konstitucijos pr.–Pilaitė	986	NULL	NULL	NULL	NULL	NULL	NULL	NULL	4G	Autobusai	4G	05Ž		1034	NULL	NULL	NULL
missed	663091	A>B	Pilaitė–Konstitucijos pr.–Saulėtekis	1045	NULL	NULL	NULL	NULL	NULL	NULL	NULL	4G	Autobusai	4G	05Ž		1091	NULL	NULL	NULL
missed	663091	B>A	Saulėtekis–Konstitucijos pr.–Pilaitė	1100	NULL	NULL	NULL	NULL	NULL	NULL	NULL	4G	Autobusai	4G	05Ž		1146	NULL	NULL	NULL
missed	663091	A>B	Pilaitė–Konstitucijos pr.–Saulėtekis	1182	NULL	NULL	NULL	NULL	NULL	NULL	NULL	4G	Autobusai	4G	05Ž		1225	NULL	NULL	NULL
missed	663091	B>A	Saulėtekis–Konstitucijos pr.–Pilaitė	1232	NULL	NULL	NULL	NULL	NULL	NULL	NULL	4G	Autobusai	4G	05Ž		1273	NULL	NULL	NULL
missed	663091	A>B	Pilaitė–Konstitucijos pr.–Saulėtekis	1284	NULL	NULL	NULL	NULL	NULL	NULL	NULL	4G	Autobusai	4G	05Ž		1326	NULL	NULL	NULL
missed	663091	B>A	Saulėtekis–Konstitucijos pr.–Pilaitė	1332	NULL	NULL	NULL	NULL	NULL	NULL	NULL	4G	Autobusai	4G	05Ž		1373	NULL	NULL	NULL
missed	663089	A>B	Pilaitė–Konstitucijos pr.–Saulėtekis	387	NULL	NULL	NULL	NULL	NULL	NULL	NULL	4G	Autobusai	4G	06		430	NULL	NULL	NULL
missed	663089	B>A	Saulėtekis–Konstitucijos pr.–Pilaitė	439	NULL	NULL	NULL	NULL	NULL	NULL	NULL	4G	Autobusai	4G	06		480	NULL	NULL	NULL
missed	663089	A>B	Pilaitė–Konstitucijos pr.–Saulėtekis	490	NULL	NULL	NULL	NULL	NULL	NULL	NULL	4G	Autobusai	4G	06		542	NULL	NULL	NULL
missed	663089	B>A	Saulėtekis–Konstitucijos pr.–Pilaitė	552	NULL	NULL	NULL	NULL	NULL	NULL	NULL	4G	Autobusai	4G	06		593	NULL	NULL	NULL
missed	663089	A>B	Pilaitė–Konstitucijos pr.–Saulėtekis	855	NULL	NULL	NULL	NULL	NULL	NULL	NULL	4G	Autobusai	4G	06		898	NULL	NULL	NULL
missed	663089	B>A	Saulėtekis–Konstitucijos pr.–Pilaitė	905	NULL	NULL	NULL	NULL	NULL	NULL	NULL	4G	Autobusai	4G	06		949	NULL	NULL	NULL
missed	663089	A>B	Pilaitė–Konstitucijos pr.–Saulėtekis	963	NULL	NULL	NULL	NULL	NULL	NULL	NULL	4G	Autobusai	4G	06		1008	NULL	NULL	NULL
missed	663089	B>A	Saulėtekis–Konstitucijos pr.–Pilaitė	1019	NULL	NULL	NULL	NULL	NULL	NULL	NULL	4G	Autobusai	4G	06		1066	NULL	NULL	NULL
missed	663092	A>B	Pilaitė–Konstitucijos pr.–Saulėtekis	314	NULL	NULL	NULL	NULL	NULL	NULL	NULL	4G	Autobusai	4G	07		356	NULL	NULL	NULL
missed	663092	B>A	Saulėtekis–Konstitucijos pr.–Pilaitė	361	NULL	NULL	NULL	NULL	NULL	NULL	NULL	4G	Autobusai	4G	07		401	NULL	NULL	NULL
missed	663092	A>B	Pilaitė–Konstitucijos pr.–Saulėtekis	406	NULL	NULL	NULL	NULL	NULL	NULL	NULL	4G	Autobusai	4G	07		452	NULL	NULL	NULL
missed	663092	B>A	Saulėtekis–Konstitucijos pr.–Pilaitė	463	NULL	NULL	NULL	NULL	NULL	NULL	NULL	4G	Autobusai	4G	07		506	NULL	NULL	NULL
missed	663092	A>B	Pilaitė–Konstitucijos pr.–Saulėtekis	516	NULL	NULL	NULL	NULL	NULL	NULL	NULL	4G	Autobusai	4G	07		563	NULL	NULL	NULL
missed	663092	B>A	Saulėtekis–Konstitucijos pr.–Pilaitė	573	NULL	NULL	NULL	NULL	NULL	NULL	NULL	4G	Autobusai	4G	07		615	NULL	NULL	NULL
missed	663092	A>B	Pilaitė–Konstitucijos pr.–Saulėtekis	656	NULL	NULL	NULL	NULL	NULL	NULL	NULL	4G	Autobusai	4G	07		699	NULL	NULL	NULL
missed	663092	B>A	Saulėtekis–Konstitucijos pr.–Pilaitė	706	NULL	NULL	NULL	NULL	NULL	NULL	NULL	4G	Autobusai	4G	07		748	NULL	NULL	NULL
missed	663092	A>B	Pilaitė–Konstitucijos pr.–Saulėtekis	757	NULL	NULL	NULL	NULL	NULL	NULL	NULL	4G	Autobusai	4G	07		800	NULL	NULL	NULL
missed	663092	B>A	Saulėtekis–Konstitucijos pr.–Pilaitė	809	NULL	NULL	NULL	NULL	NULL	NULL	NULL	4G	Autobusai	4G	07		851	NULL	NULL	NULL
missed	663092	A>B	Pilaitė–Konstitucijos pr.–Saulėtekis	863	NULL	NULL	NULL	NULL	NULL	NULL	NULL	4G	Autobusai	4G	07		906	NULL	NULL	NULL
missed	663092	B>A	Saulėtekis–Konstitucijos pr.–Pilaitė	913	NULL	NULL	NULL	NULL	NULL	NULL	NULL	4G	Autobusai	4G	07		957	NULL	NULL	NULL
missed	663092	A>B	Pilaitė–Konstitucijos pr.–Saulėtekis	971	NULL	NULL	NULL	NULL	NULL	NULL	NULL	4G	Autobusai	4G	07		1016	NULL	NULL	NULL
missed	663092	B>A	Saulėtekis–Konstitucijos pr.–Pilaitė	1027	NULL	NULL	NULL	NULL	NULL	NULL	NULL	4G	Autobusai	4G	07		1074	NULL	NULL	NULL
missed	663092	A>B	Pilaitė–Konstitucijos pr.–Saulėtekis	1089	NULL	NULL	NULL	NULL	NULL	NULL	NULL	4G	Autobusai	4G	07		1135	NULL	NULL	NULL
missed	663092	B>A	Saulėtekis–Konstitucijos pr.–Pilaitė	1141	NULL	NULL	NULL	NULL	NULL	NULL	NULL	4G	Autobusai	4G	07		1183	NULL	NULL	NULL
missed	663092	A>B	Pilaitė–Konstitucijos pr.–Saulėtekis	1220	NULL	NULL	NULL	NULL	NULL	NULL	NULL	4G	Autobusai	4G	07		1263	NULL	NULL	NULL
missed	663092	B>A	Saulėtekis–Konstitucijos pr.–Pilaitė	1268	NULL	NULL	NULL	NULL	NULL	NULL	NULL	4G	Autobusai	4G	07		1309	NULL	NULL	NULL
missed	663092	A>B	Pilaitė–Konstitucijos pr.–Saulėtekis	1316	NULL	NULL	NULL	NULL	NULL	NULL	NULL	4G	Autobusai	4G	07		1358	NULL	NULL	NULL
missed	663092	B>A	Saulėtekis–Konstitucijos pr.–Pilaitė	1365	NULL	NULL	NULL	NULL	NULL	NULL	NULL	4G	Autobusai	4G	07		1406	NULL	NULL	NULL
missed	663090	A>B	Pilaitė–Konstitucijos pr.–Saulėtekis	400	NULL	NULL	NULL	NULL	NULL	NULL	NULL	4G	Autobusai	4G	08		446	NULL	NULL	NULL
missed	663090	B>A	Saulėtekis–Konstitucijos pr.–Pilaitė	455	NULL	NULL	NULL	NULL	NULL	NULL	NULL	4G	Autobusai	4G	08		496	NULL	NULL	NULL
missed	663090	A>B	Pilaitė–Konstitucijos pr.–Saulėtekis	507	NULL	NULL	NULL	NULL	NULL	NULL	NULL	4G	Autobusai	4G	08		557	NULL	NULL	NULL
missed	663090	B>A	Saulėtekis–Konstitucijos pr.–Pilaitė	566	NULL	NULL	NULL	NULL	NULL	NULL	NULL	4G	Autobusai	4G	08		607	NULL	NULL	NULL
missed	663090	A>B	Pilaitė–Konstitucijos pr.–Saulėtekis	869	NULL	NULL	NULL	NULL	NULL	NULL	NULL	4G	Autobusai	4G	08		912	NULL	NULL	NULL
missed	663090	B>A	Saulėtekis–Konstitucijos pr.–Pilaitė	919	NULL	NULL	NULL	NULL	NULL	NULL	NULL	4G	Autobusai	4G	08		963	NULL	NULL	NULL
missed	663090	A>B	Pilaitė–Konstitucijos pr.–Saulėtekis	976	NULL	NULL	NULL	NULL	NULL	NULL	NULL	4G	Autobusai	4G	08		1021	NULL	NULL	NULL
missed	663090	B>A	Saulėtekis–Konstitucijos pr.–Pilaitė	1033	NULL	NULL	NULL	NULL	NULL	NULL	NULL	4G	Autobusai	4G	08		1080	NULL	NULL	NULL
missed	663100	A>B	Pilaitė–Konstitucijos pr.–Saulėtekis	326	NULL	NULL	NULL	NULL	NULL	NULL	NULL	4G	Autobusai	4G	09		368	NULL	NULL	NULL
missed	663100	B>A	Saulėtekis–Konstitucijos pr.–Pilaitė	373	NULL	NULL	NULL	NULL	NULL	NULL	NULL	4G	Autobusai	4G	09		413	NULL	NULL	NULL
missed	663100	A>B	Pilaitė–Konstitucijos pr.–Saulėtekis	424	NULL	NULL	NULL	NULL	NULL	NULL	NULL	4G	Autobusai	4G	09		475	NULL	NULL	NULL
missed	663100	B>A	Saulėtekis–Konstitucijos pr.–Pilaitė	485	NULL	NULL	NULL	NULL	NULL	NULL	NULL	4G	Autobusai	4G	09		528	NULL	NULL	NULL
missed	663100	A>B	Pilaitė–Konstitucijos pr.–Saulėtekis	540	NULL	NULL	NULL	NULL	NULL	NULL	NULL	4G	Autobusai	4G	09		583	NULL	NULL	NULL
missed	663100	B>A	Saulėtekis–Konstitucijos pr.–Pilaitė	593	NULL	NULL	NULL	NULL	NULL	NULL	NULL	4G	Autobusai	4G	09		635	NULL	NULL	NULL
missed	663100	A>B	Pilaitė–Konstitucijos pr.–Saulėtekis	669	NULL	NULL	NULL	NULL	NULL	NULL	NULL	4G	Autobusai	4G	09		712	NULL	NULL	NULL
missed	663100	B>A	Saulėtekis–Konstitucijos pr.–Pilaitė	717	NULL	NULL	NULL	NULL	NULL	NULL	NULL	4G	Autobusai	4G	09		759	NULL	NULL	NULL
missed	663100	A>B	Pilaitė–Konstitucijos pr.–Saulėtekis	767	NULL	NULL	NULL	NULL	NULL	NULL	NULL	4G	Autobusai	4G	09		810	NULL	NULL	NULL
missed	663100	B>A	Saulėtekis–Konstitucijos pr.–Pilaitė	820	NULL	NULL	NULL	NULL	NULL	NULL	NULL	4G	Autobusai	4G	09		862	NULL	NULL	NULL
missed	663100	A>B	Pilaitė–Konstitucijos pr.–Saulėtekis	876	NULL	NULL	NULL	NULL	NULL	NULL	NULL	4G	Autobusai	4G	09		919	NULL	NULL	NULL
missed	663100	B>A	Saulėtekis–Konstitucijos pr.–Pilaitė	925	NULL	NULL	NULL	NULL	NULL	NULL	NULL	4G	Autobusai	4G	09		969	NULL	NULL	NULL
missed	663100	A>B	Pilaitė–Konstitucijos pr.–Saulėtekis	982	NULL	NULL	NULL	NULL	NULL	NULL	NULL	4G	Autobusai	4G	09		1027	NULL	NULL	NULL
missed	663100	B>A	Saulėtekis–Konstitucijos pr.–Pilaitė	1039	NULL	NULL	NULL	NULL	NULL	NULL	NULL	4G	Autobusai	4G	09		1086	NULL	NULL	NULL
missed	663100	A>B	Pilaitė–Konstitucijos pr.–Saulėtekis	1101	NULL	NULL	NULL	NULL	NULL	NULL	NULL	4G	Autobusai	4G	09		1147	NULL	NULL	NULL
missed	663100	B>A	Saulėtekis–Konstitucijos pr.–Pilaitė	1154	NULL	NULL	NULL	NULL	NULL	NULL	NULL	4G	Autobusai	4G	09		1195	NULL	NULL	NULL
missed	663100	A>B	Pilaitė–Konstitucijos pr.–Saulėtekis	1242	NULL	NULL	NULL	NULL	NULL	NULL	NULL	4G	Autobusai	4G	09		1284	NULL	NULL	NULL
missed	663100	B>A	Saulėtekis–Konstitucijos pr.–Pilaitė	1289	NULL	NULL	NULL	NULL	NULL	NULL	NULL	4G	Autobusai	4G	09		1330	NULL	NULL	NULL
missed	663100	A>B	Pilaitė–Konstitucijos pr.–Saulėtekis	1336	NULL	NULL	NULL	NULL	NULL	NULL	NULL	4G	Autobusai	4G	09		1378	NULL	NULL	NULL
missed	663100	B>A	Saulėtekis–Konstitucijos pr.–Pilaitė	1386	NULL	NULL	NULL	NULL	NULL	NULL	NULL	4G	Autobusai	4G	09		1427	NULL	NULL	NULL
missed	663094	A>B	Pilaitė–Konstitucijos pr.–Saulėtekis	412	NULL	NULL	NULL	NULL	NULL	NULL	NULL	4G	Autobusai	4G	10		463	NULL	NULL	NULL
missed	663094	B>A	Saulėtekis–Konstitucijos pr.–Pilaitė	473	NULL	NULL	NULL	NULL	NULL	NULL	NULL	4G	Autobusai	4G	10		516	NULL	NULL	NULL
missed	663094	A>B	Pilaitė–Konstitucijos pr.–Saulėtekis	526	NULL	NULL	NULL	NULL	NULL	NULL	NULL	4G	Autobusai	4G	10		572	NULL	NULL	NULL
missed	663094	B>A	Saulėtekis–Konstitucijos pr.–Pilaitė	580	NULL	NULL	NULL	NULL	NULL	NULL	NULL	4G	Autobusai	4G	10		622	NULL	NULL	NULL
missed	663094	A>B	Pilaitė–Konstitucijos pr.–Saulėtekis	889	NULL	NULL	NULL	NULL	NULL	NULL	NULL	4G	Autobusai	4G	10		932	NULL	NULL	NULL
missed	663094	B>A	Saulėtekis–Konstitucijos pr.–Pilaitė	939	NULL	NULL	NULL	NULL	NULL	NULL	NULL	4G	Autobusai	4G	10		984	NULL	NULL	NULL
missed	663094	A>B	Pilaitė–Konstitucijos pr.–Saulėtekis	996	NULL	NULL	NULL	NULL	NULL	NULL	NULL	4G	Autobusai	4G	10		1042	NULL	NULL	NULL
missed	663094	B>A	Saulėtekis–Konstitucijos pr.–Pilaitė	1051	NULL	NULL	NULL	NULL	NULL	NULL	NULL	4G	Autobusai	4G	10		1098	NULL	NULL	NULL
missed	663103	B>A	Saulėtekis–Konstitucijos pr.–Pilaitė	343	NULL	NULL	NULL	NULL	NULL	NULL	NULL	4G	Autobusai	4G	11		383	NULL	NULL	NULL
missed	663103	A>B	Pilaitė–Konstitucijos pr.–Saulėtekis	393	NULL	NULL	NULL	NULL	NULL	NULL	NULL	4G	Autobusai	4G	11		436	NULL	NULL	NULL
missed	663103	B>A	Saulėtekis–Konstitucijos pr.–Pilaitė	446	NULL	NULL	NULL	NULL	NULL	NULL	NULL	4G	Autobusai	4G	11		487	NULL	NULL	NULL
missed	663103	A>B	Pilaitė–Konstitucijos pr.–Saulėtekis	498	NULL	NULL	NULL	NULL	NULL	NULL	NULL	4G	Autobusai	4G	11		550	NULL	NULL	NULL
missed	663103	B>A	Saulėtekis–Konstitucijos pr.–Pilaitė	560	NULL	NULL	NULL	NULL	NULL	NULL	NULL	4G	Autobusai	4G	11		601	NULL	NULL	NULL
missed	663103	A>B	Pilaitė–Konstitucijos pr.–Saulėtekis	643	NULL	NULL	NULL	NULL	NULL	NULL	NULL	4G	Autobusai	4G	11		686	NULL	NULL	NULL
missed	663103	B>A	Saulėtekis–Konstitucijos pr.–Pilaitė	693	NULL	NULL	NULL	NULL	NULL	NULL	NULL	4G	Autobusai	4G	11		735	NULL	NULL	NULL
missed	663103	A>B	Pilaitė–Konstitucijos pr.–Saulėtekis	744	NULL	NULL	NULL	NULL	NULL	NULL	NULL	4G	Autobusai	4G	11		787	NULL	NULL	NULL
missed	663103	B>A	Saulėtekis–Konstitucijos pr.–Pilaitė	795	NULL	NULL	NULL	NULL	NULL	NULL	NULL	4G	Autobusai	4G	11		837	NULL	NULL	NULL
missed	663103	A>B	Pilaitė–Konstitucijos pr.–Saulėtekis	847	NULL	NULL	NULL	NULL	NULL	NULL	NULL	4G	Autobusai	4G	11		890	NULL	NULL	NULL
missed	663103	B>A	Saulėtekis–Konstitucijos pr.–Pilaitė	897	NULL	NULL	NULL	NULL	NULL	NULL	NULL	4G	Autobusai	4G	11		941	NULL	NULL	NULL
missed	663103	A>B	Pilaitė–Konstitucijos pr.–Saulėtekis	951	NULL	NULL	NULL	NULL	NULL	NULL	NULL	4G	Autobusai	4G	11		996	NULL	NULL	NULL
missed	663103	B>A	Saulėtekis–Konstitucijos pr.–Pilaitė	1005	NULL	NULL	NULL	NULL	NULL	NULL	NULL	4G	Autobusai	4G	11		1052	NULL	NULL	NULL
missed	663103	A>B	Pilaitė–Konstitucijos pr.–Saulėtekis	1066	NULL	NULL	NULL	NULL	NULL	NULL	NULL	4G	Autobusai	4G	11		1112	NULL	NULL	NULL
missed	663103	B>A	Saulėtekis–Konstitucijos pr.–Pilaitė	1124	NULL	NULL	NULL	NULL	NULL	NULL	NULL	4G	Autobusai	4G	11		1167	NULL	NULL	NULL
missed	663103	A>B	Pilaitė–Konstitucijos pr.–Saulėtekis	1207	NULL	NULL	NULL	NULL	NULL	NULL	NULL	4G	Autobusai	4G	11		1250	NULL	NULL	NULL
missed	663103	B>A	Saulėtekis–Konstitucijos pr.–Pilaitė	1256	NULL	NULL	NULL	NULL	NULL	NULL	NULL	4G	Autobusai	4G	11		1297	NULL	NULL	NULL
missed	663103	A>B	Pilaitė–Konstitucijos pr.–Saulėtekis	1306	NULL	NULL	NULL	NULL	NULL	NULL	NULL	4G	Autobusai	4G	11		1348	NULL	NULL	NULL
missed	663103	B>A	Saulėtekis–Konstitucijos pr.–Pilaitė	1353	NULL	NULL	NULL	NULL	NULL	NULL	NULL	4G	Autobusai	4G	11		1394	NULL	NULL	NULL
missed	663095	A>B	Pilaitė–Konstitucijos pr.–Saulėtekis	418	NULL	NULL	NULL	NULL	NULL	NULL	NULL	4G	Autobusai	4G	12		469	NULL	NULL	NULL
missed	663095	B>A	Saulėtekis–Konstitucijos pr.–Pilaitė	479	NULL	NULL	NULL	NULL	NULL	NULL	NULL	4G	Autobusai	4G	12		522	NULL	NULL	NULL
missed	663095	A>B	Pilaitė–Konstitucijos pr.–Saulėtekis	533	NULL	NULL	NULL	NULL	NULL	NULL	NULL	4G	Autobusai	4G	12		577	NULL	NULL	NULL
missed	663095	B>A	Saulėtekis–Konstitucijos pr.–Pilaitė	587	NULL	NULL	NULL	NULL	NULL	NULL	NULL	4G	Autobusai	4G	12		629	NULL	NULL	NULL
missed	663095	A>B	Pilaitė–Konstitucijos pr.–Saulėtekis	903	NULL	NULL	NULL	NULL	NULL	NULL	NULL	4G	Autobusai	4G	12		946	NULL	NULL	NULL
missed	663095	B>A	Saulėtekis–Konstitucijos pr.–Pilaitė	953	NULL	NULL	NULL	NULL	NULL	NULL	NULL	4G	Autobusai	4G	12		998	NULL	NULL	NULL
missed	663095	A>B	Pilaitė–Konstitucijos pr.–Saulėtekis	1010	NULL	NULL	NULL	NULL	NULL	NULL	NULL	4G	Autobusai	4G	12		1056	NULL	NULL	NULL
missed	663095	B>A	Saulėtekis–Konstitucijos pr.–Pilaitė	1065	NULL	NULL	NULL	NULL	NULL	NULL	NULL	4G	Autobusai	4G	12		1111	NULL	NULL	NULL
missed	663099	A>B	Pilaitė–Konstitucijos pr.–Saulėtekis	337	NULL	NULL	NULL	NULL	NULL	NULL	NULL	4G	Autobusai	4G	13		379	NULL	NULL	NULL
missed	663099	B>A	Saulėtekis–Konstitucijos pr.–Pilaitė	384	NULL	NULL	NULL	NULL	NULL	NULL	NULL	4G	Autobusai	4G	13		424	NULL	NULL	NULL
missed	663099	A>B	Pilaitė–Konstitucijos pr.–Saulėtekis	436	NULL	NULL	NULL	NULL	NULL	NULL	NULL	4G	Autobusai	4G	13		488	NULL	NULL	NULL
missed	663099	B>A	Saulėtekis–Konstitucijos pr.–Pilaitė	498	NULL	NULL	NULL	NULL	NULL	NULL	NULL	4G	Autobusai	4G	13		541	NULL	NULL	NULL
missed	663099	A>B	Pilaitė–Konstitucijos pr.–Saulėtekis	583	NULL	NULL	NULL	NULL	NULL	NULL	NULL	4G	Autobusai	4G	13		626	NULL	NULL	NULL
missed	663099	B>A	Saulėtekis–Konstitucijos pr.–Pilaitė	632	NULL	NULL	NULL	NULL	NULL	NULL	NULL	4G	Autobusai	4G	13		674	NULL	NULL	NULL
missed	663099	A>B	Pilaitė–Konstitucijos pr.–Saulėtekis	682	NULL	NULL	NULL	NULL	NULL	NULL	NULL	4G	Autobusai	4G	13		725	NULL	NULL	NULL
missed	663099	B>A	Saulėtekis–Konstitucijos pr.–Pilaitė	730	NULL	NULL	NULL	NULL	NULL	NULL	NULL	4G	Autobusai	4G	13		772	NULL	NULL	NULL
missed	663099	A>B	Pilaitė–Konstitucijos pr.–Saulėtekis	779	NULL	NULL	NULL	NULL	NULL	NULL	NULL	4G	Autobusai	4G	13		822	NULL	NULL	NULL
missed	663099	B>A	Saulėtekis–Konstitucijos pr.–Pilaitė	830	NULL	NULL	NULL	NULL	NULL	NULL	NULL	4G	Autobusai	4G	13		872	NULL	NULL	NULL
missed	663099	A>B	Pilaitė–Konstitucijos pr.–Saulėtekis	882	NULL	NULL	NULL	NULL	NULL	NULL	NULL	4G	Autobusai	4G	13		925	NULL	NULL	NULL
missed	663099	B>A	Saulėtekis–Konstitucijos pr.–Pilaitė	932	NULL	NULL	NULL	NULL	NULL	NULL	NULL	4G	Autobusai	4G	13		976	NULL	NULL	NULL
missed	663099	A>B	Pilaitė–Konstitucijos pr.–Saulėtekis	989	NULL	NULL	NULL	NULL	NULL	NULL	NULL	4G	Autobusai	4G	13		1034	NULL	NULL	NULL
missed	663099	B>A	Saulėtekis–Konstitucijos pr.–Pilaitė	1045	NULL	NULL	NULL	NULL	NULL	NULL	NULL	4G	Autobusai	4G	13		1092	NULL	NULL	NULL
missed	663099	A>B	Pilaitė–Konstitucijos pr.–Saulėtekis	1133	NULL	NULL	NULL	NULL	NULL	NULL	NULL	4G	Autobusai	4G	13		1176	NULL	NULL	NULL
missed	663099	B>A	Saulėtekis–Konstitucijos pr.–Pilaitė	1183	NULL	NULL	NULL	NULL	NULL	NULL	NULL	4G	Autobusai	4G	13		1224	NULL	NULL	NULL
missed	663099	A>B	Pilaitė–Konstitucijos pr.–Saulėtekis	1232	NULL	NULL	NULL	NULL	NULL	NULL	NULL	4G	Autobusai	4G	13		1274	NULL	NULL	NULL
missed	663099	B>A	Saulėtekis–Konstitucijos pr.–Pilaitė	1280	NULL	NULL	NULL	NULL	NULL	NULL	NULL	4G	Autobusai	4G	13		1321	NULL	NULL	NULL
missed	663099	A>B	Pilaitė–Konstitucijos pr.–Saulėtekis	1326	NULL	NULL	NULL	NULL	NULL	NULL	NULL	4G	Autobusai	4G	13		1368	NULL	NULL	NULL
missed	663099	B>A	Saulėtekis–Konstitucijos pr.–Pilaitė	1376	NULL	NULL	NULL	NULL	NULL	NULL	NULL	4G	Autobusai	4G	13		1417	NULL	NULL	NULL
missed	663096	A>B	Pilaitė–Konstitucijos pr.–Saulėtekis	430	NULL	NULL	NULL	NULL	NULL	NULL	NULL	4G	Autobusai	4G	14		481	NULL	NULL	NULL
missed	663096	B>A	Saulėtekis–Konstitucijos pr.–Pilaitė	491	NULL	NULL	NULL	NULL	NULL	NULL	NULL	4G	Autobusai	4G	14		534	NULL	NULL	NULL
missed	663096	A>B	Pilaitė–Konstitucijos pr.–Saulėtekis	549	NULL	NULL	NULL	NULL	NULL	NULL	NULL	4G	Autobusai	4G	14		592	NULL	NULL	NULL
missed	663096	B>A	Saulėtekis–Konstitucijos pr.–Pilaitė	601	NULL	NULL	NULL	NULL	NULL	NULL	NULL	4G	Autobusai	4G	14		643	NULL	NULL	NULL
missed	663096	A>B	Pilaitė–Konstitucijos pr.–Saulėtekis	916	NULL	NULL	NULL	NULL	NULL	NULL	NULL	4G	Autobusai	4G	14		959	NULL	NULL	NULL
missed	663096	B>A	Saulėtekis–Konstitucijos pr.–Pilaitė	968	NULL	NULL	NULL	NULL	NULL	NULL	NULL	4G	Autobusai	4G	14		1013	NULL	NULL	NULL
missed	663096	A>B	Pilaitė–Konstitucijos pr.–Saulėtekis	1024	NULL	NULL	NULL	NULL	NULL	NULL	NULL	4G	Autobusai	4G	14		1070	NULL	NULL	NULL
missed	663096	B>A	Saulėtekis–Konstitucijos pr.–Pilaitė	1079	NULL	NULL	NULL	NULL	NULL	NULL	NULL	4G	Autobusai	4G	14		1125	NULL	NULL	NULL
missed	663093	A>B	Pilaitė–Konstitucijos pr.–Saulėtekis	348	NULL	NULL	NULL	NULL	NULL	NULL	NULL	4G	Autobusai	4G	15Ž		390	NULL	NULL	NULL
missed	663093	B>A	Saulėtekis–Konstitucijos pr.–Pilaitė	396	NULL	NULL	NULL	NULL	NULL	NULL	NULL	4G	Autobusai	4G	15Ž		437	NULL	NULL	NULL
missed	663093	A>B	Pilaitė–Konstitucijos pr.–Saulėtekis	448	NULL	NULL	NULL	NULL	NULL	NULL	NULL	4G	Autobusai	4G	15Ž		500	NULL	NULL	NULL
missed	663093	B>A	Saulėtekis–Konstitucijos pr.–Pilaitė	510	NULL	NULL	NULL	NULL	NULL	NULL	NULL	4G	Autobusai	4G	15Ž		553	NULL	NULL	NULL
missed	663093	A>B	Pilaitė–Konstitucijos pr.–Saulėtekis	565	NULL	NULL	NULL	NULL	NULL	NULL	NULL	4G	Autobusai	4G	15Ž		608	NULL	NULL	NULL
missed	663093	B>A	Saulėtekis–Konstitucijos pr.–Pilaitė	615	NULL	NULL	NULL	NULL	NULL	NULL	NULL	4G	Autobusai	4G	15Ž		657	NULL	NULL	NULL
missed	663093	A>B	Pilaitė–Konstitucijos pr.–Saulėtekis	695	NULL	NULL	NULL	NULL	NULL	NULL	NULL	4G	Autobusai	4G	15Ž		738	NULL	NULL	NULL
missed	663093	B>A	Saulėtekis–Konstitucijos pr.–Pilaitė	743	NULL	NULL	NULL	NULL	NULL	NULL	NULL	4G	Autobusai	4G	15Ž		785	NULL	NULL	NULL
missed	663093	A>B	Pilaitė–Konstitucijos pr.–Saulėtekis	791	NULL	NULL	NULL	NULL	NULL	NULL	NULL	4G	Autobusai	4G	15Ž		834	NULL	NULL	NULL
missed	663093	B>A	Saulėtekis–Konstitucijos pr.–Pilaitė	843	NULL	NULL	NULL	NULL	NULL	NULL	NULL	4G	Autobusai	4G	15Ž		885	NULL	NULL	NULL
missed	663093	A>B	Pilaitė–Konstitucijos pr.–Saulėtekis	896	NULL	NULL	NULL	NULL	NULL	NULL	NULL	4G	Autobusai	4G	15Ž		939	NULL	NULL	NULL
missed	663093	B>A	Saulėtekis–Konstitucijos pr.–Pilaitė	946	NULL	NULL	NULL	NULL	NULL	NULL	NULL	4G	Autobusai	4G	15Ž		991	NULL	NULL	NULL
missed	663093	A>B	Pilaitė–Konstitucijos pr.–Saulėtekis	1003	NULL	NULL	NULL	NULL	NULL	NULL	NULL	4G	Autobusai	4G	15Ž		1049	NULL	NULL	NULL
missed	663093	B>A	Saulėtekis–Konstitucijos pr.–Pilaitė	1058	NULL	NULL	NULL	NULL	NULL	NULL	NULL	4G	Autobusai	4G	15Ž		1104	NULL	NULL	NULL
missed	663093	A>B	Pilaitė–Konstitucijos pr.–Saulėtekis	1117	NULL	NULL	NULL	NULL	NULL	NULL	NULL	4G	Autobusai	4G	15Ž		1160	NULL	NULL	NULL
missed	663093	B>A	Saulėtekis–Konstitucijos pr.–Pilaitė	1169	NULL	NULL	NULL	NULL	NULL	NULL	NULL	4G	Autobusai	4G	15Ž		1210	NULL	NULL	NULL
missed	663093	A>B	Pilaitė–Konstitucijos pr.–Saulėtekis	1252	NULL	NULL	NULL	NULL	NULL	NULL	NULL	4G	Autobusai	4G	15Ž		1294	NULL	NULL	NULL
missed	663093	B>A	Saulėtekis–Konstitucijos pr.–Pilaitė	1299	NULL	NULL	NULL	NULL	NULL	NULL	NULL	4G	Autobusai	4G	15Ž		1340	NULL	NULL	NULL
missed	663093	A>B	Pilaitė–Konstitucijos pr.–Saulėtekis	1351	NULL	NULL	NULL	NULL	NULL	NULL	NULL	4G	Autobusai	4G	15Ž		1393	NULL	NULL	NULL
missed	663093	B>A	Saulėtekis–Konstitucijos pr.–Pilaitė	1398	NULL	NULL	NULL	NULL	NULL	NULL	NULL	4G	Autobusai	4G	15Ž		1439	NULL	NULL	NULL
missed	663097	A>B	Pilaitė–Konstitucijos pr.–Saulėtekis	442	NULL	NULL	NULL	NULL	NULL	NULL	NULL	4G	Autobusai	4G	16		494	NULL	NULL	NULL
missed	663097	B>A	Saulėtekis–Konstitucijos pr.–Pilaitė	504	NULL	NULL	NULL	NULL	NULL	NULL	NULL	4G	Autobusai	4G	16		547	NULL	NULL	NULL
missed	663097	A>B	Pilaitė–Konstitucijos pr.–Saulėtekis	557	NULL	NULL	NULL	NULL	NULL	NULL	NULL	4G	Autobusai	4G	16		600	NULL	NULL	NULL
missed	663097	B>A	Saulėtekis–Konstitucijos pr.–Pilaitė	608	NULL	NULL	NULL	NULL	NULL	NULL	NULL	4G	Autobusai	4G	16		650	NULL	NULL	NULL
missed	663097	A>B	Pilaitė–Konstitucijos pr.–Saulėtekis	928	NULL	NULL	NULL	NULL	NULL	NULL	NULL	4G	Autobusai	4G	16		971	NULL	NULL	NULL
missed	663097	B>A	Saulėtekis–Konstitucijos pr.–Pilaitė	980	NULL	NULL	NULL	NULL	NULL	NULL	NULL	4G	Autobusai	4G	16		1026	NULL	NULL	NULL
missed	663097	A>B	Pilaitė–Konstitucijos pr.–Saulėtekis	1038	NULL	NULL	NULL	NULL	NULL	NULL	NULL	4G	Autobusai	4G	16		1084	NULL	NULL	NULL
missed	663097	B>A	Saulėtekis–Konstitucijos pr.–Pilaitė	1093	NULL	NULL	NULL	NULL	NULL	NULL	NULL	4G	Autobusai	4G	16		1139	NULL	NULL	NULL
missed	663098	A>B	Pilaitė–Konstitucijos pr.–Saulėtekis	357	NULL	NULL	NULL	NULL	NULL	NULL	NULL	4G	Autobusai	4G	17		400	NULL	NULL	NULL
missed	663098	B>A	Saulėtekis–Konstitucijos pr.–Pilaitė	405	NULL	NULL	NULL	NULL	NULL	NULL	NULL	4G	Autobusai	4G	17		446	NULL	NULL	NULL
missed	663098	A>B	Pilaitė–Konstitucijos pr.–Saulėtekis	460	NULL	NULL	NULL	NULL	NULL	NULL	NULL	4G	Autobusai	4G	17		512	NULL	NULL	NULL
missed	663098	B>A	Saulėtekis–Konstitucijos pr.–Pilaitė	522	NULL	NULL	NULL	NULL	NULL	NULL	NULL	4G	Autobusai	4G	17		564	NULL	NULL	NULL
missed	663098	A>B	Pilaitė–Konstitucijos pr.–Saulėtekis	602	NULL	NULL	NULL	NULL	NULL	NULL	NULL	4G	Autobusai	4G	17		645	NULL	NULL	NULL
missed	663098	B>A	Saulėtekis–Konstitucijos pr.–Pilaitė	652	NULL	NULL	NULL	NULL	NULL	NULL	NULL	4G	Autobusai	4G	17		694	NULL	NULL	NULL
missed	663098	A>B	Pilaitė–Konstitucijos pr.–Saulėtekis	706	NULL	NULL	NULL	NULL	NULL	NULL	NULL	4G	Autobusai	4G	17		749	NULL	NULL	NULL
missed	663098	B>A	Saulėtekis–Konstitucijos pr.–Pilaitė	754	NULL	NULL	NULL	NULL	NULL	NULL	NULL	4G	Autobusai	4G	17		796	NULL	NULL	NULL
missed	663098	A>B	Pilaitė–Konstitucijos pr.–Saulėtekis	805	NULL	NULL	NULL	NULL	NULL	NULL	NULL	4G	Autobusai	4G	17		848	NULL	NULL	NULL
missed	663098	B>A	Saulėtekis–Konstitucijos pr.–Pilaitė	855	NULL	NULL	NULL	NULL	NULL	NULL	NULL	4G	Autobusai	4G	17		897	NULL	NULL	NULL
missed	663098	A>B	Pilaitė–Konstitucijos pr.–Saulėtekis	908	NULL	NULL	NULL	NULL	NULL	NULL	NULL	4G	Autobusai	4G	17		951	NULL	NULL	NULL
missed	663098	B>A	Saulėtekis–Konstitucijos pr.–Pilaitė	959	NULL	NULL	NULL	NULL	NULL	NULL	NULL	4G	Autobusai	4G	17		1004	NULL	NULL	NULL
missed	663098	A>B	Pilaitė–Konstitucijos pr.–Saulėtekis	1016	NULL	NULL	NULL	NULL	NULL	NULL	NULL	4G	Autobusai	4G	17		1062	NULL	NULL	NULL
missed	663098	B>A	Saulėtekis–Konstitucijos pr.–Pilaitė	1071	NULL	NULL	NULL	NULL	NULL	NULL	NULL	4G	Autobusai	4G	17		1117	NULL	NULL	NULL
missed	663098	A>B	Pilaitė–Konstitucijos pr.–Saulėtekis	1150	NULL	NULL	NULL	NULL	NULL	NULL	NULL	4G	Autobusai	4G	17		1193	NULL	NULL	NULL
missed	663098	B>A	Saulėtekis–Konstitucijos pr.–Pilaitė	1199	NULL	NULL	NULL	NULL	NULL	NULL	NULL	4G	Autobusai	4G	17		1240	NULL	NULL	NULL
missed	663098	A>B	Pilaitė–Konstitucijos pr.–Saulėtekis	1261	NULL	NULL	NULL	NULL	NULL	NULL	NULL	4G	Autobusai	4G	17		1303	NULL	NULL	NULL
missed	663098	B>A	Saulėtekis–Konstitucijos pr.–Pilaitė	1311	NULL	NULL	NULL	NULL	NULL	NULL	NULL	4G	Autobusai	4G	17		1352	NULL	NULL	NULL
missed	663098	A>B	Pilaitė–Konstitucijos pr.–Saulėtekis	1373	NULL	NULL	NULL	NULL	NULL	NULL	NULL	4G	Autobusai	4G	17		1415	NULL	NULL	NULL
missed	663219	A>B	Pašilaičiai–Tuskulėnų g.–Šiaurės miestelis	326	NULL	NULL	NULL	NULL	NULL	NULL	NULL	5	Autobusai	5	01-Ž		356	NULL	NULL	NULL
missed	663219	B>A	Šiaurės miestelis–Tuskulėnų g.–Pašilaičiai	361	NULL	NULL	NULL	NULL	NULL	NULL	NULL	5	Autobusai	5	01-Ž		390	NULL	NULL	NULL
missed	663219	A>B	Pašilaičiai–Tuskulėnų g.–Šiaurės miestelis	400	NULL	NULL	NULL	NULL	NULL	NULL	NULL	5	Autobusai	5	01-Ž		433	NULL	NULL	NULL
missed	663219	B>A	Šiaurės miestelis–Tuskulėnų g.–Pašilaičiai	438	NULL	NULL	NULL	NULL	NULL	NULL	NULL	5	Autobusai	5	01-Ž		469	NULL	NULL	NULL
missed	663219	A>B	Pašilaičiai–Tuskulėnų g.–Šiaurės miestelis	479	NULL	NULL	NULL	NULL	NULL	NULL	NULL	5	Autobusai	5	01-Ž		512	NULL	NULL	NULL
missed	663219	B>A	Šiaurės miestelis–Tuskulėnų g.–Pašilaičiai	518	NULL	NULL	NULL	NULL	NULL	NULL	NULL	5	Autobusai	5	01-Ž		547	NULL	NULL	NULL
missed	663219	A>B	Pašilaičiai–Tuskulėnų g.–Šiaurės miestelis	557	NULL	NULL	NULL	NULL	NULL	NULL	NULL	5	Autobusai	5	01-Ž		589	NULL	NULL	NULL
missed	663219	B>A	Šiaurės miestelis–Tuskulėnų g.–Pašilaičiai	621	NULL	NULL	NULL	NULL	NULL	NULL	NULL	5	Autobusai	5	01-Ž		650	NULL	NULL	NULL
missed	663219	A>B	Pašilaičiai–Tuskulėnų g.–Šiaurės miestelis	658	NULL	NULL	NULL	NULL	NULL	NULL	NULL	5	Autobusai	5	01-Ž		690	NULL	NULL	NULL
missed	663219	B>A	Šiaurės miestelis–Tuskulėnų g.–Pašilaičiai	697	NULL	NULL	NULL	NULL	NULL	NULL	NULL	5	Autobusai	5	01-Ž		726	NULL	NULL	NULL
missed	663219	A>B	Pašilaičiai–Tuskulėnų g.–Šiaurės miestelis	736	NULL	NULL	NULL	NULL	NULL	NULL	NULL	5	Autobusai	5	01-Ž		768	NULL	NULL	NULL
missed	663219	B>A	Šiaurės miestelis–Tuskulėnų g.–Pašilaičiai	773	NULL	NULL	NULL	NULL	NULL	NULL	NULL	5	Autobusai	5	01-Ž		802	NULL	NULL	NULL
missed	663219	A>B	Pašilaičiai–Tuskulėnų g.–Šiaurės miestelis	812	NULL	NULL	NULL	NULL	NULL	NULL	NULL	5	Autobusai	5	01-Ž		844	NULL	NULL	NULL
missed	663219	B>A	Šiaurės miestelis–Tuskulėnų g.–Pašilaičiai	854	NULL	NULL	NULL	NULL	NULL	NULL	NULL	5	Autobusai	5	01-Ž		883	NULL	NULL	NULL
missed	663219	A>B	Pašilaičiai–Tuskulėnų g.–Šiaurės miestelis	893	NULL	NULL	NULL	NULL	NULL	NULL	NULL	5	Autobusai	5	01-Ž		925	NULL	NULL	NULL
missed	663219	B>A	Šiaurės miestelis–Tuskulėnų g.–Pašilaičiai	930	NULL	NULL	NULL	NULL	NULL	NULL	NULL	5	Autobusai	5	01-Ž		959	NULL	NULL	NULL
missed	663219	A>B	Pašilaičiai–Tuskulėnų g.–Šiaurės miestelis	969	NULL	NULL	NULL	NULL	NULL	NULL	NULL	5	Autobusai	5	01-Ž		1002	NULL	NULL	NULL
missed	663219	B>A	Šiaurės miestelis–Tuskulėnų g.–Pašilaičiai	1007	NULL	NULL	NULL	NULL	NULL	NULL	NULL	5	Autobusai	5	01-Ž		1039	NULL	NULL	NULL
missed	663219	A>B	Pašilaičiai–Tuskulėnų g.–Šiaurės miestelis	1049	NULL	NULL	NULL	NULL	NULL	NULL	NULL	5	Autobusai	5	01-Ž		1082	NULL	NULL	NULL
missed	663219	B>A	Šiaurės miestelis–Tuskulėnų g.–Pašilaičiai	1093	NULL	NULL	NULL	NULL	NULL	NULL	NULL	5	Autobusai	5	01-Ž		1126	NULL	NULL	NULL
missed	663219	A>B	Pašilaičiai–Tuskulėnų g.–Šiaurės miestelis	1138	NULL	NULL	NULL	NULL	NULL	NULL	NULL	5	Autobusai	5	01-Ž		1170	NULL	NULL	NULL
missed	663219	B>A	Šiaurės miestelis–Tuskulėnų g.–Pašilaičiai	1200	NULL	NULL	NULL	NULL	NULL	NULL	NULL	5	Autobusai	5	01-Ž		1227	NULL	NULL	NULL
missed	663219	A>B	Pašilaičiai–Tuskulėnų g.–Šiaurės miestelis	1237	NULL	NULL	NULL	NULL	NULL	NULL	NULL	5	Autobusai	5	01-Ž		1267	NULL	NULL	NULL
missed	663219	B>A	Šiaurės miestelis–Tuskulėnų g.–Pašilaičiai	1274	NULL	NULL	NULL	NULL	NULL	NULL	NULL	5	Autobusai	5	01-Ž		1301	NULL	NULL	NULL
missed	663219	A>B	Pašilaičiai–Tuskulėnų g.–Šiaurės miestelis	1306	NULL	NULL	NULL	NULL	NULL	NULL	NULL	5	Autobusai	5	01-Ž		1336	NULL	NULL	NULL
missed	663219	B>A	Šiaurės miestelis–Tuskulėnų g.–Pašilaičiai	1341	NULL	NULL	NULL	NULL	NULL	NULL	NULL	5	Autobusai	5	01-Ž		1368	NULL	NULL	NULL
missed	663219	A>B	Pašilaičiai–Tuskulėnų g.–Šiaurės miestelis	1373	NULL	NULL	NULL	NULL	NULL	NULL	NULL	5	Autobusai	5	01-Ž		1403	NULL	NULL	NULL
missed	663218	A>B	Pašilaičiai–Tuskulėnų g.–Šiaurės miestelis	349	NULL	NULL	NULL	NULL	NULL	NULL	NULL	5	Autobusai	5	02		380	NULL	NULL	NULL
missed	663218	B>A	Šiaurės miestelis–Tuskulėnų g.–Pašilaičiai	385	NULL	NULL	NULL	NULL	NULL	NULL	NULL	5	Autobusai	5	02		414	NULL	NULL	NULL
missed	663218	A>B	Pašilaičiai–Tuskulėnų g.–Šiaurės miestelis	419	NULL	NULL	NULL	NULL	NULL	NULL	NULL	5	Autobusai	5	02		452	NULL	NULL	NULL
missed	663218	B>A	Šiaurės miestelis–Tuskulėnų g.–Pašilaičiai	462	NULL	NULL	NULL	NULL	NULL	NULL	NULL	5	Autobusai	5	02		493	NULL	NULL	NULL
missed	663218	A>B	Pašilaičiai–Tuskulėnų g.–Šiaurės miestelis	503	NULL	NULL	NULL	NULL	NULL	NULL	NULL	5	Autobusai	5	02		536	NULL	NULL	NULL
missed	663218	B>A	Šiaurės miestelis–Tuskulėnų g.–Pašilaičiai	542	NULL	NULL	NULL	NULL	NULL	NULL	NULL	5	Autobusai	5	02		571	NULL	NULL	NULL
missed	663218	A>B	Pašilaičiai–Tuskulėnų g.–Šiaurės miestelis	581	NULL	NULL	NULL	NULL	NULL	NULL	NULL	5	Autobusai	5	02		613	NULL	NULL	NULL
missed	663218	B>A	Šiaurės miestelis–Tuskulėnų g.–Pašilaičiai	645	NULL	NULL	NULL	NULL	NULL	NULL	NULL	5	Autobusai	5	02		674	NULL	NULL	NULL
missed	663218	A>B	Pašilaičiai–Tuskulėnų g.–Šiaurės miestelis	684	NULL	NULL	NULL	NULL	NULL	NULL	NULL	5	Autobusai	5	02		716	NULL	NULL	NULL
missed	663218	B>A	Šiaurės miestelis–Tuskulėnų g.–Pašilaičiai	721	NULL	NULL	NULL	NULL	NULL	NULL	NULL	5	Autobusai	5	02		750	NULL	NULL	NULL
missed	663218	A>B	Pašilaičiai–Tuskulėnų g.–Šiaurės miestelis	760	NULL	NULL	NULL	NULL	NULL	NULL	NULL	5	Autobusai	5	02		792	NULL	NULL	NULL
missed	663218	B>A	Šiaurės miestelis–Tuskulėnų g.–Pašilaičiai	797	NULL	NULL	NULL	NULL	NULL	NULL	NULL	5	Autobusai	5	02		826	NULL	NULL	NULL
missed	663218	A>B	Pašilaičiai–Tuskulėnų g.–Šiaurės miestelis	836	NULL	NULL	NULL	NULL	NULL	NULL	NULL	5	Autobusai	5	02		868	NULL	NULL	NULL
missed	663218	B>A	Šiaurės miestelis–Tuskulėnų g.–Pašilaičiai	878	NULL	NULL	NULL	NULL	NULL	NULL	NULL	5	Autobusai	5	02		907	NULL	NULL	NULL
missed	663218	A>B	Pašilaičiai–Tuskulėnų g.–Šiaurės miestelis	917	NULL	NULL	NULL	NULL	NULL	NULL	NULL	5	Autobusai	5	02		949	NULL	NULL	NULL
missed	663218	B>A	Šiaurės miestelis–Tuskulėnų g.–Pašilaičiai	954	NULL	NULL	NULL	NULL	NULL	NULL	NULL	5	Autobusai	5	02		983	NULL	NULL	NULL
missed	663218	A>B	Pašilaičiai–Tuskulėnų g.–Šiaurės miestelis	999	NULL	NULL	NULL	NULL	NULL	NULL	NULL	5	Autobusai	5	02		1032	NULL	NULL	NULL
missed	663218	B>A	Šiaurės miestelis–Tuskulėnų g.–Pašilaičiai	1037	NULL	NULL	NULL	NULL	NULL	NULL	NULL	5	Autobusai	5	02		1070	NULL	NULL	NULL
missed	663218	A>B	Pašilaičiai–Tuskulėnų g.–Šiaurės miestelis	1080	NULL	NULL	NULL	NULL	NULL	NULL	NULL	5	Autobusai	5	02		1113	NULL	NULL	NULL
missed	663218	B>A	Šiaurės miestelis–Tuskulėnų g.–Pašilaičiai	1123	NULL	NULL	NULL	NULL	NULL	NULL	NULL	5	Autobusai	5	02		1156	NULL	NULL	NULL
missed	663218	A>B	Pašilaičiai–Tuskulėnų g.–Šiaurės miestelis	1162	NULL	NULL	NULL	NULL	NULL	NULL	NULL	5	Autobusai	5	02		1194	NULL	NULL	NULL
missed	663218	B>A	Šiaurės miestelis–Tuskulėnų g.–Pašilaičiai	1225	NULL	NULL	NULL	NULL	NULL	NULL	NULL	5	Autobusai	5	02		1252	NULL	NULL	NULL
missed	663218	A>B	Pašilaičiai–Tuskulėnų g.–Šiaurės miestelis	1260	NULL	NULL	NULL	NULL	NULL	NULL	NULL	5	Autobusai	5	02		1290	NULL	NULL	NULL
missed	663218	B>A	Šiaurės miestelis–Tuskulėnų g.–Pašilaičiai	1296	NULL	NULL	NULL	NULL	NULL	NULL	NULL	5	Autobusai	5	02		1323	NULL	NULL	NULL
missed	663218	A>B	Pašilaičiai–Tuskulėnų g.–Šiaurės miestelis	1330	NULL	NULL	NULL	NULL	NULL	NULL	NULL	5	Autobusai	5	02		1360	NULL	NULL	NULL
missed	663218	B>A	Šiaurės miestelis–Tuskulėnų g.–Pašilaičiai	1365	NULL	NULL	NULL	NULL	NULL	NULL	NULL	5	Autobusai	5	02		1392	NULL	NULL	NULL
missed	663218	A>B	Pašilaičiai–Tuskulėnų g.–Šiaurės miestelis	1394	NULL	NULL	NULL	NULL	NULL	NULL	NULL	5	Autobusai	5	02		1422	NULL	NULL	NULL
missed	663217	A>B	Pašilaičiai–Tuskulėnų g.–Šiaurės miestelis	372	NULL	NULL	NULL	NULL	NULL	NULL	NULL	5	Autobusai	5	03		404	NULL	NULL	NULL
missed	663217	B>A	Šiaurės miestelis–Tuskulėnų g.–Pašilaičiai	411	NULL	NULL	NULL	NULL	NULL	NULL	NULL	5	Autobusai	5	03		442	NULL	NULL	NULL
missed	663217	A>B	Pašilaičiai–Tuskulėnų g.–Šiaurės miestelis	449	NULL	NULL	NULL	NULL	NULL	NULL	NULL	5	Autobusai	5	03		482	NULL	NULL	NULL
missed	663217	B>A	Šiaurės miestelis–Tuskulėnų g.–Pašilaičiai	491	NULL	NULL	NULL	NULL	NULL	NULL	NULL	5	Autobusai	5	03		522	NULL	NULL	NULL
missed	663217	A>B	Pašilaičiai–Tuskulėnų g.–Šiaurės miestelis	532	NULL	NULL	NULL	NULL	NULL	NULL	NULL	5	Autobusai	5	03		565	NULL	NULL	NULL
missed	663217	B>A	Šiaurės miestelis–Tuskulėnų g.–Pašilaičiai	572	NULL	NULL	NULL	NULL	NULL	NULL	NULL	5	Autobusai	5	03		601	NULL	NULL	NULL
missed	663217	A>B	Pašilaičiai–Tuskulėnų g.–Šiaurės miestelis	611	NULL	NULL	NULL	NULL	NULL	NULL	NULL	5	Autobusai	5	03		643	NULL	NULL	NULL
missed	663217	B>A	Šiaurės miestelis–Tuskulėnų g.–Pašilaičiai	674	NULL	NULL	NULL	NULL	NULL	NULL	NULL	5	Autobusai	5	03		703	NULL	NULL	NULL
missed	663217	A>B	Pašilaičiai–Tuskulėnų g.–Šiaurės miestelis	713	NULL	NULL	NULL	NULL	NULL	NULL	NULL	5	Autobusai	5	03		745	NULL	NULL	NULL
missed	663217	B>A	Šiaurės miestelis–Tuskulėnų g.–Pašilaičiai	750	NULL	NULL	NULL	NULL	NULL	NULL	NULL	5	Autobusai	5	03		779	NULL	NULL	NULL
missed	663217	A>B	Pašilaičiai–Tuskulėnų g.–Šiaurės miestelis	789	NULL	NULL	NULL	NULL	NULL	NULL	NULL	5	Autobusai	5	03		821	NULL	NULL	NULL
missed	663217	B>A	Šiaurės miestelis–Tuskulėnų g.–Pašilaičiai	826	NULL	NULL	NULL	NULL	NULL	NULL	NULL	5	Autobusai	5	03		855	NULL	NULL	NULL
missed	663217	A>B	Pašilaičiai–Tuskulėnų g.–Šiaurės miestelis	865	NULL	NULL	NULL	NULL	NULL	NULL	NULL	5	Autobusai	5	03		897	NULL	NULL	NULL
missed	663217	B>A	Šiaurės miestelis–Tuskulėnų g.–Pašilaičiai	907	NULL	NULL	NULL	NULL	NULL	NULL	NULL	5	Autobusai	5	03		936	NULL	NULL	NULL
missed	663217	A>B	Pašilaičiai–Tuskulėnų g.–Šiaurės miestelis	946	NULL	NULL	NULL	NULL	NULL	NULL	NULL	5	Autobusai	5	03		979	NULL	NULL	NULL
missed	663217	B>A	Šiaurės miestelis–Tuskulėnų g.–Pašilaičiai	984	NULL	NULL	NULL	NULL	NULL	NULL	NULL	5	Autobusai	5	03		1013	NULL	NULL	NULL
missed	663217	A>B	Pašilaičiai–Tuskulėnų g.–Šiaurės miestelis	1030	NULL	NULL	NULL	NULL	NULL	NULL	NULL	5	Autobusai	5	03		1063	NULL	NULL	NULL
missed	663217	B>A	Šiaurės miestelis–Tuskulėnų g.–Pašilaičiai	1068	NULL	NULL	NULL	NULL	NULL	NULL	NULL	5	Autobusai	5	03		1101	NULL	NULL	NULL
missed	663217	A>B	Pašilaičiai–Tuskulėnų g.–Šiaurės miestelis	1111	NULL	NULL	NULL	NULL	NULL	NULL	NULL	5	Autobusai	5	03		1144	NULL	NULL	NULL
missed	663217	B>A	Šiaurės miestelis–Tuskulėnų g.–Pašilaičiai	1174	NULL	NULL	NULL	NULL	NULL	NULL	NULL	5	Autobusai	5	03		1203	NULL	NULL	NULL
missed	663217	A>B	Pašilaičiai–Tuskulėnų g.–Šiaurės miestelis	1211	NULL	NULL	NULL	NULL	NULL	NULL	NULL	5	Autobusai	5	03		1241	NULL	NULL	NULL
missed	663217	B>A	Šiaurės miestelis–Tuskulėnų g.–Pašilaičiai	1246	NULL	NULL	NULL	NULL	NULL	NULL	NULL	5	Autobusai	5	03		1273	NULL	NULL	NULL
missed	663217	A>B	Pašilaičiai–Tuskulėnų g.–Šiaurės miestelis	1283	NULL	NULL	NULL	NULL	NULL	NULL	NULL	5	Autobusai	5	03		1313	NULL	NULL	NULL
missed	663217	B>A	Šiaurės miestelis–Tuskulėnų g.–Pašilaičiai	1319	NULL	NULL	NULL	NULL	NULL	NULL	NULL	5	Autobusai	5	03		1346	NULL	NULL	NULL
missed	663217	A>B	Pašilaičiai–Tuskulėnų g.–Šiaurės miestelis	1352	NULL	NULL	NULL	NULL	NULL	NULL	NULL	5	Autobusai	5	03		1382	NULL	NULL	NULL
missed	663252	B>A	Bajorai–Baltupio–Didlaukio g.–Antakalnis	312	NULL	NULL	NULL	NULL	NULL	NULL	NULL	50	Autobusai	50	01-Ž		344	NULL	NULL	NULL
missed	663252	A>B	Antakalnis–Didlaukio–Baltupio g.–Bajorai	355	NULL	NULL	NULL	NULL	NULL	NULL	NULL	50	Autobusai	50	01-Ž		393	NULL	NULL	NULL
missed	663252	B>A	Bajorai–Baltupio–Didlaukio g.–Antakalnis	404	NULL	NULL	NULL	NULL	NULL	NULL	NULL	50	Autobusai	50	01-Ž		442	NULL	NULL	NULL
missed	663252	A>B	Antakalnis–Didlaukio–Baltupio g.–Bajorai	451	NULL	NULL	NULL	NULL	NULL	NULL	NULL	50	Autobusai	50	01-Ž		491	NULL	NULL	NULL
missed	663252	B>A	Bajorai–Baltupio–Didlaukio g.–Antakalnis	504	NULL	NULL	NULL	NULL	NULL	NULL	NULL	50	Autobusai	50	01-Ž		541	NULL	NULL	NULL
missed	663252	A>B	Antakalnis–Didlaukio–Baltupio g.–Bajorai	574	NULL	NULL	NULL	NULL	NULL	NULL	NULL	50	Autobusai	50	01-Ž		611	NULL	NULL	NULL
missed	663252	B>A	Bajorai–Baltupio–Didlaukio g.–Antakalnis	621	NULL	NULL	NULL	NULL	NULL	NULL	NULL	50	Autobusai	50	01-Ž		657	NULL	NULL	NULL
missed	663252	A>B	Antakalnis–Didlaukio–Baltupio g.–Bajorai	668	NULL	NULL	NULL	NULL	NULL	NULL	NULL	50	Autobusai	50	01-Ž		705	NULL	NULL	NULL
missed	663252	B>A	Bajorai–Baltupio–Didlaukio g.–Antakalnis	714	NULL	NULL	NULL	NULL	NULL	NULL	NULL	50	Autobusai	50	01-Ž		750	NULL	NULL	NULL
missed	663252	A>B	Antakalnis–Didlaukio–Baltupio g.–Bajorai	759	NULL	NULL	NULL	NULL	NULL	NULL	NULL	50	Autobusai	50	01-Ž		796	NULL	NULL	NULL
missed	663252	B>A	Bajorai–Baltupio–Didlaukio g.–Antakalnis	802	NULL	NULL	NULL	NULL	NULL	NULL	NULL	50	Autobusai	50	01-Ž		838	NULL	NULL	NULL
missed	663252	A>B	Antakalnis–Didlaukio–Baltupio g.–Bajorai	848	NULL	NULL	NULL	NULL	NULL	NULL	NULL	50	Autobusai	50	01-Ž		885	NULL	NULL	NULL
missed	663252	B>A	Bajorai–Baltupio–Didlaukio g.–Antakalnis	896	NULL	NULL	NULL	NULL	NULL	NULL	NULL	50	Autobusai	50	01-Ž		932	NULL	NULL	NULL
missed	663252	A>B	Antakalnis–Didlaukio–Baltupio g.–Bajorai	939	NULL	NULL	NULL	NULL	NULL	NULL	NULL	50	Autobusai	50	01-Ž		977	NULL	NULL	NULL
missed	663252	B>A	Bajorai–Baltupio–Didlaukio g.–Antakalnis	988	NULL	NULL	NULL	NULL	NULL	NULL	NULL	50	Autobusai	50	01-Ž		1025	NULL	NULL	NULL
missed	663252	A>B	Antakalnis–Didlaukio–Baltupio g.–Bajorai	1035	NULL	NULL	NULL	NULL	NULL	NULL	NULL	50	Autobusai	50	01-Ž		1076	NULL	NULL	NULL
missed	663252	B>A	Bajorai–Baltupio–Didlaukio g.–Antakalnis	1085	NULL	NULL	NULL	NULL	NULL	NULL	NULL	50	Autobusai	50	01-Ž		1122	NULL	NULL	NULL
missed	663252	A>B	Antakalnis–Didlaukio–Baltupio g.–Bajorai	1162	NULL	NULL	NULL	NULL	NULL	NULL	NULL	50	Autobusai	50	01-Ž		1201	NULL	NULL	NULL
missed	663252	B>A	Bajorai–Baltupio–Didlaukio g.–Antakalnis	1207	NULL	NULL	NULL	NULL	NULL	NULL	NULL	50	Autobusai	50	01-Ž		1240	NULL	NULL	NULL
missed	663252	A>B	Antakalnis–Didlaukio–Baltupio g.–Bajorai	1252	NULL	NULL	NULL	NULL	NULL	NULL	NULL	50	Autobusai	50	01-Ž		1287	NULL	NULL	NULL
missed	663252	B>A	Bajorai–Baltupio–Didlaukio g.–Antakalnis	1295	NULL	NULL	NULL	NULL	NULL	NULL	NULL	50	Autobusai	50	01-Ž		1328	NULL	NULL	NULL
missed	663252	A>B	Antakalnis–Didlaukio–Baltupio g.–Bajorai	1333	NULL	NULL	NULL	NULL	NULL	NULL	NULL	50	Autobusai	50	01-Ž		1368	NULL	NULL	NULL
missed	663253	B>A	Bajorai–Baltupio–Didlaukio g.–Antakalnis	376	NULL	NULL	NULL	NULL	NULL	NULL	NULL	50	Autobusai	50	02		411	NULL	NULL	NULL
missed	663253	A>B	Antakalnis–Didlaukio–Baltupio g.–Bajorai	419	NULL	NULL	NULL	NULL	NULL	NULL	NULL	50	Autobusai	50	02		459	NULL	NULL	NULL
missed	663253	B>A	Bajorai–Baltupio–Didlaukio g.–Antakalnis	468	NULL	NULL	NULL	NULL	NULL	NULL	NULL	50	Autobusai	50	02		507	NULL	NULL	NULL
missed	663253	A>B	Antakalnis–Didlaukio–Baltupio g.–Bajorai	519	NULL	NULL	NULL	NULL	NULL	NULL	NULL	50	Autobusai	50	02		558	NULL	NULL	NULL
missed	663253	B>A	Bajorai–Baltupio–Didlaukio g.–Antakalnis	570	NULL	NULL	NULL	NULL	NULL	NULL	NULL	50	Autobusai	50	02		606	NULL	NULL	NULL
missed	663253	A>B	Antakalnis–Didlaukio–Baltupio g.–Bajorai	923	NULL	NULL	NULL	NULL	NULL	NULL	NULL	50	Autobusai	50	02		960	NULL	NULL	NULL
missed	663253	B>A	Bajorai–Baltupio–Didlaukio g.–Antakalnis	972	NULL	NULL	NULL	NULL	NULL	NULL	NULL	50	Autobusai	50	02		1009	NULL	NULL	NULL
missed	663253	A>B	Antakalnis–Didlaukio–Baltupio g.–Bajorai	1019	NULL	NULL	NULL	NULL	NULL	NULL	NULL	50	Autobusai	50	02		1060	NULL	NULL	NULL
missed	663253	B>A	Bajorai–Baltupio–Didlaukio g.–Antakalnis	1069	NULL	NULL	NULL	NULL	NULL	NULL	NULL	50	Autobusai	50	02		1106	NULL	NULL	NULL
missed	663253	A>B	Antakalnis–Didlaukio–Baltupio g.–Bajorai	1111	NULL	NULL	NULL	NULL	NULL	NULL	NULL	50	Autobusai	50	02		1152	NULL	NULL	NULL
missed	663253	B>A	Bajorai–Baltupio–Didlaukio g.–Antakalnis	1157	NULL	NULL	NULL	NULL	NULL	NULL	NULL	50	Autobusai	50	02		1194	NULL	NULL	NULL
missed	663254	B>A	Bajorai–Baltupio–Didlaukio g.–Antakalnis	341	NULL	NULL	NULL	NULL	NULL	NULL	NULL	50	Autobusai	50	03		373	NULL	NULL	NULL
missed	663254	A>B	Antakalnis–Didlaukio–Baltupio g.–Bajorai	386	NULL	NULL	NULL	NULL	NULL	NULL	NULL	50	Autobusai	50	03		425	NULL	NULL	NULL
missed	663254	B>A	Bajorai–Baltupio–Didlaukio g.–Antakalnis	433	NULL	NULL	NULL	NULL	NULL	NULL	NULL	50	Autobusai	50	03		471	NULL	NULL	NULL
missed	663254	A>B	Antakalnis–Didlaukio–Baltupio g.–Bajorai	483	NULL	NULL	NULL	NULL	NULL	NULL	NULL	50	Autobusai	50	03		523	NULL	NULL	NULL
missed	663254	B>A	Bajorai–Baltupio–Didlaukio g.–Antakalnis	538	NULL	NULL	NULL	NULL	NULL	NULL	NULL	50	Autobusai	50	03		575	NULL	NULL	NULL
missed	663254	A>B	Antakalnis–Didlaukio–Baltupio g.–Bajorai	608	NULL	NULL	NULL	NULL	NULL	NULL	NULL	50	Autobusai	50	03		645	NULL	NULL	NULL
missed	663254	B>A	Bajorai–Baltupio–Didlaukio g.–Antakalnis	655	NULL	NULL	NULL	NULL	NULL	NULL	NULL	50	Autobusai	50	03		691	NULL	NULL	NULL
missed	663254	A>B	Antakalnis–Didlaukio–Baltupio g.–Bajorai	697	NULL	NULL	NULL	NULL	NULL	NULL	NULL	50	Autobusai	50	03		734	NULL	NULL	NULL
missed	663254	B>A	Bajorai–Baltupio–Didlaukio g.–Antakalnis	743	NULL	NULL	NULL	NULL	NULL	NULL	NULL	50	Autobusai	50	03		779	NULL	NULL	NULL
missed	663254	A>B	Antakalnis–Didlaukio–Baltupio g.–Bajorai	784	NULL	NULL	NULL	NULL	NULL	NULL	NULL	50	Autobusai	50	03		821	NULL	NULL	NULL
missed	663254	B>A	Bajorai–Baltupio–Didlaukio g.–Antakalnis	826	NULL	NULL	NULL	NULL	NULL	NULL	NULL	50	Autobusai	50	03		862	NULL	NULL	NULL
missed	663254	A>B	Antakalnis–Didlaukio–Baltupio g.–Bajorai	872	NULL	NULL	NULL	NULL	NULL	NULL	NULL	50	Autobusai	50	03		909	NULL	NULL	NULL
missed	663254	B>A	Bajorai–Baltupio–Didlaukio g.–Antakalnis	921	NULL	NULL	NULL	NULL	NULL	NULL	NULL	50	Autobusai	50	03		957	NULL	NULL	NULL
missed	663254	A>B	Antakalnis–Didlaukio–Baltupio g.–Bajorai	968	NULL	NULL	NULL	NULL	NULL	NULL	NULL	50	Autobusai	50	03		1009	NULL	NULL	NULL
missed	663254	B>A	Bajorai–Baltupio–Didlaukio g.–Antakalnis	1022	NULL	NULL	NULL	NULL	NULL	NULL	NULL	50	Autobusai	50	03		1059	NULL	NULL	NULL
missed	663254	A>B	Antakalnis–Didlaukio–Baltupio g.–Bajorai	1071	NULL	NULL	NULL	NULL	NULL	NULL	NULL	50	Autobusai	50	03		1112	NULL	NULL	NULL
missed	663254	B>A	Bajorai–Baltupio–Didlaukio g.–Antakalnis	1117	NULL	NULL	NULL	NULL	NULL	NULL	NULL	50	Autobusai	50	03		1154	NULL	NULL	NULL
missed	663254	A>B	Antakalnis–Didlaukio–Baltupio g.–Bajorai	1192	NULL	NULL	NULL	NULL	NULL	NULL	NULL	50	Autobusai	50	03		1227	NULL	NULL	NULL
missed	663254	B>A	Bajorai–Baltupio–Didlaukio g.–Antakalnis	1235	NULL	NULL	NULL	NULL	NULL	NULL	NULL	50	Autobusai	50	03		1268	NULL	NULL	NULL
missed	663254	A>B	Antakalnis–Didlaukio–Baltupio g.–Bajorai	1278	NULL	NULL	NULL	NULL	NULL	NULL	NULL	50	Autobusai	50	03		1313	NULL	NULL	NULL
missed	663254	B>A	Bajorai–Baltupio–Didlaukio g.–Antakalnis	1321	NULL	NULL	NULL	NULL	NULL	NULL	NULL	50	Autobusai	50	03		1354	NULL	NULL	NULL
missed	663254	A>B	Antakalnis–Didlaukio–Baltupio g.–Bajorai	1359	NULL	NULL	NULL	NULL	NULL	NULL	NULL	50	Autobusai	50	03		1394	NULL	NULL	NULL
missed	663254	B>A	Bajorai–Baltupio–Didlaukio g.–Antakalnis	1399	NULL	NULL	NULL	NULL	NULL	NULL	NULL	50	Autobusai	50	03		1432	NULL	NULL	NULL
missed	663249	A>B	Antakalnis–Didlaukio–Baltupio g.–Bajorai	370	NULL	NULL	NULL	NULL	NULL	NULL	NULL	50	Autobusai	50	04		408	NULL	NULL	NULL
missed	663249	B>A	Bajorai–Baltupio–Didlaukio g.–Antakalnis	419	NULL	NULL	NULL	NULL	NULL	NULL	NULL	50	Autobusai	50	04		457	NULL	NULL	NULL
missed	663249	A>B	Antakalnis–Didlaukio–Baltupio g.–Bajorai	466	NULL	NULL	NULL	NULL	NULL	NULL	NULL	50	Autobusai	50	04		506	NULL	NULL	NULL
missed	663249	B>A	Bajorai–Baltupio–Didlaukio g.–Antakalnis	522	NULL	NULL	NULL	NULL	NULL	NULL	NULL	50	Autobusai	50	04		559	NULL	NULL	NULL
missed	663249	A>B	Antakalnis–Didlaukio–Baltupio g.–Bajorai	892	NULL	NULL	NULL	NULL	NULL	NULL	NULL	50	Autobusai	50	04		929	NULL	NULL	NULL
missed	663249	B>A	Bajorai–Baltupio–Didlaukio g.–Antakalnis	941	NULL	NULL	NULL	NULL	NULL	NULL	NULL	50	Autobusai	50	04		977	NULL	NULL	NULL
missed	663249	A>B	Antakalnis–Didlaukio–Baltupio g.–Bajorai	987	NULL	NULL	NULL	NULL	NULL	NULL	NULL	50	Autobusai	50	04		1028	NULL	NULL	NULL
missed	663249	B>A	Bajorai–Baltupio–Didlaukio g.–Antakalnis	1038	NULL	NULL	NULL	NULL	NULL	NULL	NULL	50	Autobusai	50	04		1075	NULL	NULL	NULL
missed	663249	A>B	Antakalnis–Didlaukio–Baltupio g.–Bajorai	1086	NULL	NULL	NULL	NULL	NULL	NULL	NULL	50	Autobusai	50	04		1127	NULL	NULL	NULL
missed	663249	B>A	Bajorai–Baltupio–Didlaukio g.–Antakalnis	1136	NULL	NULL	NULL	NULL	NULL	NULL	NULL	50	Autobusai	50	04		1173	NULL	NULL	NULL
missed	663250	B>A	Bajorai–Baltupio–Didlaukio g.–Antakalnis	358	NULL	NULL	NULL	NULL	NULL	NULL	NULL	50	Autobusai	50	05		392	NULL	NULL	NULL
missed	663250	A>B	Antakalnis–Didlaukio–Baltupio g.–Bajorai	402	NULL	NULL	NULL	NULL	NULL	NULL	NULL	50	Autobusai	50	05		441	NULL	NULL	NULL
missed	663250	B>A	Bajorai–Baltupio–Didlaukio g.–Antakalnis	450	NULL	NULL	NULL	NULL	NULL	NULL	NULL	50	Autobusai	50	05		489	NULL	NULL	NULL
missed	663250	A>B	Antakalnis–Didlaukio–Baltupio g.–Bajorai	501	NULL	NULL	NULL	NULL	NULL	NULL	NULL	50	Autobusai	50	05		541	NULL	NULL	NULL
missed	663250	B>A	Bajorai–Baltupio–Didlaukio g.–Antakalnis	554	NULL	NULL	NULL	NULL	NULL	NULL	NULL	50	Autobusai	50	05		591	NULL	NULL	NULL
missed	663250	A>B	Antakalnis–Didlaukio–Baltupio g.–Bajorai	639	NULL	NULL	NULL	NULL	NULL	NULL	NULL	50	Autobusai	50	05		676	NULL	NULL	NULL
missed	663250	B>A	Bajorai–Baltupio–Didlaukio g.–Antakalnis	686	NULL	NULL	NULL	NULL	NULL	NULL	NULL	50	Autobusai	50	05		722	NULL	NULL	NULL
missed	663250	A>B	Antakalnis–Didlaukio–Baltupio g.–Bajorai	727	NULL	NULL	NULL	NULL	NULL	NULL	NULL	50	Autobusai	50	05		764	NULL	NULL	NULL
missed	663250	B>A	Bajorai–Baltupio–Didlaukio g.–Antakalnis	769	NULL	NULL	NULL	NULL	NULL	NULL	NULL	50	Autobusai	50	05		805	NULL	NULL	NULL
missed	663250	A>B	Antakalnis–Didlaukio–Baltupio g.–Bajorai	816	NULL	NULL	NULL	NULL	NULL	NULL	NULL	50	Autobusai	50	05		853	NULL	NULL	NULL
missed	663250	B>A	Bajorai–Baltupio–Didlaukio g.–Antakalnis	863	NULL	NULL	NULL	NULL	NULL	NULL	NULL	50	Autobusai	50	05		899	NULL	NULL	NULL
missed	663250	A>B	Antakalnis–Didlaukio–Baltupio g.–Bajorai	910	NULL	NULL	NULL	NULL	NULL	NULL	NULL	50	Autobusai	50	05		947	NULL	NULL	NULL
missed	663250	B>A	Bajorai–Baltupio–Didlaukio g.–Antakalnis	957	NULL	NULL	NULL	NULL	NULL	NULL	NULL	50	Autobusai	50	05		994	NULL	NULL	NULL
missed	663250	A>B	Antakalnis–Didlaukio–Baltupio g.–Bajorai	1003	NULL	NULL	NULL	NULL	NULL	NULL	NULL	50	Autobusai	50	05		1044	NULL	NULL	NULL
missed	663250	B>A	Bajorai–Baltupio–Didlaukio g.–Antakalnis	1055	NULL	NULL	NULL	NULL	NULL	NULL	NULL	50	Autobusai	50	05		1092	NULL	NULL	NULL
missed	663250	A>B	Antakalnis–Didlaukio–Baltupio g.–Bajorai	1130	NULL	NULL	NULL	NULL	NULL	NULL	NULL	50	Autobusai	50	05		1170	NULL	NULL	NULL
missed	663250	B>A	Bajorai–Baltupio–Didlaukio g.–Antakalnis	1175	NULL	NULL	NULL	NULL	NULL	NULL	NULL	50	Autobusai	50	05		1210	NULL	NULL	NULL
missed	663250	A>B	Antakalnis–Didlaukio–Baltupio g.–Bajorai	1215	NULL	NULL	NULL	NULL	NULL	NULL	NULL	50	Autobusai	50	05		1250	NULL	NULL	NULL
missed	663250	B>A	Bajorai–Baltupio–Didlaukio g.–Antakalnis	1269	NULL	NULL	NULL	NULL	NULL	NULL	NULL	50	Autobusai	50	05		1302	NULL	NULL	NULL
missed	663250	A>B	Antakalnis–Didlaukio–Baltupio g.–Bajorai	1307	NULL	NULL	NULL	NULL	NULL	NULL	NULL	50	Autobusai	50	05		1342	NULL	NULL	NULL
missed	663250	B>A	Bajorai–Baltupio–Didlaukio g.–Antakalnis	1350	NULL	NULL	NULL	NULL	NULL	NULL	NULL	50	Autobusai	50	05		1383	NULL	NULL	NULL
missed	663250	A>B	Antakalnis–Didlaukio–Baltupio g.–Bajorai	1388	NULL	NULL	NULL	NULL	NULL	NULL	NULL	50	Autobusai	50	05		1423	NULL	NULL	NULL
missed	663251	B>A	Bajorai–Baltupio–Didlaukio g.–Antakalnis	390	NULL	NULL	NULL	NULL	NULL	NULL	NULL	50	Autobusai	50	06		426	NULL	NULL	NULL
missed	663251	A>B	Antakalnis–Didlaukio–Baltupio g.–Bajorai	436	NULL	NULL	NULL	NULL	NULL	NULL	NULL	50	Autobusai	50	06		476	NULL	NULL	NULL
missed	663251	B>A	Bajorai–Baltupio–Didlaukio g.–Antakalnis	485	NULL	NULL	NULL	NULL	NULL	NULL	NULL	50	Autobusai	50	06		524	NULL	NULL	NULL
missed	663251	A>B	Antakalnis–Didlaukio–Baltupio g.–Bajorai	543	NULL	NULL	NULL	NULL	NULL	NULL	NULL	50	Autobusai	50	06		581	NULL	NULL	NULL
missed	663251	B>A	Bajorai–Baltupio–Didlaukio g.–Antakalnis	593	NULL	NULL	NULL	NULL	NULL	NULL	NULL	50	Autobusai	50	06		629	NULL	NULL	NULL
missed	663251	A>B	Antakalnis–Didlaukio–Baltupio g.–Bajorai	956	NULL	NULL	NULL	NULL	NULL	NULL	NULL	50	Autobusai	50	06		996	NULL	NULL	NULL
missed	663251	B>A	Bajorai–Baltupio–Didlaukio g.–Antakalnis	1006	NULL	NULL	NULL	NULL	NULL	NULL	NULL	50	Autobusai	50	06		1043	NULL	NULL	NULL
missed	663251	A>B	Antakalnis–Didlaukio–Baltupio g.–Bajorai	1052	NULL	NULL	NULL	NULL	NULL	NULL	NULL	50	Autobusai	50	06		1093	NULL	NULL	NULL
missed	663251	B>A	Bajorai–Baltupio–Didlaukio g.–Antakalnis	1102	NULL	NULL	NULL	NULL	NULL	NULL	NULL	50	Autobusai	50	06		1139	NULL	NULL	NULL
missed	449658	A>B2	Žemieji Paneriai–Daniliškės–Trakų Vokė	322	NULL	NULL	NULL	NULL	NULL	NULL	NULL	51	Autobusai	51	01		351	NULL	NULL	NULL
missed	449658	B1>A1	Trakų Vokė–Žemieji Paneriai	353	NULL	NULL	NULL	NULL	NULL	NULL	NULL	51	Autobusai	51	01		373	NULL	NULL	NULL
missed	449658	A>B2	Žemieji Paneriai–Daniliškės–Trakų Vokė	381	NULL	NULL	NULL	NULL	NULL	NULL	NULL	51	Autobusai	51	01		410	NULL	NULL	NULL
missed	449658	B1>A1	Trakų Vokė–Žemieji Paneriai	412	NULL	NULL	NULL	NULL	NULL	NULL	NULL	51	Autobusai	51	01		432	NULL	NULL	NULL
missed	449658	A>B2	Žemieji Paneriai–Daniliškės–Trakų Vokė	437	NULL	NULL	NULL	NULL	NULL	NULL	NULL	51	Autobusai	51	01		466	NULL	NULL	NULL
missed	449658	B1>A1	Trakų Vokė–Žemieji Paneriai	471	NULL	NULL	NULL	NULL	NULL	NULL	NULL	51	Autobusai	51	01		490	NULL	NULL	NULL
missed	449658	A>B	Žemieji Paneriai–Trakų Vokė–Daniliškės	535	NULL	NULL	NULL	NULL	NULL	NULL	NULL	51	Autobusai	51	01		563	NULL	NULL	NULL
missed	449658	B2>A1	Daniliškės–Žemieji Paneriai	563	NULL	NULL	NULL	NULL	NULL	NULL	NULL	51	Autobusai	51	01		582	NULL	NULL	NULL
missed	449658	A>B	Žemieji Paneriai–Trakų Vokė–Daniliškės	595	NULL	NULL	NULL	NULL	NULL	NULL	NULL	51	Autobusai	51	01		623	NULL	NULL	NULL
missed	449658	B2>A1	Daniliškės–Žemieji Paneriai	623	NULL	NULL	NULL	NULL	NULL	NULL	NULL	51	Autobusai	51	01		641	NULL	NULL	NULL
missed	449658	A>B	Žemieji Paneriai–Trakų Vokė–Daniliškės	648	NULL	NULL	NULL	NULL	NULL	NULL	NULL	51	Autobusai	51	01		676	NULL	NULL	NULL
missed	449658	B2>A1	Daniliškės–Žemieji Paneriai	676	NULL	NULL	NULL	NULL	NULL	NULL	NULL	51	Autobusai	51	01		694	NULL	NULL	NULL
missed	449658	A>B	Žemieji Paneriai–Trakų Vokė–Daniliškės	701	NULL	NULL	NULL	NULL	NULL	NULL	NULL	51	Autobusai	51	01		728	NULL	NULL	NULL
missed	449658	B2>A1	Daniliškės–Žemieji Paneriai	728	NULL	NULL	NULL	NULL	NULL	NULL	NULL	51	Autobusai	51	01		746	NULL	NULL	NULL
missed	449658	A>B	Žemieji Paneriai–Trakų Vokė–Daniliškės	751	NULL	NULL	NULL	NULL	NULL	NULL	NULL	51	Autobusai	51	01		785	NULL	NULL	NULL
missed	449658	B2>A1	Daniliškės–Žemieji Paneriai	785	NULL	NULL	NULL	NULL	NULL	NULL	NULL	51	Autobusai	51	01		804	NULL	NULL	NULL
missed	449658	A>B	Žemieji Paneriai–Trakų Vokė–Daniliškės	813	NULL	NULL	NULL	NULL	NULL	NULL	NULL	51	Autobusai	51	01		840	NULL	NULL	NULL
missed	449658	B2>A1	Daniliškės–Žemieji Paneriai	840	NULL	NULL	NULL	NULL	NULL	NULL	NULL	51	Autobusai	51	01		860	NULL	NULL	NULL
missed	449658	A>B	Žemieji Paneriai–Trakų Vokė–Daniliškės	870	NULL	NULL	NULL	NULL	NULL	NULL	NULL	51	Autobusai	51	01		900	NULL	NULL	NULL
missed	449658	B2>A1	Daniliškės–Žemieji Paneriai	900	NULL	NULL	NULL	NULL	NULL	NULL	NULL	51	Autobusai	51	01		920	NULL	NULL	NULL
missed	449658	A>B	Žemieji Paneriai–Trakų Vokė–Daniliškės	939	NULL	NULL	NULL	NULL	NULL	NULL	NULL	51	Autobusai	51	01		969	NULL	NULL	NULL
missed	449658	B2>A1	Daniliškės–Žemieji Paneriai	969	NULL	NULL	NULL	NULL	NULL	NULL	NULL	51	Autobusai	51	01		989	NULL	NULL	NULL
missed	449658	A>B	Žemieji Paneriai–Trakų Vokė–Daniliškės	1002	NULL	NULL	NULL	NULL	NULL	NULL	NULL	51	Autobusai	51	01		1032	NULL	NULL	NULL
missed	449658	B2>A1	Daniliškės–Žemieji Paneriai	1032	NULL	NULL	NULL	NULL	NULL	NULL	NULL	51	Autobusai	51	01		1053	NULL	NULL	NULL
missed	449658	A>B	Žemieji Paneriai–Trakų Vokė–Daniliškės	1083	NULL	NULL	NULL	NULL	NULL	NULL	NULL	51	Autobusai	51	01		1113	NULL	NULL	NULL
missed	449658	B2>A1	Daniliškės–Žemieji Paneriai	1113	NULL	NULL	NULL	NULL	NULL	NULL	NULL	51	Autobusai	51	01		1133	NULL	NULL	NULL
missed	449658	A>B	Žemieji Paneriai–Trakų Vokė–Daniliškės	1143	NULL	NULL	NULL	NULL	NULL	NULL	NULL	51	Autobusai	51	01		1173	NULL	NULL	NULL
missed	449658	B2>A1	Daniliškės–Žemieji Paneriai	1173	NULL	NULL	NULL	NULL	NULL	NULL	NULL	51	Autobusai	51	01		1193	NULL	NULL	NULL
missed	449658	A>B	Žemieji Paneriai–Trakų Vokė–Daniliškės	1199	NULL	NULL	NULL	NULL	NULL	NULL	NULL	51	Autobusai	51	01		1229	NULL	NULL	NULL
missed	449658	B2>A1	Daniliškės–Žemieji Paneriai	1229	NULL	NULL	NULL	NULL	NULL	NULL	NULL	51	Autobusai	51	01		1249	NULL	NULL	NULL
missed	449658	A>B2	Žemieji Paneriai–Daniliškės–Trakų Vokė	1279	NULL	NULL	NULL	NULL	NULL	NULL	NULL	51	Autobusai	51	01		1307	NULL	NULL	NULL
missed	449658	B1>A1	Trakų Vokė–Žemieji Paneriai	1307	NULL	NULL	NULL	NULL	NULL	NULL	NULL	51	Autobusai	51	01		1328	NULL	NULL	NULL
missed	449658	A>B	Žemieji Paneriai–Trakų Vokė–Daniliškės	1340	NULL	NULL	NULL	NULL	NULL	NULL	NULL	51	Autobusai	51	01		1370	NULL	NULL	NULL
missed	449658	B2>A1	Daniliškės–Žemieji Paneriai	1370	NULL	NULL	NULL	NULL	NULL	NULL	NULL	51	Autobusai	51	01		1390	NULL	NULL	NULL
missed	663256	B>A	Tarandė–Ukmergės g.–Centras	330	NULL	NULL	NULL	NULL	NULL	NULL	NULL	52	Autobusai	52	01		362	NULL	NULL	NULL
missed	663256	A>B	Centras–Ukmergės g.–Tarandė	372	NULL	NULL	NULL	NULL	NULL	NULL	NULL	52	Autobusai	52	01		408	NULL	NULL	NULL
missed	663256	B>A	Tarandė–Ukmergės g.–Centras	413	NULL	NULL	NULL	NULL	NULL	NULL	NULL	52	Autobusai	52	01		455	NULL	NULL	NULL
missed	663256	A>B	Centras–Ukmergės g.–Tarandė	465	NULL	NULL	NULL	NULL	NULL	NULL	NULL	52	Autobusai	52	01		505	NULL	NULL	NULL
missed	663256	B>A	Tarandė–Ukmergės g.–Centras	510	NULL	NULL	NULL	NULL	NULL	NULL	NULL	52	Autobusai	52	01		546	NULL	NULL	NULL
missed	663256	A>B	Centras–Ukmergės g.–Tarandė	561	NULL	NULL	NULL	NULL	NULL	NULL	NULL	52	Autobusai	52	01		601	NULL	NULL	NULL
missed	663256	B>A	Tarandė–Ukmergės g.–Centras	604	NULL	NULL	NULL	NULL	NULL	NULL	NULL	52	Autobusai	52	01		638	NULL	NULL	NULL
missed	663256	A>B	Centras–Ukmergės g.–Tarandė	668	NULL	NULL	NULL	NULL	NULL	NULL	NULL	52	Autobusai	52	01		707	NULL	NULL	NULL
missed	663256	B>A	Tarandė–Ukmergės g.–Centras	710	NULL	NULL	NULL	NULL	NULL	NULL	NULL	52	Autobusai	52	01		744	NULL	NULL	NULL
missed	663256	A>B	Centras–Ukmergės g.–Tarandė	758	NULL	NULL	NULL	NULL	NULL	NULL	NULL	52	Autobusai	52	01		797	NULL	NULL	NULL
missed	663256	B>A	Tarandė–Ukmergės g.–Centras	800	NULL	NULL	NULL	NULL	NULL	NULL	NULL	52	Autobusai	52	01		834	NULL	NULL	NULL
missed	663256	A>B	Centras–Ukmergės g.–Tarandė	844	NULL	NULL	NULL	NULL	NULL	NULL	NULL	52	Autobusai	52	01		883	NULL	NULL	NULL
missed	663256	B>A	Tarandė–Ukmergės g.–Centras	886	NULL	NULL	NULL	NULL	NULL	NULL	NULL	52	Autobusai	52	01		920	NULL	NULL	NULL
missed	663256	A>B	Centras–Ukmergės g.–Tarandė	930	NULL	NULL	NULL	NULL	NULL	NULL	NULL	52	Autobusai	52	01		969	NULL	NULL	NULL
missed	663256	B>A	Tarandė–Ukmergės g.–Centras	972	NULL	NULL	NULL	NULL	NULL	NULL	NULL	52	Autobusai	52	01		1006	NULL	NULL	NULL
missed	663256	A>B	Centras–Ukmergės g.–Tarandė	1016	NULL	NULL	NULL	NULL	NULL	NULL	NULL	52	Autobusai	52	01		1056	NULL	NULL	NULL
missed	663256	B>A	Tarandė–Ukmergės g.–Centras	1059	NULL	NULL	NULL	NULL	NULL	NULL	NULL	52	Autobusai	52	01		1095	NULL	NULL	NULL
missed	663256	A>B	Centras–Ukmergės g.–Tarandė	1100	NULL	NULL	NULL	NULL	NULL	NULL	NULL	52	Autobusai	52	01		1140	NULL	NULL	NULL
missed	663256	B>A	Tarandė–Ukmergės g.–Centras	1143	NULL	NULL	NULL	NULL	NULL	NULL	NULL	52	Autobusai	52	01		1176	NULL	NULL	NULL
missed	663256	A>B	Centras–Ukmergės g.–Tarandė	1206	NULL	NULL	NULL	NULL	NULL	NULL	NULL	52	Autobusai	52	01		1245	NULL	NULL	NULL
missed	663256	B>A	Tarandė–Ukmergės g.–Centras	1248	NULL	NULL	NULL	NULL	NULL	NULL	NULL	52	Autobusai	52	01		1280	NULL	NULL	NULL
missed	663256	A>B	Centras–Ukmergės g.–Tarandė	1296	NULL	NULL	NULL	NULL	NULL	NULL	NULL	52	Autobusai	52	01		1333	NULL	NULL	NULL
missed	663256	B>A	Tarandė–Ukmergės g.–Centras	1336	NULL	NULL	NULL	NULL	NULL	NULL	NULL	52	Autobusai	52	01		1368	NULL	NULL	NULL
missed	663255	A>B	Centras–Ukmergės g.–Tarandė	329	NULL	NULL	NULL	NULL	NULL	NULL	NULL	52	Autobusai	52	02		366	NULL	NULL	NULL
missed	663255	B>A	Tarandė–Ukmergės g.–Centras	369	NULL	NULL	NULL	NULL	NULL	NULL	NULL	52	Autobusai	52	02		402	NULL	NULL	NULL
missed	663255	A>B	Centras–Ukmergės g.–Tarandė	409	NULL	NULL	NULL	NULL	NULL	NULL	NULL	52	Autobusai	52	02		447	NULL	NULL	NULL
missed	663255	B>A	Tarandė–Ukmergės g.–Centras	452	NULL	NULL	NULL	NULL	NULL	NULL	NULL	52	Autobusai	52	02		494	NULL	NULL	NULL
missed	663255	A>B	Centras–Ukmergės g.–Tarandė	500	NULL	NULL	NULL	NULL	NULL	NULL	NULL	52	Autobusai	52	02		540	NULL	NULL	NULL
missed	663255	B>A	Tarandė–Ukmergės g.–Centras	551	NULL	NULL	NULL	NULL	NULL	NULL	NULL	52	Autobusai	52	02		585	NULL	NULL	NULL
missed	663255	A>B	Centras–Ukmergės g.–Tarandė	616	NULL	NULL	NULL	NULL	NULL	NULL	NULL	52	Autobusai	52	02		655	NULL	NULL	NULL
missed	663255	B>A	Tarandė–Ukmergės g.–Centras	658	NULL	NULL	NULL	NULL	NULL	NULL	NULL	52	Autobusai	52	02		692	NULL	NULL	NULL
missed	663255	A>B	Centras–Ukmergės g.–Tarandė	705	NULL	NULL	NULL	NULL	NULL	NULL	NULL	52	Autobusai	52	02		744	NULL	NULL	NULL
missed	663255	B>A	Tarandė–Ukmergės g.–Centras	747	NULL	NULL	NULL	NULL	NULL	NULL	NULL	52	Autobusai	52	02		781	NULL	NULL	NULL
missed	663255	A>B	Centras–Ukmergės g.–Tarandė	791	NULL	NULL	NULL	NULL	NULL	NULL	NULL	52	Autobusai	52	02		830	NULL	NULL	NULL
missed	663255	B>A	Tarandė–Ukmergės g.–Centras	833	NULL	NULL	NULL	NULL	NULL	NULL	NULL	52	Autobusai	52	02		867	NULL	NULL	NULL
missed	663255	A>B	Centras–Ukmergės g.–Tarandė	880	NULL	NULL	NULL	NULL	NULL	NULL	NULL	52	Autobusai	52	02		919	NULL	NULL	NULL
missed	663255	B>A	Tarandė–Ukmergės g.–Centras	922	NULL	NULL	NULL	NULL	NULL	NULL	NULL	52	Autobusai	52	02		956	NULL	NULL	NULL
missed	663255	A>B	Centras–Ukmergės g.–Tarandė	966	NULL	NULL	NULL	NULL	NULL	NULL	NULL	52	Autobusai	52	02		1006	NULL	NULL	NULL
missed	663255	B>A	Tarandė–Ukmergės g.–Centras	1009	NULL	NULL	NULL	NULL	NULL	NULL	NULL	52	Autobusai	52	02		1043	NULL	NULL	NULL
missed	663255	A>B	Centras–Ukmergės g.–Tarandė	1053	NULL	NULL	NULL	NULL	NULL	NULL	NULL	52	Autobusai	52	02		1093	NULL	NULL	NULL
missed	663255	B>A	Tarandė–Ukmergės g.–Centras	1096	NULL	NULL	NULL	NULL	NULL	NULL	NULL	52	Autobusai	52	02		1132	NULL	NULL	NULL
missed	663255	A>B	Centras–Ukmergės g.–Tarandė	1162	NULL	NULL	NULL	NULL	NULL	NULL	NULL	52	Autobusai	52	02		1202	NULL	NULL	NULL
missed	663255	B>A	Tarandė–Ukmergės g.–Centras	1205	NULL	NULL	NULL	NULL	NULL	NULL	NULL	52	Autobusai	52	02		1237	NULL	NULL	NULL
missed	663255	A>B	Centras–Ukmergės g.–Tarandė	1252	NULL	NULL	NULL	NULL	NULL	NULL	NULL	52	Autobusai	52	02		1289	NULL	NULL	NULL
missed	663255	B>A	Tarandė–Ukmergės g.–Centras	1292	NULL	NULL	NULL	NULL	NULL	NULL	NULL	52	Autobusai	52	02		1324	NULL	NULL	NULL
missed	663255	A>B	Centras–Ukmergės g.–Tarandė	1336	NULL	NULL	NULL	NULL	NULL	NULL	NULL	52	Autobusai	52	02		1373	NULL	NULL	NULL
missed	663255	B>A	Tarandė–Ukmergės g.–Centras	1376	NULL	NULL	NULL	NULL	NULL	NULL	NULL	52	Autobusai	52	02		1408	NULL	NULL	NULL
missed	663257	A>B	Centras–Ukmergės g.–Tarandė	348	NULL	NULL	NULL	NULL	NULL	NULL	NULL	52	Autobusai	52	03		385	NULL	NULL	NULL
missed	663257	B>A	Tarandė–Ukmergės g.–Centras	388	NULL	NULL	NULL	NULL	NULL	NULL	NULL	52	Autobusai	52	03		422	NULL	NULL	NULL
missed	663257	A>B	Centras–Ukmergės g.–Tarandė	432	NULL	NULL	NULL	NULL	NULL	NULL	NULL	52	Autobusai	52	03		472	NULL	NULL	NULL
missed	663257	B>A	Tarandė–Ukmergės g.–Centras	477	NULL	NULL	NULL	NULL	NULL	NULL	NULL	52	Autobusai	52	03		517	NULL	NULL	NULL
missed	663257	A>B	Centras–Ukmergės g.–Tarandė	530	NULL	NULL	NULL	NULL	NULL	NULL	NULL	52	Autobusai	52	03		570	NULL	NULL	NULL
missed	663257	B>A	Tarandė–Ukmergės g.–Centras	584	NULL	NULL	NULL	NULL	NULL	NULL	NULL	52	Autobusai	52	03		618	NULL	NULL	NULL
missed	663257	A>B	Centras–Ukmergės g.–Tarandė	648	NULL	NULL	NULL	NULL	NULL	NULL	NULL	52	Autobusai	52	03		687	NULL	NULL	NULL
missed	663257	B>A	Tarandė–Ukmergės g.–Centras	690	NULL	NULL	NULL	NULL	NULL	NULL	NULL	52	Autobusai	52	03		724	NULL	NULL	NULL
missed	663257	A>B	Centras–Ukmergės g.–Tarandė	734	NULL	NULL	NULL	NULL	NULL	NULL	NULL	52	Autobusai	52	03		773	NULL	NULL	NULL
missed	663257	B>A	Tarandė–Ukmergės g.–Centras	776	NULL	NULL	NULL	NULL	NULL	NULL	NULL	52	Autobusai	52	03		810	NULL	NULL	NULL
missed	663257	A>B	Centras–Ukmergės g.–Tarandė	820	NULL	NULL	NULL	NULL	NULL	NULL	NULL	52	Autobusai	52	03		859	NULL	NULL	NULL
missed	663257	B>A	Tarandė–Ukmergės g.–Centras	862	NULL	NULL	NULL	NULL	NULL	NULL	NULL	52	Autobusai	52	03		896	NULL	NULL	NULL
missed	663257	A>B	Centras–Ukmergės g.–Tarandė	906	NULL	NULL	NULL	NULL	NULL	NULL	NULL	52	Autobusai	52	03		945	NULL	NULL	NULL
missed	663257	B>A	Tarandė–Ukmergės g.–Centras	948	NULL	NULL	NULL	NULL	NULL	NULL	NULL	52	Autobusai	52	03		982	NULL	NULL	NULL
missed	663257	A>B	Centras–Ukmergės g.–Tarandė	992	NULL	NULL	NULL	NULL	NULL	NULL	NULL	52	Autobusai	52	03		1032	NULL	NULL	NULL
missed	663257	B>A	Tarandė–Ukmergės g.–Centras	1035	NULL	NULL	NULL	NULL	NULL	NULL	NULL	52	Autobusai	52	03		1071	NULL	NULL	NULL
missed	663257	A>B	Centras–Ukmergės g.–Tarandė	1076	NULL	NULL	NULL	NULL	NULL	NULL	NULL	52	Autobusai	52	03		1116	NULL	NULL	NULL
missed	663257	B>A	Tarandė–Ukmergės g.–Centras	1119	NULL	NULL	NULL	NULL	NULL	NULL	NULL	52	Autobusai	52	03		1153	NULL	NULL	NULL
missed	663257	A>B	Centras–Ukmergės g.–Tarandė	1183	NULL	NULL	NULL	NULL	NULL	NULL	NULL	52	Autobusai	52	03		1223	NULL	NULL	NULL
missed	663257	B>A	Tarandė–Ukmergės g.–Centras	1226	NULL	NULL	NULL	NULL	NULL	NULL	NULL	52	Autobusai	52	03		1258	NULL	NULL	NULL
missed	663257	A>B	Centras–Ukmergės g.–Tarandė	1274	NULL	NULL	NULL	NULL	NULL	NULL	NULL	52	Autobusai	52	03		1311	NULL	NULL	NULL
missed	663257	B>A	Tarandė–Ukmergės g.–Centras	1314	NULL	NULL	NULL	NULL	NULL	NULL	NULL	52	Autobusai	52	03		1346	NULL	NULL	NULL
missed	663257	A>B	Centras–Ukmergės g.–Tarandė	1358	NULL	NULL	NULL	NULL	NULL	NULL	NULL	52	Autobusai	52	03		1395	NULL	NULL	NULL
missed	663257	B>A	Tarandė–Ukmergės g.–Centras	1398	NULL	NULL	NULL	NULL	NULL	NULL	NULL	52	Autobusai	52	03		1430	NULL	NULL	NULL
missed	663258	B>A	Tarandė–Ukmergės g.–Centras	351	NULL	NULL	NULL	NULL	NULL	NULL	NULL	52	Autobusai	52	04		384	NULL	NULL	NULL
missed	663258	A>B	Centras–Ukmergės g.–Tarandė	392	NULL	NULL	NULL	NULL	NULL	NULL	NULL	52	Autobusai	52	04		430	NULL	NULL	NULL
missed	663258	B>A	Tarandė–Ukmergės g.–Centras	433	NULL	NULL	NULL	NULL	NULL	NULL	NULL	52	Autobusai	52	04		475	NULL	NULL	NULL
missed	663258	A>B	Centras–Ukmergės g.–Tarandė	483	NULL	NULL	NULL	NULL	NULL	NULL	NULL	52	Autobusai	52	04		523	NULL	NULL	NULL
missed	663258	B>A	Tarandė–Ukmergės g.–Centras	526	NULL	NULL	NULL	NULL	NULL	NULL	NULL	52	Autobusai	52	04		562	NULL	NULL	NULL
missed	663258	A>B	Centras–Ukmergės g.–Tarandė	592	NULL	NULL	NULL	NULL	NULL	NULL	NULL	52	Autobusai	52	04		631	NULL	NULL	NULL
missed	663258	B>A	Tarandė–Ukmergės g.–Centras	634	NULL	NULL	NULL	NULL	NULL	NULL	NULL	52	Autobusai	52	04		668	NULL	NULL	NULL
missed	663258	A>B	Centras–Ukmergės g.–Tarandė	678	NULL	NULL	NULL	NULL	NULL	NULL	NULL	52	Autobusai	52	04		717	NULL	NULL	NULL
missed	663258	B>A	Tarandė–Ukmergės g.–Centras	720	NULL	NULL	NULL	NULL	NULL	NULL	NULL	52	Autobusai	52	04		754	NULL	NULL	NULL
missed	663258	A>B	Centras–Ukmergės g.–Tarandė	773	NULL	NULL	NULL	NULL	NULL	NULL	NULL	52	Autobusai	52	04		812	NULL	NULL	NULL
missed	663258	B>A	Tarandė–Ukmergės g.–Centras	815	NULL	NULL	NULL	NULL	NULL	NULL	NULL	52	Autobusai	52	04		849	NULL	NULL	NULL
missed	663258	A>B	Centras–Ukmergės g.–Tarandė	860	NULL	NULL	NULL	NULL	NULL	NULL	NULL	52	Autobusai	52	04		899	NULL	NULL	NULL
missed	663258	B>A	Tarandė–Ukmergės g.–Centras	902	NULL	NULL	NULL	NULL	NULL	NULL	NULL	52	Autobusai	52	04		936	NULL	NULL	NULL
missed	663258	A>B	Centras–Ukmergės g.–Tarandė	949	NULL	NULL	NULL	NULL	NULL	NULL	NULL	52	Autobusai	52	04		988	NULL	NULL	NULL
missed	663258	B>A	Tarandė–Ukmergės g.–Centras	991	NULL	NULL	NULL	NULL	NULL	NULL	NULL	52	Autobusai	52	04		1025	NULL	NULL	NULL
missed	663258	A>B	Centras–Ukmergės g.–Tarandė	1035	NULL	NULL	NULL	NULL	NULL	NULL	NULL	52	Autobusai	52	04		1075	NULL	NULL	NULL
missed	663258	B>A	Tarandė–Ukmergės g.–Centras	1082	NULL	NULL	NULL	NULL	NULL	NULL	NULL	52	Autobusai	52	04		1118	NULL	NULL	NULL
missed	663258	A>B	Centras–Ukmergės g.–Tarandė	1128	NULL	NULL	NULL	NULL	NULL	NULL	NULL	52	Autobusai	52	04		1168	NULL	NULL	NULL
missed	663258	B>A	Tarandė–Ukmergės g.–Centras	1171	NULL	NULL	NULL	NULL	NULL	NULL	NULL	52	Autobusai	52	04		1204	NULL	NULL	NULL
missed	663258	A>B	Centras–Ukmergės g.–Tarandė	1234	NULL	NULL	NULL	NULL	NULL	NULL	NULL	52	Autobusai	52	04		1271	NULL	NULL	NULL
missed	663258	B>A	Tarandė–Ukmergės g.–Centras	1274	NULL	NULL	NULL	NULL	NULL	NULL	NULL	52	Autobusai	52	04		1306	NULL	NULL	NULL
missed	663258	A>B	Centras–Ukmergės g.–Tarandė	1319	NULL	NULL	NULL	NULL	NULL	NULL	NULL	52	Autobusai	52	04		1356	NULL	NULL	NULL
missed	663258	B>A	Tarandė–Ukmergės g.–Centras	1359	NULL	NULL	NULL	NULL	NULL	NULL	NULL	52	Autobusai	52	04		1391	NULL	NULL	NULL
missed	614926	B>A	Stotis–Pylimo–Kalvarijų g.–Fabijoniškės	325	NULL	NULL	NULL	NULL	NULL	NULL	NULL	53	Autobusai	53	01		366	NULL	NULL	NULL
missed	614926	A>B	Fabijoniškės–Kalvarijų–Pylimo g.–Stotis	374	NULL	NULL	NULL	NULL	NULL	NULL	NULL	53	Autobusai	53	01		414	NULL	NULL	NULL
missed	614926	B>A	Stotis–Pylimo–Kalvarijų g.–Fabijoniškės	422	NULL	NULL	NULL	NULL	NULL	NULL	NULL	53	Autobusai	53	01		466	NULL	NULL	NULL
missed	614926	A>B	Fabijoniškės–Kalvarijų–Pylimo g.–Stotis	477	NULL	NULL	NULL	NULL	NULL	NULL	NULL	53	Autobusai	53	01		526	NULL	NULL	NULL
missed	614926	B>A	Stotis–Pylimo–Kalvarijų g.–Fabijoniškės	536	NULL	NULL	NULL	NULL	NULL	NULL	NULL	53	Autobusai	53	01		579	NULL	NULL	NULL
missed	614926	A>B	Fabijoniškės–Kalvarijų–Pylimo g.–Stotis	619	NULL	NULL	NULL	NULL	NULL	NULL	NULL	53	Autobusai	53	01		659	NULL	NULL	NULL
missed	614926	B>A	Stotis–Pylimo–Kalvarijų g.–Fabijoniškės	664	NULL	NULL	NULL	NULL	NULL	NULL	NULL	53	Autobusai	53	01		707	NULL	NULL	NULL
missed	614926	A>B	Fabijoniškės–Kalvarijų–Pylimo g.–Stotis	720	NULL	NULL	NULL	NULL	NULL	NULL	NULL	53	Autobusai	53	01		760	NULL	NULL	NULL
missed	614926	B>A	Stotis–Pylimo–Kalvarijų g.–Fabijoniškės	765	NULL	NULL	NULL	NULL	NULL	NULL	NULL	53	Autobusai	53	01		808	NULL	NULL	NULL
missed	614926	A>B	Fabijoniškės–Kalvarijų–Pylimo g.–Stotis	820	NULL	NULL	NULL	NULL	NULL	NULL	NULL	53	Autobusai	53	01		860	NULL	NULL	NULL
missed	614926	B>A	Stotis–Pylimo–Kalvarijų g.–Fabijoniškės	870	NULL	NULL	NULL	NULL	NULL	NULL	NULL	53	Autobusai	53	01		913	NULL	NULL	NULL
missed	614926	A>B	Fabijoniškės–Kalvarijų–Pylimo g.–Stotis	919	NULL	NULL	NULL	NULL	NULL	NULL	NULL	53	Autobusai	53	01		960	NULL	NULL	NULL
missed	614926	B>A	Stotis–Pylimo–Kalvarijų g.–Fabijoniškės	972	NULL	NULL	NULL	NULL	NULL	NULL	NULL	53	Autobusai	53	01		1017	NULL	NULL	NULL
missed	614926	A>B	Fabijoniškės–Kalvarijų–Pylimo g.–Stotis	1035	NULL	NULL	NULL	NULL	NULL	NULL	NULL	53	Autobusai	53	01		1082	NULL	NULL	NULL
missed	614926	A>B	Fabijoniškės–Kalvarijų–Pylimo g.–Stotis	1189	NULL	NULL	NULL	NULL	NULL	NULL	NULL	53	Autobusai	53	01		1228	NULL	NULL	NULL
missed	614926	B>A	Stotis–Pylimo–Kalvarijų g.–Fabijoniškės	1233	NULL	NULL	NULL	NULL	NULL	NULL	NULL	53	Autobusai	53	01		1274	NULL	NULL	NULL
missed	614926	A>B	Fabijoniškės–Kalvarijų–Pylimo g.–Stotis	1282	NULL	NULL	NULL	NULL	NULL	NULL	NULL	53	Autobusai	53	01		1321	NULL	NULL	NULL
missed	614926	B>A	Stotis–Pylimo–Kalvarijų g.–Fabijoniškės	1326	NULL	NULL	NULL	NULL	NULL	NULL	NULL	53	Autobusai	53	01		1367	NULL	NULL	NULL
missed	614926	A>B	Fabijoniškės–Kalvarijų–Pylimo g.–Stotis	1372	NULL	NULL	NULL	NULL	NULL	NULL	NULL	53	Autobusai	53	01		1411	NULL	NULL	NULL
missed	614927	A>B	Fabijoniškės–Kalvarijų–Pylimo g.–Stotis	380	NULL	NULL	NULL	NULL	NULL	NULL	NULL	53	Autobusai	53	02		420	NULL	NULL	NULL
missed	614927	A>B	Fabijoniškės–Kalvarijų–Pylimo g.–Stotis	494	NULL	NULL	NULL	NULL	NULL	NULL	NULL	53	Autobusai	53	02		543	NULL	NULL	NULL
missed	614927	B>A	Stotis–Pylimo–Kalvarijų g.–Fabijoniškės	550	NULL	NULL	NULL	NULL	NULL	NULL	NULL	53	Autobusai	53	02		593	NULL	NULL	NULL
missed	614927	A>B	Fabijoniškės–Kalvarijų–Pylimo g.–Stotis	896	NULL	NULL	NULL	NULL	NULL	NULL	NULL	53	Autobusai	53	02		937	NULL	NULL	NULL
missed	614927	B>A	Stotis–Pylimo–Kalvarijų g.–Fabijoniškės	945	NULL	NULL	NULL	NULL	NULL	NULL	NULL	53	Autobusai	53	02		989	NULL	NULL	NULL
missed	614927	A>B	Fabijoniškės–Kalvarijų–Pylimo g.–Stotis	1006	NULL	NULL	NULL	NULL	NULL	NULL	NULL	53	Autobusai	53	02		1051	NULL	NULL	NULL
missed	614928	B>A	Stotis–Pylimo–Kalvarijų g.–Fabijoniškės	343	NULL	NULL	NULL	NULL	NULL	NULL	NULL	53	Autobusai	53	03-Ž		386	NULL	NULL	NULL
missed	614928	A>B	Fabijoniškės–Kalvarijų–Pylimo g.–Stotis	392	NULL	NULL	NULL	NULL	NULL	NULL	NULL	53	Autobusai	53	03-Ž		432	NULL	NULL	NULL
missed	614928	A>B	Fabijoniškės–Kalvarijų–Pylimo g.–Stotis	502	NULL	NULL	NULL	NULL	NULL	NULL	NULL	53	Autobusai	53	03-Ž		551	NULL	NULL	NULL
missed	614928	B>A	Stotis–Pylimo–Kalvarijų g.–Fabijoniškės	556	NULL	NULL	NULL	NULL	NULL	NULL	NULL	53	Autobusai	53	03-Ž		599	NULL	NULL	NULL
missed	614928	A>B	Fabijoniškės–Kalvarijų–Pylimo g.–Stotis	640	NULL	NULL	NULL	NULL	NULL	NULL	NULL	53	Autobusai	53	03-Ž		680	NULL	NULL	NULL
missed	614928	B>A	Stotis–Pylimo–Kalvarijų g.–Fabijoniškės	685	NULL	NULL	NULL	NULL	NULL	NULL	NULL	53	Autobusai	53	03-Ž		728	NULL	NULL	NULL
missed	614928	A>B	Fabijoniškės–Kalvarijų–Pylimo g.–Stotis	740	NULL	NULL	NULL	NULL	NULL	NULL	NULL	53	Autobusai	53	03-Ž		780	NULL	NULL	NULL
missed	614928	B>A	Stotis–Pylimo–Kalvarijų g.–Fabijoniškės	785	NULL	NULL	NULL	NULL	NULL	NULL	NULL	53	Autobusai	53	03-Ž		828	NULL	NULL	NULL
missed	614928	A>B	Fabijoniškės–Kalvarijų–Pylimo g.–Stotis	839	NULL	NULL	NULL	NULL	NULL	NULL	NULL	53	Autobusai	53	03-Ž		879	NULL	NULL	NULL
missed	614928	B>A	Stotis–Pylimo–Kalvarijų g.–Fabijoniškės	889	NULL	NULL	NULL	NULL	NULL	NULL	NULL	53	Autobusai	53	03-Ž		932	NULL	NULL	NULL
missed	614928	A>B	Fabijoniškės–Kalvarijų–Pylimo g.–Stotis	940	NULL	NULL	NULL	NULL	NULL	NULL	NULL	53	Autobusai	53	03-Ž		983	NULL	NULL	NULL
missed	614928	A>B	Fabijoniškės–Kalvarijų–Pylimo g.–Stotis	1094	NULL	NULL	NULL	NULL	NULL	NULL	NULL	53	Autobusai	53	03-Ž		1138	NULL	NULL	NULL
missed	614928	B>A	Stotis–Pylimo–Kalvarijų g.–Fabijoniškės	1144	NULL	NULL	NULL	NULL	NULL	NULL	NULL	53	Autobusai	53	03-Ž		1187	NULL	NULL	NULL
missed	614928	A>B	Fabijoniškės–Kalvarijų–Pylimo g.–Stotis	1196	NULL	NULL	NULL	NULL	NULL	NULL	NULL	53	Autobusai	53	03-Ž		1235	NULL	NULL	NULL
missed	614928	B>A	Stotis–Pylimo–Kalvarijų g.–Fabijoniškės	1242	NULL	NULL	NULL	NULL	NULL	NULL	NULL	53	Autobusai	53	03-Ž		1283	NULL	NULL	NULL
missed	614928	A>B	Fabijoniškės–Kalvarijų–Pylimo g.–Stotis	1290	NULL	NULL	NULL	NULL	NULL	NULL	NULL	53	Autobusai	53	03-Ž		1329	NULL	NULL	NULL
missed	614929	A>B	Fabijoniškės–Kalvarijų–Pylimo g.–Stotis	399	NULL	NULL	NULL	NULL	NULL	NULL	NULL	53	Autobusai	53	04		440	NULL	NULL	NULL
missed	614929	A>B	Fabijoniškės–Kalvarijų–Pylimo g.–Stotis	511	NULL	NULL	NULL	NULL	NULL	NULL	NULL	53	Autobusai	53	04		559	NULL	NULL	NULL
missed	614929	B>A	Stotis–Pylimo–Kalvarijų g.–Fabijoniškės	564	NULL	NULL	NULL	NULL	NULL	NULL	NULL	53	Autobusai	53	04		607	NULL	NULL	NULL
missed	614929	A>B	Fabijoniškės–Kalvarijų–Pylimo g.–Stotis	926	NULL	NULL	NULL	NULL	NULL	NULL	NULL	53	Autobusai	53	04		967	NULL	NULL	NULL
missed	614929	A>B	Fabijoniškės–Kalvarijų–Pylimo g.–Stotis	1046	NULL	NULL	NULL	NULL	NULL	NULL	NULL	53	Autobusai	53	04		1093	NULL	NULL	NULL
missed	614929	B>A	Stotis–Pylimo–Kalvarijų g.–Fabijoniškės	1106	NULL	NULL	NULL	NULL	NULL	NULL	NULL	53	Autobusai	53	04		1157	NULL	NULL	NULL
missed	614930	A>B	Fabijoniškės–Kalvarijų–Pylimo g.–Stotis	316	NULL	NULL	NULL	NULL	NULL	NULL	NULL	53	Autobusai	53	05		351	NULL	NULL	NULL
missed	614930	B>A	Stotis–Pylimo–Kalvarijų g.–Fabijoniškės	357	NULL	NULL	NULL	NULL	NULL	NULL	NULL	53	Autobusai	53	05		400	NULL	NULL	NULL
missed	614930	A>B	Fabijoniškės–Kalvarijų–Pylimo g.–Stotis	412	NULL	NULL	NULL	NULL	NULL	NULL	NULL	53	Autobusai	53	05		457	NULL	NULL	NULL
missed	614930	A>B	Fabijoniškės–Kalvarijų–Pylimo g.–Stotis	529	NULL	NULL	NULL	NULL	NULL	NULL	NULL	53	Autobusai	53	05		575	NULL	NULL	NULL
missed	614930	B>A	Stotis–Pylimo–Kalvarijų g.–Fabijoniškės	580	NULL	NULL	NULL	NULL	NULL	NULL	NULL	53	Autobusai	53	05		623	NULL	NULL	NULL
missed	614930	A>B	Fabijoniškės–Kalvarijų–Pylimo g.–Stotis	653	NULL	NULL	NULL	NULL	NULL	NULL	NULL	53	Autobusai	53	05		693	NULL	NULL	NULL
missed	614930	B>A	Stotis–Pylimo–Kalvarijų g.–Fabijoniškės	698	NULL	NULL	NULL	NULL	NULL	NULL	NULL	53	Autobusai	53	05		741	NULL	NULL	NULL
missed	614930	A>B	Fabijoniškės–Kalvarijų–Pylimo g.–Stotis	751	NULL	NULL	NULL	NULL	NULL	NULL	NULL	53	Autobusai	53	05		791	NULL	NULL	NULL
missed	614930	B>A	Stotis–Pylimo–Kalvarijų g.–Fabijoniškės	796	NULL	NULL	NULL	NULL	NULL	NULL	NULL	53	Autobusai	53	05		839	NULL	NULL	NULL
missed	614930	A>B	Fabijoniškės–Kalvarijų–Pylimo g.–Stotis	849	NULL	NULL	NULL	NULL	NULL	NULL	NULL	53	Autobusai	53	05		889	NULL	NULL	NULL
missed	614930	B>A	Stotis–Pylimo–Kalvarijų g.–Fabijoniškės	896	NULL	NULL	NULL	NULL	NULL	NULL	NULL	53	Autobusai	53	05		939	NULL	NULL	NULL
missed	614930	A>B	Fabijoniškės–Kalvarijų–Pylimo g.–Stotis	948	NULL	NULL	NULL	NULL	NULL	NULL	NULL	53	Autobusai	53	05		992	NULL	NULL	NULL
missed	614930	A>B	Fabijoniškės–Kalvarijų–Pylimo g.–Stotis	1110	NULL	NULL	NULL	NULL	NULL	NULL	NULL	53	Autobusai	53	05		1153	NULL	NULL	NULL
missed	614930	B>A	Stotis–Pylimo–Kalvarijų g.–Fabijoniškės	1159	NULL	NULL	NULL	NULL	NULL	NULL	NULL	53	Autobusai	53	05		1202	NULL	NULL	NULL
missed	614930	A>B	Fabijoniškės–Kalvarijų–Pylimo g.–Stotis	1213	NULL	NULL	NULL	NULL	NULL	NULL	NULL	53	Autobusai	53	05		1252	NULL	NULL	NULL
missed	614930	B>A	Stotis–Pylimo–Kalvarijų g.–Fabijoniškės	1257	NULL	NULL	NULL	NULL	NULL	NULL	NULL	53	Autobusai	53	05		1298	NULL	NULL	NULL
missed	614930	A>B	Fabijoniškės–Kalvarijų–Pylimo g.–Stotis	1308	NULL	NULL	NULL	NULL	NULL	NULL	NULL	53	Autobusai	53	05		1347	NULL	NULL	NULL
missed	614930	B>A	Stotis–Pylimo–Kalvarijų g.–Fabijoniškės	1351	NULL	NULL	NULL	NULL	NULL	NULL	NULL	53	Autobusai	53	05		1392	NULL	NULL	NULL
missed	614936	A>B	Fabijoniškės–Kalvarijų–Pylimo g.–Stotis	406	NULL	NULL	NULL	NULL	NULL	NULL	NULL	53	Autobusai	53	06		448	NULL	NULL	NULL
missed	614936	A>B	Fabijoniškės–Kalvarijų–Pylimo g.–Stotis	521	NULL	NULL	NULL	NULL	NULL	NULL	NULL	53	Autobusai	53	06		567	NULL	NULL	NULL
missed	614936	B>A	Stotis–Pylimo–Kalvarijų g.–Fabijoniškės	572	NULL	NULL	NULL	NULL	NULL	NULL	NULL	53	Autobusai	53	06		615	NULL	NULL	NULL
missed	614936	A>B	Fabijoniškės–Kalvarijų–Pylimo g.–Stotis	954	NULL	NULL	NULL	NULL	NULL	NULL	NULL	53	Autobusai	53	06		998	NULL	NULL	NULL
missed	614936	A>B	Fabijoniškės–Kalvarijų–Pylimo g.–Stotis	1073	NULL	NULL	NULL	NULL	NULL	NULL	NULL	53	Autobusai	53	06		1118	NULL	NULL	NULL
missed	614936	B>A	Stotis–Pylimo–Kalvarijų g.–Fabijoniškės	1125	NULL	NULL	NULL	NULL	NULL	NULL	NULL	53	Autobusai	53	06		1170	NULL	NULL	NULL
missed	614932	A>B	Fabijoniškės–Kalvarijų–Pylimo g.–Stotis	327	NULL	NULL	NULL	NULL	NULL	NULL	NULL	53	Autobusai	53	07-Ž		362	NULL	NULL	NULL
missed	614932	B>A	Stotis–Pylimo–Kalvarijų g.–Fabijoniškės	367	NULL	NULL	NULL	NULL	NULL	NULL	NULL	53	Autobusai	53	07-Ž		410	NULL	NULL	NULL
missed	614932	A>B	Fabijoniškės–Kalvarijų–Pylimo g.–Stotis	419	NULL	NULL	NULL	NULL	NULL	NULL	NULL	53	Autobusai	53	07-Ž		467	NULL	NULL	NULL
missed	614932	A>B	Fabijoniškės–Kalvarijų–Pylimo g.–Stotis	538	NULL	NULL	NULL	NULL	NULL	NULL	NULL	53	Autobusai	53	07-Ž		583	NULL	NULL	NULL
missed	614932	B>A	Stotis–Pylimo–Kalvarijų g.–Fabijoniškės	588	NULL	NULL	NULL	NULL	NULL	NULL	NULL	53	Autobusai	53	07-Ž		631	NULL	NULL	NULL
missed	614932	A>B	Fabijoniškės–Kalvarijų–Pylimo g.–Stotis	665	NULL	NULL	NULL	NULL	NULL	NULL	NULL	53	Autobusai	53	07-Ž		705	NULL	NULL	NULL
missed	614932	B>A	Stotis–Pylimo–Kalvarijų g.–Fabijoniškės	710	NULL	NULL	NULL	NULL	NULL	NULL	NULL	53	Autobusai	53	07-Ž		753	NULL	NULL	NULL
missed	614932	A>B	Fabijoniškės–Kalvarijų–Pylimo g.–Stotis	762	NULL	NULL	NULL	NULL	NULL	NULL	NULL	53	Autobusai	53	07-Ž		802	NULL	NULL	NULL
missed	614932	B>A	Stotis–Pylimo–Kalvarijų g.–Fabijoniškės	807	NULL	NULL	NULL	NULL	NULL	NULL	NULL	53	Autobusai	53	07-Ž		850	NULL	NULL	NULL
missed	614932	A>B	Fabijoniškės–Kalvarijų–Pylimo g.–Stotis	860	NULL	NULL	NULL	NULL	NULL	NULL	NULL	53	Autobusai	53	07-Ž		900	NULL	NULL	NULL
missed	614932	B>A	Stotis–Pylimo–Kalvarijų g.–Fabijoniškės	905	NULL	NULL	NULL	NULL	NULL	NULL	NULL	53	Autobusai	53	07-Ž		948	NULL	NULL	NULL
missed	614932	A>B	Fabijoniškės–Kalvarijų–Pylimo g.–Stotis	960	NULL	NULL	NULL	NULL	NULL	NULL	NULL	53	Autobusai	53	07-Ž		1004	NULL	NULL	NULL
missed	614932	A>B	Fabijoniškės–Kalvarijų–Pylimo g.–Stotis	1121	NULL	NULL	NULL	NULL	NULL	NULL	NULL	53	Autobusai	53	07-Ž		1161	NULL	NULL	NULL
missed	614932	B>A	Stotis–Pylimo–Kalvarijų g.–Fabijoniškės	1168	NULL	NULL	NULL	NULL	NULL	NULL	NULL	53	Autobusai	53	07-Ž		1210	NULL	NULL	NULL
missed	614932	A>B	Fabijoniškės–Kalvarijų–Pylimo g.–Stotis	1221	NULL	NULL	NULL	NULL	NULL	NULL	NULL	53	Autobusai	53	07-Ž		1260	NULL	NULL	NULL
missed	614932	B>A	Stotis–Pylimo–Kalvarijų g.–Fabijoniškės	1265	NULL	NULL	NULL	NULL	NULL	NULL	NULL	53	Autobusai	53	07-Ž		1306	NULL	NULL	NULL
missed	614932	A>B	Fabijoniškės–Kalvarijų–Pylimo g.–Stotis	1317	NULL	NULL	NULL	NULL	NULL	NULL	NULL	53	Autobusai	53	07-Ž		1356	NULL	NULL	NULL
missed	614932	B>A	Stotis–Pylimo–Kalvarijų g.–Fabijoniškės	1361	NULL	NULL	NULL	NULL	NULL	NULL	NULL	53	Autobusai	53	07-Ž		1402	NULL	NULL	NULL
missed	614934	A>B	Fabijoniškės–Kalvarijų–Pylimo g.–Stotis	425	NULL	NULL	NULL	NULL	NULL	NULL	NULL	53	Autobusai	53	08		474	NULL	NULL	NULL
missed	614934	A>B	Fabijoniškės–Kalvarijų–Pylimo g.–Stotis	547	NULL	NULL	NULL	NULL	NULL	NULL	NULL	53	Autobusai	53	08		589	NULL	NULL	NULL
missed	614934	B>A	Stotis–Pylimo–Kalvarijų g.–Fabijoniškės	594	NULL	NULL	NULL	NULL	NULL	NULL	NULL	53	Autobusai	53	08		637	NULL	NULL	NULL
missed	614934	A>B	Fabijoniškės–Kalvarijų–Pylimo g.–Stotis	966	NULL	NULL	NULL	NULL	NULL	NULL	NULL	53	Autobusai	53	08		1010	NULL	NULL	NULL
missed	614934	A>B	Fabijoniškės–Kalvarijų–Pylimo g.–Stotis	1086	NULL	NULL	NULL	NULL	NULL	NULL	NULL	53	Autobusai	53	08		1131	NULL	NULL	NULL
missed	614934	B>A	Stotis–Pylimo–Kalvarijų g.–Fabijoniškės	1136	NULL	NULL	NULL	NULL	NULL	NULL	NULL	53	Autobusai	53	08		1181	NULL	NULL	NULL
missed	614933	A>B	Fabijoniškės–Kalvarijų–Pylimo g.–Stotis	338	NULL	NULL	NULL	NULL	NULL	NULL	NULL	53	Autobusai	53	09		373	NULL	NULL	NULL
missed	614933	B>A	Stotis–Pylimo–Kalvarijų g.–Fabijoniškės	378	NULL	NULL	NULL	NULL	NULL	NULL	NULL	53	Autobusai	53	09		421	NULL	NULL	NULL
missed	614933	A>B	Fabijoniškės–Kalvarijų–Pylimo g.–Stotis	431	NULL	NULL	NULL	NULL	NULL	NULL	NULL	53	Autobusai	53	09		480	NULL	NULL	NULL
missed	614933	A>B	Fabijoniškės–Kalvarijų–Pylimo g.–Stotis	578	NULL	NULL	NULL	NULL	NULL	NULL	NULL	53	Autobusai	53	09		618	NULL	NULL	NULL
missed	614933	B>A	Stotis–Pylimo–Kalvarijų g.–Fabijoniškės	623	NULL	NULL	NULL	NULL	NULL	NULL	NULL	53	Autobusai	53	09		666	NULL	NULL	NULL
missed	614933	A>B	Fabijoniškės–Kalvarijų–Pylimo g.–Stotis	676	NULL	NULL	NULL	NULL	NULL	NULL	NULL	53	Autobusai	53	09		716	NULL	NULL	NULL
missed	614933	B>A	Stotis–Pylimo–Kalvarijų g.–Fabijoniškės	721	NULL	NULL	NULL	NULL	NULL	NULL	NULL	53	Autobusai	53	09		764	NULL	NULL	NULL
missed	614933	A>B	Fabijoniškės–Kalvarijų–Pylimo g.–Stotis	774	NULL	NULL	NULL	NULL	NULL	NULL	NULL	53	Autobusai	53	09		814	NULL	NULL	NULL
missed	614933	B>A	Stotis–Pylimo–Kalvarijų g.–Fabijoniškės	819	NULL	NULL	NULL	NULL	NULL	NULL	NULL	53	Autobusai	53	09		862	NULL	NULL	NULL
missed	614933	A>B	Fabijoniškės–Kalvarijų–Pylimo g.–Stotis	872	NULL	NULL	NULL	NULL	NULL	NULL	NULL	53	Autobusai	53	09		912	NULL	NULL	NULL
missed	614933	B>A	Stotis–Pylimo–Kalvarijų g.–Fabijoniškės	917	NULL	NULL	NULL	NULL	NULL	NULL	NULL	53	Autobusai	53	09		960	NULL	NULL	NULL
missed	614933	A>B	Fabijoniškės–Kalvarijų–Pylimo g.–Stotis	973	NULL	NULL	NULL	NULL	NULL	NULL	NULL	53	Autobusai	53	09		1017	NULL	NULL	NULL
missed	614933	A>B	Fabijoniškės–Kalvarijų–Pylimo g.–Stotis	1133	NULL	NULL	NULL	NULL	NULL	NULL	NULL	53	Autobusai	53	09		1173	NULL	NULL	NULL
missed	614933	B>A	Stotis–Pylimo–Kalvarijų g.–Fabijoniškės	1178	NULL	NULL	NULL	NULL	NULL	NULL	NULL	53	Autobusai	53	09		1219	NULL	NULL	NULL
missed	614933	A>B	Fabijoniškės–Kalvarijų–Pylimo g.–Stotis	1230	NULL	NULL	NULL	NULL	NULL	NULL	NULL	53	Autobusai	53	09		1269	NULL	NULL	NULL
missed	614933	B>A	Stotis–Pylimo–Kalvarijų g.–Fabijoniškės	1274	NULL	NULL	NULL	NULL	NULL	NULL	NULL	53	Autobusai	53	09		1315	NULL	NULL	NULL
missed	614933	A>B	Fabijoniškės–Kalvarijų–Pylimo g.–Stotis	1326	NULL	NULL	NULL	NULL	NULL	NULL	NULL	53	Autobusai	53	09		1365	NULL	NULL	NULL
missed	614933	B>A	Stotis–Pylimo–Kalvarijų g.–Fabijoniškės	1374	NULL	NULL	NULL	NULL	NULL	NULL	NULL	53	Autobusai	53	09		1415	NULL	NULL	NULL
missed	614935	A>B	Fabijoniškės–Kalvarijų–Pylimo g.–Stotis	349	NULL	NULL	NULL	NULL	NULL	NULL	NULL	53	Autobusai	53	10		389	NULL	NULL	NULL
missed	614935	B>A	Stotis–Pylimo–Kalvarijų g.–Fabijoniškės	394	NULL	NULL	NULL	NULL	NULL	NULL	NULL	53	Autobusai	53	10		437	NULL	NULL	NULL
missed	614935	A>B	Fabijoniškės–Kalvarijų–Pylimo g.–Stotis	453	NULL	NULL	NULL	NULL	NULL	NULL	NULL	53	Autobusai	53	10		502	NULL	NULL	NULL
missed	614935	A>B	Fabijoniškės–Kalvarijų–Pylimo g.–Stotis	590	NULL	NULL	NULL	NULL	NULL	NULL	NULL	53	Autobusai	53	10		630	NULL	NULL	NULL
missed	614935	B>A	Stotis–Pylimo–Kalvarijų g.–Fabijoniškės	635	NULL	NULL	NULL	NULL	NULL	NULL	NULL	53	Autobusai	53	10		678	NULL	NULL	NULL
missed	614935	A>B	Fabijoniškės–Kalvarijų–Pylimo g.–Stotis	692	NULL	NULL	NULL	NULL	NULL	NULL	NULL	53	Autobusai	53	10		732	NULL	NULL	NULL
missed	614935	B>A	Stotis–Pylimo–Kalvarijų g.–Fabijoniškės	737	NULL	NULL	NULL	NULL	NULL	NULL	NULL	53	Autobusai	53	10		780	NULL	NULL	NULL
missed	614935	A>B	Fabijoniškės–Kalvarijų–Pylimo g.–Stotis	793	NULL	NULL	NULL	NULL	NULL	NULL	NULL	53	Autobusai	53	10		833	NULL	NULL	NULL
missed	614935	B>A	Stotis–Pylimo–Kalvarijų g.–Fabijoniškės	838	NULL	NULL	NULL	NULL	NULL	NULL	NULL	53	Autobusai	53	10		881	NULL	NULL	NULL
missed	614935	A>B	Fabijoniškės–Kalvarijų–Pylimo g.–Stotis	890	NULL	NULL	NULL	NULL	NULL	NULL	NULL	53	Autobusai	53	10		931	NULL	NULL	NULL
missed	614935	B>A	Stotis–Pylimo–Kalvarijų g.–Fabijoniškės	936	NULL	NULL	NULL	NULL	NULL	NULL	NULL	53	Autobusai	53	10		980	NULL	NULL	NULL
missed	614935	A>B	Fabijoniškės–Kalvarijų–Pylimo g.–Stotis	997	NULL	NULL	NULL	NULL	NULL	NULL	NULL	53	Autobusai	53	10		1042	NULL	NULL	NULL
missed	614935	A>B	Fabijoniškės–Kalvarijų–Pylimo g.–Stotis	1157	NULL	NULL	NULL	NULL	NULL	NULL	NULL	53	Autobusai	53	10		1197	NULL	NULL	NULL
missed	614935	B>A	Stotis–Pylimo–Kalvarijų g.–Fabijoniškės	1203	NULL	NULL	NULL	NULL	NULL	NULL	NULL	53	Autobusai	53	10		1244	NULL	NULL	NULL
missed	614935	A>B	Fabijoniškės–Kalvarijų–Pylimo g.–Stotis	1252	NULL	NULL	NULL	NULL	NULL	NULL	NULL	53	Autobusai	53	10		1291	NULL	NULL	NULL
missed	614935	B>A	Stotis–Pylimo–Kalvarijų g.–Fabijoniškės	1296	NULL	NULL	NULL	NULL	NULL	NULL	NULL	53	Autobusai	53	10		1337	NULL	NULL	NULL
missed	614935	A>B	Fabijoniškės–Kalvarijų–Pylimo g.–Stotis	1343	NULL	NULL	NULL	NULL	NULL	NULL	NULL	53	Autobusai	53	10		1382	NULL	NULL	NULL
missed	614935	B>A	Stotis–Pylimo–Kalvarijų g.–Fabijoniškės	1387	NULL	NULL	NULL	NULL	NULL	NULL	NULL	53	Autobusai	53	10		1428	NULL	NULL	NULL
missed	614931	A>B	Fabijoniškės–Kalvarijų–Pylimo g.–Stotis	361	NULL	NULL	NULL	NULL	NULL	NULL	NULL	53	Autobusai	53	11		401	NULL	NULL	NULL
missed	614931	B>A	Stotis–Pylimo–Kalvarijų g.–Fabijoniškės	406	NULL	NULL	NULL	NULL	NULL	NULL	NULL	53	Autobusai	53	11		450	NULL	NULL	NULL
missed	614931	A>B	Fabijoniškės–Kalvarijų–Pylimo g.–Stotis	461	NULL	NULL	NULL	NULL	NULL	NULL	NULL	53	Autobusai	53	11		510	NULL	NULL	NULL
missed	614931	B>A	Stotis–Pylimo–Kalvarijų g.–Fabijoniškės	524	NULL	NULL	NULL	NULL	NULL	NULL	NULL	53	Autobusai	53	11		567	NULL	NULL	NULL
missed	614931	A>B	Fabijoniškės–Kalvarijų–Pylimo g.–Stotis	600	NULL	NULL	NULL	NULL	NULL	NULL	NULL	53	Autobusai	53	11		640	NULL	NULL	NULL
missed	614931	B>A	Stotis–Pylimo–Kalvarijų g.–Fabijoniškės	645	NULL	NULL	NULL	NULL	NULL	NULL	NULL	53	Autobusai	53	11		688	NULL	NULL	NULL
missed	614931	A>B	Fabijoniškės–Kalvarijų–Pylimo g.–Stotis	700	NULL	NULL	NULL	NULL	NULL	NULL	NULL	53	Autobusai	53	11		740	NULL	NULL	NULL
missed	614931	B>A	Stotis–Pylimo–Kalvarijų g.–Fabijoniškės	745	NULL	NULL	NULL	NULL	NULL	NULL	NULL	53	Autobusai	53	11		788	NULL	NULL	NULL
missed	614931	A>B	Fabijoniškės–Kalvarijų–Pylimo g.–Stotis	803	NULL	NULL	NULL	NULL	NULL	NULL	NULL	53	Autobusai	53	11		843	NULL	NULL	NULL
missed	614931	B>A	Stotis–Pylimo–Kalvarijų g.–Fabijoniškės	848	NULL	NULL	NULL	NULL	NULL	NULL	NULL	53	Autobusai	53	11		891	NULL	NULL	NULL
missed	614931	A>B	Fabijoniškės–Kalvarijų–Pylimo g.–Stotis	903	NULL	NULL	NULL	NULL	NULL	NULL	NULL	53	Autobusai	53	11		944	NULL	NULL	NULL
missed	614931	B>A	Stotis–Pylimo–Kalvarijų g.–Fabijoniškės	953	NULL	NULL	NULL	NULL	NULL	NULL	NULL	53	Autobusai	53	11		997	NULL	NULL	NULL
missed	614931	A>B	Fabijoniškės–Kalvarijų–Pylimo g.–Stotis	1015	NULL	NULL	NULL	NULL	NULL	NULL	NULL	53	Autobusai	53	11		1060	NULL	NULL	NULL
missed	614931	A>B	Fabijoniškės–Kalvarijų–Pylimo g.–Stotis	1168	NULL	NULL	NULL	NULL	NULL	NULL	NULL	53	Autobusai	53	11		1208	NULL	NULL	NULL
missed	614931	B>A	Stotis–Pylimo–Kalvarijų g.–Fabijoniškės	1213	NULL	NULL	NULL	NULL	NULL	NULL	NULL	53	Autobusai	53	11		1254	NULL	NULL	NULL
missed	614931	A>B	Fabijoniškės–Kalvarijų–Pylimo g.–Stotis	1263	NULL	NULL	NULL	NULL	NULL	NULL	NULL	53	Autobusai	53	11		1302	NULL	NULL	NULL
missed	614931	B>A	Stotis–Pylimo–Kalvarijų g.–Fabijoniškės	1307	NULL	NULL	NULL	NULL	NULL	NULL	NULL	53	Autobusai	53	11		1348	NULL	NULL	NULL
missed	614931	A>B	Fabijoniškės–Kalvarijų–Pylimo g.–Stotis	1354	NULL	NULL	NULL	NULL	NULL	NULL	NULL	53	Autobusai	53	11		1393	NULL	NULL	NULL
missed	614931	B>A	Stotis–Pylimo–Kalvarijų g.–Fabijoniškės	1398	NULL	NULL	NULL	NULL	NULL	NULL	NULL	53	Autobusai	53	11		1439	NULL	NULL	NULL
missed	614937	A>B	Fabijoniškės–Kalvarijų–Pylimo g.–Stotis	445	NULL	NULL	NULL	NULL	NULL	NULL	NULL	53	Autobusai	53	12		494	NULL	NULL	NULL
missed	614937	A>B	Fabijoniškės–Kalvarijų–Pylimo g.–Stotis	568	NULL	NULL	NULL	NULL	NULL	NULL	NULL	53	Autobusai	53	12		608	NULL	NULL	NULL
missed	614937	B>A	Stotis–Pylimo–Kalvarijų g.–Fabijoniškės	613	NULL	NULL	NULL	NULL	NULL	NULL	NULL	53	Autobusai	53	12		656	NULL	NULL	NULL
missed	614937	A>B	Fabijoniškės–Kalvarijų–Pylimo g.–Stotis	981	NULL	NULL	NULL	NULL	NULL	NULL	NULL	53	Autobusai	53	12		1026	NULL	NULL	NULL
missed	614937	A>B	Fabijoniškės–Kalvarijų–Pylimo g.–Stotis	1102	NULL	NULL	NULL	NULL	NULL	NULL	NULL	53	Autobusai	53	12		1146	NULL	NULL	NULL
missed	614937	B>A	Stotis–Pylimo–Kalvarijų g.–Fabijoniškės	1151	NULL	NULL	NULL	NULL	NULL	NULL	NULL	53	Autobusai	53	12		1194	NULL	NULL	NULL
missed	614938	A>B	Fabijoniškės–Kalvarijų–Pylimo g.–Stotis	368	NULL	NULL	NULL	NULL	NULL	NULL	NULL	53	Autobusai	53	13		408	NULL	NULL	NULL
missed	614938	B>A	Stotis–Pylimo–Kalvarijų g.–Fabijoniškės	413	NULL	NULL	NULL	NULL	NULL	NULL	NULL	53	Autobusai	53	13		457	NULL	NULL	NULL
missed	614938	A>B	Fabijoniškės–Kalvarijų–Pylimo g.–Stotis	468	NULL	NULL	NULL	NULL	NULL	NULL	NULL	53	Autobusai	53	13		517	NULL	NULL	NULL
missed	614938	B>A	Stotis–Pylimo–Kalvarijų g.–Fabijoniškės	530	NULL	NULL	NULL	NULL	NULL	NULL	NULL	53	Autobusai	53	13		573	NULL	NULL	NULL
missed	614938	A>B	Fabijoniškės–Kalvarijų–Pylimo g.–Stotis	610	NULL	NULL	NULL	NULL	NULL	NULL	NULL	53	Autobusai	53	13		650	NULL	NULL	NULL
missed	614938	B>A	Stotis–Pylimo–Kalvarijų g.–Fabijoniškės	655	NULL	NULL	NULL	NULL	NULL	NULL	NULL	53	Autobusai	53	13		698	NULL	NULL	NULL
missed	614938	A>B	Fabijoniškės–Kalvarijų–Pylimo g.–Stotis	710	NULL	NULL	NULL	NULL	NULL	NULL	NULL	53	Autobusai	53	13		750	NULL	NULL	NULL
missed	614938	B>A	Stotis–Pylimo–Kalvarijų g.–Fabijoniškės	755	NULL	NULL	NULL	NULL	NULL	NULL	NULL	53	Autobusai	53	13		798	NULL	NULL	NULL
missed	614938	A>B	Fabijoniškės–Kalvarijų–Pylimo g.–Stotis	812	NULL	NULL	NULL	NULL	NULL	NULL	NULL	53	Autobusai	53	13		852	NULL	NULL	NULL
missed	614938	B>A	Stotis–Pylimo–Kalvarijų g.–Fabijoniškės	857	NULL	NULL	NULL	NULL	NULL	NULL	NULL	53	Autobusai	53	13		900	NULL	NULL	NULL
missed	614938	A>B	Fabijoniškės–Kalvarijų–Pylimo g.–Stotis	911	NULL	NULL	NULL	NULL	NULL	NULL	NULL	53	Autobusai	53	13		952	NULL	NULL	NULL
missed	614938	B>A	Stotis–Pylimo–Kalvarijų g.–Fabijoniškės	962	NULL	NULL	NULL	NULL	NULL	NULL	NULL	53	Autobusai	53	13		1007	NULL	NULL	NULL
missed	614938	A>B	Fabijoniškės–Kalvarijų–Pylimo g.–Stotis	1025	NULL	NULL	NULL	NULL	NULL	NULL	NULL	53	Autobusai	53	13		1072	NULL	NULL	NULL
missed	614938	A>B	Fabijoniškės–Kalvarijų–Pylimo g.–Stotis	1178	NULL	NULL	NULL	NULL	NULL	NULL	NULL	53	Autobusai	53	13		1218	NULL	NULL	NULL
missed	614938	B>A	Stotis–Pylimo–Kalvarijų g.–Fabijoniškės	1224	NULL	NULL	NULL	NULL	NULL	NULL	NULL	53	Autobusai	53	13		1265	NULL	NULL	NULL
missed	614938	A>B	Fabijoniškės–Kalvarijų–Pylimo g.–Stotis	1273	NULL	NULL	NULL	NULL	NULL	NULL	NULL	53	Autobusai	53	13		1312	NULL	NULL	NULL
missed	614938	B>A	Stotis–Pylimo–Kalvarijų g.–Fabijoniškės	1317	NULL	NULL	NULL	NULL	NULL	NULL	NULL	53	Autobusai	53	13		1358	NULL	NULL	NULL
missed	614938	A>B	Fabijoniškės–Kalvarijų–Pylimo g.–Stotis	1363	NULL	NULL	NULL	NULL	NULL	NULL	NULL	53	Autobusai	53	13		1402	NULL	NULL	NULL
missed	614939	B>A	Stotis–Pylimo–Kalvarijų g.–Fabijoniškės	386	NULL	NULL	NULL	NULL	NULL	NULL	NULL	53	Autobusai	53	14		429	NULL	NULL	NULL
missed	614939	A>B	Fabijoniškės–Kalvarijų–Pylimo g.–Stotis	438	NULL	NULL	NULL	NULL	NULL	NULL	NULL	53	Autobusai	53	14		487	NULL	NULL	NULL
missed	614939	A>B	Fabijoniškės–Kalvarijų–Pylimo g.–Stotis	557	NULL	NULL	NULL	NULL	NULL	NULL	NULL	53	Autobusai	53	14		597	NULL	NULL	NULL
missed	614939	B>A	Stotis–Pylimo–Kalvarijų g.–Fabijoniškės	602	NULL	NULL	NULL	NULL	NULL	NULL	NULL	53	Autobusai	53	14		645	NULL	NULL	NULL
missed	614939	A>B	Fabijoniškės–Kalvarijų–Pylimo g.–Stotis	684	NULL	NULL	NULL	NULL	NULL	NULL	NULL	53	Autobusai	53	14		724	NULL	NULL	NULL
missed	614939	B>A	Stotis–Pylimo–Kalvarijų g.–Fabijoniškės	729	NULL	NULL	NULL	NULL	NULL	NULL	NULL	53	Autobusai	53	14		772	NULL	NULL	NULL
missed	614939	A>B	Fabijoniškės–Kalvarijų–Pylimo g.–Stotis	784	NULL	NULL	NULL	NULL	NULL	NULL	NULL	53	Autobusai	53	14		824	NULL	NULL	NULL
missed	614939	B>A	Stotis–Pylimo–Kalvarijų g.–Fabijoniškės	829	NULL	NULL	NULL	NULL	NULL	NULL	NULL	53	Autobusai	53	14		872	NULL	NULL	NULL
missed	614939	A>B	Fabijoniškės–Kalvarijų–Pylimo g.–Stotis	881	NULL	NULL	NULL	NULL	NULL	NULL	NULL	53	Autobusai	53	14		922	NULL	NULL	NULL
missed	614939	B>A	Stotis–Pylimo–Kalvarijų g.–Fabijoniškės	927	NULL	NULL	NULL	NULL	NULL	NULL	NULL	53	Autobusai	53	14		970	NULL	NULL	NULL
missed	614939	A>B	Fabijoniškės–Kalvarijų–Pylimo g.–Stotis	989	NULL	NULL	NULL	NULL	NULL	NULL	NULL	53	Autobusai	53	14		1034	NULL	NULL	NULL
missed	614939	A>B	Fabijoniškės–Kalvarijų–Pylimo g.–Stotis	1146	NULL	NULL	NULL	NULL	NULL	NULL	NULL	53	Autobusai	53	14		1186	NULL	NULL	NULL
missed	614939	B>A	Stotis–Pylimo–Kalvarijų g.–Fabijoniškės	1191	NULL	NULL	NULL	NULL	NULL	NULL	NULL	53	Autobusai	53	14		1232	NULL	NULL	NULL
missed	614939	A>B	Fabijoniškės–Kalvarijų–Pylimo g.–Stotis	1239	NULL	NULL	NULL	NULL	NULL	NULL	NULL	53	Autobusai	53	14		1278	NULL	NULL	NULL
missed	614939	B>A	Stotis–Pylimo–Kalvarijų g.–Fabijoniškės	1285	NULL	NULL	NULL	NULL	NULL	NULL	NULL	53	Autobusai	53	14		1326	NULL	NULL	NULL
missed	614939	A>B	Fabijoniškės–Kalvarijų–Pylimo g.–Stotis	1334	NULL	NULL	NULL	NULL	NULL	NULL	NULL	53	Autobusai	53	14		1373	NULL	NULL	NULL
missed	614940	A>B	Fabijoniškės–Kalvarijų–Pylimo g.–Stotis	386	NULL	NULL	NULL	NULL	NULL	NULL	NULL	53	Autobusai	53	15		426	NULL	NULL	NULL
missed	614940	B>A	Stotis–Pylimo–Kalvarijų g.–Fabijoniškės	431	NULL	NULL	NULL	NULL	NULL	NULL	NULL	53	Autobusai	53	15		475	NULL	NULL	NULL
missed	614940	A>B	Fabijoniškės–Kalvarijų–Pylimo g.–Stotis	485	NULL	NULL	NULL	NULL	NULL	NULL	NULL	53	Autobusai	53	15		534	NULL	NULL	NULL
missed	614940	B>A	Stotis–Pylimo–Kalvarijų g.–Fabijoniškės	543	NULL	NULL	NULL	NULL	NULL	NULL	NULL	53	Autobusai	53	15		586	NULL	NULL	NULL
missed	614940	A>B	Fabijoniškės–Kalvarijų–Pylimo g.–Stotis	629	NULL	NULL	NULL	NULL	NULL	NULL	NULL	53	Autobusai	53	15		669	NULL	NULL	NULL
missed	614940	B>A	Stotis–Pylimo–Kalvarijų g.–Fabijoniškės	674	NULL	NULL	NULL	NULL	NULL	NULL	NULL	53	Autobusai	53	15		717	NULL	NULL	NULL
missed	614940	A>B	Fabijoniškės–Kalvarijų–Pylimo g.–Stotis	730	NULL	NULL	NULL	NULL	NULL	NULL	NULL	53	Autobusai	53	15		770	NULL	NULL	NULL
missed	614940	B>A	Stotis–Pylimo–Kalvarijų g.–Fabijoniškės	775	NULL	NULL	NULL	NULL	NULL	NULL	NULL	53	Autobusai	53	15		818	NULL	NULL	NULL
missed	614940	A>B	Fabijoniškės–Kalvarijų–Pylimo g.–Stotis	830	NULL	NULL	NULL	NULL	NULL	NULL	NULL	53	Autobusai	53	15		870	NULL	NULL	NULL
missed	614940	B>A	Stotis–Pylimo–Kalvarijų g.–Fabijoniškės	880	NULL	NULL	NULL	NULL	NULL	NULL	NULL	53	Autobusai	53	15		923	NULL	NULL	NULL
missed	614940	A>B	Fabijoniškės–Kalvarijų–Pylimo g.–Stotis	933	NULL	NULL	NULL	NULL	NULL	NULL	NULL	53	Autobusai	53	15		974	NULL	NULL	NULL
missed	614940	A>B	Fabijoniškės–Kalvarijų–Pylimo g.–Stotis	1058	NULL	NULL	NULL	NULL	NULL	NULL	NULL	53	Autobusai	53	15		1104	NULL	NULL	NULL
missed	614940	B>A	Stotis–Pylimo–Kalvarijų g.–Fabijoniškės	1114	NULL	NULL	NULL	NULL	NULL	NULL	NULL	53	Autobusai	53	15		1163	NULL	NULL	NULL
missed	614940	A>B	Fabijoniškės–Kalvarijų–Pylimo g.–Stotis	1204	NULL	NULL	NULL	NULL	NULL	NULL	NULL	53	Autobusai	53	15		1243	NULL	NULL	NULL
missed	614940	B>A	Stotis–Pylimo–Kalvarijų g.–Fabijoniškės	1250	NULL	NULL	NULL	NULL	NULL	NULL	NULL	53	Autobusai	53	15		1291	NULL	NULL	NULL
missed	614940	A>B	Fabijoniškės–Kalvarijų–Pylimo g.–Stotis	1298	NULL	NULL	NULL	NULL	NULL	NULL	NULL	53	Autobusai	53	15		1337	NULL	NULL	NULL
missed	614940	B>A	Stotis–Pylimo–Kalvarijų g.–Fabijoniškės	1342	NULL	NULL	NULL	NULL	NULL	NULL	NULL	53	Autobusai	53	15		1383	NULL	NULL	NULL
missed	663112	A>B	Pilaitė–Lazdynai–Stotis	318	NULL	NULL	NULL	NULL	NULL	NULL	NULL	54	Autobusai	54	01-Ž		355	NULL	NULL	NULL
missed	663112	B>A	Stotis–Lazdynai–Pilaitė	360	NULL	NULL	NULL	NULL	NULL	NULL	NULL	54	Autobusai	54	01-Ž		398	NULL	NULL	NULL
missed	663112	A>B	Pilaitė–Lazdynai–Stotis	404	NULL	NULL	NULL	NULL	NULL	NULL	NULL	54	Autobusai	54	01-Ž		444	NULL	NULL	NULL
missed	663112	B>A	Stotis–Lazdynai–Pilaitė	449	NULL	NULL	NULL	NULL	NULL	NULL	NULL	54	Autobusai	54	01-Ž		487	NULL	NULL	NULL
missed	663112	A>B	Pilaitė–Lazdynai–Stotis	493	NULL	NULL	NULL	NULL	NULL	NULL	NULL	54	Autobusai	54	01-Ž		535	NULL	NULL	NULL
missed	663112	B>A	Stotis–Lazdynai–Pilaitė	540	NULL	NULL	NULL	NULL	NULL	NULL	NULL	54	Autobusai	54	01-Ž		577	NULL	NULL	NULL
missed	663112	A>B	Pilaitė–Lazdynai–Stotis	612	NULL	NULL	NULL	NULL	NULL	NULL	NULL	54	Autobusai	54	01-Ž		650	NULL	NULL	NULL
missed	663112	B>A	Stotis–Lazdynai–Pilaitė	655	NULL	NULL	NULL	NULL	NULL	NULL	NULL	54	Autobusai	54	01-Ž		692	NULL	NULL	NULL
missed	663112	A>B	Pilaitė–Lazdynai–Stotis	699	NULL	NULL	NULL	NULL	NULL	NULL	NULL	54	Autobusai	54	01-Ž		737	NULL	NULL	NULL
missed	663112	B>A	Stotis–Lazdynai–Pilaitė	745	NULL	NULL	NULL	NULL	NULL	NULL	NULL	54	Autobusai	54	01-Ž		782	NULL	NULL	NULL
missed	663112	A>B	Pilaitė–Lazdynai–Stotis	787	NULL	NULL	NULL	NULL	NULL	NULL	NULL	54	Autobusai	54	01-Ž		825	NULL	NULL	NULL
missed	663112	B>A	Stotis–Lazdynai–Pilaitė	830	NULL	NULL	NULL	NULL	NULL	NULL	NULL	54	Autobusai	54	01-Ž		867	NULL	NULL	NULL
missed	663112	A>B	Pilaitė–Lazdynai–Stotis	878	NULL	NULL	NULL	NULL	NULL	NULL	NULL	54	Autobusai	54	01-Ž		916	NULL	NULL	NULL
missed	663112	B>A	Stotis–Lazdynai–Pilaitė	925	NULL	NULL	NULL	NULL	NULL	NULL	NULL	54	Autobusai	54	01-Ž		963	NULL	NULL	NULL
missed	663112	A>B	Pilaitė–Lazdynai–Stotis	970	NULL	NULL	NULL	NULL	NULL	NULL	NULL	54	Autobusai	54	01-Ž		1008	NULL	NULL	NULL
missed	663112	B>A	Stotis–Lazdynai–Pilaitė	1014	NULL	NULL	NULL	NULL	NULL	NULL	NULL	54	Autobusai	54	01-Ž		1052	NULL	NULL	NULL
missed	663112	A>B	Pilaitė–Lazdynai–Stotis	1063	NULL	NULL	NULL	NULL	NULL	NULL	NULL	54	Autobusai	54	01-Ž		1101	NULL	NULL	NULL
missed	663112	B>A	Stotis–Lazdynai–Pilaitė	1109	NULL	NULL	NULL	NULL	NULL	NULL	NULL	54	Autobusai	54	01-Ž		1147	NULL	NULL	NULL
missed	663112	A>B	Pilaitė–Lazdynai–Stotis	1183	NULL	NULL	NULL	NULL	NULL	NULL	NULL	54	Autobusai	54	01-Ž		1220	NULL	NULL	NULL
missed	663112	B>A	Stotis–Lazdynai–Pilaitė	1225	NULL	NULL	NULL	NULL	NULL	NULL	NULL	54	Autobusai	54	01-Ž		1262	NULL	NULL	NULL
missed	663112	A>B	Pilaitė–Lazdynai–Stotis	1280	NULL	NULL	NULL	NULL	NULL	NULL	NULL	54	Autobusai	54	01-Ž		1317	NULL	NULL	NULL
missed	663112	B>A	Stotis–Lazdynai–Pilaitė	1323	NULL	NULL	NULL	NULL	NULL	NULL	NULL	54	Autobusai	54	01-Ž		1360	NULL	NULL	NULL
missed	663112	A>B	Pilaitė–Lazdynai–Stotis	1370	NULL	NULL	NULL	NULL	NULL	NULL	NULL	54	Autobusai	54	01-Ž		1407	NULL	NULL	NULL
missed	663113	A>B	Pilaitė–Lazdynai–Stotis	356	NULL	NULL	NULL	NULL	NULL	NULL	NULL	54	Autobusai	54	02		394	NULL	NULL	NULL
missed	663113	B>A	Stotis–Lazdynai–Pilaitė	401	NULL	NULL	NULL	NULL	NULL	NULL	NULL	54	Autobusai	54	02		439	NULL	NULL	NULL
missed	663113	A>B	Pilaitė–Lazdynai–Stotis	446	NULL	NULL	NULL	NULL	NULL	NULL	NULL	54	Autobusai	54	02		488	NULL	NULL	NULL
missed	663113	B>A	Stotis–Lazdynai–Pilaitė	499	NULL	NULL	NULL	NULL	NULL	NULL	NULL	54	Autobusai	54	02		536	NULL	NULL	NULL
missed	663113	A>B	Pilaitė–Lazdynai–Stotis	543	NULL	NULL	NULL	NULL	NULL	NULL	NULL	54	Autobusai	54	02		581	NULL	NULL	NULL
missed	663113	B>A	Stotis–Lazdynai–Pilaitė	586	NULL	NULL	NULL	NULL	NULL	NULL	NULL	54	Autobusai	54	02		623	NULL	NULL	NULL
missed	663113	A>B	Pilaitė–Lazdynai–Stotis	657	NULL	NULL	NULL	NULL	NULL	NULL	NULL	54	Autobusai	54	02		695	NULL	NULL	NULL
missed	663113	B>A	Stotis–Lazdynai–Pilaitė	700	NULL	NULL	NULL	NULL	NULL	NULL	NULL	54	Autobusai	54	02		737	NULL	NULL	NULL
missed	663113	A>B	Pilaitė–Lazdynai–Stotis	743	NULL	NULL	NULL	NULL	NULL	NULL	NULL	54	Autobusai	54	02		781	NULL	NULL	NULL
missed	663113	B>A	Stotis–Lazdynai–Pilaitė	786	NULL	NULL	NULL	NULL	NULL	NULL	NULL	54	Autobusai	54	02		823	NULL	NULL	NULL
missed	663113	A>B	Pilaitė–Lazdynai–Stotis	828	NULL	NULL	NULL	NULL	NULL	NULL	NULL	54	Autobusai	54	02		866	NULL	NULL	NULL
missed	663113	B>A	Stotis–Lazdynai–Pilaitė	876	NULL	NULL	NULL	NULL	NULL	NULL	NULL	54	Autobusai	54	02		914	NULL	NULL	NULL
missed	663113	A>B	Pilaitė–Lazdynai–Stotis	919	NULL	NULL	NULL	NULL	NULL	NULL	NULL	54	Autobusai	54	02		957	NULL	NULL	NULL
missed	663113	B>A	Stotis–Lazdynai–Pilaitė	966	NULL	NULL	NULL	NULL	NULL	NULL	NULL	54	Autobusai	54	02		1004	NULL	NULL	NULL
missed	663113	A>B	Pilaitė–Lazdynai–Stotis	1009	NULL	NULL	NULL	NULL	NULL	NULL	NULL	54	Autobusai	54	02		1047	NULL	NULL	NULL
missed	663113	B>A	Stotis–Lazdynai–Pilaitė	1056	NULL	NULL	NULL	NULL	NULL	NULL	NULL	54	Autobusai	54	02		1094	NULL	NULL	NULL
missed	663113	A>B	Pilaitė–Lazdynai–Stotis	1126	NULL	NULL	NULL	NULL	NULL	NULL	NULL	54	Autobusai	54	02		1164	NULL	NULL	NULL
missed	663113	B>A	Stotis–Lazdynai–Pilaitė	1169	NULL	NULL	NULL	NULL	NULL	NULL	NULL	54	Autobusai	54	02		1206	NULL	NULL	NULL
missed	663113	A>B	Pilaitė–Lazdynai–Stotis	1238	NULL	NULL	NULL	NULL	NULL	NULL	NULL	54	Autobusai	54	02		1275	NULL	NULL	NULL
missed	663113	B>A	Stotis–Lazdynai–Pilaitė	1280	NULL	NULL	NULL	NULL	NULL	NULL	NULL	54	Autobusai	54	02		1317	NULL	NULL	NULL
missed	663113	A>B	Pilaitė–Lazdynai–Stotis	1322	NULL	NULL	NULL	NULL	NULL	NULL	NULL	54	Autobusai	54	02		1359	NULL	NULL	NULL
missed	614964	A>B	Lazdynai–Laisvės pr.–Fabijoniškės–Santariškės	324	NULL	NULL	NULL	NULL	NULL	NULL	NULL	55	Autobusai	55	01-Ž		371	NULL	NULL	NULL
missed	614964	B>A	Santariškės–Fabijoniškės–Laisvės pr.–Lazdynai	379	NULL	NULL	NULL	NULL	NULL	NULL	NULL	55	Autobusai	55	01-Ž		433	NULL	NULL	NULL
missed	614964	A>B	Lazdynai–Laisvės pr.–Fabijoniškės–Santariškės	440	NULL	NULL	NULL	NULL	NULL	NULL	NULL	55	Autobusai	55	01-Ž		489	NULL	NULL	NULL
missed	614964	B>A	Santariškės–Fabijoniškės–Laisvės pr.–Lazdynai	501	NULL	NULL	NULL	NULL	NULL	NULL	NULL	55	Autobusai	55	01-Ž		556	NULL	NULL	NULL
missed	614964	A>B	Lazdynai–Laisvės pr.–Fabijoniškės–Santariškės	561	NULL	NULL	NULL	NULL	NULL	NULL	NULL	55	Autobusai	55	01-Ž		609	NULL	NULL	NULL
missed	614964	B>A	Santariškės–Fabijoniškės–Laisvės pr.–Lazdynai	644	NULL	NULL	NULL	NULL	NULL	NULL	NULL	55	Autobusai	55	01-Ž		697	NULL	NULL	NULL
missed	614964	A>B	Lazdynai–Laisvės pr.–Fabijoniškės–Santariškės	702	NULL	NULL	NULL	NULL	NULL	NULL	NULL	55	Autobusai	55	01-Ž		750	NULL	NULL	NULL
missed	614964	B>A	Santariškės–Fabijoniškės–Laisvės pr.–Lazdynai	757	NULL	NULL	NULL	NULL	NULL	NULL	NULL	55	Autobusai	55	01-Ž		810	NULL	NULL	NULL
missed	614964	A>B	Lazdynai–Laisvės pr.–Fabijoniškės–Santariškės	820	NULL	NULL	NULL	NULL	NULL	NULL	NULL	55	Autobusai	55	01-Ž		868	NULL	NULL	NULL
missed	614964	B>A	Santariškės–Fabijoniškės–Laisvės pr.–Lazdynai	876	NULL	NULL	NULL	NULL	NULL	NULL	NULL	55	Autobusai	55	01-Ž		929	NULL	NULL	NULL
missed	614964	A>B	Lazdynai–Laisvės pr.–Fabijoniškės–Santariškės	934	NULL	NULL	NULL	NULL	NULL	NULL	NULL	55	Autobusai	55	01-Ž		984	NULL	NULL	NULL
missed	614964	B>A	Santariškės–Fabijoniškės–Laisvės pr.–Lazdynai	1000	NULL	NULL	NULL	NULL	NULL	NULL	NULL	55	Autobusai	55	01-Ž		1054	NULL	NULL	NULL
missed	614964	A>B	Lazdynai–Laisvės pr.–Fabijoniškės–Santariškės	1059	NULL	NULL	NULL	NULL	NULL	NULL	NULL	55	Autobusai	55	01-Ž		1109	NULL	NULL	NULL
missed	614964	B>A	Santariškės–Fabijoniškės–Laisvės pr.–Lazdynai	1144	NULL	NULL	NULL	NULL	NULL	NULL	NULL	55	Autobusai	55	01-Ž		1198	NULL	NULL	NULL
missed	614964	A>B	Lazdynai–Laisvės pr.–Fabijoniškės–Santariškės	1203	NULL	NULL	NULL	NULL	NULL	NULL	NULL	55	Autobusai	55	01-Ž		1250	NULL	NULL	NULL
missed	614964	B>A	Santariškės–Fabijoniškės–Laisvės pr.–Lazdynai	1259	NULL	NULL	NULL	NULL	NULL	NULL	NULL	55	Autobusai	55	01-Ž		1311	NULL	NULL	NULL
missed	614964	A>B	Lazdynai–Laisvės pr.–Fabijoniškės–Santariškės	1315	NULL	NULL	NULL	NULL	NULL	NULL	NULL	55	Autobusai	55	01-Ž		1362	NULL	NULL	NULL
missed	614966	A>B	Lazdynai–Laisvės pr.–Fabijoniškės–Santariškės	414	NULL	NULL	NULL	NULL	NULL	NULL	NULL	55	Autobusai	55	02		463	NULL	NULL	NULL
missed	614966	B>A	Santariškės–Fabijoniškės–Laisvės pr.–Lazdynai	473	NULL	NULL	NULL	NULL	NULL	NULL	NULL	55	Autobusai	55	02		528	NULL	NULL	NULL
missed	614966	A>B	Lazdynai–Laisvės pr.–Fabijoniškės–Santariškės	534	NULL	NULL	NULL	NULL	NULL	NULL	NULL	55	Autobusai	55	02		583	NULL	NULL	NULL
missed	614966	B>A	Santariškės–Fabijoniškės–Laisvės pr.–Lazdynai	976	NULL	NULL	NULL	NULL	NULL	NULL	NULL	55	Autobusai	55	02		1030	NULL	NULL	NULL
missed	614966	A>B	Lazdynai–Laisvės pr.–Fabijoniškės–Santariškės	1036	NULL	NULL	NULL	NULL	NULL	NULL	NULL	55	Autobusai	55	02		1086	NULL	NULL	NULL
missed	614966	B>A	Santariškės–Fabijoniškės–Laisvės pr.–Lazdynai	1096	NULL	NULL	NULL	NULL	NULL	NULL	NULL	55	Autobusai	55	02		1150	NULL	NULL	NULL
missed	614966	A>B	Lazdynai–Laisvės pr.–Fabijoniškės–Santariškės	1156	NULL	NULL	NULL	NULL	NULL	NULL	NULL	55	Autobusai	55	02		1206	NULL	NULL	NULL
missed	614965	A>B	Lazdynai–Laisvės pr.–Fabijoniškės–Santariškės	354	NULL	NULL	NULL	NULL	NULL	NULL	NULL	55	Autobusai	55	03		402	NULL	NULL	NULL
missed	614965	B>A	Santariškės–Fabijoniškės–Laisvės pr.–Lazdynai	412	NULL	NULL	NULL	NULL	NULL	NULL	NULL	55	Autobusai	55	03		467	NULL	NULL	NULL
missed	614965	A>B	Lazdynai–Laisvės pr.–Fabijoniškės–Santariškės	471	NULL	NULL	NULL	NULL	NULL	NULL	NULL	55	Autobusai	55	03		520	NULL	NULL	NULL
missed	614965	B>A	Santariškės–Fabijoniškės–Laisvės pr.–Lazdynai	552	NULL	NULL	NULL	NULL	NULL	NULL	NULL	55	Autobusai	55	03		605	NULL	NULL	NULL
missed	614965	A>B	Lazdynai–Laisvės pr.–Fabijoniškės–Santariškės	609	NULL	NULL	NULL	NULL	NULL	NULL	NULL	55	Autobusai	55	03		657	NULL	NULL	NULL
missed	614965	B>A	Santariškės–Fabijoniškės–Laisvės pr.–Lazdynai	677	NULL	NULL	NULL	NULL	NULL	NULL	NULL	55	Autobusai	55	03		730	NULL	NULL	NULL
missed	614965	A>B	Lazdynai–Laisvės pr.–Fabijoniškės–Santariškės	735	NULL	NULL	NULL	NULL	NULL	NULL	NULL	55	Autobusai	55	03		783	NULL	NULL	NULL
missed	614965	B>A	Santariškės–Fabijoniškės–Laisvės pr.–Lazdynai	793	NULL	NULL	NULL	NULL	NULL	NULL	NULL	55	Autobusai	55	03		846	NULL	NULL	NULL
missed	614965	A>B	Lazdynai–Laisvės pr.–Fabijoniškės–Santariškės	856	NULL	NULL	NULL	NULL	NULL	NULL	NULL	55	Autobusai	55	03		905	NULL	NULL	NULL
missed	614965	B>A	Santariškės–Fabijoniškės–Laisvės pr.–Lazdynai	913	NULL	NULL	NULL	NULL	NULL	NULL	NULL	55	Autobusai	55	03		966	NULL	NULL	NULL
missed	614965	A>B	Lazdynai–Laisvės pr.–Fabijoniškės–Santariškės	970	NULL	NULL	NULL	NULL	NULL	NULL	NULL	55	Autobusai	55	03		1020	NULL	NULL	NULL
missed	614965	B>A	Santariškės–Fabijoniškės–Laisvės pr.–Lazdynai	1030	NULL	NULL	NULL	NULL	NULL	NULL	NULL	55	Autobusai	55	03		1084	NULL	NULL	NULL
missed	614965	A>B	Lazdynai–Laisvės pr.–Fabijoniškės–Santariškės	1089	NULL	NULL	NULL	NULL	NULL	NULL	NULL	55	Autobusai	55	03		1139	NULL	NULL	NULL
missed	614965	B>A	Santariškės–Fabijoniškės–Laisvės pr.–Lazdynai	1184	NULL	NULL	NULL	NULL	NULL	NULL	NULL	55	Autobusai	55	03		1237	NULL	NULL	NULL
missed	614965	A>B	Lazdynai–Laisvės pr.–Fabijoniškės–Santariškės	1243	NULL	NULL	NULL	NULL	NULL	NULL	NULL	55	Autobusai	55	03		1290	NULL	NULL	NULL
missed	614965	B>A	Santariškės–Fabijoniškės–Laisvės pr.–Lazdynai	1298	NULL	NULL	NULL	NULL	NULL	NULL	NULL	55	Autobusai	55	03		1350	NULL	NULL	NULL
missed	614965	A>B	Lazdynai–Laisvės pr.–Fabijoniškės–Santariškės	1355	NULL	NULL	NULL	NULL	NULL	NULL	NULL	55	Autobusai	55	03		1402	NULL	NULL	NULL
missed	614967	B>A	Santariškės–Fabijoniškės–Laisvės pr.–Lazdynai	330	NULL	NULL	NULL	NULL	NULL	NULL	NULL	55	Autobusai	55	04		383	NULL	NULL	NULL
missed	614967	A>B	Lazdynai–Laisvės pr.–Fabijoniškės–Santariškės	388	NULL	NULL	NULL	NULL	NULL	NULL	NULL	55	Autobusai	55	04		437	NULL	NULL	NULL
missed	614967	B>A	Santariškės–Fabijoniškės–Laisvės pr.–Lazdynai	447	NULL	NULL	NULL	NULL	NULL	NULL	NULL	55	Autobusai	55	04		502	NULL	NULL	NULL
missed	614967	A>B	Lazdynai–Laisvės pr.–Fabijoniškės–Santariškės	507	NULL	NULL	NULL	NULL	NULL	NULL	NULL	55	Autobusai	55	04		556	NULL	NULL	NULL
missed	614967	B>A	Santariškės–Fabijoniškės–Laisvės pr.–Lazdynai	596	NULL	NULL	NULL	NULL	NULL	NULL	NULL	55	Autobusai	55	04		649	NULL	NULL	NULL
missed	614967	A>B	Lazdynai–Laisvės pr.–Fabijoniškės–Santariškės	654	NULL	NULL	NULL	NULL	NULL	NULL	NULL	55	Autobusai	55	04		702	NULL	NULL	NULL
missed	614967	B>A	Santariškės–Fabijoniškės–Laisvės pr.–Lazdynai	715	NULL	NULL	NULL	NULL	NULL	NULL	NULL	55	Autobusai	55	04		768	NULL	NULL	NULL
missed	614967	A>B	Lazdynai–Laisvės pr.–Fabijoniškės–Santariškės	774	NULL	NULL	NULL	NULL	NULL	NULL	NULL	55	Autobusai	55	04		822	NULL	NULL	NULL
missed	614967	B>A	Santariškės–Fabijoniškės–Laisvės pr.–Lazdynai	831	NULL	NULL	NULL	NULL	NULL	NULL	NULL	55	Autobusai	55	04		884	NULL	NULL	NULL
missed	614967	A>B	Lazdynai–Laisvės pr.–Fabijoniškės–Santariškės	894	NULL	NULL	NULL	NULL	NULL	NULL	NULL	55	Autobusai	55	04		943	NULL	NULL	NULL
missed	614967	B>A	Santariškės–Fabijoniškės–Laisvės pr.–Lazdynai	951	NULL	NULL	NULL	NULL	NULL	NULL	NULL	55	Autobusai	55	04		1005	NULL	NULL	NULL
missed	614967	A>B	Lazdynai–Laisvės pr.–Fabijoniškės–Santariškės	1011	NULL	NULL	NULL	NULL	NULL	NULL	NULL	55	Autobusai	55	04		1061	NULL	NULL	NULL
missed	614967	B>A	Santariškės–Fabijoniškės–Laisvės pr.–Lazdynai	1068	NULL	NULL	NULL	NULL	NULL	NULL	NULL	55	Autobusai	55	04		1122	NULL	NULL	NULL
missed	614967	A>B	Lazdynai–Laisvės pr.–Fabijoniškės–Santariškės	1128	NULL	NULL	NULL	NULL	NULL	NULL	NULL	55	Autobusai	55	04		1178	NULL	NULL	NULL
missed	614967	B>A	Santariškės–Fabijoniškės–Laisvės pr.–Lazdynai	1218	NULL	NULL	NULL	NULL	NULL	NULL	NULL	55	Autobusai	55	04		1270	NULL	NULL	NULL
missed	614967	A>B	Lazdynai–Laisvės pr.–Fabijoniškės–Santariškės	1277	NULL	NULL	NULL	NULL	NULL	NULL	NULL	55	Autobusai	55	04		1324	NULL	NULL	NULL
missed	614967	B>A	Santariškės–Fabijoniškės–Laisvės pr.–Lazdynai	1331	NULL	NULL	NULL	NULL	NULL	NULL	NULL	55	Autobusai	55	04		1383	NULL	NULL	NULL
missed	614968	A>B	Fabijoniškės–Šeškinė–Konstitucijos pr.–Centras	321	NULL	NULL	NULL	NULL	NULL	NULL	NULL	56	Autobusai	56	01-ž		349	NULL	NULL	NULL
missed	614968	B>A	Centras–Konstitucijos pr.–Šeškinė–Fabijoniškės	359	NULL	NULL	NULL	NULL	NULL	NULL	NULL	56	Autobusai	56	01-ž		391	NULL	NULL	NULL
missed	614968	A>B	Fabijoniškės–Šeškinė–Konstitucijos pr.–Centras	397	NULL	NULL	NULL	NULL	NULL	NULL	NULL	56	Autobusai	56	01-ž		429	NULL	NULL	NULL
missed	614968	B>A	Centras–Konstitucijos pr.–Šeškinė–Fabijoniškės	434	NULL	NULL	NULL	NULL	NULL	NULL	NULL	56	Autobusai	56	01-ž		469	NULL	NULL	NULL
missed	614968	A>B	Fabijoniškės–Šeškinė–Konstitucijos pr.–Centras	473	NULL	NULL	NULL	NULL	NULL	NULL	NULL	56	Autobusai	56	01-ž		509	NULL	NULL	NULL
missed	614968	B>A	Centras–Konstitucijos pr.–Šeškinė–Fabijoniškės	515	NULL	NULL	NULL	NULL	NULL	NULL	NULL	56	Autobusai	56	01-ž		550	NULL	NULL	NULL
missed	614968	A>B	Fabijoniškės–Šeškinė–Konstitucijos pr.–Centras	580	NULL	NULL	NULL	NULL	NULL	NULL	NULL	56	Autobusai	56	01-ž		610	NULL	NULL	NULL
missed	614968	B>A	Centras–Konstitucijos pr.–Šeškinė–Fabijoniškės	615	NULL	NULL	NULL	NULL	NULL	NULL	NULL	56	Autobusai	56	01-ž		649	NULL	NULL	NULL
missed	614968	A>B	Fabijoniškės–Šeškinė–Konstitucijos pr.–Centras	654	NULL	NULL	NULL	NULL	NULL	NULL	NULL	56	Autobusai	56	01-ž		684	NULL	NULL	NULL
missed	614968	B>A	Centras–Konstitucijos pr.–Šeškinė–Fabijoniškės	689	NULL	NULL	NULL	NULL	NULL	NULL	NULL	56	Autobusai	56	01-ž		723	NULL	NULL	NULL
missed	614968	A>B	Fabijoniškės–Šeškinė–Konstitucijos pr.–Centras	728	NULL	NULL	NULL	NULL	NULL	NULL	NULL	56	Autobusai	56	01-ž		758	NULL	NULL	NULL
missed	614968	B>A	Centras–Konstitucijos pr.–Šeškinė–Fabijoniškės	763	NULL	NULL	NULL	NULL	NULL	NULL	NULL	56	Autobusai	56	01-ž		797	NULL	NULL	NULL
missed	614968	A>B	Fabijoniškės–Šeškinė–Konstitucijos pr.–Centras	802	NULL	NULL	NULL	NULL	NULL	NULL	NULL	56	Autobusai	56	01-ž		832	NULL	NULL	NULL
missed	614968	B>A	Centras–Konstitucijos pr.–Šeškinė–Fabijoniškės	837	NULL	NULL	NULL	NULL	NULL	NULL	NULL	56	Autobusai	56	01-ž		871	NULL	NULL	NULL
missed	614968	A>B	Fabijoniškės–Šeškinė–Konstitucijos pr.–Centras	880	NULL	NULL	NULL	NULL	NULL	NULL	NULL	56	Autobusai	56	01-ž		910	NULL	NULL	NULL
missed	614968	B>A	Centras–Konstitucijos pr.–Šeškinė–Fabijoniškės	915	NULL	NULL	NULL	NULL	NULL	NULL	NULL	56	Autobusai	56	01-ž		949	NULL	NULL	NULL
missed	614968	A>B	Fabijoniškės–Šeškinė–Konstitucijos pr.–Centras	954	NULL	NULL	NULL	NULL	NULL	NULL	NULL	56	Autobusai	56	01-ž		984	NULL	NULL	NULL
missed	614968	B>A	Centras–Konstitucijos pr.–Šeškinė–Fabijoniškės	989	NULL	NULL	NULL	NULL	NULL	NULL	NULL	56	Autobusai	56	01-ž		1024	NULL	NULL	NULL
missed	614968	A>B	Fabijoniškės–Šeškinė–Konstitucijos pr.–Centras	1030	NULL	NULL	NULL	NULL	NULL	NULL	NULL	56	Autobusai	56	01-ž		1062	NULL	NULL	NULL
missed	614968	B>A	Centras–Konstitucijos pr.–Šeškinė–Fabijoniškės	1068	NULL	NULL	NULL	NULL	NULL	NULL	NULL	56	Autobusai	56	01-ž		1103	NULL	NULL	NULL
missed	614968	A>B	Fabijoniškės–Šeškinė–Konstitucijos pr.–Centras	1144	NULL	NULL	NULL	NULL	NULL	NULL	NULL	56	Autobusai	56	01-ž		1174	NULL	NULL	NULL
missed	614968	B>A	Centras–Konstitucijos pr.–Šeškinė–Fabijoniškės	1184	NULL	NULL	NULL	NULL	NULL	NULL	NULL	56	Autobusai	56	01-ž		1217	NULL	NULL	NULL
missed	614968	A>B	Fabijoniškės–Šeškinė–Konstitucijos pr.–Centras	1223	NULL	NULL	NULL	NULL	NULL	NULL	NULL	56	Autobusai	56	01-ž		1252	NULL	NULL	NULL
missed	614968	B>A	Centras–Konstitucijos pr.–Šeškinė–Fabijoniškės	1257	NULL	NULL	NULL	NULL	NULL	NULL	NULL	56	Autobusai	56	01-ž		1287	NULL	NULL	NULL
missed	614968	A>B	Fabijoniškės–Šeškinė–Konstitucijos pr.–Centras	1295	NULL	NULL	NULL	NULL	NULL	NULL	NULL	56	Autobusai	56	01-ž		1324	NULL	NULL	NULL
missed	614968	B>A	Centras–Konstitucijos pr.–Šeškinė–Fabijoniškės	1331	NULL	NULL	NULL	NULL	NULL	NULL	NULL	56	Autobusai	56	01-ž		1361	NULL	NULL	NULL
missed	614969	A>B	Fabijoniškės–Šeškinė–Konstitucijos pr.–Centras	382	NULL	NULL	NULL	NULL	NULL	NULL	NULL	56	Autobusai	56	02		412	NULL	NULL	NULL
missed	614969	B>A	Centras–Konstitucijos pr.–Šeškinė–Fabijoniškės	417	NULL	NULL	NULL	NULL	NULL	NULL	NULL	56	Autobusai	56	02		452	NULL	NULL	NULL
missed	614969	A>B	Fabijoniškės–Šeškinė–Konstitucijos pr.–Centras	456	NULL	NULL	NULL	NULL	NULL	NULL	NULL	56	Autobusai	56	02		492	NULL	NULL	NULL
missed	614969	B>A	Centras–Konstitucijos pr.–Šeškinė–Fabijoniškės	498	NULL	NULL	NULL	NULL	NULL	NULL	NULL	56	Autobusai	56	02		533	NULL	NULL	NULL
missed	614969	A>B	Fabijoniškės–Šeškinė–Konstitucijos pr.–Centras	549	NULL	NULL	NULL	NULL	NULL	NULL	NULL	56	Autobusai	56	02		579	NULL	NULL	NULL
missed	614969	B>A	Centras–Konstitucijos pr.–Šeškinė–Fabijoniškės	584	NULL	NULL	NULL	NULL	NULL	NULL	NULL	56	Autobusai	56	02		618	NULL	NULL	NULL
missed	614969	A>B	Fabijoniškės–Šeškinė–Konstitucijos pr.–Centras	971	NULL	NULL	NULL	NULL	NULL	NULL	NULL	56	Autobusai	56	02		1002	NULL	NULL	NULL
missed	614969	B>A	Centras–Konstitucijos pr.–Šeškinė–Fabijoniškės	1007	NULL	NULL	NULL	NULL	NULL	NULL	NULL	56	Autobusai	56	02		1042	NULL	NULL	NULL
missed	614969	A>B	Fabijoniškės–Šeškinė–Konstitucijos pr.–Centras	1047	NULL	NULL	NULL	NULL	NULL	NULL	NULL	56	Autobusai	56	02		1079	NULL	NULL	NULL
missed	614969	B>A	Centras–Konstitucijos pr.–Šeškinė–Fabijoniškės	1086	NULL	NULL	NULL	NULL	NULL	NULL	NULL	56	Autobusai	56	02		1121	NULL	NULL	NULL
missed	614969	A>B	Fabijoniškės–Šeškinė–Konstitucijos pr.–Centras	1126	NULL	NULL	NULL	NULL	NULL	NULL	NULL	56	Autobusai	56	02		1157	NULL	NULL	NULL
missed	614969	B>A	Centras–Konstitucijos pr.–Šeškinė–Fabijoniškės	1163	NULL	NULL	NULL	NULL	NULL	NULL	NULL	56	Autobusai	56	02		1198	NULL	NULL	NULL
missed	614970	A>B	Fabijoniškės–Šeškinė–Konstitucijos pr.–Centras	300	NULL	NULL	NULL	NULL	NULL	NULL	NULL	56	Autobusai	56	03		328	NULL	NULL	NULL
missed	614970	B>A	Centras–Konstitucijos pr.–Šeškinė–Fabijoniškės	333	NULL	NULL	NULL	NULL	NULL	NULL	NULL	56	Autobusai	56	03		363	NULL	NULL	NULL
missed	614970	A>B	Fabijoniškės–Šeškinė–Konstitucijos pr.–Centras	366	NULL	NULL	NULL	NULL	NULL	NULL	NULL	56	Autobusai	56	03		395	NULL	NULL	NULL
missed	614970	B>A	Centras–Konstitucijos pr.–Šeškinė–Fabijoniškės	400	NULL	NULL	NULL	NULL	NULL	NULL	NULL	56	Autobusai	56	03		433	NULL	NULL	NULL
missed	614970	A>B	Fabijoniškės–Šeškinė–Konstitucijos pr.–Centras	441	NULL	NULL	NULL	NULL	NULL	NULL	NULL	56	Autobusai	56	03		477	NULL	NULL	NULL
missed	614970	B>A	Centras–Konstitucijos pr.–Šeškinė–Fabijoniškės	483	NULL	NULL	NULL	NULL	NULL	NULL	NULL	56	Autobusai	56	03		518	NULL	NULL	NULL
missed	614970	A>B	Fabijoniškės–Šeškinė–Konstitucijos pr.–Centras	523	NULL	NULL	NULL	NULL	NULL	NULL	NULL	56	Autobusai	56	03		557	NULL	NULL	NULL
missed	614970	B>A	Centras–Konstitucijos pr.–Šeškinė–Fabijoniškės	565	NULL	NULL	NULL	NULL	NULL	NULL	NULL	56	Autobusai	56	03		600	NULL	NULL	NULL
missed	614970	A>B	Fabijoniškės–Šeškinė–Konstitucijos pr.–Centras	630	NULL	NULL	NULL	NULL	NULL	NULL	NULL	56	Autobusai	56	03		659	NULL	NULL	NULL
missed	614970	B>A	Centras–Konstitucijos pr.–Šeškinė–Fabijoniškės	664	NULL	NULL	NULL	NULL	NULL	NULL	NULL	56	Autobusai	56	03		698	NULL	NULL	NULL
missed	614970	A>B	Fabijoniškės–Šeškinė–Konstitucijos pr.–Centras	701	NULL	NULL	NULL	NULL	NULL	NULL	NULL	56	Autobusai	56	03		730	NULL	NULL	NULL
missed	614970	B>A	Centras–Konstitucijos pr.–Šeškinė–Fabijoniškės	736	NULL	NULL	NULL	NULL	NULL	NULL	NULL	56	Autobusai	56	03		770	NULL	NULL	NULL
missed	614970	A>B	Fabijoniškės–Šeškinė–Konstitucijos pr.–Centras	777	NULL	NULL	NULL	NULL	NULL	NULL	NULL	56	Autobusai	56	03		807	NULL	NULL	NULL
missed	614970	B>A	Centras–Konstitucijos pr.–Šeškinė–Fabijoniškės	812	NULL	NULL	NULL	NULL	NULL	NULL	NULL	56	Autobusai	56	03		846	NULL	NULL	NULL
missed	614970	A>B	Fabijoniškės–Šeškinė–Konstitucijos pr.–Centras	855	NULL	NULL	NULL	NULL	NULL	NULL	NULL	56	Autobusai	56	03		885	NULL	NULL	NULL
missed	614970	B>A	Centras–Konstitucijos pr.–Šeškinė–Fabijoniškės	890	NULL	NULL	NULL	NULL	NULL	NULL	NULL	56	Autobusai	56	03		924	NULL	NULL	NULL
missed	614970	A>B	Fabijoniškės–Šeškinė–Konstitucijos pr.–Centras	928	NULL	NULL	NULL	NULL	NULL	NULL	NULL	56	Autobusai	56	03		958	NULL	NULL	NULL
missed	614970	B>A	Centras–Konstitucijos pr.–Šeškinė–Fabijoniškės	963	NULL	NULL	NULL	NULL	NULL	NULL	NULL	56	Autobusai	56	03		998	NULL	NULL	NULL
missed	614970	A>B	Fabijoniškės–Šeškinė–Konstitucijos pr.–Centras	1009	NULL	NULL	NULL	NULL	NULL	NULL	NULL	56	Autobusai	56	03		1040	NULL	NULL	NULL
missed	614970	B>A	Centras–Konstitucijos pr.–Šeškinė–Fabijoniškės	1046	NULL	NULL	NULL	NULL	NULL	NULL	NULL	56	Autobusai	56	03		1081	NULL	NULL	NULL
missed	614970	A>B	Fabijoniškės–Šeškinė–Konstitucijos pr.–Centras	1093	NULL	NULL	NULL	NULL	NULL	NULL	NULL	56	Autobusai	56	03		1125	NULL	NULL	NULL
missed	614970	B>A	Centras–Konstitucijos pr.–Šeškinė–Fabijoniškės	1133	NULL	NULL	NULL	NULL	NULL	NULL	NULL	56	Autobusai	56	03		1168	NULL	NULL	NULL
missed	614970	A>B	Fabijoniškės–Šeškinė–Konstitucijos pr.–Centras	1198	NULL	NULL	NULL	NULL	NULL	NULL	NULL	56	Autobusai	56	03		1227	NULL	NULL	NULL
missed	614970	B>A	Centras–Konstitucijos pr.–Šeškinė–Fabijoniškės	1235	NULL	NULL	NULL	NULL	NULL	NULL	NULL	56	Autobusai	56	03		1265	NULL	NULL	NULL
missed	614970	A>B	Fabijoniškės–Šeškinė–Konstitucijos pr.–Centras	1271	NULL	NULL	NULL	NULL	NULL	NULL	NULL	56	Autobusai	56	03		1300	NULL	NULL	NULL
missed	614970	B>A	Centras–Konstitucijos pr.–Šeškinė–Fabijoniškės	1306	NULL	NULL	NULL	NULL	NULL	NULL	NULL	56	Autobusai	56	03		1336	NULL	NULL	NULL
missed	614970	A>B	Fabijoniškės–Šeškinė–Konstitucijos pr.–Centras	1347	NULL	NULL	NULL	NULL	NULL	NULL	NULL	56	Autobusai	56	03		1376	NULL	NULL	NULL
missed	614970	B>A	Centras–Konstitucijos pr.–Šeškinė–Fabijoniškės	1384	NULL	NULL	NULL	NULL	NULL	NULL	NULL	56	Autobusai	56	03		1414	NULL	NULL	NULL
missed	614971	A>B	Fabijoniškės–Šeškinė–Konstitucijos pr.–Centras	343	NULL	NULL	NULL	NULL	NULL	NULL	NULL	56	Autobusai	56	04		371	NULL	NULL	NULL
missed	614971	B>A	Centras–Konstitucijos pr.–Šeškinė–Fabijoniškės	376	NULL	NULL	NULL	NULL	NULL	NULL	NULL	56	Autobusai	56	04		408	NULL	NULL	NULL
missed	614971	A>B	Fabijoniškės–Šeškinė–Konstitucijos pr.–Centras	411	NULL	NULL	NULL	NULL	NULL	NULL	NULL	56	Autobusai	56	04		444	NULL	NULL	NULL
missed	614971	B>A	Centras–Konstitucijos pr.–Šeškinė–Fabijoniškės	449	NULL	NULL	NULL	NULL	NULL	NULL	NULL	56	Autobusai	56	04		484	NULL	NULL	NULL
missed	614971	A>B	Fabijoniškės–Šeškinė–Konstitucijos pr.–Centras	488	NULL	NULL	NULL	NULL	NULL	NULL	NULL	56	Autobusai	56	04		522	NULL	NULL	NULL
missed	614971	B>A	Centras–Konstitucijos pr.–Šeškinė–Fabijoniškės	528	NULL	NULL	NULL	NULL	NULL	NULL	NULL	56	Autobusai	56	04		563	NULL	NULL	NULL
missed	614971	A>B	Fabijoniškės–Šeškinė–Konstitucijos pr.–Centras	603	NULL	NULL	NULL	NULL	NULL	NULL	NULL	56	Autobusai	56	04		633	NULL	NULL	NULL
missed	614971	B>A	Centras–Konstitucijos pr.–Šeškinė–Fabijoniškės	638	NULL	NULL	NULL	NULL	NULL	NULL	NULL	56	Autobusai	56	04		672	NULL	NULL	NULL
missed	614971	A>B	Fabijoniškės–Šeškinė–Konstitucijos pr.–Centras	677	NULL	NULL	NULL	NULL	NULL	NULL	NULL	56	Autobusai	56	04		707	NULL	NULL	NULL
missed	614971	B>A	Centras–Konstitucijos pr.–Šeškinė–Fabijoniškės	712	NULL	NULL	NULL	NULL	NULL	NULL	NULL	56	Autobusai	56	04		746	NULL	NULL	NULL
missed	614971	A>B	Fabijoniškės–Šeškinė–Konstitucijos pr.–Centras	750	NULL	NULL	NULL	NULL	NULL	NULL	NULL	56	Autobusai	56	04		780	NULL	NULL	NULL
missed	614971	B>A	Centras–Konstitucijos pr.–Šeškinė–Fabijoniškės	785	NULL	NULL	NULL	NULL	NULL	NULL	NULL	56	Autobusai	56	04		819	NULL	NULL	NULL
missed	614971	A>B	Fabijoniškės–Šeškinė–Konstitucijos pr.–Centras	823	NULL	NULL	NULL	NULL	NULL	NULL	NULL	56	Autobusai	56	04		853	NULL	NULL	NULL
missed	614971	B>A	Centras–Konstitucijos pr.–Šeškinė–Fabijoniškės	864	NULL	NULL	NULL	NULL	NULL	NULL	NULL	56	Autobusai	56	04		898	NULL	NULL	NULL
missed	614971	A>B	Fabijoniškės–Šeškinė–Konstitucijos pr.–Centras	903	NULL	NULL	NULL	NULL	NULL	NULL	NULL	56	Autobusai	56	04		933	NULL	NULL	NULL
missed	614971	B>A	Centras–Konstitucijos pr.–Šeškinė–Fabijoniškės	940	NULL	NULL	NULL	NULL	NULL	NULL	NULL	56	Autobusai	56	04		974	NULL	NULL	NULL
missed	614971	A>B	Fabijoniškės–Šeškinė–Konstitucijos pr.–Centras	989	NULL	NULL	NULL	NULL	NULL	NULL	NULL	56	Autobusai	56	04		1020	NULL	NULL	NULL
missed	614971	B>A	Centras–Konstitucijos pr.–Šeškinė–Fabijoniškės	1026	NULL	NULL	NULL	NULL	NULL	NULL	NULL	56	Autobusai	56	04		1061	NULL	NULL	NULL
missed	614971	A>B	Fabijoniškės–Šeškinė–Konstitucijos pr.–Centras	1067	NULL	NULL	NULL	NULL	NULL	NULL	NULL	56	Autobusai	56	04		1099	NULL	NULL	NULL
missed	614971	B>A	Centras–Konstitucijos pr.–Šeškinė–Fabijoniškės	1108	NULL	NULL	NULL	NULL	NULL	NULL	NULL	56	Autobusai	56	04		1143	NULL	NULL	NULL
missed	614971	A>B	Fabijoniškės–Šeškinė–Konstitucijos pr.–Centras	1173	NULL	NULL	NULL	NULL	NULL	NULL	NULL	56	Autobusai	56	04		1203	NULL	NULL	NULL
missed	614971	B>A	Centras–Konstitucijos pr.–Šeškinė–Fabijoniškės	1208	NULL	NULL	NULL	NULL	NULL	NULL	NULL	56	Autobusai	56	04		1240	NULL	NULL	NULL
missed	614971	A>B	Fabijoniškės–Šeškinė–Konstitucijos pr.–Centras	1244	NULL	NULL	NULL	NULL	NULL	NULL	NULL	56	Autobusai	56	04		1273	NULL	NULL	NULL
missed	614971	B>A	Centras–Konstitucijos pr.–Šeškinė–Fabijoniškės	1281	NULL	NULL	NULL	NULL	NULL	NULL	NULL	56	Autobusai	56	04		1311	NULL	NULL	NULL
missed	614971	A>B	Fabijoniškės–Šeškinė–Konstitucijos pr.–Centras	1318	NULL	NULL	NULL	NULL	NULL	NULL	NULL	56	Autobusai	56	04		1347	NULL	NULL	NULL
missed	614971	B>A	Centras–Konstitucijos pr.–Šeškinė–Fabijoniškės	1355	NULL	NULL	NULL	NULL	NULL	NULL	NULL	56	Autobusai	56	04		1385	NULL	NULL	NULL
missed	614972	A>B	Fabijoniškės–Šeškinė–Konstitucijos pr.–Centras	426	NULL	NULL	NULL	NULL	NULL	NULL	NULL	56	Autobusai	56	05		462	NULL	NULL	NULL
missed	614972	B>A	Centras–Konstitucijos pr.–Šeškinė–Fabijoniškės	467	NULL	NULL	NULL	NULL	NULL	NULL	NULL	56	Autobusai	56	05		501	NULL	NULL	NULL
missed	614972	A>B	Fabijoniškės–Šeškinė–Konstitucijos pr.–Centras	506	NULL	NULL	NULL	NULL	NULL	NULL	NULL	56	Autobusai	56	05		540	NULL	NULL	NULL
missed	614972	B>A	Centras–Konstitucijos pr.–Šeškinė–Fabijoniškės	546	NULL	NULL	NULL	NULL	NULL	NULL	NULL	56	Autobusai	56	05		580	NULL	NULL	NULL
missed	635421	B>A	Bajorai–Jeruzalė–Ateities g.–Fabijoniškės	320	NULL	NULL	NULL	NULL	NULL	NULL	NULL	57	Autobusai	57	01		345	NULL	NULL	NULL
missed	635421	A>B	Fabijoniškės–Ateities g.–Jeruzalė–Bajorai	354	NULL	NULL	NULL	NULL	NULL	NULL	NULL	57	Autobusai	57	01		377	NULL	NULL	NULL
missed	635421	B>A	Bajorai–Jeruzalė–Ateities g.–Fabijoniškės	377	NULL	NULL	NULL	NULL	NULL	NULL	NULL	57	Autobusai	57	01		402	NULL	NULL	NULL
missed	635421	A>B	Fabijoniškės–Ateities g.–Jeruzalė–Bajorai	412	NULL	NULL	NULL	NULL	NULL	NULL	NULL	57	Autobusai	57	01		435	NULL	NULL	NULL
missed	635421	B>A	Bajorai–Jeruzalė–Ateities g.–Fabijoniškės	435	NULL	NULL	NULL	NULL	NULL	NULL	NULL	57	Autobusai	57	01		461	NULL	NULL	NULL
missed	635421	A>B	Fabijoniškės–Ateities g.–Jeruzalė–Bajorai	469	NULL	NULL	NULL	NULL	NULL	NULL	NULL	57	Autobusai	57	01		493	NULL	NULL	NULL
missed	635421	B>A	Bajorai–Jeruzalė–Ateities g.–Fabijoniškės	493	NULL	NULL	NULL	NULL	NULL	NULL	NULL	57	Autobusai	57	01		519	NULL	NULL	NULL
missed	635421	A>B	Fabijoniškės–Ateities g.–Jeruzalė–Bajorai	526	NULL	NULL	NULL	NULL	NULL	NULL	NULL	57	Autobusai	57	01		550	NULL	NULL	NULL
missed	635421	B>A	Bajorai–Jeruzalė–Ateities g.–Fabijoniškės	550	NULL	NULL	NULL	NULL	NULL	NULL	NULL	57	Autobusai	57	01		576	NULL	NULL	NULL
missed	635421	A>B	Fabijoniškės–Ateities g.–Jeruzalė–Bajorai	606	NULL	NULL	NULL	NULL	NULL	NULL	NULL	57	Autobusai	57	01		630	NULL	NULL	NULL
missed	635421	B>A	Bajorai–Jeruzalė–Ateities g.–Fabijoniškės	630	NULL	NULL	NULL	NULL	NULL	NULL	NULL	57	Autobusai	57	01		656	NULL	NULL	NULL
missed	635421	A>B	Fabijoniškės–Ateities g.–Jeruzalė–Bajorai	663	NULL	NULL	NULL	NULL	NULL	NULL	NULL	57	Autobusai	57	01		687	NULL	NULL	NULL
missed	635421	B>A	Bajorai–Jeruzalė–Ateities g.–Fabijoniškės	687	NULL	NULL	NULL	NULL	NULL	NULL	NULL	57	Autobusai	57	01		713	NULL	NULL	NULL
missed	635421	A>B	Fabijoniškės–Ateities g.–Jeruzalė–Bajorai	720	NULL	NULL	NULL	NULL	NULL	NULL	NULL	57	Autobusai	57	01		744	NULL	NULL	NULL
missed	635421	B>A	Bajorai–Jeruzalė–Ateities g.–Fabijoniškės	744	NULL	NULL	NULL	NULL	NULL	NULL	NULL	57	Autobusai	57	01		770	NULL	NULL	NULL
missed	635421	A>B	Fabijoniškės–Ateities g.–Jeruzalė–Bajorai	780	NULL	NULL	NULL	NULL	NULL	NULL	NULL	57	Autobusai	57	01		804	NULL	NULL	NULL
missed	635421	B>A	Bajorai–Jeruzalė–Ateities g.–Fabijoniškės	804	NULL	NULL	NULL	NULL	NULL	NULL	NULL	57	Autobusai	57	01		830	NULL	NULL	NULL
missed	635421	A>B	Fabijoniškės–Ateities g.–Jeruzalė–Bajorai	847	NULL	NULL	NULL	NULL	NULL	NULL	NULL	57	Autobusai	57	01		871	NULL	NULL	NULL
missed	635421	B>A	Bajorai–Jeruzalė–Ateities g.–Fabijoniškės	871	NULL	NULL	NULL	NULL	NULL	NULL	NULL	57	Autobusai	57	01		897	NULL	NULL	NULL
missed	635421	A>B	Fabijoniškės–Ateities g.–Jeruzalė–Bajorai	905	NULL	NULL	NULL	NULL	NULL	NULL	NULL	57	Autobusai	57	01		929	NULL	NULL	NULL
missed	635421	B>A	Bajorai–Jeruzalė–Ateities g.–Fabijoniškės	929	NULL	NULL	NULL	NULL	NULL	NULL	NULL	57	Autobusai	57	01		955	NULL	NULL	NULL
missed	635421	A>B	Fabijoniškės–Ateities g.–Jeruzalė–Bajorai	963	NULL	NULL	NULL	NULL	NULL	NULL	NULL	57	Autobusai	57	01		987	NULL	NULL	NULL
missed	635421	B>A	Bajorai–Jeruzalė–Ateities g.–Fabijoniškės	987	NULL	NULL	NULL	NULL	NULL	NULL	NULL	57	Autobusai	57	01		1013	NULL	NULL	NULL
missed	635421	A>B	Fabijoniškės–Ateities g.–Jeruzalė–Bajorai	1023	NULL	NULL	NULL	NULL	NULL	NULL	NULL	57	Autobusai	57	01		1047	NULL	NULL	NULL
missed	635421	B>A	Bajorai–Jeruzalė–Ateities g.–Fabijoniškės	1047	NULL	NULL	NULL	NULL	NULL	NULL	NULL	57	Autobusai	57	01		1073	NULL	NULL	NULL
missed	635421	A>B	Fabijoniškės–Ateities g.–Jeruzalė–Bajorai	1088	NULL	NULL	NULL	NULL	NULL	NULL	NULL	57	Autobusai	57	01		1112	NULL	NULL	NULL
missed	635421	B>A	Bajorai–Jeruzalė–Ateities g.–Fabijoniškės	1112	NULL	NULL	NULL	NULL	NULL	NULL	NULL	57	Autobusai	57	01		1138	NULL	NULL	NULL
missed	635421	A>B	Fabijoniškės–Ateities g.–Jeruzalė–Bajorai	1168	NULL	NULL	NULL	NULL	NULL	NULL	NULL	57	Autobusai	57	01		1192	NULL	NULL	NULL
missed	635421	B>A	Bajorai–Jeruzalė–Ateities g.–Fabijoniškės	1192	NULL	NULL	NULL	NULL	NULL	NULL	NULL	57	Autobusai	57	01		1217	NULL	NULL	NULL
missed	635421	A>B	Fabijoniškės–Ateities g.–Jeruzalė–Bajorai	1235	NULL	NULL	NULL	NULL	NULL	NULL	NULL	57	Autobusai	57	01		1258	NULL	NULL	NULL
missed	635421	B>A	Bajorai–Jeruzalė–Ateities g.–Fabijoniškės	1258	NULL	NULL	NULL	NULL	NULL	NULL	NULL	57	Autobusai	57	01		1283	NULL	NULL	NULL
missed	635421	A>B	Fabijoniškės–Ateities g.–Jeruzalė–Bajorai	1302	NULL	NULL	NULL	NULL	NULL	NULL	NULL	57	Autobusai	57	01		1325	NULL	NULL	NULL
missed	635421	B>A	Bajorai–Jeruzalė–Ateities g.–Fabijoniškės	1325	NULL	NULL	NULL	NULL	NULL	NULL	NULL	57	Autobusai	57	01		1350	NULL	NULL	NULL
missed	635421	A>B	Fabijoniškės–Ateities g.–Jeruzalė–Bajorai	1360	NULL	NULL	NULL	NULL	NULL	NULL	NULL	57	Autobusai	57	01		1383	NULL	NULL	NULL
missed	663261	B>A	Guriai–Kalnėnai–Minsko pl.–Dzūkų g.–Stotis	326	NULL	NULL	NULL	NULL	NULL	NULL	NULL	58	Autobusai	58	01		351	NULL	NULL	NULL
missed	663261	A>B	Stotis–Dzūkų g.–Minsko pl.–Kalnėnai–Guriai	358	NULL	NULL	NULL	NULL	NULL	NULL	NULL	58	Autobusai	58	01		384	NULL	NULL	NULL
missed	663261	B>A	Guriai–Kalnėnai–Minsko pl.–Dzūkų g.–Stotis	389	NULL	NULL	NULL	NULL	NULL	NULL	NULL	58	Autobusai	58	01		414	NULL	NULL	NULL
missed	663261	A>B	Stotis–Dzūkų g.–Minsko pl.–Kalnėnai–Guriai	421	NULL	NULL	NULL	NULL	NULL	NULL	NULL	58	Autobusai	58	01		447	NULL	NULL	NULL
missed	663261	B>A	Guriai–Kalnėnai–Minsko pl.–Dzūkų g.–Stotis	452	NULL	NULL	NULL	NULL	NULL	NULL	NULL	58	Autobusai	58	01		481	NULL	NULL	NULL
missed	663261	A>B	Stotis–Dzūkų g.–Minsko pl.–Kalnėnai–Guriai	492	NULL	NULL	NULL	NULL	NULL	NULL	NULL	58	Autobusai	58	01		520	NULL	NULL	NULL
missed	663261	B>A	Guriai–Kalnėnai–Minsko pl.–Dzūkų g.–Stotis	525	NULL	NULL	NULL	NULL	NULL	NULL	NULL	58	Autobusai	58	01		550	NULL	NULL	NULL
missed	663261	A>B	Stotis–Dzūkų g.–Minsko pl.–Kalnėnai–Guriai	583	NULL	NULL	NULL	NULL	NULL	NULL	NULL	58	Autobusai	58	01		609	NULL	NULL	NULL
missed	663261	B>A	Guriai–Kalnėnai–Minsko pl.–Dzūkų g.–Stotis	614	NULL	NULL	NULL	NULL	NULL	NULL	NULL	58	Autobusai	58	01		639	NULL	NULL	NULL
missed	663261	A>B	Stotis–Dzūkų g.–Minsko pl.–Kalnėnai–Guriai	644	NULL	NULL	NULL	NULL	NULL	NULL	NULL	58	Autobusai	58	01		670	NULL	NULL	NULL
missed	663261	B>A	Guriai–Kalnėnai–Minsko pl.–Dzūkų g.–Stotis	675	NULL	NULL	NULL	NULL	NULL	NULL	NULL	58	Autobusai	58	01		700	NULL	NULL	NULL
missed	663261	A>B	Stotis–Dzūkų g.–Minsko pl.–Kalnėnai–Guriai	705	NULL	NULL	NULL	NULL	NULL	NULL	NULL	58	Autobusai	58	01		731	NULL	NULL	NULL
missed	663261	B>A	Guriai–Kalnėnai–Minsko pl.–Dzūkų g.–Stotis	736	NULL	NULL	NULL	NULL	NULL	NULL	NULL	58	Autobusai	58	01		761	NULL	NULL	NULL
missed	663261	A>B	Stotis–Dzūkų g.–Minsko pl.–Kalnėnai–Guriai	766	NULL	NULL	NULL	NULL	NULL	NULL	NULL	58	Autobusai	58	01		792	NULL	NULL	NULL
missed	663261	B>A	Guriai–Kalnėnai–Minsko pl.–Dzūkų g.–Stotis	797	NULL	NULL	NULL	NULL	NULL	NULL	NULL	58	Autobusai	58	01		822	NULL	NULL	NULL
missed	663261	A>B	Stotis–Dzūkų g.–Minsko pl.–Kalnėnai–Guriai	828	NULL	NULL	NULL	NULL	NULL	NULL	NULL	58	Autobusai	58	01		854	NULL	NULL	NULL
missed	663261	B>A	Guriai–Kalnėnai–Minsko pl.–Dzūkų g.–Stotis	864	NULL	NULL	NULL	NULL	NULL	NULL	NULL	58	Autobusai	58	01		889	NULL	NULL	NULL
missed	663261	A>B	Stotis–Dzūkų g.–Minsko pl.–Kalnėnai–Guriai	894	NULL	NULL	NULL	NULL	NULL	NULL	NULL	58	Autobusai	58	01		920	NULL	NULL	NULL
missed	663261	B>A	Guriai–Kalnėnai–Minsko pl.–Dzūkų g.–Stotis	925	NULL	NULL	NULL	NULL	NULL	NULL	NULL	58	Autobusai	58	01		950	NULL	NULL	NULL
missed	663261	A>B	Stotis–Dzūkų g.–Minsko pl.–Kalnėnai–Guriai	957	NULL	NULL	NULL	NULL	NULL	NULL	NULL	58	Autobusai	58	01		983	NULL	NULL	NULL
missed	663261	B>A	Guriai–Kalnėnai–Minsko pl.–Dzūkų g.–Stotis	988	NULL	NULL	NULL	NULL	NULL	NULL	NULL	58	Autobusai	58	01		1013	NULL	NULL	NULL
missed	663261	A>B	Stotis–Dzūkų g.–Minsko pl.–Kalnėnai–Guriai	1023	NULL	NULL	NULL	NULL	NULL	NULL	NULL	58	Autobusai	58	01		1051	NULL	NULL	NULL
missed	663261	B>A	Guriai–Kalnėnai–Minsko pl.–Dzūkų g.–Stotis	1056	NULL	NULL	NULL	NULL	NULL	NULL	NULL	58	Autobusai	58	01		1081	NULL	NULL	NULL
missed	663261	A>B	Stotis–Dzūkų g.–Minsko pl.–Kalnėnai–Guriai	1123	NULL	NULL	NULL	NULL	NULL	NULL	NULL	58	Autobusai	58	01		1151	NULL	NULL	NULL
missed	663261	B>A	Guriai–Kalnėnai–Minsko pl.–Dzūkų g.–Stotis	1156	NULL	NULL	NULL	NULL	NULL	NULL	NULL	58	Autobusai	58	01		1181	NULL	NULL	NULL
missed	663261	A>B	Stotis–Dzūkų g.–Minsko pl.–Kalnėnai–Guriai	1191	NULL	NULL	NULL	NULL	NULL	NULL	NULL	58	Autobusai	58	01		1217	NULL	NULL	NULL
missed	663261	B>A	Guriai–Kalnėnai–Minsko pl.–Dzūkų g.–Stotis	1222	NULL	NULL	NULL	NULL	NULL	NULL	NULL	58	Autobusai	58	01		1247	NULL	NULL	NULL
missed	663261	A>B	Stotis–Dzūkų g.–Minsko pl.–Kalnėnai–Guriai	1257	NULL	NULL	NULL	NULL	NULL	NULL	NULL	58	Autobusai	58	01		1283	NULL	NULL	NULL
missed	663261	B>A	Guriai–Kalnėnai–Minsko pl.–Dzūkų g.–Stotis	1288	NULL	NULL	NULL	NULL	NULL	NULL	NULL	58	Autobusai	58	01		1313	NULL	NULL	NULL
missed	663261	A>B	Stotis–Dzūkų g.–Minsko pl.–Kalnėnai–Guriai	1332	NULL	NULL	NULL	NULL	NULL	NULL	NULL	58	Autobusai	58	01		1358	NULL	NULL	NULL
missed	663261	B>A	Guriai–Kalnėnai–Minsko pl.–Dzūkų g.–Stotis	1363	NULL	NULL	NULL	NULL	NULL	NULL	NULL	58	Autobusai	58	01		1388	NULL	NULL	NULL
missed	663262	A>B	Stotis–Dzūkų g.–Minsko pl.–Kalnėnai–Guriai	327	NULL	NULL	NULL	NULL	NULL	NULL	NULL	58	Autobusai	58	02		353	NULL	NULL	NULL
missed	663262	B>A	Guriai–Kalnėnai–Minsko pl.–Dzūkų g.–Stotis	358	NULL	NULL	NULL	NULL	NULL	NULL	NULL	58	Autobusai	58	02		383	NULL	NULL	NULL
missed	663262	A>B	Stotis–Dzūkų g.–Minsko pl.–Kalnėnai–Guriai	389	NULL	NULL	NULL	NULL	NULL	NULL	NULL	58	Autobusai	58	02		415	NULL	NULL	NULL
missed	663262	B>A	Guriai–Kalnėnai–Minsko pl.–Dzūkų g.–Stotis	420	NULL	NULL	NULL	NULL	NULL	NULL	NULL	58	Autobusai	58	02		449	NULL	NULL	NULL
missed	663262	A>B	Stotis–Dzūkų g.–Minsko pl.–Kalnėnai–Guriai	456	NULL	NULL	NULL	NULL	NULL	NULL	NULL	58	Autobusai	58	02		486	NULL	NULL	NULL
missed	663262	B>A	Guriai–Kalnėnai–Minsko pl.–Dzūkų g.–Stotis	492	NULL	NULL	NULL	NULL	NULL	NULL	NULL	58	Autobusai	58	02		519	NULL	NULL	NULL
missed	663262	A>B	Stotis–Dzūkų g.–Minsko pl.–Kalnėnai–Guriai	526	NULL	NULL	NULL	NULL	NULL	NULL	NULL	58	Autobusai	58	02		552	NULL	NULL	NULL
missed	663262	B>A	Guriai–Kalnėnai–Minsko pl.–Dzūkų g.–Stotis	557	NULL	NULL	NULL	NULL	NULL	NULL	NULL	58	Autobusai	58	02		582	NULL	NULL	NULL
missed	663262	A>B	Stotis–Dzūkų g.–Minsko pl.–Kalnėnai–Guriai	926	NULL	NULL	NULL	NULL	NULL	NULL	NULL	58	Autobusai	58	02		952	NULL	NULL	NULL
missed	663262	B>A	Guriai–Kalnėnai–Minsko pl.–Dzūkų g.–Stotis	957	NULL	NULL	NULL	NULL	NULL	NULL	NULL	58	Autobusai	58	02		982	NULL	NULL	NULL
missed	663262	A>B	Stotis–Dzūkų g.–Minsko pl.–Kalnėnai–Guriai	990	NULL	NULL	NULL	NULL	NULL	NULL	NULL	58	Autobusai	58	02		1016	NULL	NULL	NULL
missed	663262	B>A	Guriai–Kalnėnai–Minsko pl.–Dzūkų g.–Stotis	1022	NULL	NULL	NULL	NULL	NULL	NULL	NULL	58	Autobusai	58	02		1047	NULL	NULL	NULL
missed	663262	A>B	Stotis–Dzūkų g.–Minsko pl.–Kalnėnai–Guriai	1056	NULL	NULL	NULL	NULL	NULL	NULL	NULL	58	Autobusai	58	02		1084	NULL	NULL	NULL
missed	663262	B>A	Guriai–Kalnėnai–Minsko pl.–Dzūkų g.–Stotis	1089	NULL	NULL	NULL	NULL	NULL	NULL	NULL	58	Autobusai	58	02		1114	NULL	NULL	NULL
missed	663083	A>B	Grigiškės–Lazdynai–Laisvės pr.–Žvėrynas	333	NULL	NULL	NULL	NULL	NULL	NULL	NULL	59	Autobusai	59	01-Ž		367	NULL	NULL	NULL
missed	663083	B>A	Žvėrynas–Laisvės pr.–Lazdynai–Grigiškės	375	NULL	NULL	NULL	NULL	NULL	NULL	NULL	59	Autobusai	59	01-Ž		408	NULL	NULL	NULL
missed	663083	A>B	Grigiškės–Lazdynai–Laisvės pr.–Žvėrynas	408	NULL	NULL	NULL	NULL	NULL	NULL	NULL	59	Autobusai	59	01-Ž		445	NULL	NULL	NULL
missed	663083	B>A	Žvėrynas–Laisvės pr.–Lazdynai–Grigiškės	458	NULL	NULL	NULL	NULL	NULL	NULL	NULL	59	Autobusai	59	01-Ž		491	NULL	NULL	NULL
missed	663083	A>B	Grigiškės–Lazdynai–Laisvės pr.–Žvėrynas	491	NULL	NULL	NULL	NULL	NULL	NULL	NULL	59	Autobusai	59	01-Ž		528	NULL	NULL	NULL
missed	663083	B>A	Žvėrynas–Laisvės pr.–Lazdynai–Grigiškės	541	NULL	NULL	NULL	NULL	NULL	NULL	NULL	59	Autobusai	59	01-Ž		574	NULL	NULL	NULL
missed	663083	A>B	Grigiškės–Lazdynai–Laisvės pr.–Žvėrynas	574	NULL	NULL	NULL	NULL	NULL	NULL	NULL	59	Autobusai	59	01-Ž		608	NULL	NULL	NULL
missed	663083	B>A	Žvėrynas–Laisvės pr.–Lazdynai–Grigiškės	643	NULL	NULL	NULL	NULL	NULL	NULL	NULL	59	Autobusai	59	01-Ž		676	NULL	NULL	NULL
missed	663083	A>B	Grigiškės–Lazdynai–Laisvės pr.–Žvėrynas	676	NULL	NULL	NULL	NULL	NULL	NULL	NULL	59	Autobusai	59	01-Ž		710	NULL	NULL	NULL
missed	663083	B>A	Žvėrynas–Laisvės pr.–Lazdynai–Grigiškės	720	NULL	NULL	NULL	NULL	NULL	NULL	NULL	59	Autobusai	59	01-Ž		753	NULL	NULL	NULL
missed	663083	A>B	Grigiškės–Lazdynai–Laisvės pr.–Žvėrynas	753	NULL	NULL	NULL	NULL	NULL	NULL	NULL	59	Autobusai	59	01-Ž		787	NULL	NULL	NULL
missed	663083	B>A	Žvėrynas–Laisvės pr.–Lazdynai–Grigiškės	798	NULL	NULL	NULL	NULL	NULL	NULL	NULL	59	Autobusai	59	01-Ž		831	NULL	NULL	NULL
missed	663083	A>B	Grigiškės–Lazdynai–Laisvės pr.–Žvėrynas	844	NULL	NULL	NULL	NULL	NULL	NULL	NULL	59	Autobusai	59	01-Ž		878	NULL	NULL	NULL
missed	663083	B>A	Žvėrynas–Laisvės pr.–Lazdynai–Grigiškės	888	NULL	NULL	NULL	NULL	NULL	NULL	NULL	59	Autobusai	59	01-Ž		921	NULL	NULL	NULL
missed	663083	A>B	Grigiškės–Lazdynai–Laisvės pr.–Žvėrynas	921	NULL	NULL	NULL	NULL	NULL	NULL	NULL	59	Autobusai	59	01-Ž		955	NULL	NULL	NULL
missed	663083	B>A	Žvėrynas–Laisvės pr.–Lazdynai–Grigiškės	968	NULL	NULL	NULL	NULL	NULL	NULL	NULL	59	Autobusai	59	01-Ž		1001	NULL	NULL	NULL
missed	663083	A>B	Grigiškės–Lazdynai–Laisvės pr.–Žvėrynas	1001	NULL	NULL	NULL	NULL	NULL	NULL	NULL	59	Autobusai	59	01-Ž		1035	NULL	NULL	NULL
missed	663083	B>A	Žvėrynas–Laisvės pr.–Lazdynai–Grigiškės	1052	NULL	NULL	NULL	NULL	NULL	NULL	NULL	59	Autobusai	59	01-Ž		1085	NULL	NULL	NULL
missed	663083	A>B	Grigiškės–Lazdynai–Laisvės pr.–Žvėrynas	1085	NULL	NULL	NULL	NULL	NULL	NULL	NULL	59	Autobusai	59	01-Ž		1119	NULL	NULL	NULL
missed	663083	B>A	Žvėrynas–Laisvės pr.–Lazdynai–Grigiškės	1151	NULL	NULL	NULL	NULL	NULL	NULL	NULL	59	Autobusai	59	01-Ž		1184	NULL	NULL	NULL
missed	663083	A>B	Grigiškės–Lazdynai–Laisvės pr.–Žvėrynas	1184	NULL	NULL	NULL	NULL	NULL	NULL	NULL	59	Autobusai	59	01-Ž		1218	NULL	NULL	NULL
missed	663083	B>A	Žvėrynas–Laisvės pr.–Lazdynai–Grigiškės	1228	NULL	NULL	NULL	NULL	NULL	NULL	NULL	59	Autobusai	59	01-Ž		1261	NULL	NULL	NULL
missed	663083	A>B	Grigiškės–Lazdynai–Laisvės pr.–Žvėrynas	1261	NULL	NULL	NULL	NULL	NULL	NULL	NULL	59	Autobusai	59	01-Ž		1295	NULL	NULL	NULL
missed	663083	B>A	Žvėrynas–Laisvės pr.–Lazdynai–Grigiškės	1312	NULL	NULL	NULL	NULL	NULL	NULL	NULL	59	Autobusai	59	01-Ž		1345	NULL	NULL	NULL
missed	663082	A>B	Grigiškės–Lazdynai–Laisvės pr.–Žvėrynas	383	NULL	NULL	NULL	NULL	NULL	NULL	NULL	59	Autobusai	59	02		417	NULL	NULL	NULL
missed	663082	B>A	Žvėrynas–Laisvės pr.–Lazdynai–Grigiškės	426	NULL	NULL	NULL	NULL	NULL	NULL	NULL	59	Autobusai	59	02		461	NULL	NULL	NULL
missed	663082	A>B	Grigiškės–Lazdynai–Laisvės pr.–Žvėrynas	461	NULL	NULL	NULL	NULL	NULL	NULL	NULL	59	Autobusai	59	02		498	NULL	NULL	NULL
missed	663082	B>A	Žvėrynas–Laisvės pr.–Lazdynai–Grigiškės	510	NULL	NULL	NULL	NULL	NULL	NULL	NULL	59	Autobusai	59	02		545	NULL	NULL	NULL
missed	663082	A>B	Grigiškės–Lazdynai–Laisvės pr.–Žvėrynas	545	NULL	NULL	NULL	NULL	NULL	NULL	NULL	59	Autobusai	59	02		579	NULL	NULL	NULL
missed	663082	B>A	Žvėrynas–Laisvės pr.–Lazdynai–Grigiškės	932	NULL	NULL	NULL	NULL	NULL	NULL	NULL	59	Autobusai	59	02		966	NULL	NULL	NULL
missed	663082	A>B	Grigiškės–Lazdynai–Laisvės pr.–Žvėrynas	966	NULL	NULL	NULL	NULL	NULL	NULL	NULL	59	Autobusai	59	02		1000	NULL	NULL	NULL
missed	663082	B>A	Žvėrynas–Laisvės pr.–Lazdynai–Grigiškės	1018	NULL	NULL	NULL	NULL	NULL	NULL	NULL	59	Autobusai	59	02		1052	NULL	NULL	NULL
missed	663082	A>B	Grigiškės–Lazdynai–Laisvės pr.–Žvėrynas	1052	NULL	NULL	NULL	NULL	NULL	NULL	NULL	59	Autobusai	59	02		1086	NULL	NULL	NULL
missed	663082	B>A	Žvėrynas–Laisvės pr.–Lazdynai–Grigiškės	1105	NULL	NULL	NULL	NULL	NULL	NULL	NULL	59	Autobusai	59	02		1139	NULL	NULL	NULL
missed	663084	B>A	Žvėrynas–Laisvės pr.–Lazdynai–Grigiškės	323	NULL	NULL	NULL	NULL	NULL	NULL	NULL	59	Autobusai	59	03		357	NULL	NULL	NULL
missed	663084	A>B	Grigiškės–Lazdynai–Laisvės pr.–Žvėrynas	357	NULL	NULL	NULL	NULL	NULL	NULL	NULL	59	Autobusai	59	03		391	NULL	NULL	NULL
missed	663084	B>A	Žvėrynas–Laisvės pr.–Lazdynai–Grigiškės	400	NULL	NULL	NULL	NULL	NULL	NULL	NULL	59	Autobusai	59	03		434	NULL	NULL	NULL
missed	663084	A>B	Grigiškės–Lazdynai–Laisvės pr.–Žvėrynas	434	NULL	NULL	NULL	NULL	NULL	NULL	NULL	59	Autobusai	59	03		471	NULL	NULL	NULL
missed	663084	B>A	Žvėrynas–Laisvės pr.–Lazdynai–Grigiškės	479	NULL	NULL	NULL	NULL	NULL	NULL	NULL	59	Autobusai	59	03		512	NULL	NULL	NULL
missed	663084	A>B	Grigiškės–Lazdynai–Laisvės pr.–Žvėrynas	512	NULL	NULL	NULL	NULL	NULL	NULL	NULL	59	Autobusai	59	03		546	NULL	NULL	NULL
missed	663084	B>A	Žvėrynas–Laisvės pr.–Lazdynai–Grigiškės	586	NULL	NULL	NULL	NULL	NULL	NULL	NULL	59	Autobusai	59	03		619	NULL	NULL	NULL
missed	663084	A>B	Grigiškės–Lazdynai–Laisvės pr.–Žvėrynas	619	NULL	NULL	NULL	NULL	NULL	NULL	NULL	59	Autobusai	59	03		653	NULL	NULL	NULL
missed	663084	B>A	Žvėrynas–Laisvės pr.–Lazdynai–Grigiškės	670	NULL	NULL	NULL	NULL	NULL	NULL	NULL	59	Autobusai	59	03		703	NULL	NULL	NULL
missed	663084	A>B	Grigiškės–Lazdynai–Laisvės pr.–Žvėrynas	703	NULL	NULL	NULL	NULL	NULL	NULL	NULL	59	Autobusai	59	03		737	NULL	NULL	NULL
missed	663084	B>A	Žvėrynas–Laisvės pr.–Lazdynai–Grigiškės	748	NULL	NULL	NULL	NULL	NULL	NULL	NULL	59	Autobusai	59	03		781	NULL	NULL	NULL
missed	663084	A>B	Grigiškės–Lazdynai–Laisvės pr.–Žvėrynas	781	NULL	NULL	NULL	NULL	NULL	NULL	NULL	59	Autobusai	59	03		815	NULL	NULL	NULL
missed	663084	B>A	Žvėrynas–Laisvės pr.–Lazdynai–Grigiškės	833	NULL	NULL	NULL	NULL	NULL	NULL	NULL	59	Autobusai	59	03		866	NULL	NULL	NULL
missed	663084	A>B	Grigiškės–Lazdynai–Laisvės pr.–Žvėrynas	866	NULL	NULL	NULL	NULL	NULL	NULL	NULL	59	Autobusai	59	03		900	NULL	NULL	NULL
missed	663084	B>A	Žvėrynas–Laisvės pr.–Lazdynai–Grigiškės	910	NULL	NULL	NULL	NULL	NULL	NULL	NULL	59	Autobusai	59	03		943	NULL	NULL	NULL
missed	663084	A>B	Grigiškės–Lazdynai–Laisvės pr.–Žvėrynas	943	NULL	NULL	NULL	NULL	NULL	NULL	NULL	59	Autobusai	59	03		977	NULL	NULL	NULL
missed	663084	B>A	Žvėrynas–Laisvės pr.–Lazdynai–Grigiškės	988	NULL	NULL	NULL	NULL	NULL	NULL	NULL	59	Autobusai	59	03		1021	NULL	NULL	NULL
missed	663084	A>B	Grigiškės–Lazdynai–Laisvės pr.–Žvėrynas	1021	NULL	NULL	NULL	NULL	NULL	NULL	NULL	59	Autobusai	59	03		1055	NULL	NULL	NULL
missed	663084	B>A	Žvėrynas–Laisvės pr.–Lazdynai–Grigiškės	1085	NULL	NULL	NULL	NULL	NULL	NULL	NULL	59	Autobusai	59	03		1118	NULL	NULL	NULL
missed	663084	A>B	Grigiškės–Lazdynai–Laisvės pr.–Žvėrynas	1118	NULL	NULL	NULL	NULL	NULL	NULL	NULL	59	Autobusai	59	03		1152	NULL	NULL	NULL
missed	663084	B>A	Žvėrynas–Laisvės pr.–Lazdynai–Grigiškės	1182	NULL	NULL	NULL	NULL	NULL	NULL	NULL	59	Autobusai	59	03		1215	NULL	NULL	NULL
missed	663084	A>B	Grigiškės–Lazdynai–Laisvės pr.–Žvėrynas	1215	NULL	NULL	NULL	NULL	NULL	NULL	NULL	59	Autobusai	59	03		1249	NULL	NULL	NULL
missed	663084	B>A	Žvėrynas–Laisvės pr.–Lazdynai–Grigiškės	1267	NULL	NULL	NULL	NULL	NULL	NULL	NULL	59	Autobusai	59	03		1300	NULL	NULL	NULL
missed	663084	A>B	Grigiškės–Lazdynai–Laisvės pr.–Žvėrynas	1300	NULL	NULL	NULL	NULL	NULL	NULL	NULL	59	Autobusai	59	03		1334	NULL	NULL	NULL
missed	663084	B>A	Žvėrynas–Laisvės pr.–Lazdynai–Grigiškės	1348	NULL	NULL	NULL	NULL	NULL	NULL	NULL	59	Autobusai	59	03		1381	NULL	NULL	NULL
missed	614680	B>A	Saulėtekis–Ozo g.–Pašilaičiai	323	NULL	NULL	NULL	NULL	NULL	NULL	NULL	5G	Autobusai	5G	01-ž		356	NULL	NULL	NULL
missed	614680	A>B	Pašilaičiai–Ozo g.–Saulėtekis	366	NULL	NULL	NULL	NULL	NULL	NULL	NULL	5G	Autobusai	5G	01-ž		401	NULL	NULL	NULL
missed	614680	B>A	Saulėtekis–Ozo g.–Pašilaičiai	411	NULL	NULL	NULL	NULL	NULL	NULL	NULL	5G	Autobusai	5G	01-ž		447	NULL	NULL	NULL
missed	614680	A>B	Pašilaičiai–Ozo g.–Saulėtekis	458	NULL	NULL	NULL	NULL	NULL	NULL	NULL	5G	Autobusai	5G	01-ž		501	NULL	NULL	NULL
missed	614680	B>A	Saulėtekis–Ozo g.–Pašilaičiai	511	NULL	NULL	NULL	NULL	NULL	NULL	NULL	5G	Autobusai	5G	01-ž		549	NULL	NULL	NULL
missed	614680	A>B	Pašilaičiai–Ozo g.–Saulėtekis	559	NULL	NULL	NULL	NULL	NULL	NULL	NULL	5G	Autobusai	5G	01-ž		597	NULL	NULL	NULL
missed	614680	B>A	Saulėtekis–Ozo g.–Pašilaičiai	627	NULL	NULL	NULL	NULL	NULL	NULL	NULL	5G	Autobusai	5G	01-ž		662	NULL	NULL	NULL
missed	614680	A>B	Pašilaičiai–Ozo g.–Saulėtekis	672	NULL	NULL	NULL	NULL	NULL	NULL	NULL	5G	Autobusai	5G	01-ž		710	NULL	NULL	NULL
missed	614680	B>A	Saulėtekis–Ozo g.–Pašilaičiai	720	NULL	NULL	NULL	NULL	NULL	NULL	NULL	5G	Autobusai	5G	01-ž		755	NULL	NULL	NULL
missed	614680	A>B	Pašilaičiai–Ozo g.–Saulėtekis	765	NULL	NULL	NULL	NULL	NULL	NULL	NULL	5G	Autobusai	5G	01-ž		803	NULL	NULL	NULL
missed	614680	B>A	Saulėtekis–Ozo g.–Pašilaičiai	813	NULL	NULL	NULL	NULL	NULL	NULL	NULL	5G	Autobusai	5G	01-ž		848	NULL	NULL	NULL
missed	614680	A>B	Pašilaičiai–Ozo g.–Saulėtekis	858	NULL	NULL	NULL	NULL	NULL	NULL	NULL	5G	Autobusai	5G	01-ž		896	NULL	NULL	NULL
missed	614680	B>A	Saulėtekis–Ozo g.–Pašilaičiai	906	NULL	NULL	NULL	NULL	NULL	NULL	NULL	5G	Autobusai	5G	01-ž		941	NULL	NULL	NULL
missed	614680	A>B	Pašilaičiai–Ozo g.–Saulėtekis	951	NULL	NULL	NULL	NULL	NULL	NULL	NULL	5G	Autobusai	5G	01-ž		989	NULL	NULL	NULL
missed	614680	B>A	Saulėtekis–Ozo g.–Pašilaičiai	999	NULL	NULL	NULL	NULL	NULL	NULL	NULL	5G	Autobusai	5G	01-ž		1036	NULL	NULL	NULL
missed	614680	A>B	Pašilaičiai–Ozo g.–Saulėtekis	1048	NULL	NULL	NULL	NULL	NULL	NULL	NULL	5G	Autobusai	5G	01-ž		1087	NULL	NULL	NULL
missed	614680	B>A	Saulėtekis–Ozo g.–Pašilaičiai	1117	NULL	NULL	NULL	NULL	NULL	NULL	NULL	5G	Autobusai	5G	01-ž		1155	NULL	NULL	NULL
missed	614680	A>B	Pašilaičiai–Ozo g.–Saulėtekis	1165	NULL	NULL	NULL	NULL	NULL	NULL	NULL	5G	Autobusai	5G	01-ž		1200	NULL	NULL	NULL
missed	614680	B>A	Saulėtekis–Ozo g.–Pašilaičiai	1210	NULL	NULL	NULL	NULL	NULL	NULL	NULL	5G	Autobusai	5G	01-ž		1246	NULL	NULL	NULL
missed	614680	A>B	Pašilaičiai–Ozo g.–Saulėtekis	1256	NULL	NULL	NULL	NULL	NULL	NULL	NULL	5G	Autobusai	5G	01-ž		1291	NULL	NULL	NULL
missed	614680	B>A	Saulėtekis–Ozo g.–Pašilaičiai	1301	NULL	NULL	NULL	NULL	NULL	NULL	NULL	5G	Autobusai	5G	01-ž		1334	NULL	NULL	NULL
missed	614680	A>B	Pašilaičiai–Ozo g.–Saulėtekis	1344	NULL	NULL	NULL	NULL	NULL	NULL	NULL	5G	Autobusai	5G	01-ž		1379	NULL	NULL	NULL
missed	614682	A>B	Pašilaičiai–Ozo g.–Saulėtekis	401	NULL	NULL	NULL	NULL	NULL	NULL	NULL	5G	Autobusai	5G	02		438	NULL	NULL	NULL
missed	614682	B>A	Saulėtekis–Ozo g.–Pašilaičiai	448	NULL	NULL	NULL	NULL	NULL	NULL	NULL	5G	Autobusai	5G	02		485	NULL	NULL	NULL
missed	614682	A>B	Pašilaičiai–Ozo g.–Saulėtekis	495	NULL	NULL	NULL	NULL	NULL	NULL	NULL	5G	Autobusai	5G	02		539	NULL	NULL	NULL
missed	614682	B>A	Saulėtekis–Ozo g.–Pašilaičiai	549	NULL	NULL	NULL	NULL	NULL	NULL	NULL	5G	Autobusai	5G	02		586	NULL	NULL	NULL
missed	614682	A>B	Pašilaičiai–Ozo g.–Saulėtekis	596	NULL	NULL	NULL	NULL	NULL	NULL	NULL	5G	Autobusai	5G	02		634	NULL	NULL	NULL
missed	614682	B>A	Saulėtekis–Ozo g.–Pašilaičiai	930	NULL	NULL	NULL	NULL	NULL	NULL	NULL	5G	Autobusai	5G	02		965	NULL	NULL	NULL
missed	614682	A>B	Pašilaičiai–Ozo g.–Saulėtekis	975	NULL	NULL	NULL	NULL	NULL	NULL	NULL	5G	Autobusai	5G	02		1014	NULL	NULL	NULL
missed	614682	B>A	Saulėtekis–Ozo g.–Pašilaičiai	1024	NULL	NULL	NULL	NULL	NULL	NULL	NULL	5G	Autobusai	5G	02		1068	NULL	NULL	NULL
missed	614682	A>B	Pašilaičiai–Ozo g.–Saulėtekis	1078	NULL	NULL	NULL	NULL	NULL	NULL	NULL	5G	Autobusai	5G	02		1114	NULL	NULL	NULL
missed	614684	B>A	Saulėtekis–Ozo g.–Pašilaičiai	338	NULL	NULL	NULL	NULL	NULL	NULL	NULL	5G	Autobusai	5G	03		371	NULL	NULL	NULL
missed	614684	A>B	Pašilaičiai–Ozo g.–Saulėtekis	381	NULL	NULL	NULL	NULL	NULL	NULL	NULL	5G	Autobusai	5G	03		416	NULL	NULL	NULL
missed	614684	B>A	Saulėtekis–Ozo g.–Pašilaičiai	426	NULL	NULL	NULL	NULL	NULL	NULL	NULL	5G	Autobusai	5G	03		463	NULL	NULL	NULL
missed	614684	A>B	Pašilaičiai–Ozo g.–Saulėtekis	473	NULL	NULL	NULL	NULL	NULL	NULL	NULL	5G	Autobusai	5G	03		516	NULL	NULL	NULL
missed	614684	B>A	Saulėtekis–Ozo g.–Pašilaičiai	526	NULL	NULL	NULL	NULL	NULL	NULL	NULL	5G	Autobusai	5G	03		563	NULL	NULL	NULL
missed	614684	A>B	Pašilaičiai–Ozo g.–Saulėtekis	573	NULL	NULL	NULL	NULL	NULL	NULL	NULL	5G	Autobusai	5G	03		611	NULL	NULL	NULL
missed	614684	B>A	Saulėtekis–Ozo g.–Pašilaičiai	646	NULL	NULL	NULL	NULL	NULL	NULL	NULL	5G	Autobusai	5G	03		681	NULL	NULL	NULL
missed	614684	A>B	Pašilaičiai–Ozo g.–Saulėtekis	691	NULL	NULL	NULL	NULL	NULL	NULL	NULL	5G	Autobusai	5G	03		729	NULL	NULL	NULL
missed	614684	B>A	Saulėtekis–Ozo g.–Pašilaičiai	739	NULL	NULL	NULL	NULL	NULL	NULL	NULL	5G	Autobusai	5G	03		774	NULL	NULL	NULL
missed	614684	A>B	Pašilaičiai–Ozo g.–Saulėtekis	784	NULL	NULL	NULL	NULL	NULL	NULL	NULL	5G	Autobusai	5G	03		822	NULL	NULL	NULL
missed	614684	B>A	Saulėtekis–Ozo g.–Pašilaičiai	832	NULL	NULL	NULL	NULL	NULL	NULL	NULL	5G	Autobusai	5G	03		867	NULL	NULL	NULL
missed	614684	A>B	Pašilaičiai–Ozo g.–Saulėtekis	877	NULL	NULL	NULL	NULL	NULL	NULL	NULL	5G	Autobusai	5G	03		915	NULL	NULL	NULL
missed	614684	B>A	Saulėtekis–Ozo g.–Pašilaičiai	925	NULL	NULL	NULL	NULL	NULL	NULL	NULL	5G	Autobusai	5G	03		960	NULL	NULL	NULL
missed	614684	A>B	Pašilaičiai–Ozo g.–Saulėtekis	970	NULL	NULL	NULL	NULL	NULL	NULL	NULL	5G	Autobusai	5G	03		1008	NULL	NULL	NULL
missed	614684	B>A	Saulėtekis–Ozo g.–Pašilaičiai	1018	NULL	NULL	NULL	NULL	NULL	NULL	NULL	5G	Autobusai	5G	03		1060	NULL	NULL	NULL
missed	614684	A>B	Pašilaičiai–Ozo g.–Saulėtekis	1070	NULL	NULL	NULL	NULL	NULL	NULL	NULL	5G	Autobusai	5G	03		1106	NULL	NULL	NULL
missed	614684	B>A	Saulėtekis–Ozo g.–Pašilaičiai	1142	NULL	NULL	NULL	NULL	NULL	NULL	NULL	5G	Autobusai	5G	03		1179	NULL	NULL	NULL
missed	614684	A>B	Pašilaičiai–Ozo g.–Saulėtekis	1189	NULL	NULL	NULL	NULL	NULL	NULL	NULL	5G	Autobusai	5G	03		1224	NULL	NULL	NULL
missed	614684	B>A	Saulėtekis–Ozo g.–Pašilaičiai	1238	NULL	NULL	NULL	NULL	NULL	NULL	NULL	5G	Autobusai	5G	03		1273	NULL	NULL	NULL
missed	614684	A>B	Pašilaičiai–Ozo g.–Saulėtekis	1283	NULL	NULL	NULL	NULL	NULL	NULL	NULL	5G	Autobusai	5G	03		1318	NULL	NULL	NULL
missed	614687	A>B	Pašilaičiai–Ozo g.–Saulėtekis	406	NULL	NULL	NULL	NULL	NULL	NULL	NULL	5G	Autobusai	5G	04		444	NULL	NULL	NULL
missed	614687	B>A	Saulėtekis–Ozo g.–Pašilaičiai	454	NULL	NULL	NULL	NULL	NULL	NULL	NULL	5G	Autobusai	5G	04		491	NULL	NULL	NULL
missed	614687	A>B	Pašilaičiai–Ozo g.–Saulėtekis	502	NULL	NULL	NULL	NULL	NULL	NULL	NULL	5G	Autobusai	5G	04		545	NULL	NULL	NULL
missed	614687	B>A	Saulėtekis–Ozo g.–Pašilaičiai	555	NULL	NULL	NULL	NULL	NULL	NULL	NULL	5G	Autobusai	5G	04		592	NULL	NULL	NULL
missed	614687	A>B	Pašilaičiai–Ozo g.–Saulėtekis	602	NULL	NULL	NULL	NULL	NULL	NULL	NULL	5G	Autobusai	5G	04		640	NULL	NULL	NULL
missed	614687	B>A	Saulėtekis–Ozo g.–Pašilaičiai	941	NULL	NULL	NULL	NULL	NULL	NULL	NULL	5G	Autobusai	5G	04		977	NULL	NULL	NULL
missed	614687	A>B	Pašilaičiai–Ozo g.–Saulėtekis	987	NULL	NULL	NULL	NULL	NULL	NULL	NULL	5G	Autobusai	5G	04		1026	NULL	NULL	NULL
missed	614687	B>A	Saulėtekis–Ozo g.–Pašilaičiai	1037	NULL	NULL	NULL	NULL	NULL	NULL	NULL	5G	Autobusai	5G	04		1079	NULL	NULL	NULL
missed	614687	A>B	Pašilaičiai–Ozo g.–Saulėtekis	1092	NULL	NULL	NULL	NULL	NULL	NULL	NULL	5G	Autobusai	5G	04		1128	NULL	NULL	NULL
missed	614685	A>B	Pašilaičiai–Ozo g.–Saulėtekis	320	NULL	NULL	NULL	NULL	NULL	NULL	NULL	5G	Autobusai	5G	05-ž		355	NULL	NULL	NULL
missed	614685	B>A	Saulėtekis–Ozo g.–Pašilaičiai	365	NULL	NULL	NULL	NULL	NULL	NULL	NULL	5G	Autobusai	5G	05-ž		401	NULL	NULL	NULL
missed	614685	A>B	Pašilaičiai–Ozo g.–Saulėtekis	411	NULL	NULL	NULL	NULL	NULL	NULL	NULL	5G	Autobusai	5G	05-ž		453	NULL	NULL	NULL
missed	614685	B>A	Saulėtekis–Ozo g.–Pašilaičiai	463	NULL	NULL	NULL	NULL	NULL	NULL	NULL	5G	Autobusai	5G	05-ž		499	NULL	NULL	NULL
missed	614685	A>B	Pašilaičiai–Ozo g.–Saulėtekis	509	NULL	NULL	NULL	NULL	NULL	NULL	NULL	5G	Autobusai	5G	05-ž		552	NULL	NULL	NULL
missed	614685	B>A	Saulėtekis–Ozo g.–Pašilaičiai	562	NULL	NULL	NULL	NULL	NULL	NULL	NULL	5G	Autobusai	5G	05-ž		599	NULL	NULL	NULL
missed	614685	A>B	Pašilaičiai–Ozo g.–Saulėtekis	609	NULL	NULL	NULL	NULL	NULL	NULL	NULL	5G	Autobusai	5G	05-ž		647	NULL	NULL	NULL
missed	614685	B>A	Saulėtekis–Ozo g.–Pašilaičiai	680	NULL	NULL	NULL	NULL	NULL	NULL	NULL	5G	Autobusai	5G	05-ž		716	NULL	NULL	NULL
missed	614685	A>B	Pašilaičiai–Ozo g.–Saulėtekis	726	NULL	NULL	NULL	NULL	NULL	NULL	NULL	5G	Autobusai	5G	05-ž		764	NULL	NULL	NULL
missed	614685	B>A	Saulėtekis–Ozo g.–Pašilaičiai	774	NULL	NULL	NULL	NULL	NULL	NULL	NULL	5G	Autobusai	5G	05-ž		809	NULL	NULL	NULL
missed	614685	A>B	Pašilaičiai–Ozo g.–Saulėtekis	819	NULL	NULL	NULL	NULL	NULL	NULL	NULL	5G	Autobusai	5G	05-ž		857	NULL	NULL	NULL
missed	614685	B>A	Saulėtekis–Ozo g.–Pašilaičiai	867	NULL	NULL	NULL	NULL	NULL	NULL	NULL	5G	Autobusai	5G	05-ž		903	NULL	NULL	NULL
missed	614685	A>B	Pašilaičiai–Ozo g.–Saulėtekis	912	NULL	NULL	NULL	NULL	NULL	NULL	NULL	5G	Autobusai	5G	05-ž		950	NULL	NULL	NULL
missed	614685	B>A	Saulėtekis–Ozo g.–Pašilaičiai	960	NULL	NULL	NULL	NULL	NULL	NULL	NULL	5G	Autobusai	5G	05-ž		995	NULL	NULL	NULL
missed	614685	A>B	Pašilaičiai–Ozo g.–Saulėtekis	1005	NULL	NULL	NULL	NULL	NULL	NULL	NULL	5G	Autobusai	5G	05-ž		1044	NULL	NULL	NULL
missed	614685	B>A	Saulėtekis–Ozo g.–Pašilaičiai	1054	NULL	NULL	NULL	NULL	NULL	NULL	NULL	5G	Autobusai	5G	05-ž		1097	NULL	NULL	NULL
missed	614685	A>B	Pašilaičiai–Ozo g.–Saulėtekis	1110	NULL	NULL	NULL	NULL	NULL	NULL	NULL	5G	Autobusai	5G	05-ž		1146	NULL	NULL	NULL
missed	614685	B>A	Saulėtekis–Ozo g.–Pašilaičiai	1179	NULL	NULL	NULL	NULL	NULL	NULL	NULL	5G	Autobusai	5G	05-ž		1215	NULL	NULL	NULL
missed	614685	A>B	Pašilaičiai–Ozo g.–Saulėtekis	1225	NULL	NULL	NULL	NULL	NULL	NULL	NULL	5G	Autobusai	5G	05-ž		1260	NULL	NULL	NULL
missed	614685	B>A	Saulėtekis–Ozo g.–Pašilaičiai	1270	NULL	NULL	NULL	NULL	NULL	NULL	NULL	5G	Autobusai	5G	05-ž		1303	NULL	NULL	NULL
missed	614685	A>B	Pašilaičiai–Ozo g.–Saulėtekis	1313	NULL	NULL	NULL	NULL	NULL	NULL	NULL	5G	Autobusai	5G	05-ž		1348	NULL	NULL	NULL
missed	614688	A>B	Pašilaičiai–Ozo g.–Saulėtekis	416	NULL	NULL	NULL	NULL	NULL	NULL	NULL	5G	Autobusai	5G	06		459	NULL	NULL	NULL
missed	614688	B>A	Saulėtekis–Ozo g.–Pašilaičiai	469	NULL	NULL	NULL	NULL	NULL	NULL	NULL	5G	Autobusai	5G	06		507	NULL	NULL	NULL
missed	614688	A>B	Pašilaičiai–Ozo g.–Saulėtekis	517	NULL	NULL	NULL	NULL	NULL	NULL	NULL	5G	Autobusai	5G	06		559	NULL	NULL	NULL
missed	614688	B>A	Saulėtekis–Ozo g.–Pašilaičiai	571	NULL	NULL	NULL	NULL	NULL	NULL	NULL	5G	Autobusai	5G	06		608	NULL	NULL	NULL
missed	614688	A>B	Pašilaičiai–Ozo g.–Saulėtekis	618	NULL	NULL	NULL	NULL	NULL	NULL	NULL	5G	Autobusai	5G	06		656	NULL	NULL	NULL
missed	614688	B>A	Saulėtekis–Ozo g.–Pašilaičiai	953	NULL	NULL	NULL	NULL	NULL	NULL	NULL	5G	Autobusai	5G	06		989	NULL	NULL	NULL
missed	614688	A>B	Pašilaičiai–Ozo g.–Saulėtekis	999	NULL	NULL	NULL	NULL	NULL	NULL	NULL	5G	Autobusai	5G	06		1038	NULL	NULL	NULL
missed	614688	B>A	Saulėtekis–Ozo g.–Pašilaičiai	1048	NULL	NULL	NULL	NULL	NULL	NULL	NULL	5G	Autobusai	5G	06		1091	NULL	NULL	NULL
missed	614688	A>B	Pašilaičiai–Ozo g.–Saulėtekis	1104	NULL	NULL	NULL	NULL	NULL	NULL	NULL	5G	Autobusai	5G	06		1140	NULL	NULL	NULL
missed	614683	A>B	Pašilaičiai–Ozo g.–Saulėtekis	332	NULL	NULL	NULL	NULL	NULL	NULL	NULL	5G	Autobusai	5G	07		367	NULL	NULL	NULL
missed	614683	B>A	Saulėtekis–Ozo g.–Pašilaičiai	377	NULL	NULL	NULL	NULL	NULL	NULL	NULL	5G	Autobusai	5G	07		412	NULL	NULL	NULL
missed	614683	A>B	Pašilaičiai–Ozo g.–Saulėtekis	422	NULL	NULL	NULL	NULL	NULL	NULL	NULL	5G	Autobusai	5G	07		465	NULL	NULL	NULL
missed	614683	B>A	Saulėtekis–Ozo g.–Pašilaičiai	475	NULL	NULL	NULL	NULL	NULL	NULL	NULL	5G	Autobusai	5G	07		513	NULL	NULL	NULL
missed	614683	A>B	Pašilaičiai–Ozo g.–Saulėtekis	523	NULL	NULL	NULL	NULL	NULL	NULL	NULL	5G	Autobusai	5G	07		565	NULL	NULL	NULL
missed	614683	B>A	Saulėtekis–Ozo g.–Pašilaičiai	600	NULL	NULL	NULL	NULL	NULL	NULL	NULL	5G	Autobusai	5G	07		635	NULL	NULL	NULL
missed	614683	A>B	Pašilaičiai–Ozo g.–Saulėtekis	645	NULL	NULL	NULL	NULL	NULL	NULL	NULL	5G	Autobusai	5G	07		683	NULL	NULL	NULL
missed	614683	B>A	Saulėtekis–Ozo g.–Pašilaičiai	692	NULL	NULL	NULL	NULL	NULL	NULL	NULL	5G	Autobusai	5G	07		727	NULL	NULL	NULL
missed	614683	A>B	Pašilaičiai–Ozo g.–Saulėtekis	737	NULL	NULL	NULL	NULL	NULL	NULL	NULL	5G	Autobusai	5G	07		775	NULL	NULL	NULL
missed	614683	B>A	Saulėtekis–Ozo g.–Pašilaičiai	785	NULL	NULL	NULL	NULL	NULL	NULL	NULL	5G	Autobusai	5G	07		820	NULL	NULL	NULL
missed	614683	A>B	Pašilaičiai–Ozo g.–Saulėtekis	830	NULL	NULL	NULL	NULL	NULL	NULL	NULL	5G	Autobusai	5G	07		868	NULL	NULL	NULL
missed	614683	B>A	Saulėtekis–Ozo g.–Pašilaičiai	878	NULL	NULL	NULL	NULL	NULL	NULL	NULL	5G	Autobusai	5G	07		913	NULL	NULL	NULL
missed	614683	A>B	Pašilaičiai–Ozo g.–Saulėtekis	923	NULL	NULL	NULL	NULL	NULL	NULL	NULL	5G	Autobusai	5G	07		961	NULL	NULL	NULL
missed	614683	B>A	Saulėtekis–Ozo g.–Pašilaičiai	971	NULL	NULL	NULL	NULL	NULL	NULL	NULL	5G	Autobusai	5G	07		1008	NULL	NULL	NULL
missed	614683	A>B	Pašilaičiai–Ozo g.–Saulėtekis	1018	NULL	NULL	NULL	NULL	NULL	NULL	NULL	5G	Autobusai	5G	07		1057	NULL	NULL	NULL
missed	614683	B>A	Saulėtekis–Ozo g.–Pašilaičiai	1069	NULL	NULL	NULL	NULL	NULL	NULL	NULL	5G	Autobusai	5G	07		1112	NULL	NULL	NULL
missed	614683	A>B	Pašilaičiai–Ozo g.–Saulėtekis	1123	NULL	NULL	NULL	NULL	NULL	NULL	NULL	5G	Autobusai	5G	07		1158	NULL	NULL	NULL
missed	614683	B>A	Saulėtekis–Ozo g.–Pašilaičiai	1190	NULL	NULL	NULL	NULL	NULL	NULL	NULL	5G	Autobusai	5G	07		1225	NULL	NULL	NULL
missed	614683	A>B	Pašilaičiai–Ozo g.–Saulėtekis	1235	NULL	NULL	NULL	NULL	NULL	NULL	NULL	5G	Autobusai	5G	07		1270	NULL	NULL	NULL
missed	614683	B>A	Saulėtekis–Ozo g.–Pašilaičiai	1280	NULL	NULL	NULL	NULL	NULL	NULL	NULL	5G	Autobusai	5G	07		1313	NULL	NULL	NULL
missed	614683	A>B	Pašilaičiai–Ozo g.–Saulėtekis	1323	NULL	NULL	NULL	NULL	NULL	NULL	NULL	5G	Autobusai	5G	07		1358	NULL	NULL	NULL
missed	614683	B>A	Saulėtekis–Ozo g.–Pašilaičiai	1363	NULL	NULL	NULL	NULL	NULL	NULL	NULL	5G	Autobusai	5G	07		1396	NULL	NULL	NULL
missed	614689	A>B	Pašilaičiai–Ozo g.–Saulėtekis	428	NULL	NULL	NULL	NULL	NULL	NULL	NULL	5G	Autobusai	5G	08		471	NULL	NULL	NULL
missed	614689	B>A	Saulėtekis–Ozo g.–Pašilaičiai	481	NULL	NULL	NULL	NULL	NULL	NULL	NULL	5G	Autobusai	5G	08		519	NULL	NULL	NULL
missed	614689	A>B	Pašilaičiai–Ozo g.–Saulėtekis	529	NULL	NULL	NULL	NULL	NULL	NULL	NULL	5G	Autobusai	5G	08		571	NULL	NULL	NULL
missed	614689	B>A	Saulėtekis–Ozo g.–Pašilaičiai	581	NULL	NULL	NULL	NULL	NULL	NULL	NULL	5G	Autobusai	5G	08		618	NULL	NULL	NULL
missed	614689	A>B	Pašilaičiai–Ozo g.–Saulėtekis	628	NULL	NULL	NULL	NULL	NULL	NULL	NULL	5G	Autobusai	5G	08		666	NULL	NULL	NULL
missed	614689	B>A	Saulėtekis–Ozo g.–Pašilaičiai	966	NULL	NULL	NULL	NULL	NULL	NULL	NULL	5G	Autobusai	5G	08		1001	NULL	NULL	NULL
missed	614689	A>B	Pašilaičiai–Ozo g.–Saulėtekis	1011	NULL	NULL	NULL	NULL	NULL	NULL	NULL	5G	Autobusai	5G	08		1050	NULL	NULL	NULL
missed	614689	B>A	Saulėtekis–Ozo g.–Pašilaičiai	1061	NULL	NULL	NULL	NULL	NULL	NULL	NULL	5G	Autobusai	5G	08		1104	NULL	NULL	NULL
missed	614689	A>B	Pašilaičiai–Ozo g.–Saulėtekis	1116	NULL	NULL	NULL	NULL	NULL	NULL	NULL	5G	Autobusai	5G	08		1151	NULL	NULL	NULL
missed	614686	A>B	Pašilaičiai–Ozo g.–Saulėtekis	344	NULL	NULL	NULL	NULL	NULL	NULL	NULL	5G	Autobusai	5G	09-ž		379	NULL	NULL	NULL
missed	614686	B>A	Saulėtekis–Ozo g.–Pašilaičiai	389	NULL	NULL	NULL	NULL	NULL	NULL	NULL	5G	Autobusai	5G	09-ž		424	NULL	NULL	NULL
missed	614686	A>B	Pašilaičiai–Ozo g.–Saulėtekis	434	NULL	NULL	NULL	NULL	NULL	NULL	NULL	5G	Autobusai	5G	09-ž		477	NULL	NULL	NULL
missed	614686	B>A	Saulėtekis–Ozo g.–Pašilaičiai	487	NULL	NULL	NULL	NULL	NULL	NULL	NULL	5G	Autobusai	5G	09-ž		525	NULL	NULL	NULL
missed	614686	A>B	Pašilaičiai–Ozo g.–Saulėtekis	535	NULL	NULL	NULL	NULL	NULL	NULL	NULL	5G	Autobusai	5G	09-ž		575	NULL	NULL	NULL
missed	614686	B>A	Saulėtekis–Ozo g.–Pašilaičiai	609	NULL	NULL	NULL	NULL	NULL	NULL	NULL	5G	Autobusai	5G	09-ž		645	NULL	NULL	NULL
missed	614686	A>B	Pašilaičiai–Ozo g.–Saulėtekis	654	NULL	NULL	NULL	NULL	NULL	NULL	NULL	5G	Autobusai	5G	09-ž		692	NULL	NULL	NULL
missed	614686	B>A	Saulėtekis–Ozo g.–Pašilaičiai	703	NULL	NULL	NULL	NULL	NULL	NULL	NULL	5G	Autobusai	5G	09-ž		738	NULL	NULL	NULL
missed	614686	A>B	Pašilaičiai–Ozo g.–Saulėtekis	748	NULL	NULL	NULL	NULL	NULL	NULL	NULL	5G	Autobusai	5G	09-ž		786	NULL	NULL	NULL
missed	614686	B>A	Saulėtekis–Ozo g.–Pašilaičiai	796	NULL	NULL	NULL	NULL	NULL	NULL	NULL	5G	Autobusai	5G	09-ž		831	NULL	NULL	NULL
missed	614686	A>B	Pašilaičiai–Ozo g.–Saulėtekis	841	NULL	NULL	NULL	NULL	NULL	NULL	NULL	5G	Autobusai	5G	09-ž		879	NULL	NULL	NULL
missed	614686	B>A	Saulėtekis–Ozo g.–Pašilaičiai	889	NULL	NULL	NULL	NULL	NULL	NULL	NULL	5G	Autobusai	5G	09-ž		924	NULL	NULL	NULL
missed	614686	A>B	Pašilaičiai–Ozo g.–Saulėtekis	934	NULL	NULL	NULL	NULL	NULL	NULL	NULL	5G	Autobusai	5G	09-ž		972	NULL	NULL	NULL
missed	614686	B>A	Saulėtekis–Ozo g.–Pašilaičiai	985	NULL	NULL	NULL	NULL	NULL	NULL	NULL	5G	Autobusai	5G	09-ž		1022	NULL	NULL	NULL
missed	614686	A>B	Pašilaičiai–Ozo g.–Saulėtekis	1032	NULL	NULL	NULL	NULL	NULL	NULL	NULL	5G	Autobusai	5G	09-ž		1071	NULL	NULL	NULL
missed	614686	B>A	Saulėtekis–Ozo g.–Pašilaičiai	1103	NULL	NULL	NULL	NULL	NULL	NULL	NULL	5G	Autobusai	5G	09-ž		1145	NULL	NULL	NULL
missed	614686	A>B	Pašilaičiai–Ozo g.–Saulėtekis	1155	NULL	NULL	NULL	NULL	NULL	NULL	NULL	5G	Autobusai	5G	09-ž		1190	NULL	NULL	NULL
missed	614686	B>A	Saulėtekis–Ozo g.–Pašilaičiai	1200	NULL	NULL	NULL	NULL	NULL	NULL	NULL	5G	Autobusai	5G	09-ž		1236	NULL	NULL	NULL
missed	614686	A>B	Pašilaičiai–Ozo g.–Saulėtekis	1246	NULL	NULL	NULL	NULL	NULL	NULL	NULL	5G	Autobusai	5G	09-ž		1281	NULL	NULL	NULL
missed	614686	B>A	Saulėtekis–Ozo g.–Pašilaičiai	1291	NULL	NULL	NULL	NULL	NULL	NULL	NULL	5G	Autobusai	5G	09-ž		1324	NULL	NULL	NULL
missed	614686	A>B	Pašilaičiai–Ozo g.–Saulėtekis	1334	NULL	NULL	NULL	NULL	NULL	NULL	NULL	5G	Autobusai	5G	09-ž		1369	NULL	NULL	NULL
missed	614686	B>A	Saulėtekis–Ozo g.–Pašilaičiai	1379	NULL	NULL	NULL	NULL	NULL	NULL	NULL	5G	Autobusai	5G	09-ž		1412	NULL	NULL	NULL
missed	614690	A>B	Pašilaičiai–Ozo g.–Saulėtekis	440	NULL	NULL	NULL	NULL	NULL	NULL	NULL	5G	Autobusai	5G	10		483	NULL	NULL	NULL
missed	614690	B>A	Saulėtekis–Ozo g.–Pašilaičiai	493	NULL	NULL	NULL	NULL	NULL	NULL	NULL	5G	Autobusai	5G	10		530	NULL	NULL	NULL
missed	614690	A>B	Pašilaičiai–Ozo g.–Saulėtekis	541	NULL	NULL	NULL	NULL	NULL	NULL	NULL	5G	Autobusai	5G	10		581	NULL	NULL	NULL
missed	614690	B>A	Saulėtekis–Ozo g.–Pašilaičiai	591	NULL	NULL	NULL	NULL	NULL	NULL	NULL	5G	Autobusai	5G	10		626	NULL	NULL	NULL
missed	614690	A>B	Pašilaičiai–Ozo g.–Saulėtekis	636	NULL	NULL	NULL	NULL	NULL	NULL	NULL	5G	Autobusai	5G	10		674	NULL	NULL	NULL
missed	614690	B>A	Saulėtekis–Ozo g.–Pašilaičiai	978	NULL	NULL	NULL	NULL	NULL	NULL	NULL	5G	Autobusai	5G	10		1015	NULL	NULL	NULL
missed	614690	A>B	Pašilaičiai–Ozo g.–Saulėtekis	1025	NULL	NULL	NULL	NULL	NULL	NULL	NULL	5G	Autobusai	5G	10		1064	NULL	NULL	NULL
missed	614690	B>A	Saulėtekis–Ozo g.–Pašilaičiai	1077	NULL	NULL	NULL	NULL	NULL	NULL	NULL	5G	Autobusai	5G	10		1120	NULL	NULL	NULL
missed	614690	A>B	Pašilaičiai–Ozo g.–Saulėtekis	1130	NULL	NULL	NULL	NULL	NULL	NULL	NULL	5G	Autobusai	5G	10		1165	NULL	NULL	NULL
missed	614681	A>B	Pašilaičiai–Ozo g.–Saulėtekis	355	NULL	NULL	NULL	NULL	NULL	NULL	NULL	5G	Autobusai	5G	11		390	NULL	NULL	NULL
missed	614681	B>A	Saulėtekis–Ozo g.–Pašilaičiai	400	NULL	NULL	NULL	NULL	NULL	NULL	NULL	5G	Autobusai	5G	11		435	NULL	NULL	NULL
missed	614681	A>B	Pašilaičiai–Ozo g.–Saulėtekis	446	NULL	NULL	NULL	NULL	NULL	NULL	NULL	5G	Autobusai	5G	11		489	NULL	NULL	NULL
missed	614681	B>A	Saulėtekis–Ozo g.–Pašilaičiai	499	NULL	NULL	NULL	NULL	NULL	NULL	NULL	5G	Autobusai	5G	11		537	NULL	NULL	NULL
missed	614681	A>B	Pašilaičiai–Ozo g.–Saulėtekis	547	NULL	NULL	NULL	NULL	NULL	NULL	NULL	5G	Autobusai	5G	11		587	NULL	NULL	NULL
missed	614681	B>A	Saulėtekis–Ozo g.–Pašilaičiai	617	NULL	NULL	NULL	NULL	NULL	NULL	NULL	5G	Autobusai	5G	11		652	NULL	NULL	NULL
missed	614681	A>B	Pašilaičiai–Ozo g.–Saulėtekis	662	NULL	NULL	NULL	NULL	NULL	NULL	NULL	5G	Autobusai	5G	11		700	NULL	NULL	NULL
missed	614681	B>A	Saulėtekis–Ozo g.–Pašilaičiai	712	NULL	NULL	NULL	NULL	NULL	NULL	NULL	5G	Autobusai	5G	11		747	NULL	NULL	NULL
missed	614681	A>B	Pašilaičiai–Ozo g.–Saulėtekis	757	NULL	NULL	NULL	NULL	NULL	NULL	NULL	5G	Autobusai	5G	11		795	NULL	NULL	NULL
missed	614681	B>A	Saulėtekis–Ozo g.–Pašilaičiai	805	NULL	NULL	NULL	NULL	NULL	NULL	NULL	5G	Autobusai	5G	11		840	NULL	NULL	NULL
missed	614681	A>B	Pašilaičiai–Ozo g.–Saulėtekis	850	NULL	NULL	NULL	NULL	NULL	NULL	NULL	5G	Autobusai	5G	11		888	NULL	NULL	NULL
missed	614681	B>A	Saulėtekis–Ozo g.–Pašilaičiai	898	NULL	NULL	NULL	NULL	NULL	NULL	NULL	5G	Autobusai	5G	11		933	NULL	NULL	NULL
missed	614681	A>B	Pašilaičiai–Ozo g.–Saulėtekis	943	NULL	NULL	NULL	NULL	NULL	NULL	NULL	5G	Autobusai	5G	11		981	NULL	NULL	NULL
missed	614681	B>A	Saulėtekis–Ozo g.–Pašilaičiai	992	NULL	NULL	NULL	NULL	NULL	NULL	NULL	5G	Autobusai	5G	11		1029	NULL	NULL	NULL
missed	614681	A>B	Pašilaičiai–Ozo g.–Saulėtekis	1040	NULL	NULL	NULL	NULL	NULL	NULL	NULL	5G	Autobusai	5G	11		1079	NULL	NULL	NULL
missed	614681	B>A	Saulėtekis–Ozo g.–Pašilaičiai	1090	NULL	NULL	NULL	NULL	NULL	NULL	NULL	5G	Autobusai	5G	11		1131	NULL	NULL	NULL
missed	614681	A>B	Pašilaičiai–Ozo g.–Saulėtekis	1141	NULL	NULL	NULL	NULL	NULL	NULL	NULL	5G	Autobusai	5G	11		1176	NULL	NULL	NULL
missed	614681	B>A	Saulėtekis–Ozo g.–Pašilaičiai	1219	NULL	NULL	NULL	NULL	NULL	NULL	NULL	5G	Autobusai	5G	11		1255	NULL	NULL	NULL
missed	614681	A>B	Pašilaičiai–Ozo g.–Saulėtekis	1265	NULL	NULL	NULL	NULL	NULL	NULL	NULL	5G	Autobusai	5G	11		1300	NULL	NULL	NULL
missed	614681	B>A	Saulėtekis–Ozo g.–Pašilaičiai	1313	NULL	NULL	NULL	NULL	NULL	NULL	NULL	5G	Autobusai	5G	11		1346	NULL	NULL	NULL
missed	614681	A>B	Pašilaičiai–Ozo g.–Saulėtekis	1356	NULL	NULL	NULL	NULL	NULL	NULL	NULL	5G	Autobusai	5G	11		1391	NULL	NULL	NULL
missed	614681	B>A	Saulėtekis–Ozo g.–Pašilaičiai	1398	NULL	NULL	NULL	NULL	NULL	NULL	NULL	5G	Autobusai	5G	11		1431	NULL	NULL	NULL
missed	614691	B>A	Saulėtekis–Ozo g.–Pašilaičiai	350	NULL	NULL	NULL	NULL	NULL	NULL	NULL	5G	Autobusai	5G	12-ž		385	NULL	NULL	NULL
missed	614691	A>B	Pašilaičiai–Ozo g.–Saulėtekis	395	NULL	NULL	NULL	NULL	NULL	NULL	NULL	5G	Autobusai	5G	12-ž		431	NULL	NULL	NULL
missed	614691	B>A	Saulėtekis–Ozo g.–Pašilaičiai	441	NULL	NULL	NULL	NULL	NULL	NULL	NULL	5G	Autobusai	5G	12-ž		478	NULL	NULL	NULL
missed	614691	A>B	Pašilaičiai–Ozo g.–Saulėtekis	488	NULL	NULL	NULL	NULL	NULL	NULL	NULL	5G	Autobusai	5G	12-ž		532	NULL	NULL	NULL
missed	614691	B>A	Saulėtekis–Ozo g.–Pašilaičiai	542	NULL	NULL	NULL	NULL	NULL	NULL	NULL	5G	Autobusai	5G	12-ž		579	NULL	NULL	NULL
missed	614691	A>B	Pašilaičiai–Ozo g.–Saulėtekis	589	NULL	NULL	NULL	NULL	NULL	NULL	NULL	5G	Autobusai	5G	12-ž		627	NULL	NULL	NULL
missed	614691	B>A	Saulėtekis–Ozo g.–Pašilaičiai	668	NULL	NULL	NULL	NULL	NULL	NULL	NULL	5G	Autobusai	5G	12-ž		703	NULL	NULL	NULL
missed	614691	A>B	Pašilaičiai–Ozo g.–Saulėtekis	713	NULL	NULL	NULL	NULL	NULL	NULL	NULL	5G	Autobusai	5G	12-ž		751	NULL	NULL	NULL
missed	614691	B>A	Saulėtekis–Ozo g.–Pašilaičiai	761	NULL	NULL	NULL	NULL	NULL	NULL	NULL	5G	Autobusai	5G	12-ž		796	NULL	NULL	NULL
missed	614691	A>B	Pašilaičiai–Ozo g.–Saulėtekis	806	NULL	NULL	NULL	NULL	NULL	NULL	NULL	5G	Autobusai	5G	12-ž		844	NULL	NULL	NULL
missed	614691	B>A	Saulėtekis–Ozo g.–Pašilaičiai	854	NULL	NULL	NULL	NULL	NULL	NULL	NULL	5G	Autobusai	5G	12-ž		889	NULL	NULL	NULL
missed	614691	A>B	Pašilaičiai–Ozo g.–Saulėtekis	899	NULL	NULL	NULL	NULL	NULL	NULL	NULL	5G	Autobusai	5G	12-ž		937	NULL	NULL	NULL
missed	614691	B>A	Saulėtekis–Ozo g.–Pašilaičiai	947	NULL	NULL	NULL	NULL	NULL	NULL	NULL	5G	Autobusai	5G	12-ž		982	NULL	NULL	NULL
missed	614691	A>B	Pašilaičiai–Ozo g.–Saulėtekis	993	NULL	NULL	NULL	NULL	NULL	NULL	NULL	5G	Autobusai	5G	12-ž		1032	NULL	NULL	NULL
missed	614691	B>A	Saulėtekis–Ozo g.–Pašilaičiai	1043	NULL	NULL	NULL	NULL	NULL	NULL	NULL	5G	Autobusai	5G	12-ž		1085	NULL	NULL	NULL
missed	614691	A>B	Pašilaičiai–Ozo g.–Saulėtekis	1098	NULL	NULL	NULL	NULL	NULL	NULL	NULL	5G	Autobusai	5G	12-ž		1134	NULL	NULL	NULL
missed	614691	B>A	Saulėtekis–Ozo g.–Pašilaičiai	1167	NULL	NULL	NULL	NULL	NULL	NULL	NULL	5G	Autobusai	5G	12-ž		1204	NULL	NULL	NULL
missed	614691	A>B	Pašilaičiai–Ozo g.–Saulėtekis	1214	NULL	NULL	NULL	NULL	NULL	NULL	NULL	5G	Autobusai	5G	12-ž		1249	NULL	NULL	NULL
missed	614691	B>A	Saulėtekis–Ozo g.–Pašilaičiai	1259	NULL	NULL	NULL	NULL	NULL	NULL	NULL	5G	Autobusai	5G	12-ž		1293	NULL	NULL	NULL
missed	614691	A>B	Pašilaičiai–Ozo g.–Saulėtekis	1303	NULL	NULL	NULL	NULL	NULL	NULL	NULL	5G	Autobusai	5G	12-ž		1338	NULL	NULL	NULL
missed	614691	B>A	Saulėtekis–Ozo g.–Pašilaičiai	1348	NULL	NULL	NULL	NULL	NULL	NULL	NULL	5G	Autobusai	5G	12-ž		1381	NULL	NULL	NULL
missed	614691	A>B	Pašilaičiai–Ozo g.–Saulėtekis	1391	NULL	NULL	NULL	NULL	NULL	NULL	NULL	5G	Autobusai	5G	12-ž		1426	NULL	NULL	NULL
missed	614692	A>B	Pašilaičiai–Ozo g.–Saulėtekis	374	NULL	NULL	NULL	NULL	NULL	NULL	NULL	5G	Autobusai	5G	13		409	NULL	NULL	NULL
missed	614692	B>A	Saulėtekis–Ozo g.–Pašilaičiai	419	NULL	NULL	NULL	NULL	NULL	NULL	NULL	5G	Autobusai	5G	13		455	NULL	NULL	NULL
missed	614692	A>B	Pašilaičiai–Ozo g.–Saulėtekis	465	NULL	NULL	NULL	NULL	NULL	NULL	NULL	5G	Autobusai	5G	13		508	NULL	NULL	NULL
missed	614692	B>A	Saulėtekis–Ozo g.–Pašilaičiai	518	NULL	NULL	NULL	NULL	NULL	NULL	NULL	5G	Autobusai	5G	13		556	NULL	NULL	NULL
missed	614692	A>B	Pašilaičiai–Ozo g.–Saulėtekis	566	NULL	NULL	NULL	NULL	NULL	NULL	NULL	5G	Autobusai	5G	13		604	NULL	NULL	NULL
missed	614692	B>A	Saulėtekis–Ozo g.–Pašilaičiai	636	NULL	NULL	NULL	NULL	NULL	NULL	NULL	5G	Autobusai	5G	13		671	NULL	NULL	NULL
missed	614692	A>B	Pašilaičiai–Ozo g.–Saulėtekis	681	NULL	NULL	NULL	NULL	NULL	NULL	NULL	5G	Autobusai	5G	13		719	NULL	NULL	NULL
missed	614692	B>A	Saulėtekis–Ozo g.–Pašilaičiai	729	NULL	NULL	NULL	NULL	NULL	NULL	NULL	5G	Autobusai	5G	13		764	NULL	NULL	NULL
missed	614692	A>B	Pašilaičiai–Ozo g.–Saulėtekis	774	NULL	NULL	NULL	NULL	NULL	NULL	NULL	5G	Autobusai	5G	13		812	NULL	NULL	NULL
missed	614692	B>A	Saulėtekis–Ozo g.–Pašilaičiai	822	NULL	NULL	NULL	NULL	NULL	NULL	NULL	5G	Autobusai	5G	13		857	NULL	NULL	NULL
missed	614692	A>B	Pašilaičiai–Ozo g.–Saulėtekis	867	NULL	NULL	NULL	NULL	NULL	NULL	NULL	5G	Autobusai	5G	13		905	NULL	NULL	NULL
missed	614692	B>A	Saulėtekis–Ozo g.–Pašilaičiai	918	NULL	NULL	NULL	NULL	NULL	NULL	NULL	5G	Autobusai	5G	13		953	NULL	NULL	NULL
missed	614692	A>B	Pašilaičiai–Ozo g.–Saulėtekis	964	NULL	NULL	NULL	NULL	NULL	NULL	NULL	5G	Autobusai	5G	13		1002	NULL	NULL	NULL
missed	614692	B>A	Saulėtekis–Ozo g.–Pašilaičiai	1012	NULL	NULL	NULL	NULL	NULL	NULL	NULL	5G	Autobusai	5G	13		1053	NULL	NULL	NULL
missed	614692	A>B	Pašilaičiai–Ozo g.–Saulėtekis	1063	NULL	NULL	NULL	NULL	NULL	NULL	NULL	5G	Autobusai	5G	13		1101	NULL	NULL	NULL
missed	614692	B>A	Saulėtekis–Ozo g.–Pašilaičiai	1131	NULL	NULL	NULL	NULL	NULL	NULL	NULL	5G	Autobusai	5G	13		1170	NULL	NULL	NULL
missed	614692	A>B	Pašilaičiai–Ozo g.–Saulėtekis	1180	NULL	NULL	NULL	NULL	NULL	NULL	NULL	5G	Autobusai	5G	13		1215	NULL	NULL	NULL
missed	614692	B>A	Saulėtekis–Ozo g.–Pašilaičiai	1229	NULL	NULL	NULL	NULL	NULL	NULL	NULL	5G	Autobusai	5G	13		1266	NULL	NULL	NULL
missed	614692	A>B	Pašilaičiai–Ozo g.–Saulėtekis	1276	NULL	NULL	NULL	NULL	NULL	NULL	NULL	5G	Autobusai	5G	13		1311	NULL	NULL	NULL
missed	614692	B>A	Saulėtekis–Ozo g.–Pašilaičiai	1324	NULL	NULL	NULL	NULL	NULL	NULL	NULL	5G	Autobusai	5G	13		1357	NULL	NULL	NULL
missed	614692	A>B	Pašilaičiai–Ozo g.–Saulėtekis	1367	NULL	NULL	NULL	NULL	NULL	NULL	NULL	5G	Autobusai	5G	13		1402	NULL	NULL	NULL
missed	614693	A>B	Pašilaičiai–Ozo g.–Saulėtekis	452	NULL	NULL	NULL	NULL	NULL	NULL	NULL	5G	Autobusai	5G	14		495	NULL	NULL	NULL
missed	614693	B>A	Saulėtekis–Ozo g.–Pašilaičiai	505	NULL	NULL	NULL	NULL	NULL	NULL	NULL	5G	Autobusai	5G	14		543	NULL	NULL	NULL
missed	614693	A>B	Pašilaičiai–Ozo g.–Saulėtekis	553	NULL	NULL	NULL	NULL	NULL	NULL	NULL	5G	Autobusai	5G	14		591	NULL	NULL	NULL
missed	614693	B>A	Saulėtekis–Ozo g.–Pašilaičiai	911	NULL	NULL	NULL	NULL	NULL	NULL	NULL	5G	Autobusai	5G	14		947	NULL	NULL	NULL
missed	614693	A>B	Pašilaičiai–Ozo g.–Saulėtekis	957	NULL	NULL	NULL	NULL	NULL	NULL	NULL	5G	Autobusai	5G	14		995	NULL	NULL	NULL
missed	614693	B>A	Saulėtekis–Ozo g.–Pašilaičiai	1005	NULL	NULL	NULL	NULL	NULL	NULL	NULL	5G	Autobusai	5G	14		1046	NULL	NULL	NULL
missed	614693	A>B	Pašilaičiai–Ozo g.–Saulėtekis	1056	NULL	NULL	NULL	NULL	NULL	NULL	NULL	5G	Autobusai	5G	14		1095	NULL	NULL	NULL
missed	614694	A>B	Pašilaičiai–Ozo g.–Saulėtekis	388	NULL	NULL	NULL	NULL	NULL	NULL	NULL	5G	Autobusai	5G	15		423	NULL	NULL	NULL
missed	614694	B>A	Saulėtekis–Ozo g.–Pašilaičiai	433	NULL	NULL	NULL	NULL	NULL	NULL	NULL	5G	Autobusai	5G	15		470	NULL	NULL	NULL
missed	614694	A>B	Pašilaičiai–Ozo g.–Saulėtekis	480	NULL	NULL	NULL	NULL	NULL	NULL	NULL	5G	Autobusai	5G	15		524	NULL	NULL	NULL
missed	614694	B>A	Saulėtekis–Ozo g.–Pašilaičiai	534	NULL	NULL	NULL	NULL	NULL	NULL	NULL	5G	Autobusai	5G	15		571	NULL	NULL	NULL
missed	614694	A>B	Pašilaičiai–Ozo g.–Saulėtekis	581	NULL	NULL	NULL	NULL	NULL	NULL	NULL	5G	Autobusai	5G	15		619	NULL	NULL	NULL
missed	614694	B>A	Saulėtekis–Ozo g.–Pašilaičiai	657	NULL	NULL	NULL	NULL	NULL	NULL	NULL	5G	Autobusai	5G	15		692	NULL	NULL	NULL
missed	614694	A>B	Pašilaičiai–Ozo g.–Saulėtekis	702	NULL	NULL	NULL	NULL	NULL	NULL	NULL	5G	Autobusai	5G	15		740	NULL	NULL	NULL
missed	614694	B>A	Saulėtekis–Ozo g.–Pašilaičiai	750	NULL	NULL	NULL	NULL	NULL	NULL	NULL	5G	Autobusai	5G	15		785	NULL	NULL	NULL
missed	614694	A>B	Pašilaičiai–Ozo g.–Saulėtekis	795	NULL	NULL	NULL	NULL	NULL	NULL	NULL	5G	Autobusai	5G	15		833	NULL	NULL	NULL
missed	614694	B>A	Saulėtekis–Ozo g.–Pašilaičiai	843	NULL	NULL	NULL	NULL	NULL	NULL	NULL	5G	Autobusai	5G	15		878	NULL	NULL	NULL
missed	614694	A>B	Pašilaičiai–Ozo g.–Saulėtekis	888	NULL	NULL	NULL	NULL	NULL	NULL	NULL	5G	Autobusai	5G	15		926	NULL	NULL	NULL
missed	614694	B>A	Saulėtekis–Ozo g.–Pašilaičiai	936	NULL	NULL	NULL	NULL	NULL	NULL	NULL	5G	Autobusai	5G	15		971	NULL	NULL	NULL
missed	614694	A>B	Pašilaičiai–Ozo g.–Saulėtekis	981	NULL	NULL	NULL	NULL	NULL	NULL	NULL	5G	Autobusai	5G	15		1020	NULL	NULL	NULL
missed	614694	B>A	Saulėtekis–Ozo g.–Pašilaičiai	1031	NULL	NULL	NULL	NULL	NULL	NULL	NULL	5G	Autobusai	5G	15		1073	NULL	NULL	NULL
missed	614694	A>B	Pašilaičiai–Ozo g.–Saulėtekis	1085	NULL	NULL	NULL	NULL	NULL	NULL	NULL	5G	Autobusai	5G	15		1121	NULL	NULL	NULL
missed	614694	B>A	Saulėtekis–Ozo g.–Pašilaičiai	1154	NULL	NULL	NULL	NULL	NULL	NULL	NULL	5G	Autobusai	5G	15		1191	NULL	NULL	NULL
missed	614694	A>B	Pašilaičiai–Ozo g.–Saulėtekis	1201	NULL	NULL	NULL	NULL	NULL	NULL	NULL	5G	Autobusai	5G	15		1236	NULL	NULL	NULL
missed	614694	B>A	Saulėtekis–Ozo g.–Pašilaičiai	1248	NULL	NULL	NULL	NULL	NULL	NULL	NULL	5G	Autobusai	5G	15		1282	NULL	NULL	NULL
missed	614694	A>B	Pašilaičiai–Ozo g.–Saulėtekis	1292	NULL	NULL	NULL	NULL	NULL	NULL	NULL	5G	Autobusai	5G	15		1327	NULL	NULL	NULL
missed	614694	B>A	Saulėtekis–Ozo g.–Pašilaičiai	1337	NULL	NULL	NULL	NULL	NULL	NULL	NULL	5G	Autobusai	5G	15		1370	NULL	NULL	NULL
missed	614694	A>B	Pašilaičiai–Ozo g.–Saulėtekis	1380	NULL	NULL	NULL	NULL	NULL	NULL	NULL	5G	Autobusai	5G	15		1415	NULL	NULL	NULL
missed	567614	A>B	Stotis–Nemėžis–Kuprioniškės	332	NULL	NULL	NULL	NULL	NULL	NULL	NULL	61	Autobusai	61	01-mt		357	NULL	NULL	NULL
missed	567614	B>A	Kuprioniškės–Stotis	357	NULL	NULL	NULL	NULL	NULL	NULL	NULL	61	Autobusai	61	01-mt		370	NULL	NULL	NULL
missed	567614	A>B	Stotis–Nemėžis–Kuprioniškės	382	NULL	NULL	NULL	NULL	NULL	NULL	NULL	61	Autobusai	61	01-mt		409	NULL	NULL	NULL
missed	567614	B>A	Kuprioniškės–Stotis	409	NULL	NULL	NULL	NULL	NULL	NULL	NULL	61	Autobusai	61	01-mt		423	NULL	NULL	NULL
missed	567614	A>B	Stotis–Nemėžis–Kuprioniškės	435	NULL	NULL	NULL	NULL	NULL	NULL	NULL	61	Autobusai	61	01-mt		462	NULL	NULL	NULL
missed	567614	B>A	Kuprioniškės–Stotis	462	NULL	NULL	NULL	NULL	NULL	NULL	NULL	61	Autobusai	61	01-mt		477	NULL	NULL	NULL
missed	567614	A>B	Stotis–Nemėžis–Kuprioniškės	489	NULL	NULL	NULL	NULL	NULL	NULL	NULL	61	Autobusai	61	01-mt		516	NULL	NULL	NULL
missed	567614	B>A	Kuprioniškės–Stotis	516	NULL	NULL	NULL	NULL	NULL	NULL	NULL	61	Autobusai	61	01-mt		531	NULL	NULL	NULL
missed	567614	A>B	Stotis–Nemėžis–Kuprioniškės	565	NULL	NULL	NULL	NULL	NULL	NULL	NULL	61	Autobusai	61	01-mt		591	NULL	NULL	NULL
missed	567614	B>A	Kuprioniškės–Stotis	591	NULL	NULL	NULL	NULL	NULL	NULL	NULL	61	Autobusai	61	01-mt		604	NULL	NULL	NULL
missed	567614	A>B	Stotis–Nemėžis–Kuprioniškės	618	NULL	NULL	NULL	NULL	NULL	NULL	NULL	61	Autobusai	61	01-mt		644	NULL	NULL	NULL
missed	567614	B>A	Kuprioniškės–Stotis	644	NULL	NULL	NULL	NULL	NULL	NULL	NULL	61	Autobusai	61	01-mt		657	NULL	NULL	NULL
missed	567614	A>B	Stotis–Nemėžis–Kuprioniškės	669	NULL	NULL	NULL	NULL	NULL	NULL	NULL	61	Autobusai	61	01-mt		695	NULL	NULL	NULL
missed	567614	B>A	Kuprioniškės–Stotis	695	NULL	NULL	NULL	NULL	NULL	NULL	NULL	61	Autobusai	61	01-mt		708	NULL	NULL	NULL
missed	567614	A>B	Stotis–Nemėžis–Kuprioniškės	720	NULL	NULL	NULL	NULL	NULL	NULL	NULL	61	Autobusai	61	01-mt		746	NULL	NULL	NULL
missed	567614	B>A	Kuprioniškės–Stotis	746	NULL	NULL	NULL	NULL	NULL	NULL	NULL	61	Autobusai	61	01-mt		759	NULL	NULL	NULL
missed	567614	A>B	Stotis–Nemėžis–Kuprioniškės	771	NULL	NULL	NULL	NULL	NULL	NULL	NULL	61	Autobusai	61	01-mt		797	NULL	NULL	NULL
missed	567614	B>A	Kuprioniškės–Stotis	797	NULL	NULL	NULL	NULL	NULL	NULL	NULL	61	Autobusai	61	01-mt		810	NULL	NULL	NULL
missed	567614	A>B	Stotis–Nemėžis–Kuprioniškės	822	NULL	NULL	NULL	NULL	NULL	NULL	NULL	61	Autobusai	61	01-mt		848	NULL	NULL	NULL
missed	567614	B>A	Kuprioniškės–Stotis	848	NULL	NULL	NULL	NULL	NULL	NULL	NULL	61	Autobusai	61	01-mt		861	NULL	NULL	NULL
missed	567614	A>B	Stotis–Nemėžis–Kuprioniškės	873	NULL	NULL	NULL	NULL	NULL	NULL	NULL	61	Autobusai	61	01-mt		899	NULL	NULL	NULL
missed	567614	B>A	Kuprioniškės–Stotis	899	NULL	NULL	NULL	NULL	NULL	NULL	NULL	61	Autobusai	61	01-mt		912	NULL	NULL	NULL
missed	567614	A>B	Stotis–Nemėžis–Kuprioniškės	924	NULL	NULL	NULL	NULL	NULL	NULL	NULL	61	Autobusai	61	01-mt		950	NULL	NULL	NULL
missed	567614	B>A	Kuprioniškės–Stotis	950	NULL	NULL	NULL	NULL	NULL	NULL	NULL	61	Autobusai	61	01-mt		963	NULL	NULL	NULL
missed	567614	A>B	Stotis–Nemėžis–Kuprioniškės	975	NULL	NULL	NULL	NULL	NULL	NULL	NULL	61	Autobusai	61	01-mt		1001	NULL	NULL	NULL
missed	567614	B>A	Kuprioniškės–Stotis	1001	NULL	NULL	NULL	NULL	NULL	NULL	NULL	61	Autobusai	61	01-mt		1016	NULL	NULL	NULL
missed	567614	A>B	Stotis–Nemėžis–Kuprioniškės	1028	NULL	NULL	NULL	NULL	NULL	NULL	NULL	61	Autobusai	61	01-mt		1054	NULL	NULL	NULL
missed	567614	B>A	Kuprioniškės–Stotis	1054	NULL	NULL	NULL	NULL	NULL	NULL	NULL	61	Autobusai	61	01-mt		1069	NULL	NULL	NULL
missed	567614	A>B	Stotis–Nemėžis–Kuprioniškės	1081	NULL	NULL	NULL	NULL	NULL	NULL	NULL	61	Autobusai	61	01-mt		1107	NULL	NULL	NULL
missed	567614	B>A	Kuprioniškės–Stotis	1107	NULL	NULL	NULL	NULL	NULL	NULL	NULL	61	Autobusai	61	01-mt		1122	NULL	NULL	NULL
missed	567614	A>B	Stotis–Nemėžis–Kuprioniškės	1164	NULL	NULL	NULL	NULL	NULL	NULL	NULL	61	Autobusai	61	01-mt		1189	NULL	NULL	NULL
missed	567614	B>A	Kuprioniškės–Stotis	1189	NULL	NULL	NULL	NULL	NULL	NULL	NULL	61	Autobusai	61	01-mt		1202	NULL	NULL	NULL
missed	567614	A>B	Stotis–Nemėžis–Kuprioniškės	1214	NULL	NULL	NULL	NULL	NULL	NULL	NULL	61	Autobusai	61	01-mt		1239	NULL	NULL	NULL
missed	567614	B>A	Kuprioniškės–Stotis	1239	NULL	NULL	NULL	NULL	NULL	NULL	NULL	61	Autobusai	61	01-mt		1252	NULL	NULL	NULL
missed	567614	A>B	Stotis–Nemėžis–Kuprioniškės	1264	NULL	NULL	NULL	NULL	NULL	NULL	NULL	61	Autobusai	61	01-mt		1289	NULL	NULL	NULL
missed	567614	B>A	Kuprioniškės–Stotis	1289	NULL	NULL	NULL	NULL	NULL	NULL	NULL	61	Autobusai	61	01-mt		1302	NULL	NULL	NULL
missed	567614	A>B	Stotis–Nemėžis–Kuprioniškės	1320	NULL	NULL	NULL	NULL	NULL	NULL	NULL	61	Autobusai	61	01-mt		1345	NULL	NULL	NULL
missed	567614	B>A	Kuprioniškės–Stotis	1345	NULL	NULL	NULL	NULL	NULL	NULL	NULL	61	Autobusai	61	01-mt		1358	NULL	NULL	NULL
missed	567615	A>B	Stotis–Nemėžis–Kuprioniškės	356	NULL	NULL	NULL	NULL	NULL	NULL	NULL	61	Autobusai	61	02-mt		383	NULL	NULL	NULL
missed	567615	B>A	Kuprioniškės–Stotis	383	NULL	NULL	NULL	NULL	NULL	NULL	NULL	61	Autobusai	61	02-mt		397	NULL	NULL	NULL
missed	567615	A>B	Stotis–Nemėžis–Kuprioniškės	408	NULL	NULL	NULL	NULL	NULL	NULL	NULL	61	Autobusai	61	02-mt		435	NULL	NULL	NULL
missed	567615	B>A	Kuprioniškės–Stotis	435	NULL	NULL	NULL	NULL	NULL	NULL	NULL	61	Autobusai	61	02-mt		450	NULL	NULL	NULL
missed	567615	A>B	Stotis–Nemėžis–Kuprioniškės	462	NULL	NULL	NULL	NULL	NULL	NULL	NULL	61	Autobusai	61	02-mt		489	NULL	NULL	NULL
missed	567615	B>A	Kuprioniškės–Stotis	489	NULL	NULL	NULL	NULL	NULL	NULL	NULL	61	Autobusai	61	02-mt		504	NULL	NULL	NULL
missed	567615	A>B	Stotis–Nemėžis–Kuprioniškės	516	NULL	NULL	NULL	NULL	NULL	NULL	NULL	61	Autobusai	61	02-mt		543	NULL	NULL	NULL
missed	567615	B>A	Kuprioniškės–Stotis	543	NULL	NULL	NULL	NULL	NULL	NULL	NULL	61	Autobusai	61	02-mt		556	NULL	NULL	NULL
missed	567615	A>B	Stotis–Nemėžis–Kuprioniškės	910	NULL	NULL	NULL	NULL	NULL	NULL	NULL	61	Autobusai	61	02-mt		936	NULL	NULL	NULL
missed	567615	B>A	Kuprioniškės–Stotis	936	NULL	NULL	NULL	NULL	NULL	NULL	NULL	61	Autobusai	61	02-mt		949	NULL	NULL	NULL
missed	567615	A>B	Stotis–Nemėžis–Kuprioniškės	961	NULL	NULL	NULL	NULL	NULL	NULL	NULL	61	Autobusai	61	02-mt		987	NULL	NULL	NULL
missed	567615	B>A	Kuprioniškės–Stotis	987	NULL	NULL	NULL	NULL	NULL	NULL	NULL	61	Autobusai	61	02-mt		1002	NULL	NULL	NULL
missed	567615	A>B	Stotis–Nemėžis–Kuprioniškės	1014	NULL	NULL	NULL	NULL	NULL	NULL	NULL	61	Autobusai	61	02-mt		1040	NULL	NULL	NULL
missed	567615	B>A	Kuprioniškės–Stotis	1040	NULL	NULL	NULL	NULL	NULL	NULL	NULL	61	Autobusai	61	02-mt		1055	NULL	NULL	NULL
missed	567615	A>B	Stotis–Nemėžis–Kuprioniškės	1067	NULL	NULL	NULL	NULL	NULL	NULL	NULL	61	Autobusai	61	02-mt		1093	NULL	NULL	NULL
missed	567615	B>A	Kuprioniškės–Stotis	1093	NULL	NULL	NULL	NULL	NULL	NULL	NULL	61	Autobusai	61	02-mt		1108	NULL	NULL	NULL
missed	567615	A>B	Stotis–Nemėžis–Kuprioniškės	1125	NULL	NULL	NULL	NULL	NULL	NULL	NULL	61	Autobusai	61	02-mt		1150	NULL	NULL	NULL
missed	567615	B>A	Kuprioniškės–Stotis	1150	NULL	NULL	NULL	NULL	NULL	NULL	NULL	61	Autobusai	61	02-mt		1163	NULL	NULL	NULL
missed	567617	A>B	Stotis–Nemėžis–Kuprioniškės	344	NULL	NULL	NULL	NULL	NULL	NULL	NULL	61	Autobusai	61	03-mt		371	NULL	NULL	NULL
missed	567617	B>A	Kuprioniškės–Stotis	371	NULL	NULL	NULL	NULL	NULL	NULL	NULL	61	Autobusai	61	03-mt		385	NULL	NULL	NULL
missed	567617	A>B	Stotis–Nemėžis–Kuprioniškės	395	NULL	NULL	NULL	NULL	NULL	NULL	NULL	61	Autobusai	61	03-mt		422	NULL	NULL	NULL
missed	567617	B>A	Kuprioniškės–Stotis	422	NULL	NULL	NULL	NULL	NULL	NULL	NULL	61	Autobusai	61	03-mt		437	NULL	NULL	NULL
missed	567617	A>B	Stotis–Nemėžis–Kuprioniškės	449	NULL	NULL	NULL	NULL	NULL	NULL	NULL	61	Autobusai	61	03-mt		476	NULL	NULL	NULL
missed	567617	B>A	Kuprioniškės–Stotis	476	NULL	NULL	NULL	NULL	NULL	NULL	NULL	61	Autobusai	61	03-mt		491	NULL	NULL	NULL
missed	567617	A>B	Stotis–Nemėžis–Kuprioniškės	503	NULL	NULL	NULL	NULL	NULL	NULL	NULL	61	Autobusai	61	03-mt		530	NULL	NULL	NULL
missed	567617	B>A	Kuprioniškės–Stotis	530	NULL	NULL	NULL	NULL	NULL	NULL	NULL	61	Autobusai	61	03-mt		545	NULL	NULL	NULL
missed	567617	A>B	Stotis–Nemėžis–Kuprioniškės	591	NULL	NULL	NULL	NULL	NULL	NULL	NULL	61	Autobusai	61	03-mt		617	NULL	NULL	NULL
missed	567617	B>A	Kuprioniškės–Stotis	617	NULL	NULL	NULL	NULL	NULL	NULL	NULL	61	Autobusai	61	03-mt		630	NULL	NULL	NULL
missed	567617	A>B	Stotis–Nemėžis–Kuprioniškės	642	NULL	NULL	NULL	NULL	NULL	NULL	NULL	61	Autobusai	61	03-mt		668	NULL	NULL	NULL
missed	567617	B>A	Kuprioniškės–Stotis	668	NULL	NULL	NULL	NULL	NULL	NULL	NULL	61	Autobusai	61	03-mt		681	NULL	NULL	NULL
missed	567617	A>B	Stotis–Nemėžis–Kuprioniškės	693	NULL	NULL	NULL	NULL	NULL	NULL	NULL	61	Autobusai	61	03-mt		719	NULL	NULL	NULL
missed	567617	B>A	Kuprioniškės–Stotis	719	NULL	NULL	NULL	NULL	NULL	NULL	NULL	61	Autobusai	61	03-mt		732	NULL	NULL	NULL
missed	567617	A>B	Stotis–Nemėžis–Kuprioniškės	744	NULL	NULL	NULL	NULL	NULL	NULL	NULL	61	Autobusai	61	03-mt		770	NULL	NULL	NULL
missed	567617	B>A	Kuprioniškės–Stotis	770	NULL	NULL	NULL	NULL	NULL	NULL	NULL	61	Autobusai	61	03-mt		783	NULL	NULL	NULL
missed	567617	A>B	Stotis–Nemėžis–Kuprioniškės	795	NULL	NULL	NULL	NULL	NULL	NULL	NULL	61	Autobusai	61	03-mt		821	NULL	NULL	NULL
missed	567617	B>A	Kuprioniškės–Stotis	821	NULL	NULL	NULL	NULL	NULL	NULL	NULL	61	Autobusai	61	03-mt		834	NULL	NULL	NULL
missed	567617	A>B	Stotis–Nemėžis–Kuprioniškės	846	NULL	NULL	NULL	NULL	NULL	NULL	NULL	61	Autobusai	61	03-mt		872	NULL	NULL	NULL
missed	567617	B>A	Kuprioniškės–Stotis	872	NULL	NULL	NULL	NULL	NULL	NULL	NULL	61	Autobusai	61	03-mt		885	NULL	NULL	NULL
missed	567617	A>B	Stotis–Nemėžis–Kuprioniškės	897	NULL	NULL	NULL	NULL	NULL	NULL	NULL	61	Autobusai	61	03-mt		923	NULL	NULL	NULL
missed	567617	B>A	Kuprioniškės–Stotis	923	NULL	NULL	NULL	NULL	NULL	NULL	NULL	61	Autobusai	61	03-mt		936	NULL	NULL	NULL
missed	567617	A>B	Stotis–Nemėžis–Kuprioniškės	948	NULL	NULL	NULL	NULL	NULL	NULL	NULL	61	Autobusai	61	03-mt		974	NULL	NULL	NULL
missed	567617	B>A	Kuprioniškės–Stotis	974	NULL	NULL	NULL	NULL	NULL	NULL	NULL	61	Autobusai	61	03-mt		989	NULL	NULL	NULL
missed	567617	A>B	Stotis–Nemėžis–Kuprioniškės	1001	NULL	NULL	NULL	NULL	NULL	NULL	NULL	61	Autobusai	61	03-mt		1027	NULL	NULL	NULL
missed	567617	B>A	Kuprioniškės–Stotis	1027	NULL	NULL	NULL	NULL	NULL	NULL	NULL	61	Autobusai	61	03-mt		1042	NULL	NULL	NULL
missed	567617	A>B	Stotis–Nemėžis–Kuprioniškės	1054	NULL	NULL	NULL	NULL	NULL	NULL	NULL	61	Autobusai	61	03-mt		1080	NULL	NULL	NULL
missed	567617	B>A	Kuprioniškės–Stotis	1080	NULL	NULL	NULL	NULL	NULL	NULL	NULL	61	Autobusai	61	03-mt		1095	NULL	NULL	NULL
missed	567617	A>B	Stotis–Nemėžis–Kuprioniškės	1107	NULL	NULL	NULL	NULL	NULL	NULL	NULL	61	Autobusai	61	03-mt		1133	NULL	NULL	NULL
missed	567617	B>A	Kuprioniškės–Stotis	1133	NULL	NULL	NULL	NULL	NULL	NULL	NULL	61	Autobusai	61	03-mt		1147	NULL	NULL	NULL
missed	567617	A>B	Stotis–Nemėžis–Kuprioniškės	1189	NULL	NULL	NULL	NULL	NULL	NULL	NULL	61	Autobusai	61	03-mt		1214	NULL	NULL	NULL
missed	567617	B>A	Kuprioniškės–Stotis	1214	NULL	NULL	NULL	NULL	NULL	NULL	NULL	61	Autobusai	61	03-mt		1227	NULL	NULL	NULL
missed	567617	A>B	Stotis–Nemėžis–Kuprioniškės	1239	NULL	NULL	NULL	NULL	NULL	NULL	NULL	61	Autobusai	61	03-mt		1264	NULL	NULL	NULL
missed	567617	B>A	Kuprioniškės–Stotis	1264	NULL	NULL	NULL	NULL	NULL	NULL	NULL	61	Autobusai	61	03-mt		1277	NULL	NULL	NULL
missed	567617	A>B	Stotis–Nemėžis–Kuprioniškės	1289	NULL	NULL	NULL	NULL	NULL	NULL	NULL	61	Autobusai	61	03-mt		1314	NULL	NULL	NULL
missed	567617	B>A	Kuprioniškės–Stotis	1314	NULL	NULL	NULL	NULL	NULL	NULL	NULL	61	Autobusai	61	03-mt		1327	NULL	NULL	NULL
missed	567617	A>B	Stotis–Nemėžis–Kuprioniškės	1350	NULL	NULL	NULL	NULL	NULL	NULL	NULL	61	Autobusai	61	03-mt		1374	NULL	NULL	NULL
missed	567617	B>A	Kuprioniškės–Stotis	1374	NULL	NULL	NULL	NULL	NULL	NULL	NULL	61	Autobusai	61	03-mt		1387	NULL	NULL	NULL
missed	567616	A>B	Stotis–Nemėžis–Kuprioniškės	368	NULL	NULL	NULL	NULL	NULL	NULL	NULL	61	Autobusai	61	04-mt		395	NULL	NULL	NULL
missed	567616	B>A	Kuprioniškės–Stotis	395	NULL	NULL	NULL	NULL	NULL	NULL	NULL	61	Autobusai	61	04-mt		409	NULL	NULL	NULL
missed	567616	A>B	Stotis–Nemėžis–Kuprioniškės	421	NULL	NULL	NULL	NULL	NULL	NULL	NULL	61	Autobusai	61	04-mt		448	NULL	NULL	NULL
missed	567616	B>A	Kuprioniškės–Stotis	448	NULL	NULL	NULL	NULL	NULL	NULL	NULL	61	Autobusai	61	04-mt		463	NULL	NULL	NULL
missed	567616	A>B	Stotis–Nemėžis–Kuprioniškės	475	NULL	NULL	NULL	NULL	NULL	NULL	NULL	61	Autobusai	61	04-mt		502	NULL	NULL	NULL
missed	567616	B>A	Kuprioniškės–Stotis	502	NULL	NULL	NULL	NULL	NULL	NULL	NULL	61	Autobusai	61	04-mt		517	NULL	NULL	NULL
missed	567616	A>B	Stotis–Nemėžis–Kuprioniškės	530	NULL	NULL	NULL	NULL	NULL	NULL	NULL	61	Autobusai	61	04-mt		556	NULL	NULL	NULL
missed	567616	B>A	Kuprioniškės–Stotis	556	NULL	NULL	NULL	NULL	NULL	NULL	NULL	61	Autobusai	61	04-mt		569	NULL	NULL	NULL
missed	567616	A>B	Stotis–Nemėžis–Kuprioniškės	936	NULL	NULL	NULL	NULL	NULL	NULL	NULL	61	Autobusai	61	04-mt		962	NULL	NULL	NULL
missed	567616	B>A	Kuprioniškės–Stotis	962	NULL	NULL	NULL	NULL	NULL	NULL	NULL	61	Autobusai	61	04-mt		976	NULL	NULL	NULL
missed	567616	A>B	Stotis–Nemėžis–Kuprioniškės	988	NULL	NULL	NULL	NULL	NULL	NULL	NULL	61	Autobusai	61	04-mt		1014	NULL	NULL	NULL
missed	567616	B>A	Kuprioniškės–Stotis	1014	NULL	NULL	NULL	NULL	NULL	NULL	NULL	61	Autobusai	61	04-mt		1029	NULL	NULL	NULL
missed	567616	A>B	Stotis–Nemėžis–Kuprioniškės	1041	NULL	NULL	NULL	NULL	NULL	NULL	NULL	61	Autobusai	61	04-mt		1067	NULL	NULL	NULL
missed	567616	B>A	Kuprioniškės–Stotis	1067	NULL	NULL	NULL	NULL	NULL	NULL	NULL	61	Autobusai	61	04-mt		1082	NULL	NULL	NULL
missed	567616	A>B	Stotis–Nemėžis–Kuprioniškės	1094	NULL	NULL	NULL	NULL	NULL	NULL	NULL	61	Autobusai	61	04-mt		1120	NULL	NULL	NULL
missed	567616	B>A	Kuprioniškės–Stotis	1120	NULL	NULL	NULL	NULL	NULL	NULL	NULL	61	Autobusai	61	04-mt		1134	NULL	NULL	NULL
missed	567616	A>B	Stotis–Nemėžis–Kuprioniškės	1146	NULL	NULL	NULL	NULL	NULL	NULL	NULL	61	Autobusai	61	04-mt		1171	NULL	NULL	NULL
missed	567616	B>A	Kuprioniškės–Stotis	1171	NULL	NULL	NULL	NULL	NULL	NULL	NULL	61	Autobusai	61	04-mt		1184	NULL	NULL	NULL
missed	663265	A>B	Žvėrynas–Pilaitės pr.–Karveliškės	338	NULL	NULL	NULL	NULL	NULL	NULL	NULL	63	Autobusai	63	01		359	NULL	NULL	NULL
missed	663265	B>A	Karveliškės–Pilaitės pr.–Žvėrynas	364	NULL	NULL	NULL	NULL	NULL	NULL	NULL	63	Autobusai	63	01		386	NULL	NULL	NULL
missed	663265	A>B	Žvėrynas–Pilaitės pr.–Karveliškės	391	NULL	NULL	NULL	NULL	NULL	NULL	NULL	63	Autobusai	63	01		412	NULL	NULL	NULL
missed	663265	B>A	Karveliškės–Pilaitės pr.–Žvėrynas	417	NULL	NULL	NULL	NULL	NULL	NULL	NULL	63	Autobusai	63	01		439	NULL	NULL	NULL
missed	663265	A>B	Žvėrynas–Pilaitės pr.–Karveliškės	449	NULL	NULL	NULL	NULL	NULL	NULL	NULL	63	Autobusai	63	01		470	NULL	NULL	NULL
missed	663265	B>A	Karveliškės–Pilaitės pr.–Žvėrynas	475	NULL	NULL	NULL	NULL	NULL	NULL	NULL	63	Autobusai	63	01		497	NULL	NULL	NULL
missed	663265	A>B	Žvėrynas–Pilaitės pr.–Karveliškės	507	NULL	NULL	NULL	NULL	NULL	NULL	NULL	63	Autobusai	63	01		528	NULL	NULL	NULL
missed	663265	B>A	Karveliškės–Pilaitės pr.–Žvėrynas	533	NULL	NULL	NULL	NULL	NULL	NULL	NULL	63	Autobusai	63	01		555	NULL	NULL	NULL
missed	663265	A>B	Žvėrynas–Pilaitės pr.–Karveliškės	565	NULL	NULL	NULL	NULL	NULL	NULL	NULL	63	Autobusai	63	01		586	NULL	NULL	NULL
missed	663265	B>A	Karveliškės–Pilaitės pr.–Žvėrynas	591	NULL	NULL	NULL	NULL	NULL	NULL	NULL	63	Autobusai	63	01		613	NULL	NULL	NULL
missed	663265	A>B	Žvėrynas–Pilaitės pr.–Karveliškės	643	NULL	NULL	NULL	NULL	NULL	NULL	NULL	63	Autobusai	63	01		664	NULL	NULL	NULL
missed	663265	B>A	Karveliškės–Pilaitės pr.–Žvėrynas	669	NULL	NULL	NULL	NULL	NULL	NULL	NULL	63	Autobusai	63	01		691	NULL	NULL	NULL
missed	663265	A>B	Žvėrynas–Pilaitės pr.–Karveliškės	698	NULL	NULL	NULL	NULL	NULL	NULL	NULL	63	Autobusai	63	01		719	NULL	NULL	NULL
missed	663265	B>A	Karveliškės–Pilaitės pr.–Žvėrynas	724	NULL	NULL	NULL	NULL	NULL	NULL	NULL	63	Autobusai	63	01		746	NULL	NULL	NULL
missed	663265	A>B	Žvėrynas–Pilaitės pr.–Karveliškės	756	NULL	NULL	NULL	NULL	NULL	NULL	NULL	63	Autobusai	63	01		777	NULL	NULL	NULL
missed	663265	B>A	Karveliškės–Pilaitės pr.–Žvėrynas	789	NULL	NULL	NULL	NULL	NULL	NULL	NULL	63	Autobusai	63	01		811	NULL	NULL	NULL
missed	663265	A>B	Žvėrynas–Pilaitės pr.–Karveliškės	830	NULL	NULL	NULL	NULL	NULL	NULL	NULL	63	Autobusai	63	01		851	NULL	NULL	NULL
missed	663265	B>A	Karveliškės–Pilaitės pr.–Žvėrynas	853	NULL	NULL	NULL	NULL	NULL	NULL	NULL	63	Autobusai	63	01		875	NULL	NULL	NULL
missed	663265	A>B	Žvėrynas–Pilaitės pr.–Karveliškės	880	NULL	NULL	NULL	NULL	NULL	NULL	NULL	63	Autobusai	63	01		901	NULL	NULL	NULL
missed	663265	B>A	Karveliškės–Pilaitės pr.–Žvėrynas	906	NULL	NULL	NULL	NULL	NULL	NULL	NULL	63	Autobusai	63	01		928	NULL	NULL	NULL
missed	663265	A>B	Žvėrynas–Pilaitės pr.–Karveliškės	933	NULL	NULL	NULL	NULL	NULL	NULL	NULL	63	Autobusai	63	01		954	NULL	NULL	NULL
missed	663265	B>A	Karveliškės–Pilaitės pr.–Žvėrynas	959	NULL	NULL	NULL	NULL	NULL	NULL	NULL	63	Autobusai	63	01		980	NULL	NULL	NULL
missed	663265	A>B	Žvėrynas–Pilaitės pr.–Karveliškės	1010	NULL	NULL	NULL	NULL	NULL	NULL	NULL	63	Autobusai	63	01		1031	NULL	NULL	NULL
missed	663265	B>A	Karveliškės–Pilaitės pr.–Žvėrynas	1036	NULL	NULL	NULL	NULL	NULL	NULL	NULL	63	Autobusai	63	01		1058	NULL	NULL	NULL
missed	663265	A>B	Žvėrynas–Pilaitės pr.–Karveliškės	1063	NULL	NULL	NULL	NULL	NULL	NULL	NULL	63	Autobusai	63	01		1084	NULL	NULL	NULL
missed	663265	B>A	Karveliškės–Pilaitės pr.–Žvėrynas	1089	NULL	NULL	NULL	NULL	NULL	NULL	NULL	63	Autobusai	63	01		1111	NULL	NULL	NULL
missed	663265	A>B	Žvėrynas–Pilaitės pr.–Karveliškės	1124	NULL	NULL	NULL	NULL	NULL	NULL	NULL	63	Autobusai	63	01		1145	NULL	NULL	NULL
missed	663265	B>A	Karveliškės–Pilaitės pr.–Žvėrynas	1150	NULL	NULL	NULL	NULL	NULL	NULL	NULL	63	Autobusai	63	01		1172	NULL	NULL	NULL
missed	663265	A>B	Žvėrynas–Pilaitės pr.–Karveliškės	1181	NULL	NULL	NULL	NULL	NULL	NULL	NULL	63	Autobusai	63	01		1202	NULL	NULL	NULL
missed	663265	B>A	Karveliškės–Pilaitės pr.–Žvėrynas	1207	NULL	NULL	NULL	NULL	NULL	NULL	NULL	63	Autobusai	63	01		1229	NULL	NULL	NULL
missed	663265	A>B	Žvėrynas–Pilaitės pr.–Karveliškės	1239	NULL	NULL	NULL	NULL	NULL	NULL	NULL	63	Autobusai	63	01		1260	NULL	NULL	NULL
missed	663265	B>A	Karveliškės–Pilaitės pr.–Žvėrynas	1265	NULL	NULL	NULL	NULL	NULL	NULL	NULL	63	Autobusai	63	01		1287	NULL	NULL	NULL
missed	663266	A>B	Ožkiniai–Naujieji Verkiai–Balsių g.–Pagubė	400	NULL	NULL	NULL	NULL	NULL	NULL	NULL	65	Autobusai	65	01		428	NULL	NULL	NULL
missed	663266	B>A	Pagubė–Balsių g.–Naujieji Verkiai–Ožkiniai	447	NULL	NULL	NULL	NULL	NULL	NULL	NULL	65	Autobusai	65	01		478	NULL	NULL	NULL
missed	663266	A>B	Ožkiniai–Naujieji Verkiai–Balsių g.–Pagubė	506	NULL	NULL	NULL	NULL	NULL	NULL	NULL	65	Autobusai	65	01		534	NULL	NULL	NULL
missed	663266	B>A	Pagubė–Balsių g.–Naujieji Verkiai–Ožkiniai	564	NULL	NULL	NULL	NULL	NULL	NULL	NULL	65	Autobusai	65	01		595	NULL	NULL	NULL
missed	663266	A>B	Ožkiniai–Naujieji Verkiai–Balsių g.–Pagubė	605	NULL	NULL	NULL	NULL	NULL	NULL	NULL	65	Autobusai	65	01		633	NULL	NULL	NULL
missed	663266	B>A	Pagubė–Balsių g.–Naujieji Verkiai–Ožkiniai	643	NULL	NULL	NULL	NULL	NULL	NULL	NULL	65	Autobusai	65	01		674	NULL	NULL	NULL
missed	663266	A>B	Ožkiniai–Naujieji Verkiai–Balsių g.–Pagubė	691	NULL	NULL	NULL	NULL	NULL	NULL	NULL	65	Autobusai	65	01		719	NULL	NULL	NULL
missed	663266	B>A	Pagubė–Balsių g.–Naujieji Verkiai–Ožkiniai	730	NULL	NULL	NULL	NULL	NULL	NULL	NULL	65	Autobusai	65	01		761	NULL	NULL	NULL
missed	663266	A>B	Ožkiniai–Naujieji Verkiai–Balsių g.–Pagubė	765	NULL	NULL	NULL	NULL	NULL	NULL	NULL	65	Autobusai	65	01		793	NULL	NULL	NULL
missed	663266	B>A	Pagubė–Balsių g.–Naujieji Verkiai–Ožkiniai	823	NULL	NULL	NULL	NULL	NULL	NULL	NULL	65	Autobusai	65	01		854	NULL	NULL	NULL
missed	663266	A>B	Ožkiniai–Naujieji Verkiai–Balsių g.–Pagubė	860	NULL	NULL	NULL	NULL	NULL	NULL	NULL	65	Autobusai	65	01		888	NULL	NULL	NULL
missed	663266	B>A	Pagubė–Balsių g.–Naujieji Verkiai–Ožkiniai	892	NULL	NULL	NULL	NULL	NULL	NULL	NULL	65	Autobusai	65	01		923	NULL	NULL	NULL
missed	663266	A>B	Ožkiniai–Naujieji Verkiai–Balsių g.–Pagubė	946	NULL	NULL	NULL	NULL	NULL	NULL	NULL	65	Autobusai	65	01		974	NULL	NULL	NULL
missed	663266	B>A	Pagubė–Balsių g.–Naujieji Verkiai–Ožkiniai	988	NULL	NULL	NULL	NULL	NULL	NULL	NULL	65	Autobusai	65	01		1019	NULL	NULL	NULL
missed	663267	A>B	Ožkiniai–Naujieji Verkiai–Balsių g.–Pagubė	446	NULL	NULL	NULL	NULL	NULL	NULL	NULL	65	Autobusai	65	02		474	NULL	NULL	NULL
missed	663267	B>A	Pagubė–Balsių g.–Naujieji Verkiai–Ožkiniai	500	NULL	NULL	NULL	NULL	NULL	NULL	NULL	65	Autobusai	65	02		531	NULL	NULL	NULL
missed	663267	A>B	Ožkiniai–Naujieji Verkiai–Balsių g.–Pagubė	561	NULL	NULL	NULL	NULL	NULL	NULL	NULL	65	Autobusai	65	02		589	NULL	NULL	NULL
missed	663267	B>A	Pagubė–Balsių g.–Naujieji Verkiai–Ožkiniai	600	NULL	NULL	NULL	NULL	NULL	NULL	NULL	65	Autobusai	65	02		631	NULL	NULL	NULL
missed	663267	A>B	Ožkiniai–Naujieji Verkiai–Balsių g.–Pagubė	641	NULL	NULL	NULL	NULL	NULL	NULL	NULL	65	Autobusai	65	02		669	NULL	NULL	NULL
missed	663267	B>A	Pagubė–Balsių g.–Naujieji Verkiai–Ožkiniai	677	NULL	NULL	NULL	NULL	NULL	NULL	NULL	65	Autobusai	65	02		708	NULL	NULL	NULL
missed	663267	A>B	Ožkiniai–Naujieji Verkiai–Balsių g.–Pagubė	717	NULL	NULL	NULL	NULL	NULL	NULL	NULL	65	Autobusai	65	02		745	NULL	NULL	NULL
missed	663267	B>A	Pagubė–Balsių g.–Naujieji Verkiai–Ožkiniai	760	NULL	NULL	NULL	NULL	NULL	NULL	NULL	65	Autobusai	65	02		791	NULL	NULL	NULL
missed	663267	A>B	Ožkiniai–Naujieji Verkiai–Balsių g.–Pagubė	821	NULL	NULL	NULL	NULL	NULL	NULL	NULL	65	Autobusai	65	02		849	NULL	NULL	NULL
missed	663267	B>A	Pagubė–Balsių g.–Naujieji Verkiai–Ožkiniai	859	NULL	NULL	NULL	NULL	NULL	NULL	NULL	65	Autobusai	65	02		890	NULL	NULL	NULL
missed	663267	A>B	Ožkiniai–Naujieji Verkiai–Balsių g.–Pagubė	897	NULL	NULL	NULL	NULL	NULL	NULL	NULL	65	Autobusai	65	02		925	NULL	NULL	NULL
missed	663267	B>A	Pagubė–Balsių g.–Naujieji Verkiai–Ožkiniai	933	NULL	NULL	NULL	NULL	NULL	NULL	NULL	65	Autobusai	65	02		964	NULL	NULL	NULL
missed	663267	A>B	Ožkiniai–Naujieji Verkiai–Balsių g.–Pagubė	985	NULL	NULL	NULL	NULL	NULL	NULL	NULL	65	Autobusai	65	02		1013	NULL	NULL	NULL
missed	663267	B>A	Pagubė–Balsių g.–Naujieji Verkiai–Ožkiniai	1018	NULL	NULL	NULL	NULL	NULL	NULL	NULL	65	Autobusai	65	02		1049	NULL	NULL	NULL
missed	635425	B>A	Skirgiškės–Europos parkas–Žaliųjų Ežerų–Kalvarijų–Žalgirio g.	340	NULL	NULL	NULL	NULL	NULL	NULL	NULL	66	Autobusai	66	01		385	NULL	NULL	NULL
missed	635425	A>B	Žalgirio–Kalvarijų–Žaliųjų Ežerų g.–Europos parkas–Skirgiškės	390	NULL	NULL	NULL	NULL	NULL	NULL	NULL	66	Autobusai	66	01		429	NULL	NULL	NULL
missed	635425	B>A	Skirgiškės–Europos parkas–Žaliųjų Ežerų–Kalvarijų–Žalgirio g.	435	NULL	NULL	NULL	NULL	NULL	NULL	NULL	66	Autobusai	66	01		484	NULL	NULL	NULL
missed	635425	A>B	Žalgirio–Kalvarijų–Žaliųjų Ežerų g.–Europos parkas–Skirgiškės	489	NULL	NULL	NULL	NULL	NULL	NULL	NULL	66	Autobusai	66	01		530	NULL	NULL	NULL
missed	635425	B>A	Skirgiškės–Europos parkas–Žaliųjų Ežerų–Kalvarijų–Žalgirio g.	535	NULL	NULL	NULL	NULL	NULL	NULL	NULL	66	Autobusai	66	01		580	NULL	NULL	NULL
missed	635425	A>B	Žalgirio–Kalvarijų–Žaliųjų Ežerų g.–Europos parkas–Skirgiškės	610	NULL	NULL	NULL	NULL	NULL	NULL	NULL	66	Autobusai	66	01		649	NULL	NULL	NULL
missed	635425	B>A	Skirgiškės–Europos parkas–Žaliųjų Ežerų–Kalvarijų–Žalgirio g.	654	NULL	NULL	NULL	NULL	NULL	NULL	NULL	66	Autobusai	66	01		699	NULL	NULL	NULL
missed	635425	A>B	Žalgirio–Kalvarijų–Žaliųjų Ežerų g.–Europos parkas–Skirgiškės	704	NULL	NULL	NULL	NULL	NULL	NULL	NULL	66	Autobusai	66	01		743	NULL	NULL	NULL
missed	635425	B>A	Skirgiškės–Europos parkas–Žaliųjų Ežerų–Kalvarijų–Žalgirio g.	748	NULL	NULL	NULL	NULL	NULL	NULL	NULL	66	Autobusai	66	01		793	NULL	NULL	NULL
missed	635425	A>B	Žalgirio–Kalvarijų–Žaliųjų Ežerų g.–Europos parkas–Skirgiškės	798	NULL	NULL	NULL	NULL	NULL	NULL	NULL	66	Autobusai	66	01		837	NULL	NULL	NULL
missed	635425	B>A	Skirgiškės–Europos parkas–Žaliųjų Ežerų–Kalvarijų–Žalgirio g.	845	NULL	NULL	NULL	NULL	NULL	NULL	NULL	66	Autobusai	66	01		890	NULL	NULL	NULL
missed	635425	A>B	Žalgirio–Kalvarijų–Žaliųjų Ežerų g.–Europos parkas–Skirgiškės	895	NULL	NULL	NULL	NULL	NULL	NULL	NULL	66	Autobusai	66	01		934	NULL	NULL	NULL
missed	635425	B>A	Skirgiškės–Europos parkas–Žaliųjų Ežerų–Kalvarijų–Žalgirio g.	939	NULL	NULL	NULL	NULL	NULL	NULL	NULL	66	Autobusai	66	01		984	NULL	NULL	NULL
missed	635425	A>B	Žalgirio–Kalvarijų–Žaliųjų Ežerų g.–Europos parkas–Skirgiškės	998	NULL	NULL	NULL	NULL	NULL	NULL	NULL	66	Autobusai	66	01		1041	NULL	NULL	NULL
missed	635425	B>A	Skirgiškės–Europos parkas–Žaliųjų Ežerų–Kalvarijų–Žalgirio g.	1046	NULL	NULL	NULL	NULL	NULL	NULL	NULL	66	Autobusai	66	01		1091	NULL	NULL	NULL
missed	635425	A>B	Žalgirio–Kalvarijų–Žaliųjų Ežerų g.–Europos parkas–Skirgiškės	1126	NULL	NULL	NULL	NULL	NULL	NULL	NULL	66	Autobusai	66	01		1169	NULL	NULL	NULL
missed	635425	B>A	Skirgiškės–Europos parkas–Žaliųjų Ežerų–Kalvarijų–Žalgirio g.	1174	NULL	NULL	NULL	NULL	NULL	NULL	NULL	66	Autobusai	66	01		1219	NULL	NULL	NULL
missed	635425	A>B	Žalgirio–Kalvarijų–Žaliųjų Ežerų g.–Europos parkas–Skirgiškės	1227	NULL	NULL	NULL	NULL	NULL	NULL	NULL	66	Autobusai	66	01		1265	NULL	NULL	NULL
missed	635425	B>A	Skirgiškės–Europos parkas–Žaliųjų Ežerų–Kalvarijų–Žalgirio g.	1270	NULL	NULL	NULL	NULL	NULL	NULL	NULL	66	Autobusai	66	01		1315	NULL	NULL	NULL
missed	635425	A>B	Žalgirio–Kalvarijų–Žaliųjų Ežerų g.–Europos parkas–Skirgiškės	1320	NULL	NULL	NULL	NULL	NULL	NULL	NULL	66	Autobusai	66	01		1358	NULL	NULL	NULL
missed	635425	B>A	Skirgiškės–Europos parkas–Žaliųjų Ežerų–Kalvarijų–Žalgirio g.	1363	NULL	NULL	NULL	NULL	NULL	NULL	NULL	66	Autobusai	66	01		1408	NULL	NULL	NULL
missed	635424	A>B	Žalgirio–Kalvarijų–Žaliųjų Ežerų g.–Europos parkas–Skirgiškės	348	NULL	NULL	NULL	NULL	NULL	NULL	NULL	66	Autobusai	66	02		387	NULL	NULL	NULL
missed	635424	B>A	Skirgiškės–Europos parkas–Žaliųjų Ežerų–Kalvarijų–Žalgirio g.	392	NULL	NULL	NULL	NULL	NULL	NULL	NULL	66	Autobusai	66	02		441	NULL	NULL	NULL
missed	635424	A>B	Žalgirio–Kalvarijų–Žaliųjų Ežerų g.–Europos parkas–Skirgiškės	448	NULL	NULL	NULL	NULL	NULL	NULL	NULL	66	Autobusai	66	02		489	NULL	NULL	NULL
missed	635424	B>A	Skirgiškės–Europos parkas–Žaliųjų Ežerų–Kalvarijų–Žalgirio g.	494	NULL	NULL	NULL	NULL	NULL	NULL	NULL	66	Autobusai	66	02		539	NULL	NULL	NULL
missed	635424	A>B	Žalgirio–Kalvarijų–Žaliųjų Ežerų g.–Europos parkas–Skirgiškės	548	NULL	NULL	NULL	NULL	NULL	NULL	NULL	66	Autobusai	66	02		587	NULL	NULL	NULL
missed	635424	B>A	Skirgiškės–Europos parkas–Žaliųjų Ežerų–Kalvarijų–Žalgirio g.	593	NULL	NULL	NULL	NULL	NULL	NULL	NULL	66	Autobusai	66	02		638	NULL	NULL	NULL
missed	635424	A>B	Žalgirio–Kalvarijų–Žaliųjų Ežerų g.–Europos parkas–Skirgiškės	967	NULL	NULL	NULL	NULL	NULL	NULL	NULL	66	Autobusai	66	02		1006	NULL	NULL	NULL
missed	635424	B>A	Skirgiškės–Europos parkas–Žaliųjų Ežerų–Kalvarijų–Žalgirio g.	1020	NULL	NULL	NULL	NULL	NULL	NULL	NULL	66	Autobusai	66	02		1065	NULL	NULL	NULL
missed	635424	A>B	Žalgirio–Kalvarijų–Žaliųjų Ežerų g.–Europos parkas–Skirgiškės	1074	NULL	NULL	NULL	NULL	NULL	NULL	NULL	66	Autobusai	66	02		1117	NULL	NULL	NULL
missed	635424	B>A	Skirgiškės–Europos parkas–Žaliųjų Ežerų–Kalvarijų–Žalgirio g.	1122	NULL	NULL	NULL	NULL	NULL	NULL	NULL	66	Autobusai	66	02		1167	NULL	NULL	NULL
missed	635426	B>A	Skirgiškės–Europos parkas–Žaliųjų Ežerų–Kalvarijų–Žalgirio g.	364	NULL	NULL	NULL	NULL	NULL	NULL	NULL	66	Autobusai	66	03		409	NULL	NULL	NULL
missed	635426	A>B	Žalgirio–Kalvarijų–Žaliųjų Ežerų g.–Europos parkas–Skirgiškės	414	NULL	NULL	NULL	NULL	NULL	NULL	NULL	66	Autobusai	66	03		455	NULL	NULL	NULL
missed	635426	B>A	Skirgiškės–Europos parkas–Žaliųjų Ežerų–Kalvarijų–Žalgirio g.	462	NULL	NULL	NULL	NULL	NULL	NULL	NULL	66	Autobusai	66	03		511	NULL	NULL	NULL
missed	635426	A>B	Žalgirio–Kalvarijų–Žaliųjų Ežerų g.–Europos parkas–Skirgiškės	516	NULL	NULL	NULL	NULL	NULL	NULL	NULL	66	Autobusai	66	03		557	NULL	NULL	NULL
missed	635426	B>A	Skirgiškės–Europos parkas–Žaliųjų Ežerų–Kalvarijų–Žalgirio g.	562	NULL	NULL	NULL	NULL	NULL	NULL	NULL	66	Autobusai	66	03		607	NULL	NULL	NULL
missed	635426	A>B	Žalgirio–Kalvarijų–Žaliųjų Ežerų g.–Europos parkas–Skirgiškės	652	NULL	NULL	NULL	NULL	NULL	NULL	NULL	66	Autobusai	66	03		691	NULL	NULL	NULL
missed	635426	B>A	Skirgiškės–Europos parkas–Žaliųjų Ežerų–Kalvarijų–Žalgirio g.	696	NULL	NULL	NULL	NULL	NULL	NULL	NULL	66	Autobusai	66	03		741	NULL	NULL	NULL
missed	635426	A>B	Žalgirio–Kalvarijų–Žaliųjų Ežerų g.–Europos parkas–Skirgiškės	757	NULL	NULL	NULL	NULL	NULL	NULL	NULL	66	Autobusai	66	03		796	NULL	NULL	NULL
missed	635426	B>A	Skirgiškės–Europos parkas–Žaliųjų Ežerų–Kalvarijų–Žalgirio g.	801	NULL	NULL	NULL	NULL	NULL	NULL	NULL	66	Autobusai	66	03		846	NULL	NULL	NULL
missed	635426	A>B	Žalgirio–Kalvarijų–Žaliųjų Ežerų g.–Europos parkas–Skirgiškės	855	NULL	NULL	NULL	NULL	NULL	NULL	NULL	66	Autobusai	66	03		894	NULL	NULL	NULL
missed	635426	B>A	Skirgiškės–Europos parkas–Žaliųjų Ežerų–Kalvarijų–Žalgirio g.	899	NULL	NULL	NULL	NULL	NULL	NULL	NULL	66	Autobusai	66	03		944	NULL	NULL	NULL
missed	635426	A>B	Žalgirio–Kalvarijų–Žaliųjų Ežerų g.–Europos parkas–Skirgiškės	949	NULL	NULL	NULL	NULL	NULL	NULL	NULL	66	Autobusai	66	03		988	NULL	NULL	NULL
missed	635426	B>A	Skirgiškės–Europos parkas–Žaliųjų Ežerų–Kalvarijų–Žalgirio g.	993	NULL	NULL	NULL	NULL	NULL	NULL	NULL	66	Autobusai	66	03		1038	NULL	NULL	NULL
missed	635426	A>B	Žalgirio–Kalvarijų–Žaliųjų Ežerų g.–Europos parkas–Skirgiškės	1048	NULL	NULL	NULL	NULL	NULL	NULL	NULL	66	Autobusai	66	03		1091	NULL	NULL	NULL
missed	635426	B>A	Skirgiškės–Europos parkas–Žaliųjų Ežerų–Kalvarijų–Žalgirio g.	1096	NULL	NULL	NULL	NULL	NULL	NULL	NULL	66	Autobusai	66	03		1141	NULL	NULL	NULL
missed	635426	A>B	Žalgirio–Kalvarijų–Žaliųjų Ežerų g.–Europos parkas–Skirgiškės	1175	NULL	NULL	NULL	NULL	NULL	NULL	NULL	66	Autobusai	66	03		1214	NULL	NULL	NULL
missed	635426	B>A	Skirgiškės–Europos parkas–Žaliųjų Ežerų–Kalvarijų–Žalgirio g.	1219	NULL	NULL	NULL	NULL	NULL	NULL	NULL	66	Autobusai	66	03		1264	NULL	NULL	NULL
missed	635426	A>B	Žalgirio–Kalvarijų–Žaliųjų Ežerų g.–Europos parkas–Skirgiškės	1271	NULL	NULL	NULL	NULL	NULL	NULL	NULL	66	Autobusai	66	03		1309	NULL	NULL	NULL
missed	635426	B>A	Skirgiškės–Europos parkas–Žaliųjų Ežerų–Kalvarijų–Žalgirio g.	1314	NULL	NULL	NULL	NULL	NULL	NULL	NULL	66	Autobusai	66	03		1359	NULL	NULL	NULL
missed	579593	B>A	Mickūnai–Pramonės–Parko g.	324	NULL	NULL	NULL	NULL	NULL	NULL	NULL	67	Autobusai	67	01		343	NULL	NULL	NULL
missed	579593	A>B	Parko–Pramonės g.–Mickūnai	348	NULL	NULL	NULL	NULL	NULL	NULL	NULL	67	Autobusai	67	01		367	NULL	NULL	NULL
missed	579593	B>A	Mickūnai–Pramonės–Parko g.	372	NULL	NULL	NULL	NULL	NULL	NULL	NULL	67	Autobusai	67	01		391	NULL	NULL	NULL
missed	579593	A>B	Parko–Pramonės g.–Mickūnai	396	NULL	NULL	NULL	NULL	NULL	NULL	NULL	67	Autobusai	67	01		415	NULL	NULL	NULL
missed	579593	B>A	Mickūnai–Pramonės–Parko g.	421	NULL	NULL	NULL	NULL	NULL	NULL	NULL	67	Autobusai	67	01		440	NULL	NULL	NULL
missed	579593	A>B	Parko–Pramonės g.–Mickūnai	450	NULL	NULL	NULL	NULL	NULL	NULL	NULL	67	Autobusai	67	01		469	NULL	NULL	NULL
missed	579593	B>A	Mickūnai–Pramonės–Parko g.	479	NULL	NULL	NULL	NULL	NULL	NULL	NULL	67	Autobusai	67	01		498	NULL	NULL	NULL
missed	579593	A>B	Parko–Pramonės g.–Mickūnai	508	NULL	NULL	NULL	NULL	NULL	NULL	NULL	67	Autobusai	67	01		527	NULL	NULL	NULL
missed	579593	B>A	Mickūnai–Pramonės–Parko g.	537	NULL	NULL	NULL	NULL	NULL	NULL	NULL	67	Autobusai	67	01		556	NULL	NULL	NULL
missed	579593	A>B	Parko–Pramonės g.–Mickūnai	586	NULL	NULL	NULL	NULL	NULL	NULL	NULL	67	Autobusai	67	01		605	NULL	NULL	NULL
missed	579593	B>A	Mickūnai–Pramonės–Parko g.	615	NULL	NULL	NULL	NULL	NULL	NULL	NULL	67	Autobusai	67	01		634	NULL	NULL	NULL
missed	579593	A>B	Parko–Pramonės g.–Mickūnai	664	NULL	NULL	NULL	NULL	NULL	NULL	NULL	67	Autobusai	67	01		683	NULL	NULL	NULL
missed	579593	B>A	Mickūnai–Pramonės–Parko g.	698	NULL	NULL	NULL	NULL	NULL	NULL	NULL	67	Autobusai	67	01		717	NULL	NULL	NULL
missed	579593	A>B	Parko–Pramonės g.–Mickūnai	732	NULL	NULL	NULL	NULL	NULL	NULL	NULL	67	Autobusai	67	01		751	NULL	NULL	NULL
missed	579593	B>A	Mickūnai–Pramonės–Parko g.	766	NULL	NULL	NULL	NULL	NULL	NULL	NULL	67	Autobusai	67	01		785	NULL	NULL	NULL
missed	579593	A>B	Parko–Pramonės g.–Mickūnai	797	NULL	NULL	NULL	NULL	NULL	NULL	NULL	67	Autobusai	67	01		816	NULL	NULL	NULL
missed	579593	B>A	Mickūnai–Pramonės–Parko g.	828	NULL	NULL	NULL	NULL	NULL	NULL	NULL	67	Autobusai	67	01		847	NULL	NULL	NULL
missed	579593	A>B	Parko–Pramonės g.–Mickūnai	857	NULL	NULL	NULL	NULL	NULL	NULL	NULL	67	Autobusai	67	01		876	NULL	NULL	NULL
missed	579593	B>A	Mickūnai–Pramonės–Parko g.	891	NULL	NULL	NULL	NULL	NULL	NULL	NULL	67	Autobusai	67	01		910	NULL	NULL	NULL
missed	579593	A>B	Parko–Pramonės g.–Mickūnai	919	NULL	NULL	NULL	NULL	NULL	NULL	NULL	67	Autobusai	67	01		938	NULL	NULL	NULL
missed	579593	B>A	Mickūnai–Pramonės–Parko g.	949	NULL	NULL	NULL	NULL	NULL	NULL	NULL	67	Autobusai	67	01		968	NULL	NULL	NULL
missed	579593	A>B	Parko–Pramonės g.–Mickūnai	988	NULL	NULL	NULL	NULL	NULL	NULL	NULL	67	Autobusai	67	01		1007	NULL	NULL	NULL
missed	579593	B>A	Mickūnai–Pramonės–Parko g.	1020	NULL	NULL	NULL	NULL	NULL	NULL	NULL	67	Autobusai	67	01		1039	NULL	NULL	NULL
missed	579593	A>B	Parko–Pramonės g.–Mickūnai	1052	NULL	NULL	NULL	NULL	NULL	NULL	NULL	67	Autobusai	67	01		1071	NULL	NULL	NULL
missed	579593	B>A	Mickūnai–Pramonės–Parko g.	1081	NULL	NULL	NULL	NULL	NULL	NULL	NULL	67	Autobusai	67	01		1100	NULL	NULL	NULL
missed	579593	A>B	Parko–Pramonės g.–Mickūnai	1130	NULL	NULL	NULL	NULL	NULL	NULL	NULL	67	Autobusai	67	01		1149	NULL	NULL	NULL
missed	579593	B>A	Mickūnai–Pramonės–Parko g.	1161	NULL	NULL	NULL	NULL	NULL	NULL	NULL	67	Autobusai	67	01		1180	NULL	NULL	NULL
missed	579593	A>B	Parko–Pramonės g.–Mickūnai	1210	NULL	NULL	NULL	NULL	NULL	NULL	NULL	67	Autobusai	67	01		1229	NULL	NULL	NULL
missed	579593	B>A	Mickūnai–Pramonės–Parko g.	1242	NULL	NULL	NULL	NULL	NULL	NULL	NULL	67	Autobusai	67	01		1261	NULL	NULL	NULL
missed	579593	A>B	Parko–Pramonės g.–Mickūnai	1275	NULL	NULL	NULL	NULL	NULL	NULL	NULL	67	Autobusai	67	01		1294	NULL	NULL	NULL
missed	579593	B>A	Mickūnai–Pramonės–Parko g.	1305	NULL	NULL	NULL	NULL	NULL	NULL	NULL	67	Autobusai	67	01		1324	NULL	NULL	NULL
missed	635427	A>B	Lazdynai–Mūrinė Vokė–Lentvaris–Grigiškės	307	NULL	NULL	NULL	NULL	NULL	NULL	NULL	68	Autobusai	68	01		339	NULL	NULL	NULL
missed	635427	B>A	Grigiškės–Lentvaris–Mūrinė Vokė–Lazdynai	343	NULL	NULL	NULL	NULL	NULL	NULL	NULL	68	Autobusai	68	01		383	NULL	NULL	NULL
missed	635427	A>B	Lazdynai–Mūrinė Vokė–Lentvaris–Grigiškės	392	NULL	NULL	NULL	NULL	NULL	NULL	NULL	68	Autobusai	68	01		425	NULL	NULL	NULL
missed	635427	B>A	Grigiškės–Lentvaris–Mūrinė Vokė–Lazdynai	431	NULL	NULL	NULL	NULL	NULL	NULL	NULL	68	Autobusai	68	01		471	NULL	NULL	NULL
missed	635427	A>B	Lazdynai–Mūrinė Vokė–Lentvaris–Grigiškės	477	NULL	NULL	NULL	NULL	NULL	NULL	NULL	68	Autobusai	68	01		510	NULL	NULL	NULL
missed	635427	B>A	Grigiškės–Lentvaris–Mūrinė Vokė–Lazdynai	515	NULL	NULL	NULL	NULL	NULL	NULL	NULL	68	Autobusai	68	01		554	NULL	NULL	NULL
missed	635427	A>B	Lazdynai–Mūrinė Vokė–Lentvaris–Grigiškės	586	NULL	NULL	NULL	NULL	NULL	NULL	NULL	68	Autobusai	68	01		618	NULL	NULL	NULL
missed	635427	B>A	Grigiškės–Lentvaris–Mūrinė Vokė–Lazdynai	624	NULL	NULL	NULL	NULL	NULL	NULL	NULL	68	Autobusai	68	01		663	NULL	NULL	NULL
missed	635427	A>B	Lazdynai–Mūrinė Vokė–Lentvaris–Grigiškės	669	NULL	NULL	NULL	NULL	NULL	NULL	NULL	68	Autobusai	68	01		701	NULL	NULL	NULL
missed	635427	B>A	Grigiškės–Lentvaris–Mūrinė Vokė–Lazdynai	709	NULL	NULL	NULL	NULL	NULL	NULL	NULL	68	Autobusai	68	01		748	NULL	NULL	NULL
missed	635427	A>B	Lazdynai–Mūrinė Vokė–Lentvaris–Grigiškės	754	NULL	NULL	NULL	NULL	NULL	NULL	NULL	68	Autobusai	68	01		786	NULL	NULL	NULL
missed	635427	B>A	Grigiškės–Lentvaris–Mūrinė Vokė–Lazdynai	794	NULL	NULL	NULL	NULL	NULL	NULL	NULL	68	Autobusai	68	01		833	NULL	NULL	NULL
missed	635427	A>B	Lazdynai–Mūrinė Vokė–Lentvaris–Grigiškės	843	NULL	NULL	NULL	NULL	NULL	NULL	NULL	68	Autobusai	68	01		875	NULL	NULL	NULL
missed	635427	B>A	Grigiškės–Lentvaris–Mūrinė Vokė–Lazdynai	881	NULL	NULL	NULL	NULL	NULL	NULL	NULL	68	Autobusai	68	01		921	NULL	NULL	NULL
missed	635427	A>B	Lazdynai–Mūrinė Vokė–Lentvaris–Grigiškės	927	NULL	NULL	NULL	NULL	NULL	NULL	NULL	68	Autobusai	68	01		960	NULL	NULL	NULL
missed	635427	B>A	Grigiškės–Lentvaris–Mūrinė Vokė–Lazdynai	966	NULL	NULL	NULL	NULL	NULL	NULL	NULL	68	Autobusai	68	01		1006	NULL	NULL	NULL
missed	635427	A>B	Lazdynai–Mūrinė Vokė–Lentvaris–Grigiškės	1021	NULL	NULL	NULL	NULL	NULL	NULL	NULL	68	Autobusai	68	01		1054	NULL	NULL	NULL
missed	635427	B>A	Grigiškės–Lentvaris–Mūrinė Vokė–Lazdynai	1060	NULL	NULL	NULL	NULL	NULL	NULL	NULL	68	Autobusai	68	01		1100	NULL	NULL	NULL
missed	635427	A>B	Lazdynai–Mūrinė Vokė–Lentvaris–Grigiškės	1130	NULL	NULL	NULL	NULL	NULL	NULL	NULL	68	Autobusai	68	01		1162	NULL	NULL	NULL
missed	635427	B>A	Grigiškės–Lentvaris–Mūrinė Vokė–Lazdynai	1168	NULL	NULL	NULL	NULL	NULL	NULL	NULL	68	Autobusai	68	01		1207	NULL	NULL	NULL
missed	635427	A>B	Lazdynai–Mūrinė Vokė–Lentvaris–Grigiškės	1212	NULL	NULL	NULL	NULL	NULL	NULL	NULL	68	Autobusai	68	01		1244	NULL	NULL	NULL
missed	635427	B>A	Grigiškės–Lentvaris–Mūrinė Vokė–Lazdynai	1249	NULL	NULL	NULL	NULL	NULL	NULL	NULL	68	Autobusai	68	01		1288	NULL	NULL	NULL
missed	635427	A>B	Lazdynai–Mūrinė Vokė–Lentvaris–Grigiškės	1294	NULL	NULL	NULL	NULL	NULL	NULL	NULL	68	Autobusai	68	01		1326	NULL	NULL	NULL
missed	635427	B>A	Grigiškės–Lentvaris–Mūrinė Vokė–Lazdynai	1331	NULL	NULL	NULL	NULL	NULL	NULL	NULL	68	Autobusai	68	01		1370	NULL	NULL	NULL
missed	635428	A>B	Lazdynai–Mūrinė Vokė–Lentvaris–Grigiškės	364	NULL	NULL	NULL	NULL	NULL	NULL	NULL	68	Autobusai	68	02		397	NULL	NULL	NULL
missed	635428	B>A	Grigiškės–Lentvaris–Mūrinė Vokė–Lazdynai	403	NULL	NULL	NULL	NULL	NULL	NULL	NULL	68	Autobusai	68	02		443	NULL	NULL	NULL
missed	635428	A>B	Lazdynai–Mūrinė Vokė–Lentvaris–Grigiškės	450	NULL	NULL	NULL	NULL	NULL	NULL	NULL	68	Autobusai	68	02		483	NULL	NULL	NULL
missed	635428	B>A	Grigiškės–Lentvaris–Mūrinė Vokė–Lazdynai	489	NULL	NULL	NULL	NULL	NULL	NULL	NULL	68	Autobusai	68	02		529	NULL	NULL	NULL
missed	635428	A>B	Lazdynai–Mūrinė Vokė–Lentvaris–Grigiškės	536	NULL	NULL	NULL	NULL	NULL	NULL	NULL	68	Autobusai	68	02		568	NULL	NULL	NULL
missed	635428	B>A	Grigiškės–Lentvaris–Mūrinė Vokė–Lazdynai	578	NULL	NULL	NULL	NULL	NULL	NULL	NULL	68	Autobusai	68	02		617	NULL	NULL	NULL
missed	635428	A>B	Lazdynai–Mūrinė Vokė–Lentvaris–Grigiškės	995	NULL	NULL	NULL	NULL	NULL	NULL	NULL	68	Autobusai	68	02		1028	NULL	NULL	NULL
missed	635428	B>A	Grigiškės–Lentvaris–Mūrinė Vokė–Lazdynai	1034	NULL	NULL	NULL	NULL	NULL	NULL	NULL	68	Autobusai	68	02		1074	NULL	NULL	NULL
missed	635428	A>B	Lazdynai–Mūrinė Vokė–Lentvaris–Grigiškės	1086	NULL	NULL	NULL	NULL	NULL	NULL	NULL	68	Autobusai	68	02		1119	NULL	NULL	NULL
missed	635428	B>A	Grigiškės–Lentvaris–Mūrinė Vokė–Lazdynai	1125	NULL	NULL	NULL	NULL	NULL	NULL	NULL	68	Autobusai	68	02		1164	NULL	NULL	NULL
missed	635429	A>B	Lazdynai–Mūrinė Vokė–Lentvaris–Grigiškės	333	NULL	NULL	NULL	NULL	NULL	NULL	NULL	68	Autobusai	68	03		365	NULL	NULL	NULL
missed	635429	B>A	Grigiškės–Lentvaris–Mūrinė Vokė–Lazdynai	370	NULL	NULL	NULL	NULL	NULL	NULL	NULL	68	Autobusai	68	03		410	NULL	NULL	NULL
missed	635429	A>B	Lazdynai–Mūrinė Vokė–Lentvaris–Grigiškės	420	NULL	NULL	NULL	NULL	NULL	NULL	NULL	68	Autobusai	68	03		453	NULL	NULL	NULL
missed	635429	B>A	Grigiškės–Lentvaris–Mūrinė Vokė–Lazdynai	461	NULL	NULL	NULL	NULL	NULL	NULL	NULL	68	Autobusai	68	03		501	NULL	NULL	NULL
missed	635429	A>B	Lazdynai–Mūrinė Vokė–Lentvaris–Grigiškės	506	NULL	NULL	NULL	NULL	NULL	NULL	NULL	68	Autobusai	68	03		539	NULL	NULL	NULL
missed	635429	B>A	Grigiškės–Lentvaris–Mūrinė Vokė–Lazdynai	548	NULL	NULL	NULL	NULL	NULL	NULL	NULL	68	Autobusai	68	03		587	NULL	NULL	NULL
missed	635429	A>B	Lazdynai–Mūrinė Vokė–Lentvaris–Grigiškės	626	NULL	NULL	NULL	NULL	NULL	NULL	NULL	68	Autobusai	68	03		658	NULL	NULL	NULL
missed	635429	B>A	Grigiškės–Lentvaris–Mūrinė Vokė–Lazdynai	665	NULL	NULL	NULL	NULL	NULL	NULL	NULL	68	Autobusai	68	03		704	NULL	NULL	NULL
missed	635429	A>B	Lazdynai–Mūrinė Vokė–Lentvaris–Grigiškės	710	NULL	NULL	NULL	NULL	NULL	NULL	NULL	68	Autobusai	68	03		742	NULL	NULL	NULL
missed	635429	B>A	Grigiškės–Lentvaris–Mūrinė Vokė–Lazdynai	751	NULL	NULL	NULL	NULL	NULL	NULL	NULL	68	Autobusai	68	03		790	NULL	NULL	NULL
missed	635429	A>B	Lazdynai–Mūrinė Vokė–Lentvaris–Grigiškės	795	NULL	NULL	NULL	NULL	NULL	NULL	NULL	68	Autobusai	68	03		827	NULL	NULL	NULL
missed	635429	B>A	Grigiškės–Lentvaris–Mūrinė Vokė–Lazdynai	835	NULL	NULL	NULL	NULL	NULL	NULL	NULL	68	Autobusai	68	03		874	NULL	NULL	NULL
missed	635429	A>B	Lazdynai–Mūrinė Vokė–Lentvaris–Grigiškės	884	NULL	NULL	NULL	NULL	NULL	NULL	NULL	68	Autobusai	68	03		917	NULL	NULL	NULL
missed	635429	B>A	Grigiškės–Lentvaris–Mūrinė Vokė–Lazdynai	923	NULL	NULL	NULL	NULL	NULL	NULL	NULL	68	Autobusai	68	03		963	NULL	NULL	NULL
missed	635429	A>B	Lazdynai–Mūrinė Vokė–Lentvaris–Grigiškės	968	NULL	NULL	NULL	NULL	NULL	NULL	NULL	68	Autobusai	68	03		1001	NULL	NULL	NULL
missed	635429	B>A	Grigiškės–Lentvaris–Mūrinė Vokė–Lazdynai	1007	NULL	NULL	NULL	NULL	NULL	NULL	NULL	68	Autobusai	68	03		1047	NULL	NULL	NULL
missed	635429	A>B	Lazdynai–Mūrinė Vokė–Lentvaris–Grigiškės	1058	NULL	NULL	NULL	NULL	NULL	NULL	NULL	68	Autobusai	68	03		1091	NULL	NULL	NULL
missed	635429	B>A	Grigiškės–Lentvaris–Mūrinė Vokė–Lazdynai	1096	NULL	NULL	NULL	NULL	NULL	NULL	NULL	68	Autobusai	68	03		1135	NULL	NULL	NULL
missed	635429	A>B	Lazdynai–Mūrinė Vokė–Lentvaris–Grigiškės	1165	NULL	NULL	NULL	NULL	NULL	NULL	NULL	68	Autobusai	68	03		1197	NULL	NULL	NULL
missed	635429	B>A	Grigiškės–Lentvaris–Mūrinė Vokė–Lazdynai	1202	NULL	NULL	NULL	NULL	NULL	NULL	NULL	68	Autobusai	68	03		1241	NULL	NULL	NULL
missed	635429	A>B	Lazdynai–Mūrinė Vokė–Lentvaris–Grigiškės	1251	NULL	NULL	NULL	NULL	NULL	NULL	NULL	68	Autobusai	68	03		1283	NULL	NULL	NULL
missed	635429	B>A	Grigiškės–Lentvaris–Mūrinė Vokė–Lazdynai	1288	NULL	NULL	NULL	NULL	NULL	NULL	NULL	68	Autobusai	68	03		1327	NULL	NULL	NULL
missed	635429	A>B	Lazdynai–Mūrinė Vokė–Lentvaris–Grigiškės	1332	NULL	NULL	NULL	NULL	NULL	NULL	NULL	68	Autobusai	68	03		1364	NULL	NULL	NULL
missed	635429	B>A	Grigiškės–Lentvaris–Mūrinė Vokė–Lazdynai	1369	NULL	NULL	NULL	NULL	NULL	NULL	NULL	68	Autobusai	68	03		1408	NULL	NULL	NULL
missed	663269	A>B	Ateities–Didlaukio–Žalgirio g.–Lazdynai–Šiltnamių g.	310	NULL	NULL	NULL	NULL	NULL	NULL	NULL	69	Autobusai	69	01-Ž		355	NULL	NULL	NULL
missed	663269	B>A	Šiltnamių g.–Lazdynai–Žalgirio–Didlaukio–Ateities g.	362	NULL	NULL	NULL	NULL	NULL	NULL	NULL	69	Autobusai	69	01-Ž		409	NULL	NULL	NULL
missed	663269	A>B	Ateities–Didlaukio–Žalgirio g.–Lazdynai–Šiltnamių g.	414	NULL	NULL	NULL	NULL	NULL	NULL	NULL	69	Autobusai	69	01-Ž		465	NULL	NULL	NULL
missed	663269	B>A	Šiltnamių g.–Lazdynai–Žalgirio–Didlaukio–Ateities g.	476	NULL	NULL	NULL	NULL	NULL	NULL	NULL	69	Autobusai	69	01-Ž		526	NULL	NULL	NULL
missed	663269	A>B	Ateities–Didlaukio–Žalgirio g.–Lazdynai–Šiltnamių g.	564	NULL	NULL	NULL	NULL	NULL	NULL	NULL	69	Autobusai	69	01-Ž		612	NULL	NULL	NULL
missed	663269	B>A	Šiltnamių g.–Lazdynai–Žalgirio–Didlaukio–Ateities g.	622	NULL	NULL	NULL	NULL	NULL	NULL	NULL	69	Autobusai	69	01-Ž		671	NULL	NULL	NULL
missed	663269	A>B	Ateities–Didlaukio–Žalgirio g.–Lazdynai–Šiltnamių g.	680	NULL	NULL	NULL	NULL	NULL	NULL	NULL	69	Autobusai	69	01-Ž		728	NULL	NULL	NULL
missed	663269	B>A	Šiltnamių g.–Lazdynai–Žalgirio–Didlaukio–Ateities g.	739	NULL	NULL	NULL	NULL	NULL	NULL	NULL	69	Autobusai	69	01-Ž		788	NULL	NULL	NULL
missed	663269	A>B	Ateities–Didlaukio–Žalgirio g.–Lazdynai–Šiltnamių g.	796	NULL	NULL	NULL	NULL	NULL	NULL	NULL	69	Autobusai	69	01-Ž		844	NULL	NULL	NULL
missed	663269	B>A	Šiltnamių g.–Lazdynai–Žalgirio–Didlaukio–Ateities g.	862	NULL	NULL	NULL	NULL	NULL	NULL	NULL	69	Autobusai	69	01-Ž		911	NULL	NULL	NULL
missed	663269	A>B	Ateities–Didlaukio–Žalgirio g.–Lazdynai–Šiltnamių g.	922	NULL	NULL	NULL	NULL	NULL	NULL	NULL	69	Autobusai	69	01-Ž		970	NULL	NULL	NULL
missed	663269	B>A	Šiltnamių g.–Lazdynai–Žalgirio–Didlaukio–Ateities g.	982	NULL	NULL	NULL	NULL	NULL	NULL	NULL	69	Autobusai	69	01-Ž		1037	NULL	NULL	NULL
missed	663269	A>B	Ateities–Didlaukio–Žalgirio g.–Lazdynai–Šiltnamių g.	1042	NULL	NULL	NULL	NULL	NULL	NULL	NULL	69	Autobusai	69	01-Ž		1097	NULL	NULL	NULL
missed	663269	B>A	Šiltnamių g.–Lazdynai–Žalgirio–Didlaukio–Ateities g.	1107	NULL	NULL	NULL	NULL	NULL	NULL	NULL	69	Autobusai	69	01-Ž		1160	NULL	NULL	NULL
missed	663269	A>B	Ateities–Didlaukio–Žalgirio g.–Lazdynai–Šiltnamių g.	1196	NULL	NULL	NULL	NULL	NULL	NULL	NULL	69	Autobusai	69	01-Ž		1243	NULL	NULL	NULL
missed	663269	B>A	Šiltnamių g.–Lazdynai–Žalgirio–Didlaukio–Ateities g.	1258	NULL	NULL	NULL	NULL	NULL	NULL	NULL	69	Autobusai	69	01-Ž		1304	NULL	NULL	NULL
missed	663269	A>B	Ateities–Didlaukio–Žalgirio g.–Lazdynai–Šiltnamių g.	1309	NULL	NULL	NULL	NULL	NULL	NULL	NULL	69	Autobusai	69	01-Ž		1356	NULL	NULL	NULL
missed	663269	B>A	Šiltnamių g.–Lazdynai–Žalgirio–Didlaukio–Ateities g.	1364	NULL	NULL	NULL	NULL	NULL	NULL	NULL	69	Autobusai	69	01-Ž		1410	NULL	NULL	NULL
missed	663270	A>B	Ateities–Didlaukio–Žalgirio g.–Lazdynai–Šiltnamių g.	376	NULL	NULL	NULL	NULL	NULL	NULL	NULL	69	Autobusai	69	02		423	NULL	NULL	NULL
missed	663270	B>A	Šiltnamių g.–Lazdynai–Žalgirio–Didlaukio–Ateities g.	436	NULL	NULL	NULL	NULL	NULL	NULL	NULL	69	Autobusai	69	02		486	NULL	NULL	NULL
missed	663270	A>B	Ateities–Didlaukio–Žalgirio g.–Lazdynai–Šiltnamių g.	508	NULL	NULL	NULL	NULL	NULL	NULL	NULL	69	Autobusai	69	02		558	NULL	NULL	NULL
missed	663270	B>A	Šiltnamių g.–Lazdynai–Žalgirio–Didlaukio–Ateities g.	570	NULL	NULL	NULL	NULL	NULL	NULL	NULL	69	Autobusai	69	02		619	NULL	NULL	NULL
missed	663270	A>B	Ateities–Didlaukio–Žalgirio g.–Lazdynai–Šiltnamių g.	943	NULL	NULL	NULL	NULL	NULL	NULL	NULL	69	Autobusai	69	02		992	NULL	NULL	NULL
missed	663270	B>A	Šiltnamių g.–Lazdynai–Žalgirio–Didlaukio–Ateities g.	1005	NULL	NULL	NULL	NULL	NULL	NULL	NULL	69	Autobusai	69	02		1060	NULL	NULL	NULL
missed	663270	A>B	Ateities–Didlaukio–Žalgirio g.–Lazdynai–Šiltnamių g.	1070	NULL	NULL	NULL	NULL	NULL	NULL	NULL	69	Autobusai	69	02		1125	NULL	NULL	NULL
missed	663270	B>A	Šiltnamių g.–Lazdynai–Žalgirio–Didlaukio–Ateities g.	1136	NULL	NULL	NULL	NULL	NULL	NULL	NULL	69	Autobusai	69	02		1186	NULL	NULL	NULL
missed	663268	A>B	Ateities–Didlaukio–Žalgirio g.–Lazdynai–Šiltnamių g.	333	NULL	NULL	NULL	NULL	NULL	NULL	NULL	69	Autobusai	69	03		378	NULL	NULL	NULL
missed	663268	B>A	Šiltnamių g.–Lazdynai–Žalgirio–Didlaukio–Ateities g.	395	NULL	NULL	NULL	NULL	NULL	NULL	NULL	69	Autobusai	69	03		445	NULL	NULL	NULL
missed	663268	A>B	Ateities–Didlaukio–Žalgirio g.–Lazdynai–Šiltnamių g.	455	NULL	NULL	NULL	NULL	NULL	NULL	NULL	69	Autobusai	69	03		507	NULL	NULL	NULL
missed	663268	B>A	Šiltnamių g.–Lazdynai–Žalgirio–Didlaukio–Ateities g.	517	NULL	NULL	NULL	NULL	NULL	NULL	NULL	69	Autobusai	69	03		566	NULL	NULL	NULL
missed	663268	A>B	Ateities–Didlaukio–Žalgirio g.–Lazdynai–Šiltnamių g.	599	NULL	NULL	NULL	NULL	NULL	NULL	NULL	69	Autobusai	69	03		647	NULL	NULL	NULL
missed	663268	B>A	Šiltnamių g.–Lazdynai–Žalgirio–Didlaukio–Ateities g.	658	NULL	NULL	NULL	NULL	NULL	NULL	NULL	69	Autobusai	69	03		707	NULL	NULL	NULL
missed	663268	A>B	Ateities–Didlaukio–Žalgirio g.–Lazdynai–Šiltnamių g.	737	NULL	NULL	NULL	NULL	NULL	NULL	NULL	69	Autobusai	69	03		785	NULL	NULL	NULL
missed	663268	B>A	Šiltnamių g.–Lazdynai–Žalgirio–Didlaukio–Ateities g.	793	NULL	NULL	NULL	NULL	NULL	NULL	NULL	69	Autobusai	69	03		842	NULL	NULL	NULL
missed	663268	A>B	Ateities–Didlaukio–Žalgirio g.–Lazdynai–Šiltnamių g.	852	NULL	NULL	NULL	NULL	NULL	NULL	NULL	69	Autobusai	69	03		900	NULL	NULL	NULL
missed	663268	B>A	Šiltnamių g.–Lazdynai–Žalgirio–Didlaukio–Ateities g.	905	NULL	NULL	NULL	NULL	NULL	NULL	NULL	69	Autobusai	69	03		954	NULL	NULL	NULL
missed	663268	A>B	Ateities–Didlaukio–Žalgirio g.–Lazdynai–Šiltnamių g.	964	NULL	NULL	NULL	NULL	NULL	NULL	NULL	69	Autobusai	69	03		1015	NULL	NULL	NULL
missed	663268	B>A	Šiltnamių g.–Lazdynai–Žalgirio–Didlaukio–Ateities g.	1029	NULL	NULL	NULL	NULL	NULL	NULL	NULL	69	Autobusai	69	03		1084	NULL	NULL	NULL
missed	663268	A>B	Ateities–Didlaukio–Žalgirio g.–Lazdynai–Šiltnamių g.	1117	NULL	NULL	NULL	NULL	NULL	NULL	NULL	69	Autobusai	69	03		1171	NULL	NULL	NULL
missed	663268	B>A	Šiltnamių g.–Lazdynai–Žalgirio–Didlaukio–Ateities g.	1180	NULL	NULL	NULL	NULL	NULL	NULL	NULL	69	Autobusai	69	03		1226	NULL	NULL	NULL
missed	663268	A>B	Ateities–Didlaukio–Žalgirio g.–Lazdynai–Šiltnamių g.	1233	NULL	NULL	NULL	NULL	NULL	NULL	NULL	69	Autobusai	69	03		1280	NULL	NULL	NULL
missed	663268	B>A	Šiltnamių g.–Lazdynai–Žalgirio–Didlaukio–Ateities g.	1286	NULL	NULL	NULL	NULL	NULL	NULL	NULL	69	Autobusai	69	03		1332	NULL	NULL	NULL
missed	663271	A>B	Ateities–Didlaukio–Žalgirio g.–Lazdynai–Šiltnamių g.	352	NULL	NULL	NULL	NULL	NULL	NULL	NULL	69	Autobusai	69	04		399	NULL	NULL	NULL
missed	663271	B>A	Šiltnamių g.–Lazdynai–Žalgirio–Didlaukio–Ateities g.	414	NULL	NULL	NULL	NULL	NULL	NULL	NULL	69	Autobusai	69	04		464	NULL	NULL	NULL
missed	663271	A>B	Ateities–Didlaukio–Žalgirio g.–Lazdynai–Šiltnamių g.	477	NULL	NULL	NULL	NULL	NULL	NULL	NULL	69	Autobusai	69	04		529	NULL	NULL	NULL
missed	663271	B>A	Šiltnamių g.–Lazdynai–Žalgirio–Didlaukio–Ateities g.	540	NULL	NULL	NULL	NULL	NULL	NULL	NULL	69	Autobusai	69	04		589	NULL	NULL	NULL
missed	663271	A>B	Ateities–Didlaukio–Žalgirio g.–Lazdynai–Šiltnamių g.	622	NULL	NULL	NULL	NULL	NULL	NULL	NULL	69	Autobusai	69	04		670	NULL	NULL	NULL
missed	663271	B>A	Šiltnamių g.–Lazdynai–Žalgirio–Didlaukio–Ateities g.	681	NULL	NULL	NULL	NULL	NULL	NULL	NULL	69	Autobusai	69	04		730	NULL	NULL	NULL
missed	663271	A>B	Ateities–Didlaukio–Žalgirio g.–Lazdynai–Šiltnamių g.	767	NULL	NULL	NULL	NULL	NULL	NULL	NULL	69	Autobusai	69	04		815	NULL	NULL	NULL
missed	663271	B>A	Šiltnamių g.–Lazdynai–Žalgirio–Didlaukio–Ateities g.	823	NULL	NULL	NULL	NULL	NULL	NULL	NULL	69	Autobusai	69	04		872	NULL	NULL	NULL
missed	663271	A>B	Ateities–Didlaukio–Žalgirio g.–Lazdynai–Šiltnamių g.	882	NULL	NULL	NULL	NULL	NULL	NULL	NULL	69	Autobusai	69	04		930	NULL	NULL	NULL
missed	663271	B>A	Šiltnamių g.–Lazdynai–Žalgirio–Didlaukio–Ateities g.	943	NULL	NULL	NULL	NULL	NULL	NULL	NULL	69	Autobusai	69	04		993	NULL	NULL	NULL
missed	663271	A>B	Ateities–Didlaukio–Žalgirio g.–Lazdynai–Šiltnamių g.	1009	NULL	NULL	NULL	NULL	NULL	NULL	NULL	69	Autobusai	69	04		1064	NULL	NULL	NULL
missed	663271	B>A	Šiltnamių g.–Lazdynai–Žalgirio–Didlaukio–Ateities g.	1076	NULL	NULL	NULL	NULL	NULL	NULL	NULL	69	Autobusai	69	04		1131	NULL	NULL	NULL
missed	663271	A>B	Ateities–Didlaukio–Žalgirio g.–Lazdynai–Šiltnamių g.	1163	NULL	NULL	NULL	NULL	NULL	NULL	NULL	69	Autobusai	69	04		1211	NULL	NULL	NULL
missed	663271	B>A	Šiltnamių g.–Lazdynai–Žalgirio–Didlaukio–Ateities g.	1227	NULL	NULL	NULL	NULL	NULL	NULL	NULL	69	Autobusai	69	04		1273	NULL	NULL	NULL
missed	663271	A>B	Ateities–Didlaukio–Žalgirio g.–Lazdynai–Šiltnamių g.	1278	NULL	NULL	NULL	NULL	NULL	NULL	NULL	69	Autobusai	69	04		1325	NULL	NULL	NULL
missed	663271	B>A	Šiltnamių g.–Lazdynai–Žalgirio–Didlaukio–Ateities g.	1333	NULL	NULL	NULL	NULL	NULL	NULL	NULL	69	Autobusai	69	04		1379	NULL	NULL	NULL
missed	663208	A>B	Parko–Olandų g.–Žaliasis tiltas	314	NULL	NULL	NULL	NULL	NULL	NULL	NULL	6G	Autobusai	6G	01-ž		341	NULL	NULL	NULL
missed	663208	B>A	Žaliasis tiltas–Olandų–Parko g.	341	NULL	NULL	NULL	NULL	NULL	NULL	NULL	6G	Autobusai	6G	01-ž		369	NULL	NULL	NULL
missed	663208	A>B	Parko–Olandų g.–Žaliasis tiltas	379	NULL	NULL	NULL	NULL	NULL	NULL	NULL	6G	Autobusai	6G	01-ž		406	NULL	NULL	NULL
missed	663208	B>A	Žaliasis tiltas–Olandų–Parko g.	406	NULL	NULL	NULL	NULL	NULL	NULL	NULL	6G	Autobusai	6G	01-ž		436	NULL	NULL	NULL
missed	663208	A>B	Parko–Olandų g.–Žaliasis tiltas	446	NULL	NULL	NULL	NULL	NULL	NULL	NULL	6G	Autobusai	6G	01-ž		477	NULL	NULL	NULL
missed	663208	B>A	Žaliasis tiltas–Olandų–Parko g.	477	NULL	NULL	NULL	NULL	NULL	NULL	NULL	6G	Autobusai	6G	01-ž		509	NULL	NULL	NULL
missed	663208	A>B	Parko–Olandų g.–Žaliasis tiltas	548	NULL	NULL	NULL	NULL	NULL	NULL	NULL	6G	Autobusai	6G	01-ž		578	NULL	NULL	NULL
missed	663208	B>A	Žaliasis tiltas–Olandų–Parko g.	578	NULL	NULL	NULL	NULL	NULL	NULL	NULL	6G	Autobusai	6G	01-ž		608	NULL	NULL	NULL
missed	663208	A>B	Parko–Olandų g.–Žaliasis tiltas	619	NULL	NULL	NULL	NULL	NULL	NULL	NULL	6G	Autobusai	6G	01-ž		649	NULL	NULL	NULL
missed	663208	B>A	Žaliasis tiltas–Olandų–Parko g.	649	NULL	NULL	NULL	NULL	NULL	NULL	NULL	6G	Autobusai	6G	01-ž		679	NULL	NULL	NULL
missed	663208	A>B	Parko–Olandų g.–Žaliasis tiltas	689	NULL	NULL	NULL	NULL	NULL	NULL	NULL	6G	Autobusai	6G	01-ž		719	NULL	NULL	NULL
missed	663208	B>A	Žaliasis tiltas–Olandų–Parko g.	719	NULL	NULL	NULL	NULL	NULL	NULL	NULL	6G	Autobusai	6G	01-ž		749	NULL	NULL	NULL
missed	663208	A>B	Parko–Olandų g.–Žaliasis tiltas	759	NULL	NULL	NULL	NULL	NULL	NULL	NULL	6G	Autobusai	6G	01-ž		789	NULL	NULL	NULL
missed	663208	B>A	Žaliasis tiltas–Olandų–Parko g.	789	NULL	NULL	NULL	NULL	NULL	NULL	NULL	6G	Autobusai	6G	01-ž		819	NULL	NULL	NULL
missed	663208	A>B	Parko–Olandų g.–Žaliasis tiltas	829	NULL	NULL	NULL	NULL	NULL	NULL	NULL	6G	Autobusai	6G	01-ž		859	NULL	NULL	NULL
missed	663208	B>A	Žaliasis tiltas–Olandų–Parko g.	859	NULL	NULL	NULL	NULL	NULL	NULL	NULL	6G	Autobusai	6G	01-ž		889	NULL	NULL	NULL
missed	663208	A>B	Parko–Olandų g.–Žaliasis tiltas	901	NULL	NULL	NULL	NULL	NULL	NULL	NULL	6G	Autobusai	6G	01-ž		931	NULL	NULL	NULL
missed	663208	B>A	Žaliasis tiltas–Olandų–Parko g.	931	NULL	NULL	NULL	NULL	NULL	NULL	NULL	6G	Autobusai	6G	01-ž		961	NULL	NULL	NULL
missed	663208	A>B	Parko–Olandų g.–Žaliasis tiltas	971	NULL	NULL	NULL	NULL	NULL	NULL	NULL	6G	Autobusai	6G	01-ž		1002	NULL	NULL	NULL
missed	663208	B>A	Žaliasis tiltas–Olandų–Parko g.	1002	NULL	NULL	NULL	NULL	NULL	NULL	NULL	6G	Autobusai	6G	01-ž		1036	NULL	NULL	NULL
missed	663208	A>B	Parko–Olandų g.–Žaliasis tiltas	1051	NULL	NULL	NULL	NULL	NULL	NULL	NULL	6G	Autobusai	6G	01-ž		1082	NULL	NULL	NULL
missed	663208	B>A	Žaliasis tiltas–Olandų–Parko g.	1082	NULL	NULL	NULL	NULL	NULL	NULL	NULL	6G	Autobusai	6G	01-ž		1116	NULL	NULL	NULL
missed	663208	A>B	Parko–Olandų g.–Žaliasis tiltas	1146	NULL	NULL	NULL	NULL	NULL	NULL	NULL	6G	Autobusai	6G	01-ž		1174	NULL	NULL	NULL
missed	663208	B>A	Žaliasis tiltas–Olandų–Parko g.	1174	NULL	NULL	NULL	NULL	NULL	NULL	NULL	6G	Autobusai	6G	01-ž		1204	NULL	NULL	NULL
missed	663208	A>B	Parko–Olandų g.–Žaliasis tiltas	1216	NULL	NULL	NULL	NULL	NULL	NULL	NULL	6G	Autobusai	6G	01-ž		1244	NULL	NULL	NULL
missed	663208	B>A	Žaliasis tiltas–Olandų–Parko g.	1244	NULL	NULL	NULL	NULL	NULL	NULL	NULL	6G	Autobusai	6G	01-ž		1272	NULL	NULL	NULL
missed	663208	A>B	Parko–Olandų g.–Žaliasis tiltas	1282	NULL	NULL	NULL	NULL	NULL	NULL	NULL	6G	Autobusai	6G	01-ž		1310	NULL	NULL	NULL
missed	663208	B>A	Žaliasis tiltas–Olandų–Parko g.	1310	NULL	NULL	NULL	NULL	NULL	NULL	NULL	6G	Autobusai	6G	01-ž		1338	NULL	NULL	NULL
missed	663210	A>B	Parko–Olandų g.–Žaliasis tiltas	326	NULL	NULL	NULL	NULL	NULL	NULL	NULL	6G	Autobusai	6G	02		353	NULL	NULL	NULL
missed	663210	B>A	Žaliasis tiltas–Olandų–Parko g.	353	NULL	NULL	NULL	NULL	NULL	NULL	NULL	6G	Autobusai	6G	02		381	NULL	NULL	NULL
missed	663210	A>B	Parko–Olandų g.–Žaliasis tiltas	394	NULL	NULL	NULL	NULL	NULL	NULL	NULL	6G	Autobusai	6G	02		422	NULL	NULL	NULL
missed	663210	B>A	Žaliasis tiltas–Olandų–Parko g.	422	NULL	NULL	NULL	NULL	NULL	NULL	NULL	6G	Autobusai	6G	02		454	NULL	NULL	NULL
missed	663210	A>B	Parko–Olandų g.–Žaliasis tiltas	464	NULL	NULL	NULL	NULL	NULL	NULL	NULL	6G	Autobusai	6G	02		495	NULL	NULL	NULL
missed	663210	B>A	Žaliasis tiltas–Olandų–Parko g.	495	NULL	NULL	NULL	NULL	NULL	NULL	NULL	6G	Autobusai	6G	02		527	NULL	NULL	NULL
missed	663210	A>B	Parko–Olandų g.–Žaliasis tiltas	872	NULL	NULL	NULL	NULL	NULL	NULL	NULL	6G	Autobusai	6G	02		902	NULL	NULL	NULL
missed	663210	B>A	Žaliasis tiltas–Olandų–Parko g.	902	NULL	NULL	NULL	NULL	NULL	NULL	NULL	6G	Autobusai	6G	02		932	NULL	NULL	NULL
missed	663210	A>B	Parko–Olandų g.–Žaliasis tiltas	944	NULL	NULL	NULL	NULL	NULL	NULL	NULL	6G	Autobusai	6G	02		975	NULL	NULL	NULL
missed	663210	B>A	Žaliasis tiltas–Olandų–Parko g.	975	NULL	NULL	NULL	NULL	NULL	NULL	NULL	6G	Autobusai	6G	02		1009	NULL	NULL	NULL
missed	663210	A>B	Parko–Olandų g.–Žaliasis tiltas	1024	NULL	NULL	NULL	NULL	NULL	NULL	NULL	6G	Autobusai	6G	02		1055	NULL	NULL	NULL
missed	663210	B>A	Žaliasis tiltas–Olandų–Parko g.	1055	NULL	NULL	NULL	NULL	NULL	NULL	NULL	6G	Autobusai	6G	02		1089	NULL	NULL	NULL
missed	663209	A>B	Parko–Olandų g.–Žaliasis tiltas	336	NULL	NULL	NULL	NULL	NULL	NULL	NULL	6G	Autobusai	6G	03		363	NULL	NULL	NULL
missed	663209	B>A	Žaliasis tiltas–Olandų–Parko g.	363	NULL	NULL	NULL	NULL	NULL	NULL	NULL	6G	Autobusai	6G	03		391	NULL	NULL	NULL
missed	663209	A>B	Parko–Olandų g.–Žaliasis tiltas	402	NULL	NULL	NULL	NULL	NULL	NULL	NULL	6G	Autobusai	6G	03		432	NULL	NULL	NULL
missed	663209	B>A	Žaliasis tiltas–Olandų–Parko g.	432	NULL	NULL	NULL	NULL	NULL	NULL	NULL	6G	Autobusai	6G	03		464	NULL	NULL	NULL
missed	663209	A>B	Parko–Olandų g.–Žaliasis tiltas	474	NULL	NULL	NULL	NULL	NULL	NULL	NULL	6G	Autobusai	6G	03		505	NULL	NULL	NULL
missed	663209	B>A	Žaliasis tiltas–Olandų–Parko g.	505	NULL	NULL	NULL	NULL	NULL	NULL	NULL	6G	Autobusai	6G	03		537	NULL	NULL	NULL
missed	663209	A>B	Parko–Olandų g.–Žaliasis tiltas	567	NULL	NULL	NULL	NULL	NULL	NULL	NULL	6G	Autobusai	6G	03		597	NULL	NULL	NULL
missed	663209	B>A	Žaliasis tiltas–Olandų–Parko g.	597	NULL	NULL	NULL	NULL	NULL	NULL	NULL	6G	Autobusai	6G	03		627	NULL	NULL	NULL
missed	663209	A>B	Parko–Olandų g.–Žaliasis tiltas	637	NULL	NULL	NULL	NULL	NULL	NULL	NULL	6G	Autobusai	6G	03		667	NULL	NULL	NULL
missed	663209	B>A	Žaliasis tiltas–Olandų–Parko g.	667	NULL	NULL	NULL	NULL	NULL	NULL	NULL	6G	Autobusai	6G	03		697	NULL	NULL	NULL
missed	663209	A>B	Parko–Olandų g.–Žaliasis tiltas	707	NULL	NULL	NULL	NULL	NULL	NULL	NULL	6G	Autobusai	6G	03		737	NULL	NULL	NULL
missed	663209	B>A	Žaliasis tiltas–Olandų–Parko g.	737	NULL	NULL	NULL	NULL	NULL	NULL	NULL	6G	Autobusai	6G	03		767	NULL	NULL	NULL
missed	663209	A>B	Parko–Olandų g.–Žaliasis tiltas	777	NULL	NULL	NULL	NULL	NULL	NULL	NULL	6G	Autobusai	6G	03		807	NULL	NULL	NULL
missed	663209	B>A	Žaliasis tiltas–Olandų–Parko g.	807	NULL	NULL	NULL	NULL	NULL	NULL	NULL	6G	Autobusai	6G	03		837	NULL	NULL	NULL
missed	663209	A>B	Parko–Olandų g.–Žaliasis tiltas	847	NULL	NULL	NULL	NULL	NULL	NULL	NULL	6G	Autobusai	6G	03		877	NULL	NULL	NULL
missed	663209	B>A	Žaliasis tiltas–Olandų–Parko g.	877	NULL	NULL	NULL	NULL	NULL	NULL	NULL	6G	Autobusai	6G	03		907	NULL	NULL	NULL
missed	663209	A>B	Parko–Olandų g.–Žaliasis tiltas	919	NULL	NULL	NULL	NULL	NULL	NULL	NULL	6G	Autobusai	6G	03		949	NULL	NULL	NULL
missed	663209	B>A	Žaliasis tiltas–Olandų–Parko g.	949	NULL	NULL	NULL	NULL	NULL	NULL	NULL	6G	Autobusai	6G	03		979	NULL	NULL	NULL
missed	663209	A>B	Parko–Olandų g.–Žaliasis tiltas	991	NULL	NULL	NULL	NULL	NULL	NULL	NULL	6G	Autobusai	6G	03		1022	NULL	NULL	NULL
missed	663209	B>A	Žaliasis tiltas–Olandų–Parko g.	1022	NULL	NULL	NULL	NULL	NULL	NULL	NULL	6G	Autobusai	6G	03		1056	NULL	NULL	NULL
missed	663209	A>B	Parko–Olandų g.–Žaliasis tiltas	1072	NULL	NULL	NULL	NULL	NULL	NULL	NULL	6G	Autobusai	6G	03		1103	NULL	NULL	NULL
missed	663209	B>A	Žaliasis tiltas–Olandų–Parko g.	1103	NULL	NULL	NULL	NULL	NULL	NULL	NULL	6G	Autobusai	6G	03		1136	NULL	NULL	NULL
missed	663209	A>B	Parko–Olandų g.–Žaliasis tiltas	1166	NULL	NULL	NULL	NULL	NULL	NULL	NULL	6G	Autobusai	6G	03		1194	NULL	NULL	NULL
missed	663209	B>A	Žaliasis tiltas–Olandų–Parko g.	1194	NULL	NULL	NULL	NULL	NULL	NULL	NULL	6G	Autobusai	6G	03		1222	NULL	NULL	NULL
missed	663209	A>B	Parko–Olandų g.–Žaliasis tiltas	1232	NULL	NULL	NULL	NULL	NULL	NULL	NULL	6G	Autobusai	6G	03		1260	NULL	NULL	NULL
missed	663209	B>A	Žaliasis tiltas–Olandų–Parko g.	1260	NULL	NULL	NULL	NULL	NULL	NULL	NULL	6G	Autobusai	6G	03		1288	NULL	NULL	NULL
missed	663209	A>B	Parko–Olandų g.–Žaliasis tiltas	1297	NULL	NULL	NULL	NULL	NULL	NULL	NULL	6G	Autobusai	6G	03		1325	NULL	NULL	NULL
missed	663209	B>A	Žaliasis tiltas–Olandų–Parko g.	1325	NULL	NULL	NULL	NULL	NULL	NULL	NULL	6G	Autobusai	6G	03		1353	NULL	NULL	NULL
missed	663209	A>B	Parko–Olandų g.–Žaliasis tiltas	1361	NULL	NULL	NULL	NULL	NULL	NULL	NULL	6G	Autobusai	6G	03		1388	NULL	NULL	NULL
missed	663209	B>A	Žaliasis tiltas–Olandų–Parko g.	1388	NULL	NULL	NULL	NULL	NULL	NULL	NULL	6G	Autobusai	6G	03		1414	NULL	NULL	NULL
missed	663212	A>B	Parko–Olandų g.–Žaliasis tiltas	363	NULL	NULL	NULL	NULL	NULL	NULL	NULL	6G	Autobusai	6G	04		390	NULL	NULL	NULL
missed	663212	B>A	Žaliasis tiltas–Olandų–Parko g.	390	NULL	NULL	NULL	NULL	NULL	NULL	NULL	6G	Autobusai	6G	04		420	NULL	NULL	NULL
missed	663212	A>B	Parko–Olandų g.–Žaliasis tiltas	429	NULL	NULL	NULL	NULL	NULL	NULL	NULL	6G	Autobusai	6G	04		460	NULL	NULL	NULL
missed	663212	B>A	Žaliasis tiltas–Olandų–Parko g.	460	NULL	NULL	NULL	NULL	NULL	NULL	NULL	6G	Autobusai	6G	04		492	NULL	NULL	NULL
missed	663212	A>B	Parko–Olandų g.–Žaliasis tiltas	503	NULL	NULL	NULL	NULL	NULL	NULL	NULL	6G	Autobusai	6G	04		534	NULL	NULL	NULL
missed	663212	B>A	Žaliasis tiltas–Olandų–Parko g.	534	NULL	NULL	NULL	NULL	NULL	NULL	NULL	6G	Autobusai	6G	04		565	NULL	NULL	NULL
missed	663212	A>B	Parko–Olandų g.–Žaliasis tiltas	891	NULL	NULL	NULL	NULL	NULL	NULL	NULL	6G	Autobusai	6G	04		921	NULL	NULL	NULL
missed	663212	B>A	Žaliasis tiltas–Olandų–Parko g.	921	NULL	NULL	NULL	NULL	NULL	NULL	NULL	6G	Autobusai	6G	04		951	NULL	NULL	NULL
missed	663212	A>B	Parko–Olandų g.–Žaliasis tiltas	962	NULL	NULL	NULL	NULL	NULL	NULL	NULL	6G	Autobusai	6G	04		993	NULL	NULL	NULL
missed	663212	B>A	Žaliasis tiltas–Olandų–Parko g.	993	NULL	NULL	NULL	NULL	NULL	NULL	NULL	6G	Autobusai	6G	04		1027	NULL	NULL	NULL
missed	663212	A>B	Parko–Olandų g.–Žaliasis tiltas	1042	NULL	NULL	NULL	NULL	NULL	NULL	NULL	6G	Autobusai	6G	04		1073	NULL	NULL	NULL
missed	663212	B>A	Žaliasis tiltas–Olandų–Parko g.	1073	NULL	NULL	NULL	NULL	NULL	NULL	NULL	6G	Autobusai	6G	04		1107	NULL	NULL	NULL
missed	663211	A>B	Parko–Olandų g.–Žaliasis tiltas	347	NULL	NULL	NULL	NULL	NULL	NULL	NULL	6G	Autobusai	6G	05-Ž		374	NULL	NULL	NULL
missed	663211	B>A	Žaliasis tiltas–Olandų–Parko g.	374	NULL	NULL	NULL	NULL	NULL	NULL	NULL	6G	Autobusai	6G	05-Ž		402	NULL	NULL	NULL
missed	663211	A>B	Parko–Olandų g.–Žaliasis tiltas	412	NULL	NULL	NULL	NULL	NULL	NULL	NULL	6G	Autobusai	6G	05-Ž		442	NULL	NULL	NULL
missed	663211	B>A	Žaliasis tiltas–Olandų–Parko g.	442	NULL	NULL	NULL	NULL	NULL	NULL	NULL	6G	Autobusai	6G	05-Ž		474	NULL	NULL	NULL
missed	663211	A>B	Parko–Olandų g.–Žaliasis tiltas	484	NULL	NULL	NULL	NULL	NULL	NULL	NULL	6G	Autobusai	6G	05-Ž		515	NULL	NULL	NULL
missed	663211	B>A	Žaliasis tiltas–Olandų–Parko g.	515	NULL	NULL	NULL	NULL	NULL	NULL	NULL	6G	Autobusai	6G	05-Ž		547	NULL	NULL	NULL
missed	663211	A>B	Parko–Olandų g.–Žaliasis tiltas	583	NULL	NULL	NULL	NULL	NULL	NULL	NULL	6G	Autobusai	6G	05-Ž		613	NULL	NULL	NULL
missed	663211	B>A	Žaliasis tiltas–Olandų–Parko g.	613	NULL	NULL	NULL	NULL	NULL	NULL	NULL	6G	Autobusai	6G	05-Ž		643	NULL	NULL	NULL
missed	663211	A>B	Parko–Olandų g.–Žaliasis tiltas	653	NULL	NULL	NULL	NULL	NULL	NULL	NULL	6G	Autobusai	6G	05-Ž		683	NULL	NULL	NULL
missed	663211	B>A	Žaliasis tiltas–Olandų–Parko g.	683	NULL	NULL	NULL	NULL	NULL	NULL	NULL	6G	Autobusai	6G	05-Ž		713	NULL	NULL	NULL
missed	663211	A>B	Parko–Olandų g.–Žaliasis tiltas	723	NULL	NULL	NULL	NULL	NULL	NULL	NULL	6G	Autobusai	6G	05-Ž		753	NULL	NULL	NULL
missed	663211	B>A	Žaliasis tiltas–Olandų–Parko g.	753	NULL	NULL	NULL	NULL	NULL	NULL	NULL	6G	Autobusai	6G	05-Ž		783	NULL	NULL	NULL
missed	663211	A>B	Parko–Olandų g.–Žaliasis tiltas	793	NULL	NULL	NULL	NULL	NULL	NULL	NULL	6G	Autobusai	6G	05-Ž		823	NULL	NULL	NULL
missed	663211	B>A	Žaliasis tiltas–Olandų–Parko g.	823	NULL	NULL	NULL	NULL	NULL	NULL	NULL	6G	Autobusai	6G	05-Ž		853	NULL	NULL	NULL
missed	663211	A>B	Parko–Olandų g.–Žaliasis tiltas	863	NULL	NULL	NULL	NULL	NULL	NULL	NULL	6G	Autobusai	6G	05-Ž		893	NULL	NULL	NULL
missed	663211	B>A	Žaliasis tiltas–Olandų–Parko g.	893	NULL	NULL	NULL	NULL	NULL	NULL	NULL	6G	Autobusai	6G	05-Ž		923	NULL	NULL	NULL
missed	663211	A>B	Parko–Olandų g.–Žaliasis tiltas	936	NULL	NULL	NULL	NULL	NULL	NULL	NULL	6G	Autobusai	6G	05-Ž		967	NULL	NULL	NULL
missed	663211	B>A	Žaliasis tiltas–Olandų–Parko g.	967	NULL	NULL	NULL	NULL	NULL	NULL	NULL	6G	Autobusai	6G	05-Ž		999	NULL	NULL	NULL
missed	663211	A>B	Parko–Olandų g.–Žaliasis tiltas	1012	NULL	NULL	NULL	NULL	NULL	NULL	NULL	6G	Autobusai	6G	05-Ž		1043	NULL	NULL	NULL
missed	663211	B>A	Žaliasis tiltas–Olandų–Parko g.	1043	NULL	NULL	NULL	NULL	NULL	NULL	NULL	6G	Autobusai	6G	05-Ž		1077	NULL	NULL	NULL
missed	663211	A>B	Parko–Olandų g.–Žaliasis tiltas	1107	NULL	NULL	NULL	NULL	NULL	NULL	NULL	6G	Autobusai	6G	05-Ž		1138	NULL	NULL	NULL
missed	663211	B>A	Žaliasis tiltas–Olandų–Parko g.	1138	NULL	NULL	NULL	NULL	NULL	NULL	NULL	6G	Autobusai	6G	05-Ž		1168	NULL	NULL	NULL
missed	663211	A>B	Parko–Olandų g.–Žaliasis tiltas	1183	NULL	NULL	NULL	NULL	NULL	NULL	NULL	6G	Autobusai	6G	05-Ž		1211	NULL	NULL	NULL
missed	663211	B>A	Žaliasis tiltas–Olandų–Parko g.	1211	NULL	NULL	NULL	NULL	NULL	NULL	NULL	6G	Autobusai	6G	05-Ž		1239	NULL	NULL	NULL
missed	663211	A>B	Parko–Olandų g.–Žaliasis tiltas	1249	NULL	NULL	NULL	NULL	NULL	NULL	NULL	6G	Autobusai	6G	05-Ž		1277	NULL	NULL	NULL
missed	663211	B>A	Žaliasis tiltas–Olandų–Parko g.	1277	NULL	NULL	NULL	NULL	NULL	NULL	NULL	6G	Autobusai	6G	05-Ž		1305	NULL	NULL	NULL
missed	663211	A>B	Parko–Olandų g.–Žaliasis tiltas	1316	NULL	NULL	NULL	NULL	NULL	NULL	NULL	6G	Autobusai	6G	05-Ž		1344	NULL	NULL	NULL
missed	663211	B>A	Žaliasis tiltas–Olandų–Parko g.	1344	NULL	NULL	NULL	NULL	NULL	NULL	NULL	6G	Autobusai	6G	05-Ž		1372	NULL	NULL	NULL
missed	663213	A>B	Parko–Olandų g.–Žaliasis tiltas	371	NULL	NULL	NULL	NULL	NULL	NULL	NULL	6G	Autobusai	6G	06		398	NULL	NULL	NULL
missed	663213	B>A	Žaliasis tiltas–Olandų–Parko g.	398	NULL	NULL	NULL	NULL	NULL	NULL	NULL	6G	Autobusai	6G	06		428	NULL	NULL	NULL
missed	663213	A>B	Parko–Olandų g.–Žaliasis tiltas	438	NULL	NULL	NULL	NULL	NULL	NULL	NULL	6G	Autobusai	6G	06		469	NULL	NULL	NULL
missed	663213	B>A	Žaliasis tiltas–Olandų–Parko g.	469	NULL	NULL	NULL	NULL	NULL	NULL	NULL	6G	Autobusai	6G	06		501	NULL	NULL	NULL
missed	663213	A>B	Parko–Olandų g.–Žaliasis tiltas	517	NULL	NULL	NULL	NULL	NULL	NULL	NULL	6G	Autobusai	6G	06		547	NULL	NULL	NULL
missed	663213	B>A	Žaliasis tiltas–Olandų–Parko g.	547	NULL	NULL	NULL	NULL	NULL	NULL	NULL	6G	Autobusai	6G	06		577	NULL	NULL	NULL
missed	663213	A>B	Parko–Olandų g.–Žaliasis tiltas	910	NULL	NULL	NULL	NULL	NULL	NULL	NULL	6G	Autobusai	6G	06		940	NULL	NULL	NULL
missed	663213	B>A	Žaliasis tiltas–Olandų–Parko g.	940	NULL	NULL	NULL	NULL	NULL	NULL	NULL	6G	Autobusai	6G	06		970	NULL	NULL	NULL
missed	663213	A>B	Parko–Olandų g.–Žaliasis tiltas	980	NULL	NULL	NULL	NULL	NULL	NULL	NULL	6G	Autobusai	6G	06		1011	NULL	NULL	NULL
missed	663213	B>A	Žaliasis tiltas–Olandų–Parko g.	1011	NULL	NULL	NULL	NULL	NULL	NULL	NULL	6G	Autobusai	6G	06		1045	NULL	NULL	NULL
missed	663213	A>B	Parko–Olandų g.–Žaliasis tiltas	1060	NULL	NULL	NULL	NULL	NULL	NULL	NULL	6G	Autobusai	6G	06		1091	NULL	NULL	NULL
missed	663213	B>A	Žaliasis tiltas–Olandų–Parko g.	1091	NULL	NULL	NULL	NULL	NULL	NULL	NULL	6G	Autobusai	6G	06		1124	NULL	NULL	NULL
missed	663214	A>B	Parko–Olandų g.–Žaliasis tiltas	355	NULL	NULL	NULL	NULL	NULL	NULL	NULL	6G	Autobusai	6G	07		382	NULL	NULL	NULL
missed	663214	B>A	Žaliasis tiltas–Olandų–Parko g.	382	NULL	NULL	NULL	NULL	NULL	NULL	NULL	6G	Autobusai	6G	07		411	NULL	NULL	NULL
missed	663214	A>B	Parko–Olandų g.–Žaliasis tiltas	420	NULL	NULL	NULL	NULL	NULL	NULL	NULL	6G	Autobusai	6G	07		450	NULL	NULL	NULL
missed	663214	B>A	Žaliasis tiltas–Olandų–Parko g.	450	NULL	NULL	NULL	NULL	NULL	NULL	NULL	6G	Autobusai	6G	07		482	NULL	NULL	NULL
missed	663214	A>B	Parko–Olandų g.–Žaliasis tiltas	492	NULL	NULL	NULL	NULL	NULL	NULL	NULL	6G	Autobusai	6G	07		523	NULL	NULL	NULL
missed	663214	B>A	Žaliasis tiltas–Olandų–Parko g.	523	NULL	NULL	NULL	NULL	NULL	NULL	NULL	6G	Autobusai	6G	07		555	NULL	NULL	NULL
missed	663214	A>B	Parko–Olandų g.–Žaliasis tiltas	600	NULL	NULL	NULL	NULL	NULL	NULL	NULL	6G	Autobusai	6G	07		630	NULL	NULL	NULL
missed	663214	B>A	Žaliasis tiltas–Olandų–Parko g.	630	NULL	NULL	NULL	NULL	NULL	NULL	NULL	6G	Autobusai	6G	07		660	NULL	NULL	NULL
missed	663214	A>B	Parko–Olandų g.–Žaliasis tiltas	670	NULL	NULL	NULL	NULL	NULL	NULL	NULL	6G	Autobusai	6G	07		700	NULL	NULL	NULL
missed	663214	B>A	Žaliasis tiltas–Olandų–Parko g.	700	NULL	NULL	NULL	NULL	NULL	NULL	NULL	6G	Autobusai	6G	07		730	NULL	NULL	NULL
missed	663214	A>B	Parko–Olandų g.–Žaliasis tiltas	740	NULL	NULL	NULL	NULL	NULL	NULL	NULL	6G	Autobusai	6G	07		770	NULL	NULL	NULL
missed	663214	B>A	Žaliasis tiltas–Olandų–Parko g.	770	NULL	NULL	NULL	NULL	NULL	NULL	NULL	6G	Autobusai	6G	07		800	NULL	NULL	NULL
missed	663214	A>B	Parko–Olandų g.–Žaliasis tiltas	810	NULL	NULL	NULL	NULL	NULL	NULL	NULL	6G	Autobusai	6G	07		840	NULL	NULL	NULL
missed	663214	B>A	Žaliasis tiltas–Olandų–Parko g.	840	NULL	NULL	NULL	NULL	NULL	NULL	NULL	6G	Autobusai	6G	07		870	NULL	NULL	NULL
missed	663214	A>B	Parko–Olandų g.–Žaliasis tiltas	881	NULL	NULL	NULL	NULL	NULL	NULL	NULL	6G	Autobusai	6G	07		911	NULL	NULL	NULL
missed	663214	B>A	Žaliasis tiltas–Olandų–Parko g.	911	NULL	NULL	NULL	NULL	NULL	NULL	NULL	6G	Autobusai	6G	07		941	NULL	NULL	NULL
missed	663214	A>B	Parko–Olandų g.–Žaliasis tiltas	953	NULL	NULL	NULL	NULL	NULL	NULL	NULL	6G	Autobusai	6G	07		984	NULL	NULL	NULL
missed	663214	B>A	Žaliasis tiltas–Olandų–Parko g.	984	NULL	NULL	NULL	NULL	NULL	NULL	NULL	6G	Autobusai	6G	07		1018	NULL	NULL	NULL
missed	663214	A>B	Parko–Olandų g.–Žaliasis tiltas	1033	NULL	NULL	NULL	NULL	NULL	NULL	NULL	6G	Autobusai	6G	07		1064	NULL	NULL	NULL
missed	663214	B>A	Žaliasis tiltas–Olandų–Parko g.	1064	NULL	NULL	NULL	NULL	NULL	NULL	NULL	6G	Autobusai	6G	07		1098	NULL	NULL	NULL
missed	663214	A>B	Parko–Olandų g.–Žaliasis tiltas	1128	NULL	NULL	NULL	NULL	NULL	NULL	NULL	6G	Autobusai	6G	07		1156	NULL	NULL	NULL
missed	663214	B>A	Žaliasis tiltas–Olandų–Parko g.	1156	NULL	NULL	NULL	NULL	NULL	NULL	NULL	6G	Autobusai	6G	07		1186	NULL	NULL	NULL
missed	663214	A>B	Parko–Olandų g.–Žaliasis tiltas	1199	NULL	NULL	NULL	NULL	NULL	NULL	NULL	6G	Autobusai	6G	07		1227	NULL	NULL	NULL
missed	663214	B>A	Žaliasis tiltas–Olandų–Parko g.	1227	NULL	NULL	NULL	NULL	NULL	NULL	NULL	6G	Autobusai	6G	07		1255	NULL	NULL	NULL
missed	663214	A>B	Parko–Olandų g.–Žaliasis tiltas	1265	NULL	NULL	NULL	NULL	NULL	NULL	NULL	6G	Autobusai	6G	07		1293	NULL	NULL	NULL
missed	663214	B>A	Žaliasis tiltas–Olandų–Parko g.	1293	NULL	NULL	NULL	NULL	NULL	NULL	NULL	6G	Autobusai	6G	07		1321	NULL	NULL	NULL
missed	663214	A>B	Parko–Olandų g.–Žaliasis tiltas	1337	NULL	NULL	NULL	NULL	NULL	NULL	NULL	6G	Autobusai	6G	07		1365	NULL	NULL	NULL
missed	663214	B>A	Žaliasis tiltas–Olandų–Parko g.	1365	NULL	NULL	NULL	NULL	NULL	NULL	NULL	6G	Autobusai	6G	07		1393	NULL	NULL	NULL
missed	663215	A>B	Parko–Olandų g.–Žaliasis tiltas	387	NULL	NULL	NULL	NULL	NULL	NULL	NULL	6G	Autobusai	6G	08		414	NULL	NULL	NULL
missed	663215	B>A	Žaliasis tiltas–Olandų–Parko g.	414	NULL	NULL	NULL	NULL	NULL	NULL	NULL	6G	Autobusai	6G	08		444	NULL	NULL	NULL
missed	663215	A>B	Parko–Olandų g.–Žaliasis tiltas	454	NULL	NULL	NULL	NULL	NULL	NULL	NULL	6G	Autobusai	6G	08		485	NULL	NULL	NULL
missed	663215	B>A	Žaliasis tiltas–Olandų–Parko g.	485	NULL	NULL	NULL	NULL	NULL	NULL	NULL	6G	Autobusai	6G	08		517	NULL	NULL	NULL
missed	663215	A>B	Parko–Olandų g.–Žaliasis tiltas	531	NULL	NULL	NULL	NULL	NULL	NULL	NULL	6G	Autobusai	6G	08		560	NULL	NULL	NULL
missed	663215	B>A	Žaliasis tiltas–Olandų–Parko g.	560	NULL	NULL	NULL	NULL	NULL	NULL	NULL	6G	Autobusai	6G	08		590	NULL	NULL	NULL
missed	663215	A>B	Parko–Olandų g.–Žaliasis tiltas	928	NULL	NULL	NULL	NULL	NULL	NULL	NULL	6G	Autobusai	6G	08		958	NULL	NULL	NULL
missed	663215	B>A	Žaliasis tiltas–Olandų–Parko g.	958	NULL	NULL	NULL	NULL	NULL	NULL	NULL	6G	Autobusai	6G	08		989	NULL	NULL	NULL
missed	663215	A>B	Parko–Olandų g.–Žaliasis tiltas	1001	NULL	NULL	NULL	NULL	NULL	NULL	NULL	6G	Autobusai	6G	08		1031	NULL	NULL	NULL
missed	663215	B>A	Žaliasis tiltas–Olandų–Parko g.	1031	NULL	NULL	NULL	NULL	NULL	NULL	NULL	6G	Autobusai	6G	08		1065	NULL	NULL	NULL
missed	663215	A>B	Parko–Olandų g.–Žaliasis tiltas	1086	NULL	NULL	NULL	NULL	NULL	NULL	NULL	6G	Autobusai	6G	08		1117	NULL	NULL	NULL
missed	663215	B>A	Žaliasis tiltas–Olandų–Parko g.	1117	NULL	NULL	NULL	NULL	NULL	NULL	NULL	6G	Autobusai	6G	08		1150	NULL	NULL	NULL
missed	614734	B>A	Lazdynai–Viršuliškės–Verkių g.–Šiaurės miestelis	322	NULL	NULL	NULL	NULL	NULL	NULL	NULL	7	Autobusai	7	01		361	NULL	NULL	NULL
missed	614734	A>B	Šiaurės miestelis–Verkių g.–Viršuliškės–Lazdynai	373	NULL	NULL	NULL	NULL	NULL	NULL	NULL	7	Autobusai	7	01		413	NULL	NULL	NULL
missed	614734	B>A	Lazdynai–Viršuliškės–Verkių g.–Šiaurės miestelis	416	NULL	NULL	NULL	NULL	NULL	NULL	NULL	7	Autobusai	7	01		459	NULL	NULL	NULL
missed	614734	A>B	Šiaurės miestelis–Verkių g.–Viršuliškės–Lazdynai	475	NULL	NULL	NULL	NULL	NULL	NULL	NULL	7	Autobusai	7	01		519	NULL	NULL	NULL
missed	614734	B>A	Lazdynai–Viršuliškės–Verkių g.–Šiaurės miestelis	522	NULL	NULL	NULL	NULL	NULL	NULL	NULL	7	Autobusai	7	01		564	NULL	NULL	NULL
missed	614734	A>B	Šiaurės miestelis–Verkių g.–Viršuliškės–Lazdynai	594	NULL	NULL	NULL	NULL	NULL	NULL	NULL	7	Autobusai	7	01		637	NULL	NULL	NULL
missed	614734	B>A	Lazdynai–Viršuliškės–Verkių g.–Šiaurės miestelis	640	NULL	NULL	NULL	NULL	NULL	NULL	NULL	7	Autobusai	7	01		679	NULL	NULL	NULL
missed	614734	A>B	Šiaurės miestelis–Verkių g.–Viršuliškės–Lazdynai	689	NULL	NULL	NULL	NULL	NULL	NULL	NULL	7	Autobusai	7	01		732	NULL	NULL	NULL
missed	614734	B>A	Lazdynai–Viršuliškės–Verkių g.–Šiaurės miestelis	735	NULL	NULL	NULL	NULL	NULL	NULL	NULL	7	Autobusai	7	01		774	NULL	NULL	NULL
missed	614734	A>B	Šiaurės miestelis–Verkių g.–Viršuliškės–Lazdynai	784	NULL	NULL	NULL	NULL	NULL	NULL	NULL	7	Autobusai	7	01		827	NULL	NULL	NULL
missed	614734	B>A	Lazdynai–Viršuliškės–Verkių g.–Šiaurės miestelis	837	NULL	NULL	NULL	NULL	NULL	NULL	NULL	7	Autobusai	7	01		876	NULL	NULL	NULL
missed	614734	A>B	Šiaurės miestelis–Verkių g.–Viršuliškės–Lazdynai	883	NULL	NULL	NULL	NULL	NULL	NULL	NULL	7	Autobusai	7	01		926	NULL	NULL	NULL
missed	614734	B>A	Lazdynai–Viršuliškės–Verkių g.–Šiaurės miestelis	929	NULL	NULL	NULL	NULL	NULL	NULL	NULL	7	Autobusai	7	01		969	NULL	NULL	NULL
missed	614734	A>B	Šiaurės miestelis–Verkių g.–Viršuliškės–Lazdynai	980	NULL	NULL	NULL	NULL	NULL	NULL	NULL	7	Autobusai	7	01		1029	NULL	NULL	NULL
missed	614734	B>A	Lazdynai–Viršuliškės–Verkių g.–Šiaurės miestelis	1032	NULL	NULL	NULL	NULL	NULL	NULL	NULL	7	Autobusai	7	01		1077	NULL	NULL	NULL
missed	614734	A>B	Šiaurės miestelis–Verkių g.–Viršuliškės–Lazdynai	1122	NULL	NULL	NULL	NULL	NULL	NULL	NULL	7	Autobusai	7	01		1166	NULL	NULL	NULL
missed	614734	B>A	Lazdynai–Viršuliškės–Verkių g.–Šiaurės miestelis	1169	NULL	NULL	NULL	NULL	NULL	NULL	NULL	7	Autobusai	7	01		1208	NULL	NULL	NULL
missed	614734	A>B	Šiaurės miestelis–Verkių g.–Viršuliškės–Lazdynai	1218	NULL	NULL	NULL	NULL	NULL	NULL	NULL	7	Autobusai	7	01		1259	NULL	NULL	NULL
missed	614734	B>A	Lazdynai–Viršuliškės–Verkių g.–Šiaurės miestelis	1262	NULL	NULL	NULL	NULL	NULL	NULL	NULL	7	Autobusai	7	01		1301	NULL	NULL	NULL
missed	614734	A>B	Šiaurės miestelis–Verkių g.–Viršuliškės–Lazdynai	1318	NULL	NULL	NULL	NULL	NULL	NULL	NULL	7	Autobusai	7	01		1359	NULL	NULL	NULL
missed	614734	B>A	Lazdynai–Viršuliškės–Verkių g.–Šiaurės miestelis	1359	NULL	NULL	NULL	NULL	NULL	NULL	NULL	7	Autobusai	7	01		1397	NULL	NULL	NULL
missed	614733	A>B	Šiaurės miestelis–Verkių g.–Viršuliškės–Lazdynai	343	NULL	NULL	NULL	NULL	NULL	NULL	NULL	7	Autobusai	7	02		384	NULL	NULL	NULL
missed	614733	B>A	Lazdynai–Viršuliškės–Verkių g.–Šiaurės miestelis	387	NULL	NULL	NULL	NULL	NULL	NULL	NULL	7	Autobusai	7	02		427	NULL	NULL	NULL
missed	614733	A>B	Šiaurės miestelis–Verkių g.–Viršuliškės–Lazdynai	439	NULL	NULL	NULL	NULL	NULL	NULL	NULL	7	Autobusai	7	02		486	NULL	NULL	NULL
missed	614733	B>A	Lazdynai–Viršuliškės–Verkių g.–Šiaurės miestelis	489	NULL	NULL	NULL	NULL	NULL	NULL	NULL	7	Autobusai	7	02		532	NULL	NULL	NULL
missed	614733	A>B	Šiaurės miestelis–Verkių g.–Viršuliškės–Lazdynai	546	NULL	NULL	NULL	NULL	NULL	NULL	NULL	7	Autobusai	7	02		589	NULL	NULL	NULL
missed	614733	B>A	Lazdynai–Viršuliškės–Verkių g.–Šiaurės miestelis	592	NULL	NULL	NULL	NULL	NULL	NULL	NULL	7	Autobusai	7	02		631	NULL	NULL	NULL
missed	614733	A>B	Šiaurės miestelis–Verkių g.–Viršuliškės–Lazdynai	963	NULL	NULL	NULL	NULL	NULL	NULL	NULL	7	Autobusai	7	02		1011	NULL	NULL	NULL
missed	614733	B>A	Lazdynai–Viršuliškės–Verkių g.–Šiaurės miestelis	1014	NULL	NULL	NULL	NULL	NULL	NULL	NULL	7	Autobusai	7	02		1059	NULL	NULL	NULL
missed	614733	A>B	Šiaurės miestelis–Verkių g.–Viršuliškės–Lazdynai	1079	NULL	NULL	NULL	NULL	NULL	NULL	NULL	7	Autobusai	7	02		1126	NULL	NULL	NULL
missed	614733	B>A	Lazdynai–Viršuliškės–Verkių g.–Šiaurės miestelis	1129	NULL	NULL	NULL	NULL	NULL	NULL	NULL	7	Autobusai	7	02		1168	NULL	NULL	NULL
missed	614736	A>B	Šiaurės miestelis–Verkių g.–Viršuliškės–Lazdynai	314	NULL	NULL	NULL	NULL	NULL	NULL	NULL	7	Autobusai	7	03		353	NULL	NULL	NULL
missed	614736	B>A	Lazdynai–Viršuliškės–Verkių g.–Šiaurės miestelis	356	NULL	NULL	NULL	NULL	NULL	NULL	NULL	7	Autobusai	7	03		395	NULL	NULL	NULL
missed	614736	A>B	Šiaurės miestelis–Verkių g.–Viršuliškės–Lazdynai	407	NULL	NULL	NULL	NULL	NULL	NULL	NULL	7	Autobusai	7	03		449	NULL	NULL	NULL
missed	614736	B>A	Lazdynai–Viršuliškės–Verkių g.–Šiaurės miestelis	452	NULL	NULL	NULL	NULL	NULL	NULL	NULL	7	Autobusai	7	03		495	NULL	NULL	NULL
missed	614736	A>B	Šiaurės miestelis–Verkių g.–Viršuliškės–Lazdynai	510	NULL	NULL	NULL	NULL	NULL	NULL	NULL	7	Autobusai	7	03		554	NULL	NULL	NULL
missed	614736	B>A	Lazdynai–Viršuliškės–Verkių g.–Šiaurės miestelis	557	NULL	NULL	NULL	NULL	NULL	NULL	NULL	7	Autobusai	7	03		596	NULL	NULL	NULL
missed	614736	A>B	Šiaurės miestelis–Verkių g.–Viršuliškės–Lazdynai	636	NULL	NULL	NULL	NULL	NULL	NULL	NULL	7	Autobusai	7	03		679	NULL	NULL	NULL
missed	614736	B>A	Lazdynai–Viršuliškės–Verkių g.–Šiaurės miestelis	682	NULL	NULL	NULL	NULL	NULL	NULL	NULL	7	Autobusai	7	03		721	NULL	NULL	NULL
missed	614736	A>B	Šiaurės miestelis–Verkių g.–Viršuliškės–Lazdynai	735	NULL	NULL	NULL	NULL	NULL	NULL	NULL	7	Autobusai	7	03		778	NULL	NULL	NULL
missed	614736	B>A	Lazdynai–Viršuliškės–Verkių g.–Šiaurės miestelis	781	NULL	NULL	NULL	NULL	NULL	NULL	NULL	7	Autobusai	7	03		820	NULL	NULL	NULL
missed	614736	A>B	Šiaurės miestelis–Verkių g.–Viršuliškės–Lazdynai	830	NULL	NULL	NULL	NULL	NULL	NULL	NULL	7	Autobusai	7	03		873	NULL	NULL	NULL
missed	614736	B>A	Lazdynai–Viršuliškės–Verkių g.–Šiaurės miestelis	883	NULL	NULL	NULL	NULL	NULL	NULL	NULL	7	Autobusai	7	03		922	NULL	NULL	NULL
missed	614736	A>B	Šiaurės miestelis–Verkių g.–Viršuliškės–Lazdynai	930	NULL	NULL	NULL	NULL	NULL	NULL	NULL	7	Autobusai	7	03		973	NULL	NULL	NULL
missed	614736	B>A	Lazdynai–Viršuliškės–Verkių g.–Šiaurės miestelis	976	NULL	NULL	NULL	NULL	NULL	NULL	NULL	7	Autobusai	7	03		1021	NULL	NULL	NULL
missed	614736	A>B	Šiaurės miestelis–Verkių g.–Viršuliškės–Lazdynai	1037	NULL	NULL	NULL	NULL	NULL	NULL	NULL	7	Autobusai	7	03		1086	NULL	NULL	NULL
missed	614736	B>A	Lazdynai–Viršuliškės–Verkių g.–Šiaurės miestelis	1089	NULL	NULL	NULL	NULL	NULL	NULL	NULL	7	Autobusai	7	03		1128	NULL	NULL	NULL
missed	614736	A>B	Šiaurės miestelis–Verkių g.–Viršuliškės–Lazdynai	1170	NULL	NULL	NULL	NULL	NULL	NULL	NULL	7	Autobusai	7	03		1212	NULL	NULL	NULL
missed	614736	B>A	Lazdynai–Viršuliškės–Verkių g.–Šiaurės miestelis	1215	NULL	NULL	NULL	NULL	NULL	NULL	NULL	7	Autobusai	7	03		1254	NULL	NULL	NULL
missed	614736	A>B	Šiaurės miestelis–Verkių g.–Viršuliškės–Lazdynai	1267	NULL	NULL	NULL	NULL	NULL	NULL	NULL	7	Autobusai	7	03		1308	NULL	NULL	NULL
missed	614736	B>A	Lazdynai–Viršuliškės–Verkių g.–Šiaurės miestelis	1311	NULL	NULL	NULL	NULL	NULL	NULL	NULL	7	Autobusai	7	03		1350	NULL	NULL	NULL
missed	614736	A>B	Šiaurės miestelis–Verkių g.–Viršuliškės–Lazdynai	1376	NULL	NULL	NULL	NULL	NULL	NULL	NULL	7	Autobusai	7	03		1417	NULL	NULL	NULL
missed	614737	A>B	Šiaurės miestelis–Verkių g.–Viršuliškės–Lazdynai	326	NULL	NULL	NULL	NULL	NULL	NULL	NULL	7	Autobusai	7	04		368	NULL	NULL	NULL
missed	614737	B>A	Lazdynai–Viršuliškės–Verkių g.–Šiaurės miestelis	371	NULL	NULL	NULL	NULL	NULL	NULL	NULL	7	Autobusai	7	04		410	NULL	NULL	NULL
missed	614737	A>B	Šiaurės miestelis–Verkių g.–Viršuliškės–Lazdynai	423	NULL	NULL	NULL	NULL	NULL	NULL	NULL	7	Autobusai	7	04		470	NULL	NULL	NULL
missed	614737	B>A	Lazdynai–Viršuliškės–Verkių g.–Šiaurės miestelis	473	NULL	NULL	NULL	NULL	NULL	NULL	NULL	7	Autobusai	7	04		516	NULL	NULL	NULL
missed	614737	A>B	Šiaurės miestelis–Verkių g.–Viršuliškės–Lazdynai	528	NULL	NULL	NULL	NULL	NULL	NULL	NULL	7	Autobusai	7	04		571	NULL	NULL	NULL
missed	614737	B>A	Lazdynai–Viršuliškės–Verkių g.–Šiaurės miestelis	574	NULL	NULL	NULL	NULL	NULL	NULL	NULL	7	Autobusai	7	04		613	NULL	NULL	NULL
missed	614737	A>B	Šiaurės miestelis–Verkių g.–Viršuliškės–Lazdynai	658	NULL	NULL	NULL	NULL	NULL	NULL	NULL	7	Autobusai	7	04		701	NULL	NULL	NULL
missed	614737	B>A	Lazdynai–Viršuliškės–Verkių g.–Šiaurės miestelis	704	NULL	NULL	NULL	NULL	NULL	NULL	NULL	7	Autobusai	7	04		743	NULL	NULL	NULL
missed	614737	A>B	Šiaurės miestelis–Verkių g.–Viršuliškės–Lazdynai	758	NULL	NULL	NULL	NULL	NULL	NULL	NULL	7	Autobusai	7	04		801	NULL	NULL	NULL
missed	614737	B>A	Lazdynai–Viršuliškės–Verkių g.–Šiaurės miestelis	804	NULL	NULL	NULL	NULL	NULL	NULL	NULL	7	Autobusai	7	04		843	NULL	NULL	NULL
missed	614737	A>B	Šiaurės miestelis–Verkių g.–Viršuliškės–Lazdynai	853	NULL	NULL	NULL	NULL	NULL	NULL	NULL	7	Autobusai	7	04		896	NULL	NULL	NULL
missed	614737	B>A	Lazdynai–Viršuliškės–Verkių g.–Šiaurės miestelis	901	NULL	NULL	NULL	NULL	NULL	NULL	NULL	7	Autobusai	7	04		940	NULL	NULL	NULL
missed	614737	A>B	Šiaurės miestelis–Verkių g.–Viršuliškės–Lazdynai	945	NULL	NULL	NULL	NULL	NULL	NULL	NULL	7	Autobusai	7	04		989	NULL	NULL	NULL
missed	614737	B>A	Lazdynai–Viršuliškės–Verkių g.–Šiaurės miestelis	992	NULL	NULL	NULL	NULL	NULL	NULL	NULL	7	Autobusai	7	04		1037	NULL	NULL	NULL
missed	614737	A>B	Šiaurės miestelis–Verkių g.–Viršuliškės–Lazdynai	1058	NULL	NULL	NULL	NULL	NULL	NULL	NULL	7	Autobusai	7	04		1107	NULL	NULL	NULL
missed	614737	B>A	Lazdynai–Viršuliškės–Verkių g.–Šiaurės miestelis	1110	NULL	NULL	NULL	NULL	NULL	NULL	NULL	7	Autobusai	7	04		1149	NULL	NULL	NULL
missed	614737	A>B	Šiaurės miestelis–Verkių g.–Viršuliškės–Lazdynai	1193	NULL	NULL	NULL	NULL	NULL	NULL	NULL	7	Autobusai	7	04		1235	NULL	NULL	NULL
missed	614737	B>A	Lazdynai–Viršuliškės–Verkių g.–Šiaurės miestelis	1238	NULL	NULL	NULL	NULL	NULL	NULL	NULL	7	Autobusai	7	04		1277	NULL	NULL	NULL
missed	614737	A>B	Šiaurės miestelis–Verkių g.–Viršuliškės–Lazdynai	1293	NULL	NULL	NULL	NULL	NULL	NULL	NULL	7	Autobusai	7	04		1334	NULL	NULL	NULL
missed	614737	B>A	Lazdynai–Viršuliškės–Verkių g.–Šiaurės miestelis	1337	NULL	NULL	NULL	NULL	NULL	NULL	NULL	7	Autobusai	7	04		1376	NULL	NULL	NULL
missed	614735	B>A	Lazdynai–Viršuliškės–Verkių g.–Šiaurės miestelis	339	NULL	NULL	NULL	NULL	NULL	NULL	NULL	7	Autobusai	7	05-Ž		378	NULL	NULL	NULL
missed	614735	A>B	Šiaurės miestelis–Verkių g.–Viršuliškės–Lazdynai	389	NULL	NULL	NULL	NULL	NULL	NULL	NULL	7	Autobusai	7	05-Ž		431	NULL	NULL	NULL
missed	614735	B>A	Lazdynai–Viršuliškės–Verkių g.–Šiaurės miestelis	434	NULL	NULL	NULL	NULL	NULL	NULL	NULL	7	Autobusai	7	05-Ž		479	NULL	NULL	NULL
missed	614735	A>B	Šiaurės miestelis–Verkių g.–Viršuliškės–Lazdynai	492	NULL	NULL	NULL	NULL	NULL	NULL	NULL	7	Autobusai	7	05-Ž		536	NULL	NULL	NULL
missed	614735	B>A	Lazdynai–Viršuliškės–Verkių g.–Šiaurės miestelis	539	NULL	NULL	NULL	NULL	NULL	NULL	NULL	7	Autobusai	7	05-Ž		581	NULL	NULL	NULL
missed	614735	A>B	Šiaurės miestelis–Verkių g.–Viršuliškės–Lazdynai	615	NULL	NULL	NULL	NULL	NULL	NULL	NULL	7	Autobusai	7	05-Ž		658	NULL	NULL	NULL
missed	614735	B>A	Lazdynai–Viršuliškės–Verkių g.–Šiaurės miestelis	661	NULL	NULL	NULL	NULL	NULL	NULL	NULL	7	Autobusai	7	05-Ž		700	NULL	NULL	NULL
missed	614735	A>B	Šiaurės miestelis–Verkių g.–Viršuliškės–Lazdynai	711	NULL	NULL	NULL	NULL	NULL	NULL	NULL	7	Autobusai	7	05-Ž		754	NULL	NULL	NULL
missed	614735	B>A	Lazdynai–Viršuliškės–Verkių g.–Šiaurės miestelis	757	NULL	NULL	NULL	NULL	NULL	NULL	NULL	7	Autobusai	7	05-Ž		796	NULL	NULL	NULL
missed	614735	A>B	Šiaurės miestelis–Verkių g.–Viršuliškės–Lazdynai	807	NULL	NULL	NULL	NULL	NULL	NULL	NULL	7	Autobusai	7	05-Ž		850	NULL	NULL	NULL
missed	614735	B>A	Lazdynai–Viršuliškės–Verkių g.–Šiaurės miestelis	860	NULL	NULL	NULL	NULL	NULL	NULL	NULL	7	Autobusai	7	05-Ž		899	NULL	NULL	NULL
missed	614735	A>B	Šiaurės miestelis–Verkių g.–Viršuliškės–Lazdynai	909	NULL	NULL	NULL	NULL	NULL	NULL	NULL	7	Autobusai	7	05-Ž		952	NULL	NULL	NULL
missed	614735	B>A	Lazdynai–Viršuliškės–Verkių g.–Šiaurės miestelis	955	NULL	NULL	NULL	NULL	NULL	NULL	NULL	7	Autobusai	7	05-Ž		998	NULL	NULL	NULL
missed	614735	A>B	Šiaurės miestelis–Verkių g.–Viršuliškės–Lazdynai	1016	NULL	NULL	NULL	NULL	NULL	NULL	NULL	7	Autobusai	7	05-Ž		1065	NULL	NULL	NULL
missed	614735	B>A	Lazdynai–Viršuliškės–Verkių g.–Šiaurės miestelis	1068	NULL	NULL	NULL	NULL	NULL	NULL	NULL	7	Autobusai	7	05-Ž		1111	NULL	NULL	NULL
missed	614735	A>B	Šiaurės miestelis–Verkių g.–Viršuliškės–Lazdynai	1146	NULL	NULL	NULL	NULL	NULL	NULL	NULL	7	Autobusai	7	05-Ž		1188	NULL	NULL	NULL
missed	614735	B>A	Lazdynai–Viršuliškės–Verkių g.–Šiaurės miestelis	1191	NULL	NULL	NULL	NULL	NULL	NULL	NULL	7	Autobusai	7	05-Ž		1230	NULL	NULL	NULL
missed	614735	A>B	Šiaurės miestelis–Verkių g.–Viršuliškės–Lazdynai	1242	NULL	NULL	NULL	NULL	NULL	NULL	NULL	7	Autobusai	7	05-Ž		1283	NULL	NULL	NULL
missed	614735	B>A	Lazdynai–Viršuliškės–Verkių g.–Šiaurės miestelis	1286	NULL	NULL	NULL	NULL	NULL	NULL	NULL	7	Autobusai	7	05-Ž		1325	NULL	NULL	NULL
missed	614735	A>B	Šiaurės miestelis–Verkių g.–Viršuliškės–Lazdynai	1347	NULL	NULL	NULL	NULL	NULL	NULL	NULL	7	Autobusai	7	05-Ž		1388	NULL	NULL	NULL
missed	614738	A>B	Šiaurės miestelis–Verkių g.–Viršuliškės–Lazdynai	358	NULL	NULL	NULL	NULL	NULL	NULL	NULL	7	Autobusai	7	06		400	NULL	NULL	NULL
missed	614738	B>A	Lazdynai–Viršuliškės–Verkių g.–Šiaurės miestelis	404	NULL	NULL	NULL	NULL	NULL	NULL	NULL	7	Autobusai	7	06		445	NULL	NULL	NULL
missed	614738	A>B	Šiaurės miestelis–Verkių g.–Viršuliškės–Lazdynai	457	NULL	NULL	NULL	NULL	NULL	NULL	NULL	7	Autobusai	7	06		503	NULL	NULL	NULL
missed	614738	B>A	Lazdynai–Viršuliškės–Verkių g.–Šiaurės miestelis	506	NULL	NULL	NULL	NULL	NULL	NULL	NULL	7	Autobusai	7	06		549	NULL	NULL	NULL
missed	614738	A>B	Šiaurės miestelis–Verkių g.–Viršuliškės–Lazdynai	567	NULL	NULL	NULL	NULL	NULL	NULL	NULL	7	Autobusai	7	06		610	NULL	NULL	NULL
missed	614738	B>A	Lazdynai–Viršuliškės–Verkių g.–Šiaurės miestelis	613	NULL	NULL	NULL	NULL	NULL	NULL	NULL	7	Autobusai	7	06		652	NULL	NULL	NULL
missed	614738	A>B	Šiaurės miestelis–Verkių g.–Viršuliškės–Lazdynai	997	NULL	NULL	NULL	NULL	NULL	NULL	NULL	7	Autobusai	7	06		1046	NULL	NULL	NULL
missed	614738	B>A	Lazdynai–Viršuliškės–Verkių g.–Šiaurės miestelis	1049	NULL	NULL	NULL	NULL	NULL	NULL	NULL	7	Autobusai	7	06		1094	NULL	NULL	NULL
missed	614738	A>B	Šiaurės miestelis–Verkių g.–Viršuliškės–Lazdynai	1101	NULL	NULL	NULL	NULL	NULL	NULL	NULL	7	Autobusai	7	06		1145	NULL	NULL	NULL
missed	614738	B>A	Lazdynai–Viršuliškės–Verkių g.–Šiaurės miestelis	1148	NULL	NULL	NULL	NULL	NULL	NULL	NULL	7	Autobusai	7	06		1187	NULL	NULL	NULL
missed	663116	A>B	Justiniškės–Centras–Naugarduko g.–Vilkpėdė	324	NULL	NULL	NULL	NULL	NULL	NULL	NULL	73	Autobusai	73	01		362	NULL	NULL	NULL
missed	663116	B>A	Vilkpėdė–Naugarduko g.–Centras–Justiniškės	368	NULL	NULL	NULL	NULL	NULL	NULL	NULL	73	Autobusai	73	01		406	NULL	NULL	NULL
missed	663116	A>B	Justiniškės–Centras–Naugarduko g.–Vilkpėdė	416	NULL	NULL	NULL	NULL	NULL	NULL	NULL	73	Autobusai	73	01		465	NULL	NULL	NULL
missed	663116	B>A	Vilkpėdė–Naugarduko g.–Centras–Justiniškės	475	NULL	NULL	NULL	NULL	NULL	NULL	NULL	73	Autobusai	73	01		517	NULL	NULL	NULL
missed	663116	A>B	Justiniškės–Centras–Naugarduko g.–Vilkpėdė	528	NULL	NULL	NULL	NULL	NULL	NULL	NULL	73	Autobusai	73	01		573	NULL	NULL	NULL
missed	663116	B>A	Vilkpėdė–Naugarduko g.–Centras–Justiniškės	580	NULL	NULL	NULL	NULL	NULL	NULL	NULL	73	Autobusai	73	01		619	NULL	NULL	NULL
missed	663116	A>B	Justiniškės–Centras–Naugarduko g.–Vilkpėdė	650	NULL	NULL	NULL	NULL	NULL	NULL	NULL	73	Autobusai	73	01		688	NULL	NULL	NULL
missed	663116	B>A	Vilkpėdė–Naugarduko g.–Centras–Justiniškės	695	NULL	NULL	NULL	NULL	NULL	NULL	NULL	73	Autobusai	73	01		734	NULL	NULL	NULL
missed	663116	A>B	Justiniškės–Centras–Naugarduko g.–Vilkpėdė	740	NULL	NULL	NULL	NULL	NULL	NULL	NULL	73	Autobusai	73	01		778	NULL	NULL	NULL
missed	663116	B>A	Vilkpėdė–Naugarduko g.–Centras–Justiniškės	783	NULL	NULL	NULL	NULL	NULL	NULL	NULL	73	Autobusai	73	01		822	NULL	NULL	NULL
missed	663116	A>B	Justiniškės–Centras–Naugarduko g.–Vilkpėdė	827	NULL	NULL	NULL	NULL	NULL	NULL	NULL	73	Autobusai	73	01		865	NULL	NULL	NULL
missed	663116	B>A	Vilkpėdė–Naugarduko g.–Centras–Justiniškės	878	NULL	NULL	NULL	NULL	NULL	NULL	NULL	73	Autobusai	73	01		917	NULL	NULL	NULL
missed	663116	A>B	Justiniškės–Centras–Naugarduko g.–Vilkpėdė	924	NULL	NULL	NULL	NULL	NULL	NULL	NULL	73	Autobusai	73	01		962	NULL	NULL	NULL
missed	663116	B>A	Vilkpėdė–Naugarduko g.–Centras–Justiniškės	969	NULL	NULL	NULL	NULL	NULL	NULL	NULL	73	Autobusai	73	01		1020	NULL	NULL	NULL
missed	663116	A>B	Justiniškės–Centras–Naugarduko g.–Vilkpėdė	1030	NULL	NULL	NULL	NULL	NULL	NULL	NULL	73	Autobusai	73	01		1072	NULL	NULL	NULL
missed	663116	B>A	Vilkpėdė–Naugarduko g.–Centras–Justiniškės	1082	NULL	NULL	NULL	NULL	NULL	NULL	NULL	73	Autobusai	73	01		1132	NULL	NULL	NULL
missed	663116	A>B	Justiniškės–Centras–Naugarduko g.–Vilkpėdė	1163	NULL	NULL	NULL	NULL	NULL	NULL	NULL	73	Autobusai	73	01		1202	NULL	NULL	NULL
missed	663116	B>A	Vilkpėdė–Naugarduko g.–Centras–Justiniškės	1209	NULL	NULL	NULL	NULL	NULL	NULL	NULL	73	Autobusai	73	01		1247	NULL	NULL	NULL
missed	663116	A>B	Justiniškės–Centras–Naugarduko g.–Vilkpėdė	1253	NULL	NULL	NULL	NULL	NULL	NULL	NULL	73	Autobusai	73	01		1291	NULL	NULL	NULL
missed	663116	B>A	Vilkpėdė–Naugarduko g.–Centras–Justiniškės	1299	NULL	NULL	NULL	NULL	NULL	NULL	NULL	73	Autobusai	73	01		1337	NULL	NULL	NULL
missed	663116	A>B	Justiniškės–Centras–Naugarduko g.–Vilkpėdė	1344	NULL	NULL	NULL	NULL	NULL	NULL	NULL	73	Autobusai	73	01		1382	NULL	NULL	NULL
missed	663116	B>A	Vilkpėdė–Naugarduko g.–Centras–Justiniškės	1391	NULL	NULL	NULL	NULL	NULL	NULL	NULL	73	Autobusai	73	01		1429	NULL	NULL	NULL
missed	663115	A>B	Justiniškės–Centras–Naugarduko g.–Vilkpėdė	434	NULL	NULL	NULL	NULL	NULL	NULL	NULL	73	Autobusai	73	02		485	NULL	NULL	NULL
missed	663115	B>A	Vilkpėdė–Naugarduko g.–Centras–Justiniškės	497	NULL	NULL	NULL	NULL	NULL	NULL	NULL	73	Autobusai	73	02		539	NULL	NULL	NULL
missed	663115	A>B	Justiniškės–Centras–Naugarduko g.–Vilkpėdė	549	NULL	NULL	NULL	NULL	NULL	NULL	NULL	73	Autobusai	73	02		592	NULL	NULL	NULL
missed	663115	B>A	Vilkpėdė–Naugarduko g.–Centras–Justiniškės	602	NULL	NULL	NULL	NULL	NULL	NULL	NULL	73	Autobusai	73	02		641	NULL	NULL	NULL
missed	663115	A>B	Justiniškės–Centras–Naugarduko g.–Vilkpėdė	908	NULL	NULL	NULL	NULL	NULL	NULL	NULL	73	Autobusai	73	02		946	NULL	NULL	NULL
missed	663115	B>A	Vilkpėdė–Naugarduko g.–Centras–Justiniškės	952	NULL	NULL	NULL	NULL	NULL	NULL	NULL	73	Autobusai	73	02		999	NULL	NULL	NULL
missed	663115	A>B	Justiniškės–Centras–Naugarduko g.–Vilkpėdė	1006	NULL	NULL	NULL	NULL	NULL	NULL	NULL	73	Autobusai	73	02		1047	NULL	NULL	NULL
missed	663115	B>A	Vilkpėdė–Naugarduko g.–Centras–Justiniškės	1057	NULL	NULL	NULL	NULL	NULL	NULL	NULL	73	Autobusai	73	02		1109	NULL	NULL	NULL
missed	663115	A>B	Justiniškės–Centras–Naugarduko g.–Vilkpėdė	1119	NULL	NULL	NULL	NULL	NULL	NULL	NULL	73	Autobusai	73	02		1158	NULL	NULL	NULL
missed	663115	B>A	Vilkpėdė–Naugarduko g.–Centras–Justiniškės	1168	NULL	NULL	NULL	NULL	NULL	NULL	NULL	73	Autobusai	73	02		1210	NULL	NULL	NULL
missed	663114	A>B	Justiniškės–Centras–Naugarduko g.–Vilkpėdė	355	NULL	NULL	NULL	NULL	NULL	NULL	NULL	73	Autobusai	73	03		393	NULL	NULL	NULL
missed	663114	B>A	Vilkpėdė–Naugarduko g.–Centras–Justiniškės	401	NULL	NULL	NULL	NULL	NULL	NULL	NULL	73	Autobusai	73	03		442	NULL	NULL	NULL
missed	663114	A>B	Justiniškės–Centras–Naugarduko g.–Vilkpėdė	453	NULL	NULL	NULL	NULL	NULL	NULL	NULL	73	Autobusai	73	03		504	NULL	NULL	NULL
missed	663114	B>A	Vilkpėdė–Naugarduko g.–Centras–Justiniškės	515	NULL	NULL	NULL	NULL	NULL	NULL	NULL	73	Autobusai	73	03		556	NULL	NULL	NULL
missed	663114	A>B	Justiniškės–Centras–Naugarduko g.–Vilkpėdė	588	NULL	NULL	NULL	NULL	NULL	NULL	NULL	73	Autobusai	73	03		626	NULL	NULL	NULL
missed	663114	B>A	Vilkpėdė–Naugarduko g.–Centras–Justiniškės	631	NULL	NULL	NULL	NULL	NULL	NULL	NULL	73	Autobusai	73	03		670	NULL	NULL	NULL
missed	663114	A>B	Justiniškės–Centras–Naugarduko g.–Vilkpėdė	675	NULL	NULL	NULL	NULL	NULL	NULL	NULL	73	Autobusai	73	03		713	NULL	NULL	NULL
missed	663114	B>A	Vilkpėdė–Naugarduko g.–Centras–Justiniškės	718	NULL	NULL	NULL	NULL	NULL	NULL	NULL	73	Autobusai	73	03		757	NULL	NULL	NULL
missed	663114	A>B	Justiniškės–Centras–Naugarduko g.–Vilkpėdė	762	NULL	NULL	NULL	NULL	NULL	NULL	NULL	73	Autobusai	73	03		800	NULL	NULL	NULL
missed	663114	B>A	Vilkpėdė–Naugarduko g.–Centras–Justiniškės	805	NULL	NULL	NULL	NULL	NULL	NULL	NULL	73	Autobusai	73	03		844	NULL	NULL	NULL
missed	663114	A>B	Justiniškės–Centras–Naugarduko g.–Vilkpėdė	849	NULL	NULL	NULL	NULL	NULL	NULL	NULL	73	Autobusai	73	03		887	NULL	NULL	NULL
missed	663114	B>A	Vilkpėdė–Naugarduko g.–Centras–Justiniškės	897	NULL	NULL	NULL	NULL	NULL	NULL	NULL	73	Autobusai	73	03		936	NULL	NULL	NULL
missed	663114	A>B	Justiniškės–Centras–Naugarduko g.–Vilkpėdė	941	NULL	NULL	NULL	NULL	NULL	NULL	NULL	73	Autobusai	73	03		981	NULL	NULL	NULL
missed	663114	B>A	Vilkpėdė–Naugarduko g.–Centras–Justiniškės	986	NULL	NULL	NULL	NULL	NULL	NULL	NULL	73	Autobusai	73	03		1037	NULL	NULL	NULL
missed	663114	A>B	Justiniškės–Centras–Naugarduko g.–Vilkpėdė	1047	NULL	NULL	NULL	NULL	NULL	NULL	NULL	73	Autobusai	73	03		1089	NULL	NULL	NULL
missed	663114	B>A	Vilkpėdė–Naugarduko g.–Centras–Justiniškės	1105	NULL	NULL	NULL	NULL	NULL	NULL	NULL	73	Autobusai	73	03		1153	NULL	NULL	NULL
missed	663114	A>B	Justiniškės–Centras–Naugarduko g.–Vilkpėdė	1190	NULL	NULL	NULL	NULL	NULL	NULL	NULL	73	Autobusai	73	03		1228	NULL	NULL	NULL
missed	663114	B>A	Vilkpėdė–Naugarduko g.–Centras–Justiniškės	1234	NULL	NULL	NULL	NULL	NULL	NULL	NULL	73	Autobusai	73	03		1272	NULL	NULL	NULL
missed	663114	A>B	Justiniškės–Centras–Naugarduko g.–Vilkpėdė	1277	NULL	NULL	NULL	NULL	NULL	NULL	NULL	73	Autobusai	73	03		1315	NULL	NULL	NULL
missed	663114	B>A	Vilkpėdė–Naugarduko g.–Centras–Justiniškės	1322	NULL	NULL	NULL	NULL	NULL	NULL	NULL	73	Autobusai	73	03		1360	NULL	NULL	NULL
missed	663114	A>B	Justiniškės–Centras–Naugarduko g.–Vilkpėdė	1365	NULL	NULL	NULL	NULL	NULL	NULL	NULL	73	Autobusai	73	03		1403	NULL	NULL	NULL
missed	663118	A>B	Justiniškės–Centras–Naugarduko g.–Vilkpėdė	404	NULL	NULL	NULL	NULL	NULL	NULL	NULL	73	Autobusai	73	04		447	NULL	NULL	NULL
missed	663118	B>A	Vilkpėdė–Naugarduko g.–Centras–Justiniškės	452	NULL	NULL	NULL	NULL	NULL	NULL	NULL	73	Autobusai	73	04		494	NULL	NULL	NULL
missed	663118	A>B	Justiniškės–Centras–Naugarduko g.–Vilkpėdė	504	NULL	NULL	NULL	NULL	NULL	NULL	NULL	73	Autobusai	73	04		552	NULL	NULL	NULL
missed	663118	B>A	Vilkpėdė–Naugarduko g.–Centras–Justiniškės	564	NULL	NULL	NULL	NULL	NULL	NULL	NULL	73	Autobusai	73	04		603	NULL	NULL	NULL
missed	663118	A>B	Justiniškės–Centras–Naugarduko g.–Vilkpėdė	959	NULL	NULL	NULL	NULL	NULL	NULL	NULL	73	Autobusai	73	04		1000	NULL	NULL	NULL
missed	663118	B>A	Vilkpėdė–Naugarduko g.–Centras–Justiniškės	1006	NULL	NULL	NULL	NULL	NULL	NULL	NULL	73	Autobusai	73	04		1057	NULL	NULL	NULL
missed	663118	A>B	Justiniškės–Centras–Naugarduko g.–Vilkpėdė	1068	NULL	NULL	NULL	NULL	NULL	NULL	NULL	73	Autobusai	73	04		1110	NULL	NULL	NULL
missed	663118	B>A	Vilkpėdė–Naugarduko g.–Centras–Justiniškės	1124	NULL	NULL	NULL	NULL	NULL	NULL	NULL	73	Autobusai	73	04		1166	NULL	NULL	NULL
missed	663117	B>A	Vilkpėdė–Naugarduko g.–Centras–Justiniškės	331	NULL	NULL	NULL	NULL	NULL	NULL	NULL	73	Autobusai	73	05		369	NULL	NULL	NULL
missed	663117	A>B	Justiniškės–Centras–Naugarduko g.–Vilkpėdė	374	NULL	NULL	NULL	NULL	NULL	NULL	NULL	73	Autobusai	73	05		412	NULL	NULL	NULL
missed	663117	B>A	Vilkpėdė–Naugarduko g.–Centras–Justiniškės	426	NULL	NULL	NULL	NULL	NULL	NULL	NULL	73	Autobusai	73	05		468	NULL	NULL	NULL
missed	663117	A>B	Justiniškės–Centras–Naugarduko g.–Vilkpėdė	478	NULL	NULL	NULL	NULL	NULL	NULL	NULL	73	Autobusai	73	05		529	NULL	NULL	NULL
missed	663117	B>A	Vilkpėdė–Naugarduko g.–Centras–Justiniškės	543	NULL	NULL	NULL	NULL	NULL	NULL	NULL	73	Autobusai	73	05		584	NULL	NULL	NULL
missed	663117	A>B	Justiniškės–Centras–Naugarduko g.–Vilkpėdė	619	NULL	NULL	NULL	NULL	NULL	NULL	NULL	73	Autobusai	73	05		657	NULL	NULL	NULL
missed	663117	B>A	Vilkpėdė–Naugarduko g.–Centras–Justiniškės	662	NULL	NULL	NULL	NULL	NULL	NULL	NULL	73	Autobusai	73	05		701	NULL	NULL	NULL
missed	663117	A>B	Justiniškės–Centras–Naugarduko g.–Vilkpėdė	707	NULL	NULL	NULL	NULL	NULL	NULL	NULL	73	Autobusai	73	05		745	NULL	NULL	NULL
missed	663117	B>A	Vilkpėdė–Naugarduko g.–Centras–Justiniškės	750	NULL	NULL	NULL	NULL	NULL	NULL	NULL	73	Autobusai	73	05		789	NULL	NULL	NULL
missed	663117	A>B	Justiniškės–Centras–Naugarduko g.–Vilkpėdė	794	NULL	NULL	NULL	NULL	NULL	NULL	NULL	73	Autobusai	73	05		832	NULL	NULL	NULL
missed	663117	B>A	Vilkpėdė–Naugarduko g.–Centras–Justiniškės	842	NULL	NULL	NULL	NULL	NULL	NULL	NULL	73	Autobusai	73	05		881	NULL	NULL	NULL
missed	663117	A>B	Justiniškės–Centras–Naugarduko g.–Vilkpėdė	886	NULL	NULL	NULL	NULL	NULL	NULL	NULL	73	Autobusai	73	05		924	NULL	NULL	NULL
missed	663117	B>A	Vilkpėdė–Naugarduko g.–Centras–Justiniškės	930	NULL	NULL	NULL	NULL	NULL	NULL	NULL	73	Autobusai	73	05		970	NULL	NULL	NULL
missed	663117	A>B	Justiniškės–Centras–Naugarduko g.–Vilkpėdė	978	NULL	NULL	NULL	NULL	NULL	NULL	NULL	73	Autobusai	73	05		1019	NULL	NULL	NULL
missed	663117	B>A	Vilkpėdė–Naugarduko g.–Centras–Justiniškės	1028	NULL	NULL	NULL	NULL	NULL	NULL	NULL	73	Autobusai	73	05		1080	NULL	NULL	NULL
missed	663117	A>B	Justiniškės–Centras–Naugarduko g.–Vilkpėdė	1090	NULL	NULL	NULL	NULL	NULL	NULL	NULL	73	Autobusai	73	05		1132	NULL	NULL	NULL
missed	663117	B>A	Vilkpėdė–Naugarduko g.–Centras–Justiniškės	1143	NULL	NULL	NULL	NULL	NULL	NULL	NULL	73	Autobusai	73	05		1185	NULL	NULL	NULL
missed	663117	A>B	Justiniškės–Centras–Naugarduko g.–Vilkpėdė	1220	NULL	NULL	NULL	NULL	NULL	NULL	NULL	73	Autobusai	73	05		1258	NULL	NULL	NULL
missed	663117	B>A	Vilkpėdė–Naugarduko g.–Centras–Justiniškės	1269	NULL	NULL	NULL	NULL	NULL	NULL	NULL	73	Autobusai	73	05		1307	NULL	NULL	NULL
missed	663117	A>B	Justiniškės–Centras–Naugarduko g.–Vilkpėdė	1314	NULL	NULL	NULL	NULL	NULL	NULL	NULL	73	Autobusai	73	05		1352	NULL	NULL	NULL
missed	663117	B>A	Vilkpėdė–Naugarduko g.–Centras–Justiniškės	1359	NULL	NULL	NULL	NULL	NULL	NULL	NULL	73	Autobusai	73	05		1397	NULL	NULL	NULL
missed	614988	A>B	Stotis–Subačiaus–Parko g.	318	NULL	NULL	NULL	NULL	NULL	NULL	NULL	74	Autobusai	74	01		350	NULL	NULL	NULL
missed	614988	B>A	Parko–Subačiaus g.–Stotis	354	NULL	NULL	NULL	NULL	NULL	NULL	NULL	74	Autobusai	74	01		381	NULL	NULL	NULL
missed	614988	B>A	Parko–Subačiaus g.–Stotis	1038	NULL	NULL	NULL	NULL	NULL	NULL	NULL	74	Autobusai	74	01		1066	NULL	NULL	NULL
missed	614988	A>B	Stotis–Subačiaus–Parko g.	1079	NULL	NULL	NULL	NULL	NULL	NULL	NULL	74	Autobusai	74	01		1111	NULL	NULL	NULL
missed	614988	B>A	Parko–Subačiaus g.–Stotis	1115	NULL	NULL	NULL	NULL	NULL	NULL	NULL	74	Autobusai	74	01		1143	NULL	NULL	NULL
missed	614988	B>A	Parko–Subačiaus g.–Stotis	1211	NULL	NULL	NULL	NULL	NULL	NULL	NULL	74	Autobusai	74	01		1238	NULL	NULL	NULL
missed	614988	A>B	Stotis–Subačiaus–Parko g.	1242	NULL	NULL	NULL	NULL	NULL	NULL	NULL	74	Autobusai	74	01		1273	NULL	NULL	NULL
missed	614988	B>A	Parko–Subačiaus g.–Stotis	1278	NULL	NULL	NULL	NULL	NULL	NULL	NULL	74	Autobusai	74	01		1305	NULL	NULL	NULL
missed	614988	A>B	Stotis–Subačiaus–Parko g.	1308	NULL	NULL	NULL	NULL	NULL	NULL	NULL	74	Autobusai	74	01		1339	NULL	NULL	NULL
missed	614988	B>A	Parko–Subačiaus g.–Stotis	1343	NULL	NULL	NULL	NULL	NULL	NULL	NULL	74	Autobusai	74	01		1370	NULL	NULL	NULL
missed	614990	A>B	Stotis–Subačiaus–Parko g.	339	NULL	NULL	NULL	NULL	NULL	NULL	NULL	74	Autobusai	74	02		371	NULL	NULL	NULL
missed	614990	B>A	Parko–Subačiaus g.–Stotis	375	NULL	NULL	NULL	NULL	NULL	NULL	NULL	74	Autobusai	74	02		402	NULL	NULL	NULL
missed	614990	A>B	Stotis–Subačiaus–Parko g.	406	NULL	NULL	NULL	NULL	NULL	NULL	NULL	74	Autobusai	74	02		438	NULL	NULL	NULL
missed	614990	B>A	Parko–Subačiaus g.–Stotis	442	NULL	NULL	NULL	NULL	NULL	NULL	NULL	74	Autobusai	74	02		470	NULL	NULL	NULL
missed	614990	A>B	Stotis–Subačiaus–Parko g.	476	NULL	NULL	NULL	NULL	NULL	NULL	NULL	74	Autobusai	74	02		508	NULL	NULL	NULL
missed	614990	B>A	Parko–Subačiaus g.–Stotis	512	NULL	NULL	NULL	NULL	NULL	NULL	NULL	74	Autobusai	74	02		540	NULL	NULL	NULL
missed	614990	A>B	Stotis–Subačiaus–Parko g.	549	NULL	NULL	NULL	NULL	NULL	NULL	NULL	74	Autobusai	74	02		581	NULL	NULL	NULL
missed	614990	B>A	Parko–Subačiaus g.–Stotis	592	NULL	NULL	NULL	NULL	NULL	NULL	NULL	74	Autobusai	74	02		619	NULL	NULL	NULL
missed	614990	A>B	Stotis–Subačiaus–Parko g.	633	NULL	NULL	NULL	NULL	NULL	NULL	NULL	74	Autobusai	74	02		665	NULL	NULL	NULL
missed	614990	B>A	Parko–Subačiaus g.–Stotis	1016	NULL	NULL	NULL	NULL	NULL	NULL	NULL	74	Autobusai	74	02		1044	NULL	NULL	NULL
missed	614990	A>B	Stotis–Subačiaus–Parko g.	1048	NULL	NULL	NULL	NULL	NULL	NULL	NULL	74	Autobusai	74	02		1082	NULL	NULL	NULL
missed	614990	B>A	Parko–Subačiaus g.–Stotis	1088	NULL	NULL	NULL	NULL	NULL	NULL	NULL	74	Autobusai	74	02		1116	NULL	NULL	NULL
missed	614989	B>A	Parko–Subačiaus g.–Stotis	323	NULL	NULL	NULL	NULL	NULL	NULL	NULL	74	Autobusai	74	03		350	NULL	NULL	NULL
missed	614989	A>B	Stotis–Subačiaus–Parko g.	355	NULL	NULL	NULL	NULL	NULL	NULL	NULL	74	Autobusai	74	03		387	NULL	NULL	NULL
missed	614989	B>A	Parko–Subačiaus g.–Stotis	397	NULL	NULL	NULL	NULL	NULL	NULL	NULL	74	Autobusai	74	03		425	NULL	NULL	NULL
missed	614989	A>B	Stotis–Subačiaus–Parko g.	430	NULL	NULL	NULL	NULL	NULL	NULL	NULL	74	Autobusai	74	03		462	NULL	NULL	NULL
missed	614989	B>A	Parko–Subačiaus g.–Stotis	466	NULL	NULL	NULL	NULL	NULL	NULL	NULL	74	Autobusai	74	03		494	NULL	NULL	NULL
missed	614989	A>B	Stotis–Subačiaus–Parko g.	499	NULL	NULL	NULL	NULL	NULL	NULL	NULL	74	Autobusai	74	03		531	NULL	NULL	NULL
missed	614989	B>A	Parko–Subačiaus g.–Stotis	534	NULL	NULL	NULL	NULL	NULL	NULL	NULL	74	Autobusai	74	03		562	NULL	NULL	NULL
missed	614989	B>A	Parko–Subačiaus g.–Stotis	630	NULL	NULL	NULL	NULL	NULL	NULL	NULL	74	Autobusai	74	03		657	NULL	NULL	NULL
missed	614989	A>B	Stotis–Subačiaus–Parko g.	662	NULL	NULL	NULL	NULL	NULL	NULL	NULL	74	Autobusai	74	03		694	NULL	NULL	NULL
missed	614989	B>A	Parko–Subačiaus g.–Stotis	699	NULL	NULL	NULL	NULL	NULL	NULL	NULL	74	Autobusai	74	03		727	NULL	NULL	NULL
missed	614989	A>B	Stotis–Subačiaus–Parko g.	730	NULL	NULL	NULL	NULL	NULL	NULL	NULL	74	Autobusai	74	03		762	NULL	NULL	NULL
missed	614989	B>A	Parko–Subačiaus g.–Stotis	766	NULL	NULL	NULL	NULL	NULL	NULL	NULL	74	Autobusai	74	03		793	NULL	NULL	NULL
missed	614989	A>B	Stotis–Subačiaus–Parko g.	798	NULL	NULL	NULL	NULL	NULL	NULL	NULL	74	Autobusai	74	03		830	NULL	NULL	NULL
missed	614989	B>A	Parko–Subačiaus g.–Stotis	839	NULL	NULL	NULL	NULL	NULL	NULL	NULL	74	Autobusai	74	03		866	NULL	NULL	NULL
missed	614989	A>B	Stotis–Subačiaus–Parko g.	871	NULL	NULL	NULL	NULL	NULL	NULL	NULL	74	Autobusai	74	03		903	NULL	NULL	NULL
missed	614989	B>A	Parko–Subačiaus g.–Stotis	907	NULL	NULL	NULL	NULL	NULL	NULL	NULL	74	Autobusai	74	03		934	NULL	NULL	NULL
missed	614989	A>B	Stotis–Subačiaus–Parko g.	939	NULL	NULL	NULL	NULL	NULL	NULL	NULL	74	Autobusai	74	03		971	NULL	NULL	NULL
missed	614989	B>A	Parko–Subačiaus g.–Stotis	976	NULL	NULL	NULL	NULL	NULL	NULL	NULL	74	Autobusai	74	03		1004	NULL	NULL	NULL
missed	614989	A>B	Stotis–Subačiaus–Parko g.	1009	NULL	NULL	NULL	NULL	NULL	NULL	NULL	74	Autobusai	74	03		1041	NULL	NULL	NULL
missed	614989	B>A	Parko–Subačiaus g.–Stotis	1050	NULL	NULL	NULL	NULL	NULL	NULL	NULL	74	Autobusai	74	03		1078	NULL	NULL	NULL
missed	614989	B>A	Parko–Subačiaus g.–Stotis	1151	NULL	NULL	NULL	NULL	NULL	NULL	NULL	74	Autobusai	74	03		1179	NULL	NULL	NULL
missed	614989	A>B	Stotis–Subačiaus–Parko g.	1195	NULL	NULL	NULL	NULL	NULL	NULL	NULL	74	Autobusai	74	03		1226	NULL	NULL	NULL
missed	614989	B>A	Parko–Subačiaus g.–Stotis	1233	NULL	NULL	NULL	NULL	NULL	NULL	NULL	74	Autobusai	74	03		1260	NULL	NULL	NULL
missed	614989	A>B	Stotis–Subačiaus–Parko g.	1266	NULL	NULL	NULL	NULL	NULL	NULL	NULL	74	Autobusai	74	03		1297	NULL	NULL	NULL
missed	614989	B>A	Parko–Subačiaus g.–Stotis	1301	NULL	NULL	NULL	NULL	NULL	NULL	NULL	74	Autobusai	74	03		1328	NULL	NULL	NULL
missed	614989	A>B	Stotis–Subačiaus–Parko g.	1337	NULL	NULL	NULL	NULL	NULL	NULL	NULL	74	Autobusai	74	03		1368	NULL	NULL	NULL
missed	614991	B>A	Parko–Subačiaus g.–Stotis	362	NULL	NULL	NULL	NULL	NULL	NULL	NULL	74	Autobusai	74	04		389	NULL	NULL	NULL
missed	614991	A>B	Stotis–Subačiaus–Parko g.	393	NULL	NULL	NULL	NULL	NULL	NULL	NULL	74	Autobusai	74	04		425	NULL	NULL	NULL
missed	614991	B>A	Parko–Subačiaus g.–Stotis	429	NULL	NULL	NULL	NULL	NULL	NULL	NULL	74	Autobusai	74	04		457	NULL	NULL	NULL
missed	614991	A>B	Stotis–Subačiaus–Parko g.	462	NULL	NULL	NULL	NULL	NULL	NULL	NULL	74	Autobusai	74	04		494	NULL	NULL	NULL
missed	614991	B>A	Parko–Subačiaus g.–Stotis	498	NULL	NULL	NULL	NULL	NULL	NULL	NULL	74	Autobusai	74	04		526	NULL	NULL	NULL
missed	614991	A>B	Stotis–Subačiaus–Parko g.	535	NULL	NULL	NULL	NULL	NULL	NULL	NULL	74	Autobusai	74	04		567	NULL	NULL	NULL
missed	614991	B>A	Parko–Subačiaus g.–Stotis	889	NULL	NULL	NULL	NULL	NULL	NULL	NULL	74	Autobusai	74	04		916	NULL	NULL	NULL
missed	614991	A>B	Stotis–Subačiaus–Parko g.	921	NULL	NULL	NULL	NULL	NULL	NULL	NULL	74	Autobusai	74	04		953	NULL	NULL	NULL
missed	614991	B>A	Parko–Subačiaus g.–Stotis	957	NULL	NULL	NULL	NULL	NULL	NULL	NULL	74	Autobusai	74	04		985	NULL	NULL	NULL
missed	614991	A>B	Stotis–Subačiaus–Parko g.	990	NULL	NULL	NULL	NULL	NULL	NULL	NULL	74	Autobusai	74	04		1022	NULL	NULL	NULL
missed	614991	B>A	Parko–Subačiaus g.–Stotis	1027	NULL	NULL	NULL	NULL	NULL	NULL	NULL	74	Autobusai	74	04		1055	NULL	NULL	NULL
missed	614991	A>B	Stotis–Subačiaus–Parko g.	1063	NULL	NULL	NULL	NULL	NULL	NULL	NULL	74	Autobusai	74	04		1097	NULL	NULL	NULL
missed	614991	B>A	Parko–Subačiaus g.–Stotis	1101	NULL	NULL	NULL	NULL	NULL	NULL	NULL	74	Autobusai	74	04		1129	NULL	NULL	NULL
missed	614992	B>A	Parko–Subačiaus g.–Stotis	338	NULL	NULL	NULL	NULL	NULL	NULL	NULL	74	Autobusai	74	05		365	NULL	NULL	NULL
missed	614992	A>B	Stotis–Subačiaus–Parko g.	369	NULL	NULL	NULL	NULL	NULL	NULL	NULL	74	Autobusai	74	05		401	NULL	NULL	NULL
missed	614992	B>A	Parko–Subačiaus g.–Stotis	412	NULL	NULL	NULL	NULL	NULL	NULL	NULL	74	Autobusai	74	05		440	NULL	NULL	NULL
missed	614992	A>B	Stotis–Subačiaus–Parko g.	446	NULL	NULL	NULL	NULL	NULL	NULL	NULL	74	Autobusai	74	05		478	NULL	NULL	NULL
missed	614992	B>A	Parko–Subačiaus g.–Stotis	482	NULL	NULL	NULL	NULL	NULL	NULL	NULL	74	Autobusai	74	05		510	NULL	NULL	NULL
missed	614992	A>B	Stotis–Subačiaus–Parko g.	515	NULL	NULL	NULL	NULL	NULL	NULL	NULL	74	Autobusai	74	05		547	NULL	NULL	NULL
missed	614992	B>A	Parko–Subačiaus g.–Stotis	554	NULL	NULL	NULL	NULL	NULL	NULL	NULL	74	Autobusai	74	05		582	NULL	NULL	NULL
missed	614992	B>A	Parko–Subačiaus g.–Stotis	652	NULL	NULL	NULL	NULL	NULL	NULL	NULL	74	Autobusai	74	05		679	NULL	NULL	NULL
missed	614992	A>B	Stotis–Subačiaus–Parko g.	696	NULL	NULL	NULL	NULL	NULL	NULL	NULL	74	Autobusai	74	05		728	NULL	NULL	NULL
missed	614992	B>A	Parko–Subačiaus g.–Stotis	732	NULL	NULL	NULL	NULL	NULL	NULL	NULL	74	Autobusai	74	05		759	NULL	NULL	NULL
missed	614992	A>B	Stotis–Subačiaus–Parko g.	763	NULL	NULL	NULL	NULL	NULL	NULL	NULL	74	Autobusai	74	05		795	NULL	NULL	NULL
missed	614992	B>A	Parko–Subačiaus g.–Stotis	799	NULL	NULL	NULL	NULL	NULL	NULL	NULL	74	Autobusai	74	05		826	NULL	NULL	NULL
missed	614992	A>B	Stotis–Subačiaus–Parko g.	830	NULL	NULL	NULL	NULL	NULL	NULL	NULL	74	Autobusai	74	05		862	NULL	NULL	NULL
missed	614992	B>A	Parko–Subačiaus g.–Stotis	871	NULL	NULL	NULL	NULL	NULL	NULL	NULL	74	Autobusai	74	05		898	NULL	NULL	NULL
missed	614992	A>B	Stotis–Subačiaus–Parko g.	903	NULL	NULL	NULL	NULL	NULL	NULL	NULL	74	Autobusai	74	05		935	NULL	NULL	NULL
missed	614992	B>A	Parko–Subačiaus g.–Stotis	939	NULL	NULL	NULL	NULL	NULL	NULL	NULL	74	Autobusai	74	05		966	NULL	NULL	NULL
missed	614992	A>B	Stotis–Subačiaus–Parko g.	970	NULL	NULL	NULL	NULL	NULL	NULL	NULL	74	Autobusai	74	05		1002	NULL	NULL	NULL
missed	614992	B>A	Parko–Subačiaus g.–Stotis	1006	NULL	NULL	NULL	NULL	NULL	NULL	NULL	74	Autobusai	74	05		1034	NULL	NULL	NULL
missed	614992	A>B	Stotis–Subačiaus–Parko g.	1038	NULL	NULL	NULL	NULL	NULL	NULL	NULL	74	Autobusai	74	05		1072	NULL	NULL	NULL
missed	614992	B>A	Parko–Subačiaus g.–Stotis	1076	NULL	NULL	NULL	NULL	NULL	NULL	NULL	74	Autobusai	74	05		1104	NULL	NULL	NULL
missed	614992	B>A	Parko–Subačiaus g.–Stotis	1182	NULL	NULL	NULL	NULL	NULL	NULL	NULL	74	Autobusai	74	05		1210	NULL	NULL	NULL
missed	614992	A>B	Stotis–Subačiaus–Parko g.	1220	NULL	NULL	NULL	NULL	NULL	NULL	NULL	74	Autobusai	74	05		1251	NULL	NULL	NULL
missed	614992	B>A	Parko–Subačiaus g.–Stotis	1255	NULL	NULL	NULL	NULL	NULL	NULL	NULL	74	Autobusai	74	05		1282	NULL	NULL	NULL
missed	614992	A>B	Stotis–Subačiaus–Parko g.	1288	NULL	NULL	NULL	NULL	NULL	NULL	NULL	74	Autobusai	74	05		1319	NULL	NULL	NULL
missed	614992	B>A	Parko–Subačiaus g.–Stotis	1328	NULL	NULL	NULL	NULL	NULL	NULL	NULL	74	Autobusai	74	05		1355	NULL	NULL	NULL
missed	614992	A>B	Stotis–Subačiaus–Parko g.	1376	NULL	NULL	NULL	NULL	NULL	NULL	NULL	74	Autobusai	74	05		1407	NULL	NULL	NULL
missed	614993	B>A	Parko–Subačiaus g.–Stotis	386	NULL	NULL	NULL	NULL	NULL	NULL	NULL	74	Autobusai	74	06		414	NULL	NULL	NULL
missed	614993	A>B	Stotis–Subačiaus–Parko g.	418	NULL	NULL	NULL	NULL	NULL	NULL	NULL	74	Autobusai	74	06		450	NULL	NULL	NULL
missed	614993	B>A	Parko–Subačiaus g.–Stotis	454	NULL	NULL	NULL	NULL	NULL	NULL	NULL	74	Autobusai	74	06		482	NULL	NULL	NULL
missed	614993	A>B	Stotis–Subačiaus–Parko g.	487	NULL	NULL	NULL	NULL	NULL	NULL	NULL	74	Autobusai	74	06		519	NULL	NULL	NULL
missed	614993	B>A	Parko–Subačiaus g.–Stotis	523	NULL	NULL	NULL	NULL	NULL	NULL	NULL	74	Autobusai	74	06		551	NULL	NULL	NULL
missed	614993	A>B	Stotis–Subačiaus–Parko g.	565	NULL	NULL	NULL	NULL	NULL	NULL	NULL	74	Autobusai	74	06		597	NULL	NULL	NULL
missed	614993	B>A	Parko–Subačiaus g.–Stotis	923	NULL	NULL	NULL	NULL	NULL	NULL	NULL	74	Autobusai	74	06		950	NULL	NULL	NULL
missed	614993	A>B	Stotis–Subačiaus–Parko g.	955	NULL	NULL	NULL	NULL	NULL	NULL	NULL	74	Autobusai	74	06		987	NULL	NULL	NULL
missed	614993	B>A	Parko–Subačiaus g.–Stotis	991	NULL	NULL	NULL	NULL	NULL	NULL	NULL	74	Autobusai	74	06		1019	NULL	NULL	NULL
missed	614993	A>B	Stotis–Subačiaus–Parko g.	1023	NULL	NULL	NULL	NULL	NULL	NULL	NULL	74	Autobusai	74	06		1057	NULL	NULL	NULL
missed	614993	B>A	Parko–Subačiaus g.–Stotis	1063	NULL	NULL	NULL	NULL	NULL	NULL	NULL	74	Autobusai	74	06		1091	NULL	NULL	NULL
missed	614993	A>B	Stotis–Subačiaus–Parko g.	1095	NULL	NULL	NULL	NULL	NULL	NULL	NULL	74	Autobusai	74	06		1127	NULL	NULL	NULL
missed	614993	B>A	Parko–Subačiaus g.–Stotis	1131	NULL	NULL	NULL	NULL	NULL	NULL	NULL	74	Autobusai	74	06		1159	NULL	NULL	NULL
missed	663119	B>A	Pilaitė–Šeškinė–Santariškės	297	NULL	NULL	NULL	NULL	NULL	NULL	NULL	75	Autobusai	75	01-Ž		348	NULL	NULL	NULL
missed	663119	A>B	Santariškės–Šeškinė–Pilaitė	353	NULL	NULL	NULL	NULL	NULL	NULL	NULL	75	Autobusai	75	01-Ž		405	NULL	NULL	NULL
missed	663119	B>A	Pilaitė–Šeškinė–Santariškės	411	NULL	NULL	NULL	NULL	NULL	NULL	NULL	75	Autobusai	75	01-Ž		474	NULL	NULL	NULL
missed	663119	A>B	Santariškės–Šeškinė–Pilaitė	484	NULL	NULL	NULL	NULL	NULL	NULL	NULL	75	Autobusai	75	01-Ž		536	NULL	NULL	NULL
missed	663119	B>A	Pilaitė–Šeškinė–Santariškės	580	NULL	NULL	NULL	NULL	NULL	NULL	NULL	75	Autobusai	75	01-Ž		633	NULL	NULL	NULL
missed	663119	A>B	Santariškės–Šeškinė–Pilaitė	640	NULL	NULL	NULL	NULL	NULL	NULL	NULL	75	Autobusai	75	01-Ž		691	NULL	NULL	NULL
missed	663119	B>A	Pilaitė–Šeškinė–Santariškės	699	NULL	NULL	NULL	NULL	NULL	NULL	NULL	75	Autobusai	75	01-Ž		752	NULL	NULL	NULL
missed	663119	A>B	Santariškės–Šeškinė–Pilaitė	767	NULL	NULL	NULL	NULL	NULL	NULL	NULL	75	Autobusai	75	01-Ž		818	NULL	NULL	NULL
missed	663119	B>A	Pilaitė–Šeškinė–Santariškės	828	NULL	NULL	NULL	NULL	NULL	NULL	NULL	75	Autobusai	75	01-Ž		881	NULL	NULL	NULL
missed	663119	A>B	Santariškės–Šeškinė–Pilaitė	887	NULL	NULL	NULL	NULL	NULL	NULL	NULL	75	Autobusai	75	01-Ž		940	NULL	NULL	NULL
missed	663119	B>A	Pilaitė–Šeškinė–Santariškės	952	NULL	NULL	NULL	NULL	NULL	NULL	NULL	75	Autobusai	75	01-Ž		1005	NULL	NULL	NULL
missed	663119	A>B	Santariškės–Šeškinė–Pilaitė	1026	NULL	NULL	NULL	NULL	NULL	NULL	NULL	75	Autobusai	75	01-Ž		1080	NULL	NULL	NULL
missed	663119	B>A	Pilaitė–Šeškinė–Santariškės	1114	NULL	NULL	NULL	NULL	NULL	NULL	NULL	75	Autobusai	75	01-Ž		1168	NULL	NULL	NULL
missed	663119	A>B	Santariškės–Šeškinė–Pilaitė	1174	NULL	NULL	NULL	NULL	NULL	NULL	NULL	75	Autobusai	75	01-Ž		1225	NULL	NULL	NULL
missed	663119	B>A	Pilaitė–Šeškinė–Santariškės	1231	NULL	NULL	NULL	NULL	NULL	NULL	NULL	75	Autobusai	75	01-Ž		1281	NULL	NULL	NULL
missed	663119	A>B	Santariškės–Šeškinė–Pilaitė	1288	NULL	NULL	NULL	NULL	NULL	NULL	NULL	75	Autobusai	75	01-Ž		1337	NULL	NULL	NULL
missed	663121	B>A	Pilaitė–Šeškinė–Santariškės	341	NULL	NULL	NULL	NULL	NULL	NULL	NULL	75	Autobusai	75	02		394	NULL	NULL	NULL
missed	663121	A>B	Santariškės–Šeškinė–Pilaitė	399	NULL	NULL	NULL	NULL	NULL	NULL	NULL	75	Autobusai	75	02		457	NULL	NULL	NULL
missed	663121	B>A	Pilaitė–Šeškinė–Santariškės	467	NULL	NULL	NULL	NULL	NULL	NULL	NULL	75	Autobusai	75	02		528	NULL	NULL	NULL
missed	663121	A>B	Santariškės–Šeškinė–Pilaitė	538	NULL	NULL	NULL	NULL	NULL	NULL	NULL	75	Autobusai	75	02		589	NULL	NULL	NULL
missed	663121	B>A	Pilaitė–Šeškinė–Santariškės	881	NULL	NULL	NULL	NULL	NULL	NULL	NULL	75	Autobusai	75	02		934	NULL	NULL	NULL
missed	663121	A>B	Santariškės–Šeškinė–Pilaitė	944	NULL	NULL	NULL	NULL	NULL	NULL	NULL	75	Autobusai	75	02		997	NULL	NULL	NULL
missed	663121	B>A	Pilaitė–Šeškinė–Santariškės	1007	NULL	NULL	NULL	NULL	NULL	NULL	NULL	75	Autobusai	75	02		1061	NULL	NULL	NULL
missed	663121	A>B	Santariškės–Šeškinė–Pilaitė	1075	NULL	NULL	NULL	NULL	NULL	NULL	NULL	75	Autobusai	75	02		1129	NULL	NULL	NULL
missed	663120	A>B	Santariškės–Šeškinė–Pilaitė	315	NULL	NULL	NULL	NULL	NULL	NULL	NULL	75	Autobusai	75	03		365	NULL	NULL	NULL
missed	663120	B>A	Pilaitė–Šeškinė–Santariškės	385	NULL	NULL	NULL	NULL	NULL	NULL	NULL	75	Autobusai	75	03		438	NULL	NULL	NULL
missed	663120	A>B	Santariškės–Šeškinė–Pilaitė	454	NULL	NULL	NULL	NULL	NULL	NULL	NULL	75	Autobusai	75	03		512	NULL	NULL	NULL
missed	663120	B>A	Pilaitė–Šeškinė–Santariškės	546	NULL	NULL	NULL	NULL	NULL	NULL	NULL	75	Autobusai	75	03		599	NULL	NULL	NULL
missed	663120	A>B	Santariškės–Šeškinė–Pilaitė	604	NULL	NULL	NULL	NULL	NULL	NULL	NULL	75	Autobusai	75	03		655	NULL	NULL	NULL
missed	663120	B>A	Pilaitė–Šeškinė–Santariškės	660	NULL	NULL	NULL	NULL	NULL	NULL	NULL	75	Autobusai	75	03		713	NULL	NULL	NULL
missed	663120	A>B	Santariškės–Šeškinė–Pilaitė	719	NULL	NULL	NULL	NULL	NULL	NULL	NULL	75	Autobusai	75	03		770	NULL	NULL	NULL
missed	663120	B>A	Pilaitė–Šeškinė–Santariškės	780	NULL	NULL	NULL	NULL	NULL	NULL	NULL	75	Autobusai	75	03		833	NULL	NULL	NULL
missed	663120	A>B	Santariškės–Šeškinė–Pilaitė	843	NULL	NULL	NULL	NULL	NULL	NULL	NULL	75	Autobusai	75	03		894	NULL	NULL	NULL
missed	663120	B>A	Pilaitė–Šeškinė–Santariškės	904	NULL	NULL	NULL	NULL	NULL	NULL	NULL	75	Autobusai	75	03		957	NULL	NULL	NULL
missed	663120	A>B	Santariškės–Šeškinė–Pilaitė	967	NULL	NULL	NULL	NULL	NULL	NULL	NULL	75	Autobusai	75	03		1021	NULL	NULL	NULL
missed	663120	B>A	Pilaitė–Šeškinė–Santariškės	1034	NULL	NULL	NULL	NULL	NULL	NULL	NULL	75	Autobusai	75	03		1088	NULL	NULL	NULL
missed	663120	A>B	Santariškės–Šeškinė–Pilaitė	1101	NULL	NULL	NULL	NULL	NULL	NULL	NULL	75	Autobusai	75	03		1155	NULL	NULL	NULL
missed	663120	B>A	Pilaitė–Šeškinė–Santariškės	1192	NULL	NULL	NULL	NULL	NULL	NULL	NULL	75	Autobusai	75	03		1242	NULL	NULL	NULL
missed	663120	A>B	Santariškės–Šeškinė–Pilaitė	1250	NULL	NULL	NULL	NULL	NULL	NULL	NULL	75	Autobusai	75	03		1299	NULL	NULL	NULL
missed	663120	B>A	Pilaitė–Šeškinė–Santariškės	1310	NULL	NULL	NULL	NULL	NULL	NULL	NULL	75	Autobusai	75	03		1360	NULL	NULL	NULL
missed	663122	B>A	Pilaitė–Šeškinė–Santariškės	365	NULL	NULL	NULL	NULL	NULL	NULL	NULL	75	Autobusai	75	04		418	NULL	NULL	NULL
missed	663122	A>B	Santariškės–Šeškinė–Pilaitė	427	NULL	NULL	NULL	NULL	NULL	NULL	NULL	75	Autobusai	75	04		485	NULL	NULL	NULL
missed	663122	B>A	Pilaitė–Šeškinė–Santariškės	495	NULL	NULL	NULL	NULL	NULL	NULL	NULL	75	Autobusai	75	04		556	NULL	NULL	NULL
missed	663122	A>B	Santariškės–Šeškinė–Pilaitė	562	NULL	NULL	NULL	NULL	NULL	NULL	NULL	75	Autobusai	75	04		613	NULL	NULL	NULL
missed	663122	B>A	Pilaitė–Šeškinė–Santariškės	933	NULL	NULL	NULL	NULL	NULL	NULL	NULL	75	Autobusai	75	04		986	NULL	NULL	NULL
missed	663122	A>B	Santariškės–Šeškinė–Pilaitė	996	NULL	NULL	NULL	NULL	NULL	NULL	NULL	75	Autobusai	75	04		1050	NULL	NULL	NULL
missed	663122	B>A	Pilaitė–Šeškinė–Santariškės	1064	NULL	NULL	NULL	NULL	NULL	NULL	NULL	75	Autobusai	75	04		1118	NULL	NULL	NULL
missed	663122	A>B	Santariškės–Šeškinė–Pilaitė	1128	NULL	NULL	NULL	NULL	NULL	NULL	NULL	75	Autobusai	75	04		1181	NULL	NULL	NULL
missed	663123	B>A	Pilaitė–Šeškinė–Santariškės	317	NULL	NULL	NULL	NULL	NULL	NULL	NULL	75	Autobusai	75	05		368	NULL	NULL	NULL
missed	663123	A>B	Santariškės–Šeškinė–Pilaitė	373	NULL	NULL	NULL	NULL	NULL	NULL	NULL	75	Autobusai	75	05		426	NULL	NULL	NULL
missed	663123	B>A	Pilaitė–Šeškinė–Santariškės	438	NULL	NULL	NULL	NULL	NULL	NULL	NULL	75	Autobusai	75	05		501	NULL	NULL	NULL
missed	663123	A>B	Santariškės–Šeškinė–Pilaitė	512	NULL	NULL	NULL	NULL	NULL	NULL	NULL	75	Autobusai	75	05		563	NULL	NULL	NULL
missed	663123	B>A	Pilaitė–Šeškinė–Santariškės	608	NULL	NULL	NULL	NULL	NULL	NULL	NULL	75	Autobusai	75	05		661	NULL	NULL	NULL
missed	663123	A>B	Santariškės–Šeškinė–Pilaitė	677	NULL	NULL	NULL	NULL	NULL	NULL	NULL	75	Autobusai	75	05		728	NULL	NULL	NULL
missed	663123	B>A	Pilaitė–Šeškinė–Santariškės	736	NULL	NULL	NULL	NULL	NULL	NULL	NULL	75	Autobusai	75	05		789	NULL	NULL	NULL
missed	663123	A>B	Santariškės–Šeškinė–Pilaitė	796	NULL	NULL	NULL	NULL	NULL	NULL	NULL	75	Autobusai	75	05		847	NULL	NULL	NULL
missed	663123	B>A	Pilaitė–Šeškinė–Santariškės	857	NULL	NULL	NULL	NULL	NULL	NULL	NULL	75	Autobusai	75	05		910	NULL	NULL	NULL
missed	663123	A>B	Santariškės–Šeškinė–Pilaitė	917	NULL	NULL	NULL	NULL	NULL	NULL	NULL	75	Autobusai	75	05		970	NULL	NULL	NULL
missed	663123	B>A	Pilaitė–Šeškinė–Santariškės	982	NULL	NULL	NULL	NULL	NULL	NULL	NULL	75	Autobusai	75	05		1036	NULL	NULL	NULL
missed	663123	A>B	Santariškės–Šeškinė–Pilaitė	1057	NULL	NULL	NULL	NULL	NULL	NULL	NULL	75	Autobusai	75	05		1111	NULL	NULL	NULL
missed	663123	B>A	Pilaitė–Šeškinė–Santariškės	1154	NULL	NULL	NULL	NULL	NULL	NULL	NULL	75	Autobusai	75	05		1207	NULL	NULL	NULL
missed	663123	A>B	Santariškės–Šeškinė–Pilaitė	1212	NULL	NULL	NULL	NULL	NULL	NULL	NULL	75	Autobusai	75	05		1261	NULL	NULL	NULL
missed	663123	B>A	Pilaitė–Šeškinė–Santariškės	1270	NULL	NULL	NULL	NULL	NULL	NULL	NULL	75	Autobusai	75	05		1320	NULL	NULL	NULL
missed	663123	A>B	Santariškės–Šeškinė–Pilaitė	1325	NULL	NULL	NULL	NULL	NULL	NULL	NULL	75	Autobusai	75	05		1374	NULL	NULL	NULL
missed	663272	B>A	Bireliai–Sakališkės–Balsių g.–Ateities st.	343	NULL	NULL	NULL	NULL	NULL	NULL	NULL	76	Autobusai	76	01		381	NULL	NULL	NULL
missed	663272	A>B	Ateities–Balsių g.–Sakališkės-Bireliai	390	NULL	NULL	NULL	NULL	NULL	NULL	NULL	76	Autobusai	76	01		427	NULL	NULL	NULL
missed	663272	B>A	Bireliai–Sakališkės–Balsių g.–Ateities st.	434	NULL	NULL	NULL	NULL	NULL	NULL	NULL	76	Autobusai	76	01		472	NULL	NULL	NULL
missed	663272	A>B	Ateities–Balsių g.–Sakališkės-Bireliai	475	NULL	NULL	NULL	NULL	NULL	NULL	NULL	76	Autobusai	76	01		512	NULL	NULL	NULL
missed	663272	B>A	Bireliai–Sakališkės–Balsių g.–Ateities st.	517	NULL	NULL	NULL	NULL	NULL	NULL	NULL	76	Autobusai	76	01		555	NULL	NULL	NULL
missed	663272	A>B	Ateities–Balsių g.–Sakališkės-Bireliai	563	NULL	NULL	NULL	NULL	NULL	NULL	NULL	76	Autobusai	76	01		600	NULL	NULL	NULL
missed	663272	B>A	Bireliai–Sakališkės–Balsių g.–Ateities st.	605	NULL	NULL	NULL	NULL	NULL	NULL	NULL	76	Autobusai	76	01		643	NULL	NULL	NULL
missed	663272	A>B	Ateities–Balsių g.–Sakališkės-Bireliai	673	NULL	NULL	NULL	NULL	NULL	NULL	NULL	76	Autobusai	76	01		710	NULL	NULL	NULL
missed	663272	B>A	Bireliai–Sakališkės–Balsių g.–Ateities st.	715	NULL	NULL	NULL	NULL	NULL	NULL	NULL	76	Autobusai	76	01		753	NULL	NULL	NULL
missed	663272	A>B	Ateities–Balsių g.–Sakališkės-Bireliai	765	NULL	NULL	NULL	NULL	NULL	NULL	NULL	76	Autobusai	76	01		802	NULL	NULL	NULL
missed	663272	B>A	Bireliai–Sakališkės–Balsių g.–Ateities st.	821	NULL	NULL	NULL	NULL	NULL	NULL	NULL	76	Autobusai	76	01		859	NULL	NULL	NULL
missed	663272	A>B	Ateities–Balsių g.–Sakališkės-Bireliai	873	NULL	NULL	NULL	NULL	NULL	NULL	NULL	76	Autobusai	76	01		910	NULL	NULL	NULL
missed	663272	B>A	Bireliai–Sakališkės–Balsių g.–Ateities st.	918	NULL	NULL	NULL	NULL	NULL	NULL	NULL	76	Autobusai	76	01		956	NULL	NULL	NULL
missed	663272	A>B	Ateities–Balsių g.–Sakališkės-Bireliai	968	NULL	NULL	NULL	NULL	NULL	NULL	NULL	76	Autobusai	76	01		1005	NULL	NULL	NULL
missed	663272	B>A	Bireliai–Sakališkės–Balsių g.–Ateities st.	1010	NULL	NULL	NULL	NULL	NULL	NULL	NULL	76	Autobusai	76	01		1048	NULL	NULL	NULL
missed	663272	A>B	Ateities–Balsių g.–Sakališkės-Bireliai	1056	NULL	NULL	NULL	NULL	NULL	NULL	NULL	76	Autobusai	76	01		1093	NULL	NULL	NULL
missed	663272	B>A	Bireliai–Sakališkės–Balsių g.–Ateities st.	1098	NULL	NULL	NULL	NULL	NULL	NULL	NULL	76	Autobusai	76	01		1136	NULL	NULL	NULL
missed	663272	A>B	Ateities–Balsių g.–Sakališkės-Bireliai	1166	NULL	NULL	NULL	NULL	NULL	NULL	NULL	76	Autobusai	76	01		1203	NULL	NULL	NULL
missed	663272	B>A	Bireliai–Sakališkės–Balsių g.–Ateities st.	1209	NULL	NULL	NULL	NULL	NULL	NULL	NULL	76	Autobusai	76	01		1247	NULL	NULL	NULL
missed	663272	A>B	Ateities–Balsių g.–Sakališkės-Bireliai	1252	NULL	NULL	NULL	NULL	NULL	NULL	NULL	76	Autobusai	76	01		1289	NULL	NULL	NULL
missed	663272	B>A	Bireliai–Sakališkės–Balsių g.–Ateities st.	1293	NULL	NULL	NULL	NULL	NULL	NULL	NULL	76	Autobusai	76	01		1331	NULL	NULL	NULL
missed	663272	A>B	Ateities–Balsių g.–Sakališkės-Bireliai	1337	NULL	NULL	NULL	NULL	NULL	NULL	NULL	76	Autobusai	76	01		1374	NULL	NULL	NULL
missed	663272	B>A	Bireliai–Sakališkės–Balsių g.–Ateities st.	1379	NULL	NULL	NULL	NULL	NULL	NULL	NULL	76	Autobusai	76	01		1417	NULL	NULL	NULL
missed	663273	A>B	Ateities–Balsių g.–Sakališkės-Bireliai	350	NULL	NULL	NULL	NULL	NULL	NULL	NULL	76	Autobusai	76	02		387	NULL	NULL	NULL
missed	663273	B>A	Bireliai–Sakališkės–Balsių g.–Ateities st.	392	NULL	NULL	NULL	NULL	NULL	NULL	NULL	76	Autobusai	76	02		430	NULL	NULL	NULL
missed	663273	A>B	Ateities–Balsių g.–Sakališkės-Bireliai	444	NULL	NULL	NULL	NULL	NULL	NULL	NULL	76	Autobusai	76	02		481	NULL	NULL	NULL
missed	663273	B>A	Bireliai–Sakališkės–Balsių g.–Ateities st.	486	NULL	NULL	NULL	NULL	NULL	NULL	NULL	76	Autobusai	76	02		524	NULL	NULL	NULL
missed	663273	A>B	Ateities–Balsių g.–Sakališkės-Bireliai	529	NULL	NULL	NULL	NULL	NULL	NULL	NULL	76	Autobusai	76	02		566	NULL	NULL	NULL
missed	663273	B>A	Bireliai–Sakališkės–Balsių g.–Ateities st.	572	NULL	NULL	NULL	NULL	NULL	NULL	NULL	76	Autobusai	76	02		610	NULL	NULL	NULL
missed	663273	A>B	Ateities–Balsių g.–Sakališkės-Bireliai	640	NULL	NULL	NULL	NULL	NULL	NULL	NULL	76	Autobusai	76	02		677	NULL	NULL	NULL
missed	663273	B>A	Bireliai–Sakališkės–Balsių g.–Ateities st.	682	NULL	NULL	NULL	NULL	NULL	NULL	NULL	76	Autobusai	76	02		720	NULL	NULL	NULL
missed	663273	A>B	Ateities–Balsių g.–Sakališkės-Bireliai	724	NULL	NULL	NULL	NULL	NULL	NULL	NULL	76	Autobusai	76	02		761	NULL	NULL	NULL
missed	663273	B>A	Bireliai–Sakališkės–Balsių g.–Ateities st.	766	NULL	NULL	NULL	NULL	NULL	NULL	NULL	76	Autobusai	76	02		804	NULL	NULL	NULL
missed	663273	A>B	Ateities–Balsių g.–Sakališkės-Bireliai	820	NULL	NULL	NULL	NULL	NULL	NULL	NULL	76	Autobusai	76	02		857	NULL	NULL	NULL
missed	663273	B>A	Bireliai–Sakališkės–Balsių g.–Ateities st.	881	NULL	NULL	NULL	NULL	NULL	NULL	NULL	76	Autobusai	76	02		919	NULL	NULL	NULL
missed	663273	A>B	Ateities–Balsių g.–Sakališkės-Bireliai	933	NULL	NULL	NULL	NULL	NULL	NULL	NULL	76	Autobusai	76	02		970	NULL	NULL	NULL
missed	663273	B>A	Bireliai–Sakališkės–Balsių g.–Ateities st.	975	NULL	NULL	NULL	NULL	NULL	NULL	NULL	76	Autobusai	76	02		1013	NULL	NULL	NULL
missed	663273	A>B	Ateities–Balsių g.–Sakališkės-Bireliai	1019	NULL	NULL	NULL	NULL	NULL	NULL	NULL	76	Autobusai	76	02		1056	NULL	NULL	NULL
missed	663273	B>A	Bireliai–Sakališkės–Balsių g.–Ateities st.	1064	NULL	NULL	NULL	NULL	NULL	NULL	NULL	76	Autobusai	76	02		1102	NULL	NULL	NULL
missed	663273	A>B	Ateities–Balsių g.–Sakališkės-Bireliai	1106	NULL	NULL	NULL	NULL	NULL	NULL	NULL	76	Autobusai	76	02		1143	NULL	NULL	NULL
missed	663273	B>A	Bireliai–Sakališkės–Balsių g.–Ateities st.	1148	NULL	NULL	NULL	NULL	NULL	NULL	NULL	76	Autobusai	76	02		1186	NULL	NULL	NULL
missed	663273	A>B	Ateities–Balsių g.–Sakališkės-Bireliai	1216	NULL	NULL	NULL	NULL	NULL	NULL	NULL	76	Autobusai	76	02		1252	NULL	NULL	NULL
missed	663273	B>A	Bireliai–Sakališkės–Balsių g.–Ateities st.	1260	NULL	NULL	NULL	NULL	NULL	NULL	NULL	76	Autobusai	76	02		1298	NULL	NULL	NULL
missed	663273	A>B	Ateities–Balsių g.–Sakališkės-Bireliai	1303	NULL	NULL	NULL	NULL	NULL	NULL	NULL	76	Autobusai	76	02		1339	NULL	NULL	NULL
missed	663273	B>A	Bireliai–Sakališkės–Balsių g.–Ateities st.	1344	NULL	NULL	NULL	NULL	NULL	NULL	NULL	76	Autobusai	76	02		1382	NULL	NULL	NULL
missed	615003	A>B	Stotis–Eišiškių pl.–Pagiriai	315	NULL	NULL	NULL	NULL	NULL	NULL	NULL	78	Autobusai	78	01		349	NULL	NULL	NULL
missed	615003	B>A	Pagiriai–Eišiškių pl.–Stotis	355	NULL	NULL	NULL	NULL	NULL	NULL	NULL	78	Autobusai	78	01		391	NULL	NULL	NULL
missed	615003	A>B	Stotis–Eišiškių pl.–Pagiriai	399	NULL	NULL	NULL	NULL	NULL	NULL	NULL	78	Autobusai	78	01		435	NULL	NULL	NULL
missed	615003	B>A	Pagiriai–Eišiškių pl.–Stotis	440	NULL	NULL	NULL	NULL	NULL	NULL	NULL	78	Autobusai	78	01		476	NULL	NULL	NULL
missed	615003	A>B	Stotis–Eišiškių pl.–Pagiriai	481	NULL	NULL	NULL	NULL	NULL	NULL	NULL	78	Autobusai	78	01		515	NULL	NULL	NULL
missed	615003	B>A	Pagiriai–Eišiškių pl.–Stotis	524	NULL	NULL	NULL	NULL	NULL	NULL	NULL	78	Autobusai	78	01		558	NULL	NULL	NULL
missed	615003	A>B	Stotis–Eišiškių pl.–Pagiriai	591	NULL	NULL	NULL	NULL	NULL	NULL	NULL	78	Autobusai	78	01		625	NULL	NULL	NULL
missed	615003	B>A	Pagiriai–Eišiškių pl.–Stotis	631	NULL	NULL	NULL	NULL	NULL	NULL	NULL	78	Autobusai	78	01		665	NULL	NULL	NULL
missed	615003	A>B	Stotis–Eišiškių pl.–Pagiriai	670	NULL	NULL	NULL	NULL	NULL	NULL	NULL	78	Autobusai	78	01		704	NULL	NULL	NULL
missed	615003	B>A	Pagiriai–Eišiškių pl.–Stotis	709	NULL	NULL	NULL	NULL	NULL	NULL	NULL	78	Autobusai	78	01		743	NULL	NULL	NULL
missed	615003	A>B	Stotis–Eišiškių pl.–Pagiriai	748	NULL	NULL	NULL	NULL	NULL	NULL	NULL	78	Autobusai	78	01		782	NULL	NULL	NULL
missed	615003	B>A	Pagiriai–Eišiškių pl.–Stotis	787	NULL	NULL	NULL	NULL	NULL	NULL	NULL	78	Autobusai	78	01		821	NULL	NULL	NULL
missed	615003	A>B	Stotis–Eišiškių pl.–Pagiriai	833	NULL	NULL	NULL	NULL	NULL	NULL	NULL	78	Autobusai	78	01		867	NULL	NULL	NULL
missed	615003	B>A	Pagiriai–Eišiškių pl.–Stotis	872	NULL	NULL	NULL	NULL	NULL	NULL	NULL	78	Autobusai	78	01		908	NULL	NULL	NULL
missed	615003	A>B	Stotis–Eišiškių pl.–Pagiriai	922	NULL	NULL	NULL	NULL	NULL	NULL	NULL	78	Autobusai	78	01		958	NULL	NULL	NULL
missed	615003	B>A	Pagiriai–Eišiškių pl.–Stotis	965	NULL	NULL	NULL	NULL	NULL	NULL	NULL	78	Autobusai	78	01		1001	NULL	NULL	NULL
missed	615003	A>B	Stotis–Eišiškių pl.–Pagiriai	1012	NULL	NULL	NULL	NULL	NULL	NULL	NULL	78	Autobusai	78	01		1048	NULL	NULL	NULL
missed	615003	B>A	Pagiriai–Eišiškių pl.–Stotis	1053	NULL	NULL	NULL	NULL	NULL	NULL	NULL	78	Autobusai	78	01		1089	NULL	NULL	NULL
missed	615003	A>B	Stotis–Eišiškių pl.–Pagiriai	1136	NULL	NULL	NULL	NULL	NULL	NULL	NULL	78	Autobusai	78	01		1172	NULL	NULL	NULL
missed	615003	B>A	Pagiriai–Eišiškių pl.–Stotis	1180	NULL	NULL	NULL	NULL	NULL	NULL	NULL	78	Autobusai	78	01		1214	NULL	NULL	NULL
missed	615003	A>B	Stotis–Eišiškių pl.–Pagiriai	1219	NULL	NULL	NULL	NULL	NULL	NULL	NULL	78	Autobusai	78	01		1253	NULL	NULL	NULL
missed	615003	B>A	Pagiriai–Eišiškių pl.–Stotis	1261	NULL	NULL	NULL	NULL	NULL	NULL	NULL	78	Autobusai	78	01		1295	NULL	NULL	NULL
missed	615003	A>B	Stotis–Eišiškių pl.–Pagiriai	1305	NULL	NULL	NULL	NULL	NULL	NULL	NULL	78	Autobusai	78	01		1339	NULL	NULL	NULL
missed	615003	B>A	Pagiriai–Eišiškių pl.–Stotis	1345	NULL	NULL	NULL	NULL	NULL	NULL	NULL	78	Autobusai	78	01		1379	NULL	NULL	NULL
missed	615002	A>B	Stotis–Eišiškių pl.–Pagiriai	368	NULL	NULL	NULL	NULL	NULL	NULL	NULL	78	Autobusai	78	02		404	NULL	NULL	NULL
missed	615002	B>A	Pagiriai–Eišiškių pl.–Stotis	412	NULL	NULL	NULL	NULL	NULL	NULL	NULL	78	Autobusai	78	02		448	NULL	NULL	NULL
missed	615002	A>B	Stotis–Eišiškių pl.–Pagiriai	453	NULL	NULL	NULL	NULL	NULL	NULL	NULL	78	Autobusai	78	02		489	NULL	NULL	NULL
missed	615002	B>A	Pagiriai–Eišiškių pl.–Stotis	497	NULL	NULL	NULL	NULL	NULL	NULL	NULL	78	Autobusai	78	02		531	NULL	NULL	NULL
missed	615002	A>B	Stotis–Eišiškių pl.–Pagiriai	539	NULL	NULL	NULL	NULL	NULL	NULL	NULL	78	Autobusai	78	02		573	NULL	NULL	NULL
missed	615002	B>A	Pagiriai–Eišiškių pl.–Stotis	588	NULL	NULL	NULL	NULL	NULL	NULL	NULL	78	Autobusai	78	02		622	NULL	NULL	NULL
missed	615002	A>B	Stotis–Eišiškių pl.–Pagiriai	957	NULL	NULL	NULL	NULL	NULL	NULL	NULL	78	Autobusai	78	02		993	NULL	NULL	NULL
missed	615002	B>A	Pagiriai–Eišiškių pl.–Stotis	1001	NULL	NULL	NULL	NULL	NULL	NULL	NULL	78	Autobusai	78	02		1037	NULL	NULL	NULL
missed	615002	A>B	Stotis–Eišiškių pl.–Pagiriai	1058	NULL	NULL	NULL	NULL	NULL	NULL	NULL	78	Autobusai	78	02		1094	NULL	NULL	NULL
missed	615002	B>A	Pagiriai–Eišiškių pl.–Stotis	1102	NULL	NULL	NULL	NULL	NULL	NULL	NULL	78	Autobusai	78	02		1138	NULL	NULL	NULL
missed	615004	A>B	Stotis–Eišiškių pl.–Pagiriai	333	NULL	NULL	NULL	NULL	NULL	NULL	NULL	78	Autobusai	78	03		367	NULL	NULL	NULL
missed	615004	B>A	Pagiriai–Eišiškių pl.–Stotis	375	NULL	NULL	NULL	NULL	NULL	NULL	NULL	78	Autobusai	78	03		411	NULL	NULL	NULL
missed	615004	A>B	Stotis–Eišiškių pl.–Pagiriai	417	NULL	NULL	NULL	NULL	NULL	NULL	NULL	78	Autobusai	78	03		453	NULL	NULL	NULL
missed	615004	B>A	Pagiriai–Eišiškių pl.–Stotis	458	NULL	NULL	NULL	NULL	NULL	NULL	NULL	78	Autobusai	78	03		492	NULL	NULL	NULL
missed	615004	A>B	Stotis–Eišiškių pl.–Pagiriai	508	NULL	NULL	NULL	NULL	NULL	NULL	NULL	78	Autobusai	78	03		542	NULL	NULL	NULL
missed	615004	B>A	Pagiriai–Eišiškių pl.–Stotis	555	NULL	NULL	NULL	NULL	NULL	NULL	NULL	78	Autobusai	78	03		589	NULL	NULL	NULL
missed	615004	A>B	Stotis–Eišiškių pl.–Pagiriai	630	NULL	NULL	NULL	NULL	NULL	NULL	NULL	78	Autobusai	78	03		664	NULL	NULL	NULL
missed	615004	B>A	Pagiriai–Eišiškių pl.–Stotis	671	NULL	NULL	NULL	NULL	NULL	NULL	NULL	78	Autobusai	78	03		705	NULL	NULL	NULL
missed	615004	A>B	Stotis–Eišiškių pl.–Pagiriai	711	NULL	NULL	NULL	NULL	NULL	NULL	NULL	78	Autobusai	78	03		745	NULL	NULL	NULL
missed	615004	B>A	Pagiriai–Eišiškių pl.–Stotis	753	NULL	NULL	NULL	NULL	NULL	NULL	NULL	78	Autobusai	78	03		787	NULL	NULL	NULL
missed	615004	A>B	Stotis–Eišiškių pl.–Pagiriai	798	NULL	NULL	NULL	NULL	NULL	NULL	NULL	78	Autobusai	78	03		832	NULL	NULL	NULL
missed	615004	B>A	Pagiriai–Eišiškių pl.–Stotis	841	NULL	NULL	NULL	NULL	NULL	NULL	NULL	78	Autobusai	78	03		875	NULL	NULL	NULL
missed	615004	A>B	Stotis–Eišiškių pl.–Pagiriai	885	NULL	NULL	NULL	NULL	NULL	NULL	NULL	78	Autobusai	78	03		921	NULL	NULL	NULL
missed	615004	B>A	Pagiriai–Eišiškių pl.–Stotis	930	NULL	NULL	NULL	NULL	NULL	NULL	NULL	78	Autobusai	78	03		966	NULL	NULL	NULL
missed	615004	A>B	Stotis–Eišiškių pl.–Pagiriai	984	NULL	NULL	NULL	NULL	NULL	NULL	NULL	78	Autobusai	78	03		1020	NULL	NULL	NULL
missed	615004	B>A	Pagiriai–Eišiškių pl.–Stotis	1025	NULL	NULL	NULL	NULL	NULL	NULL	NULL	78	Autobusai	78	03		1061	NULL	NULL	NULL
missed	615004	A>B	Stotis–Eišiškių pl.–Pagiriai	1094	NULL	NULL	NULL	NULL	NULL	NULL	NULL	78	Autobusai	78	03		1130	NULL	NULL	NULL
missed	615004	B>A	Pagiriai–Eišiškių pl.–Stotis	1138	NULL	NULL	NULL	NULL	NULL	NULL	NULL	78	Autobusai	78	03		1174	NULL	NULL	NULL
missed	615004	A>B	Stotis–Eišiškių pl.–Pagiriai	1179	NULL	NULL	NULL	NULL	NULL	NULL	NULL	78	Autobusai	78	03		1215	NULL	NULL	NULL
missed	615004	B>A	Pagiriai–Eišiškių pl.–Stotis	1227	NULL	NULL	NULL	NULL	NULL	NULL	NULL	78	Autobusai	78	03		1261	NULL	NULL	NULL
missed	615004	A>B	Stotis–Eišiškių pl.–Pagiriai	1267	NULL	NULL	NULL	NULL	NULL	NULL	NULL	78	Autobusai	78	03		1301	NULL	NULL	NULL
missed	615004	B>A	Pagiriai–Eišiškių pl.–Stotis	1310	NULL	NULL	NULL	NULL	NULL	NULL	NULL	78	Autobusai	78	03		1344	NULL	NULL	NULL
missed	615004	A>B	Stotis–Eišiškių pl.–Pagiriai	1350	NULL	NULL	NULL	NULL	NULL	NULL	NULL	78	Autobusai	78	03		1384	NULL	NULL	NULL
missed	615004	B>A	Pagiriai–Eišiškių pl.–Stotis	1389	NULL	NULL	NULL	NULL	NULL	NULL	NULL	78	Autobusai	78	03		1420	NULL	NULL	NULL
missed	260301	B>A	Vaidotai–Aukštieji Paneriai–Žemieji Paneriai	332	NULL	NULL	NULL	NULL	NULL	NULL	NULL	8	Autobusai	8	01		359	NULL	NULL	NULL
missed	260301	A>B2	Žemieji Paneriai–Aukštieji Paneriai(Granito g.)–A.V.Graičiūno g.–Vaidotai	363	NULL	NULL	NULL	NULL	NULL	NULL	NULL	8	Autobusai	8	01		408	NULL	NULL	NULL
missed	260301	B>A	Vaidotai–Aukštieji Paneriai–Žemieji Paneriai	411	NULL	NULL	NULL	NULL	NULL	NULL	NULL	8	Autobusai	8	01		438	NULL	NULL	NULL
missed	260301	A>B	Žemieji Paneriai–Aukštieji Paneriai–Vaidotai	460	NULL	NULL	NULL	NULL	NULL	NULL	NULL	8	Autobusai	8	01		489	NULL	NULL	NULL
missed	260301	B>A	Vaidotai–Aukštieji Paneriai–Žemieji Paneriai	500	NULL	NULL	NULL	NULL	NULL	NULL	NULL	8	Autobusai	8	01		527	NULL	NULL	NULL
missed	260301	A>B	Žemieji Paneriai–Aukštieji Paneriai–Vaidotai	563	NULL	NULL	NULL	NULL	NULL	NULL	NULL	8	Autobusai	8	01		592	NULL	NULL	NULL
missed	260301	B>A	Vaidotai–Aukštieji Paneriai–Žemieji Paneriai	598	NULL	NULL	NULL	NULL	NULL	NULL	NULL	8	Autobusai	8	01		625	NULL	NULL	NULL
missed	260301	A>B	Žemieji Paneriai–Aukštieji Paneriai–Vaidotai	630	NULL	NULL	NULL	NULL	NULL	NULL	NULL	8	Autobusai	8	01		659	NULL	NULL	NULL
missed	260301	B>A	Vaidotai–Aukštieji Paneriai–Žemieji Paneriai	665	NULL	NULL	NULL	NULL	NULL	NULL	NULL	8	Autobusai	8	01		692	NULL	NULL	NULL
missed	260301	A>B	Žemieji Paneriai–Aukštieji Paneriai–Vaidotai	705	NULL	NULL	NULL	NULL	NULL	NULL	NULL	8	Autobusai	8	01		734	NULL	NULL	NULL
missed	260301	B>A	Vaidotai–Aukštieji Paneriai–Žemieji Paneriai	740	NULL	NULL	NULL	NULL	NULL	NULL	NULL	8	Autobusai	8	01		767	NULL	NULL	NULL
missed	260301	A>B	Žemieji Paneriai–Aukštieji Paneriai–Vaidotai	774	NULL	NULL	NULL	NULL	NULL	NULL	NULL	8	Autobusai	8	01		803	NULL	NULL	NULL
missed	260301	B>A	Vaidotai–Aukštieji Paneriai–Žemieji Paneriai	809	NULL	NULL	NULL	NULL	NULL	NULL	NULL	8	Autobusai	8	01		836	NULL	NULL	NULL
missed	260301	A>B	Žemieji Paneriai–Aukštieji Paneriai–Vaidotai	846	NULL	NULL	NULL	NULL	NULL	NULL	NULL	8	Autobusai	8	01		875	NULL	NULL	NULL
missed	260301	B>A	Vaidotai–Aukštieji Paneriai–Žemieji Paneriai	881	NULL	NULL	NULL	NULL	NULL	NULL	NULL	8	Autobusai	8	01		908	NULL	NULL	NULL
missed	260301	A>B	Žemieji Paneriai–Aukštieji Paneriai–Vaidotai	913	NULL	NULL	NULL	NULL	NULL	NULL	NULL	8	Autobusai	8	01		942	NULL	NULL	NULL
missed	260301	B1>A1	Vaidotai–Aukštieji Paneriai(Granito g.)–Žemieji Paneriai	947	NULL	NULL	NULL	NULL	NULL	NULL	NULL	8	Autobusai	8	01		979	NULL	NULL	NULL
missed	260301	A>B	Žemieji Paneriai–Aukštieji Paneriai–Vaidotai	984	NULL	NULL	NULL	NULL	NULL	NULL	NULL	8	Autobusai	8	01		1013	NULL	NULL	NULL
missed	260301	B1>A1	Vaidotai–Aukštieji Paneriai(Granito g.)–Žemieji Paneriai	1027	NULL	NULL	NULL	NULL	NULL	NULL	NULL	8	Autobusai	8	01		1059	NULL	NULL	NULL
missed	260301	A>B	Žemieji Paneriai–Aukštieji Paneriai–Vaidotai	1067	NULL	NULL	NULL	NULL	NULL	NULL	NULL	8	Autobusai	8	01		1096	NULL	NULL	NULL
missed	260301	B1>A1	Vaidotai–Aukštieji Paneriai(Granito g.)–Žemieji Paneriai	1102	NULL	NULL	NULL	NULL	NULL	NULL	NULL	8	Autobusai	8	01		1134	NULL	NULL	NULL
missed	260301	A>B	Žemieji Paneriai–Aukštieji Paneriai–Vaidotai	1168	NULL	NULL	NULL	NULL	NULL	NULL	NULL	8	Autobusai	8	01		1197	NULL	NULL	NULL
missed	260301	B>A	Vaidotai–Aukštieji Paneriai–Žemieji Paneriai	1203	NULL	NULL	NULL	NULL	NULL	NULL	NULL	8	Autobusai	8	01		1230	NULL	NULL	NULL
missed	260301	A>B	Žemieji Paneriai–Aukštieji Paneriai–Vaidotai	1241	NULL	NULL	NULL	NULL	NULL	NULL	NULL	8	Autobusai	8	01		1270	NULL	NULL	NULL
missed	260301	B>A	Vaidotai–Aukštieji Paneriai–Žemieji Paneriai	1276	NULL	NULL	NULL	NULL	NULL	NULL	NULL	8	Autobusai	8	01		1303	NULL	NULL	NULL
missed	260301	A>B	Žemieji Paneriai–Aukštieji Paneriai–Vaidotai	1310	NULL	NULL	NULL	NULL	NULL	NULL	NULL	8	Autobusai	8	01		1339	NULL	NULL	NULL
missed	260301	B>A	Vaidotai–Aukštieji Paneriai–Žemieji Paneriai	1345	NULL	NULL	NULL	NULL	NULL	NULL	NULL	8	Autobusai	8	01		1371	NULL	NULL	NULL
missed	260300	A>B2	Žemieji Paneriai–Aukštieji Paneriai(Granito g.)–A.V.Graičiūno g.–Vaidotai	328	NULL	NULL	NULL	NULL	NULL	NULL	NULL	8	Autobusai	8	02		373	NULL	NULL	NULL
missed	260300	B>A	Vaidotai–Aukštieji Paneriai–Žemieji Paneriai	379	NULL	NULL	NULL	NULL	NULL	NULL	NULL	8	Autobusai	8	02		406	NULL	NULL	NULL
missed	260300	A1>B1	Žemieji Paneriai–Aukštieji Paneriai(Granito g.)–Vaidotai	413	NULL	NULL	NULL	NULL	NULL	NULL	NULL	8	Autobusai	8	02		448	NULL	NULL	NULL
missed	260300	B>A	Vaidotai–Aukštieji Paneriai–Žemieji Paneriai	455	NULL	NULL	NULL	NULL	NULL	NULL	NULL	8	Autobusai	8	02		482	NULL	NULL	NULL
missed	260300	A>B	Žemieji Paneriai–Aukštieji Paneriai–Vaidotai	499	NULL	NULL	NULL	NULL	NULL	NULL	NULL	8	Autobusai	8	02		528	NULL	NULL	NULL
missed	260300	B>A	Vaidotai–Aukštieji Paneriai–Žemieji Paneriai	538	NULL	NULL	NULL	NULL	NULL	NULL	NULL	8	Autobusai	8	02		565	NULL	NULL	NULL
missed	260300	A>B	Žemieji Paneriai–Aukštieji Paneriai–Vaidotai	946	NULL	NULL	NULL	NULL	NULL	NULL	NULL	8	Autobusai	8	02		975	NULL	NULL	NULL
missed	260300	B1>A1	Vaidotai–Aukštieji Paneriai(Granito g.)–Žemieji Paneriai	991	NULL	NULL	NULL	NULL	NULL	NULL	NULL	8	Autobusai	8	02		1023	NULL	NULL	NULL
missed	260300	A>B	Žemieji Paneriai–Aukštieji Paneriai–Vaidotai	1032	NULL	NULL	NULL	NULL	NULL	NULL	NULL	8	Autobusai	8	02		1061	NULL	NULL	NULL
missed	260300	B1>A1	Vaidotai–Aukštieji Paneriai(Granito g.)–Žemieji Paneriai	1067	NULL	NULL	NULL	NULL	NULL	NULL	NULL	8	Autobusai	8	02		1099	NULL	NULL	NULL
missed	260300	A>B	Žemieji Paneriai–Aukštieji Paneriai–Vaidotai	1112	NULL	NULL	NULL	NULL	NULL	NULL	NULL	8	Autobusai	8	02		1141	NULL	NULL	NULL
missed	260300	B>A	Vaidotai–Aukštieji Paneriai–Žemieji Paneriai	1147	NULL	NULL	NULL	NULL	NULL	NULL	NULL	8	Autobusai	8	02		1173	NULL	NULL	NULL
missed	567620	A>B	Stotis–Salininkai–Miškiniai–Juodšiliai	309	NULL	NULL	NULL	NULL	NULL	NULL	NULL	82	Autobusai	82	01		345	NULL	NULL	NULL
missed	567620	B>A	Juodšiliai–Avinėlių g.–Stotis	346	NULL	NULL	NULL	NULL	NULL	NULL	NULL	82	Autobusai	82	01		373	NULL	NULL	NULL
missed	567620	A>B	Stotis–Salininkai–Miškiniai–Juodšiliai	383	NULL	NULL	NULL	NULL	NULL	NULL	NULL	82	Autobusai	82	01		419	NULL	NULL	NULL
missed	567620	B>A	Juodšiliai–Avinėlių g.–Stotis	420	NULL	NULL	NULL	NULL	NULL	NULL	NULL	82	Autobusai	82	01		447	NULL	NULL	NULL
missed	567620	A>B	Stotis–Salininkai–Miškiniai–Juodšiliai	455	NULL	NULL	NULL	NULL	NULL	NULL	NULL	82	Autobusai	82	01		491	NULL	NULL	NULL
missed	567620	B>A	Juodšiliai–Avinėlių g.–Stotis	492	NULL	NULL	NULL	NULL	NULL	NULL	NULL	82	Autobusai	82	01		519	NULL	NULL	NULL
missed	567620	A>B	Stotis–Salininkai–Miškiniai–Juodšiliai	554	NULL	NULL	NULL	NULL	NULL	NULL	NULL	82	Autobusai	82	01		590	NULL	NULL	NULL
missed	567620	B>A	Juodšiliai–Avinėlių g.–Stotis	591	NULL	NULL	NULL	NULL	NULL	NULL	NULL	82	Autobusai	82	01		618	NULL	NULL	NULL
missed	567620	A>B	Stotis–Salininkai–Miškiniai–Juodšiliai	629	NULL	NULL	NULL	NULL	NULL	NULL	NULL	82	Autobusai	82	01		665	NULL	NULL	NULL
missed	567620	B>A	Juodšiliai–Avinėlių g.–Stotis	666	NULL	NULL	NULL	NULL	NULL	NULL	NULL	82	Autobusai	82	01		693	NULL	NULL	NULL
missed	567620	A>B	Stotis–Salininkai–Miškiniai–Juodšiliai	704	NULL	NULL	NULL	NULL	NULL	NULL	NULL	82	Autobusai	82	01		740	NULL	NULL	NULL
missed	567620	B>A	Juodšiliai–Avinėlių g.–Stotis	741	NULL	NULL	NULL	NULL	NULL	NULL	NULL	82	Autobusai	82	01		768	NULL	NULL	NULL
missed	567620	A>B	Stotis–Salininkai–Miškiniai–Juodšiliai	776	NULL	NULL	NULL	NULL	NULL	NULL	NULL	82	Autobusai	82	01		812	NULL	NULL	NULL
missed	567620	B>A	Juodšiliai–Avinėlių g.–Stotis	813	NULL	NULL	NULL	NULL	NULL	NULL	NULL	82	Autobusai	82	01		840	NULL	NULL	NULL
missed	567620	A>B	Stotis–Salininkai–Miškiniai–Juodšiliai	852	NULL	NULL	NULL	NULL	NULL	NULL	NULL	82	Autobusai	82	01		888	NULL	NULL	NULL
missed	567620	B>A	Juodšiliai–Avinėlių g.–Stotis	889	NULL	NULL	NULL	NULL	NULL	NULL	NULL	82	Autobusai	82	01		916	NULL	NULL	NULL
missed	567620	A>B	Stotis–Salininkai–Miškiniai–Juodšiliai	926	NULL	NULL	NULL	NULL	NULL	NULL	NULL	82	Autobusai	82	01		962	NULL	NULL	NULL
missed	567620	B>A	Juodšiliai–Avinėlių g.–Stotis	963	NULL	NULL	NULL	NULL	NULL	NULL	NULL	82	Autobusai	82	01		990	NULL	NULL	NULL
missed	567620	A>B	Stotis–Salininkai–Miškiniai–Juodšiliai	1000	NULL	NULL	NULL	NULL	NULL	NULL	NULL	82	Autobusai	82	01		1036	NULL	NULL	NULL
missed	567620	B>A	Juodšiliai–Avinėlių g.–Stotis	1037	NULL	NULL	NULL	NULL	NULL	NULL	NULL	82	Autobusai	82	01		1064	NULL	NULL	NULL
missed	567620	A>B	Stotis–Salininkai–Miškiniai–Juodšiliai	1100	NULL	NULL	NULL	NULL	NULL	NULL	NULL	82	Autobusai	82	01		1136	NULL	NULL	NULL
missed	567620	B>A	Juodšiliai–Avinėlių g.–Stotis	1137	NULL	NULL	NULL	NULL	NULL	NULL	NULL	82	Autobusai	82	01		1164	NULL	NULL	NULL
missed	567620	A>B	Stotis–Salininkai–Miškiniai–Juodšiliai	1174	NULL	NULL	NULL	NULL	NULL	NULL	NULL	82	Autobusai	82	01		1210	NULL	NULL	NULL
missed	567620	B>A	Juodšiliai–Avinėlių g.–Stotis	1211	NULL	NULL	NULL	NULL	NULL	NULL	NULL	82	Autobusai	82	01		1238	NULL	NULL	NULL
missed	567620	A>B	Stotis–Salininkai–Miškiniai–Juodšiliai	1252	NULL	NULL	NULL	NULL	NULL	NULL	NULL	82	Autobusai	82	01		1288	NULL	NULL	NULL
missed	567620	B>A	Juodšiliai–Avinėlių g.–Stotis	1289	NULL	NULL	NULL	NULL	NULL	NULL	NULL	82	Autobusai	82	01		1316	NULL	NULL	NULL
missed	567620	A>B	Stotis–Salininkai–Miškiniai–Juodšiliai	1326	NULL	NULL	NULL	NULL	NULL	NULL	NULL	82	Autobusai	82	01		1362	NULL	NULL	NULL
missed	567620	B>A	Juodšiliai–Avinėlių g.–Stotis	1363	NULL	NULL	NULL	NULL	NULL	NULL	NULL	82	Autobusai	82	01		1390	NULL	NULL	NULL
missed	567621	A1>B1	Stotis–Avinėlių g.–Juodšiliai	344	NULL	NULL	NULL	NULL	NULL	NULL	NULL	82	Autobusai	82	02		367	NULL	NULL	NULL
missed	567621	B1>A1	Juodšiliai–Miškiniai–Salininkai–Stotis	368	NULL	NULL	NULL	NULL	NULL	NULL	NULL	82	Autobusai	82	02		408	NULL	NULL	NULL
missed	567621	A1>B1	Stotis–Avinėlių g.–Juodšiliai	415	NULL	NULL	NULL	NULL	NULL	NULL	NULL	82	Autobusai	82	02		438	NULL	NULL	NULL
missed	567621	B1>A1	Juodšiliai–Miškiniai–Salininkai–Stotis	439	NULL	NULL	NULL	NULL	NULL	NULL	NULL	82	Autobusai	82	02		479	NULL	NULL	NULL
missed	567621	A1>B1	Stotis–Avinėlių g.–Juodšiliai	497	NULL	NULL	NULL	NULL	NULL	NULL	NULL	82	Autobusai	82	02		520	NULL	NULL	NULL
missed	567621	B1>A1	Juodšiliai–Miškiniai–Salininkai–Stotis	521	NULL	NULL	NULL	NULL	NULL	NULL	NULL	82	Autobusai	82	02		561	NULL	NULL	NULL
missed	567621	A1>B1	Stotis–Avinėlių g.–Juodšiliai	601	NULL	NULL	NULL	NULL	NULL	NULL	NULL	82	Autobusai	82	02		624	NULL	NULL	NULL
missed	567621	B1>A1	Juodšiliai–Miškiniai–Salininkai–Stotis	625	NULL	NULL	NULL	NULL	NULL	NULL	NULL	82	Autobusai	82	02		665	NULL	NULL	NULL
missed	567621	A1>B1	Stotis–Avinėlių g.–Juodšiliai	674	NULL	NULL	NULL	NULL	NULL	NULL	NULL	82	Autobusai	82	02		697	NULL	NULL	NULL
missed	567621	B1>A1	Juodšiliai–Miškiniai–Salininkai–Stotis	698	NULL	NULL	NULL	NULL	NULL	NULL	NULL	82	Autobusai	82	02		738	NULL	NULL	NULL
missed	567621	A1>B1	Stotis–Avinėlių g.–Juodšiliai	745	NULL	NULL	NULL	NULL	NULL	NULL	NULL	82	Autobusai	82	02		768	NULL	NULL	NULL
missed	567621	B1>A1	Juodšiliai–Miškiniai–Salininkai–Stotis	769	NULL	NULL	NULL	NULL	NULL	NULL	NULL	82	Autobusai	82	02		809	NULL	NULL	NULL
missed	567621	A1>B1	Stotis–Avinėlių g.–Juodšiliai	818	NULL	NULL	NULL	NULL	NULL	NULL	NULL	82	Autobusai	82	02		841	NULL	NULL	NULL
missed	567621	B1>A1	Juodšiliai–Miškiniai–Salininkai–Stotis	842	NULL	NULL	NULL	NULL	NULL	NULL	NULL	82	Autobusai	82	02		882	NULL	NULL	NULL
missed	567621	A1>B1	Stotis–Avinėlių g.–Juodšiliai	890	NULL	NULL	NULL	NULL	NULL	NULL	NULL	82	Autobusai	82	02		913	NULL	NULL	NULL
missed	567621	B1>A1	Juodšiliai–Miškiniai–Salininkai–Stotis	914	NULL	NULL	NULL	NULL	NULL	NULL	NULL	82	Autobusai	82	02		954	NULL	NULL	NULL
missed	567621	A1>B1	Stotis–Avinėlių g.–Juodšiliai	966	NULL	NULL	NULL	NULL	NULL	NULL	NULL	82	Autobusai	82	02		989	NULL	NULL	NULL
missed	567621	B1>A1	Juodšiliai–Miškiniai–Salininkai–Stotis	990	NULL	NULL	NULL	NULL	NULL	NULL	NULL	82	Autobusai	82	02		1030	NULL	NULL	NULL
missed	567621	A1>B1	Stotis–Avinėlių g.–Juodšiliai	1040	NULL	NULL	NULL	NULL	NULL	NULL	NULL	82	Autobusai	82	02		1063	NULL	NULL	NULL
missed	567621	B1>A1	Juodšiliai–Miškiniai–Salininkai–Stotis	1064	NULL	NULL	NULL	NULL	NULL	NULL	NULL	82	Autobusai	82	02		1104	NULL	NULL	NULL
missed	567621	A1>B1	Stotis–Avinėlių g.–Juodšiliai	1137	NULL	NULL	NULL	NULL	NULL	NULL	NULL	82	Autobusai	82	02		1160	NULL	NULL	NULL
missed	567621	B1>A1	Juodšiliai–Miškiniai–Salininkai–Stotis	1161	NULL	NULL	NULL	NULL	NULL	NULL	NULL	82	Autobusai	82	02		1201	NULL	NULL	NULL
missed	567621	A1>B1	Stotis–Avinėlių g.–Juodšiliai	1208	NULL	NULL	NULL	NULL	NULL	NULL	NULL	82	Autobusai	82	02		1231	NULL	NULL	NULL
missed	567621	B1>A1	Juodšiliai–Miškiniai–Salininkai–Stotis	1232	NULL	NULL	NULL	NULL	NULL	NULL	NULL	82	Autobusai	82	02		1272	NULL	NULL	NULL
missed	567621	A1>B1	Stotis–Avinėlių g.–Juodšiliai	1282	NULL	NULL	NULL	NULL	NULL	NULL	NULL	82	Autobusai	82	02		1305	NULL	NULL	NULL
missed	567621	B1>A1	Juodšiliai–Miškiniai–Salininkai–Stotis	1306	NULL	NULL	NULL	NULL	NULL	NULL	NULL	82	Autobusai	82	02		1346	NULL	NULL	NULL
missed	663278	A>B	Ateities g.–Molėtų pl.–Riešė–Bendorėliai–Šeškinė	297	NULL	NULL	NULL	NULL	NULL	NULL	NULL	87	Autobusai	87	01		355	NULL	NULL	NULL
missed	663278	B>A	Šeškinė–Bendorėliai–Riešė–Molėtų pl.–Ateities g.	363	NULL	NULL	NULL	NULL	NULL	NULL	NULL	87	Autobusai	87	01		424	NULL	NULL	NULL
missed	663278	A>B	Ateities g.–Molėtų pl.–Riešė–Bendorėliai–Šeškinė	434	NULL	NULL	NULL	NULL	NULL	NULL	NULL	87	Autobusai	87	01		496	NULL	NULL	NULL
missed	663278	B>A	Šeškinė–Bendorėliai–Riešė–Molėtų pl.–Ateities g.	502	NULL	NULL	NULL	NULL	NULL	NULL	NULL	87	Autobusai	87	01		561	NULL	NULL	NULL
missed	663278	A>B	Ateities g.–Molėtų pl.–Riešė–Bendorėliai–Šeškinė	591	NULL	NULL	NULL	NULL	NULL	NULL	NULL	87	Autobusai	87	01		649	NULL	NULL	NULL
missed	663278	B>A	Šeškinė–Bendorėliai–Riešė–Molėtų pl.–Ateities g.	656	NULL	NULL	NULL	NULL	NULL	NULL	NULL	87	Autobusai	87	01		715	NULL	NULL	NULL
missed	663278	A>B	Ateities g.–Molėtų pl.–Riešė–Bendorėliai–Šeškinė	724	NULL	NULL	NULL	NULL	NULL	NULL	NULL	87	Autobusai	87	01		782	NULL	NULL	NULL
missed	663278	B>A	Šeškinė–Bendorėliai–Riešė–Molėtų pl.–Ateities g.	805	NULL	NULL	NULL	NULL	NULL	NULL	NULL	87	Autobusai	87	01		864	NULL	NULL	NULL
missed	663278	A>B	Ateities g.–Molėtų pl.–Riešė–Bendorėliai–Šeškinė	869	NULL	NULL	NULL	NULL	NULL	NULL	NULL	87	Autobusai	87	01		927	NULL	NULL	NULL
missed	663278	B>A	Šeškinė–Bendorėliai–Riešė–Molėtų pl.–Ateities g.	936	NULL	NULL	NULL	NULL	NULL	NULL	NULL	87	Autobusai	87	01		997	NULL	NULL	NULL
missed	663278	A>B	Ateities g.–Molėtų pl.–Riešė–Bendorėliai–Šeškinė	1002	NULL	NULL	NULL	NULL	NULL	NULL	NULL	87	Autobusai	87	01		1060	NULL	NULL	NULL
missed	663278	B>A	Šeškinė–Bendorėliai–Riešė–Molėtų pl.–Ateities g.	1066	NULL	NULL	NULL	NULL	NULL	NULL	NULL	87	Autobusai	87	01		1127	NULL	NULL	NULL
missed	663278	A>B	Ateities g.–Molėtų pl.–Riešė–Bendorėliai–Šeškinė	1160	NULL	NULL	NULL	NULL	NULL	NULL	NULL	87	Autobusai	87	01		1218	NULL	NULL	NULL
missed	663278	B>A	Šeškinė–Bendorėliai–Riešė–Molėtų pl.–Ateities g.	1228	NULL	NULL	NULL	NULL	NULL	NULL	NULL	87	Autobusai	87	01		1287	NULL	NULL	NULL
missed	663278	A>B	Ateities g.–Molėtų pl.–Riešė–Bendorėliai–Šeškinė	1317	NULL	NULL	NULL	NULL	NULL	NULL	NULL	87	Autobusai	87	01		1375	NULL	NULL	NULL
missed	663279	A>B	Ateities g.–Molėtų pl.–Riešė–Bendorėliai–Šeškinė	318	NULL	NULL	NULL	NULL	NULL	NULL	NULL	87	Autobusai	87	02		376	NULL	NULL	NULL
missed	663279	B>A	Šeškinė–Bendorėliai–Riešė–Molėtų pl.–Ateities g.	397	NULL	NULL	NULL	NULL	NULL	NULL	NULL	87	Autobusai	87	02		458	NULL	NULL	NULL
missed	663279	A>B	Ateities g.–Molėtų pl.–Riešė–Bendorėliai–Šeškinė	466	NULL	NULL	NULL	NULL	NULL	NULL	NULL	87	Autobusai	87	02		524	NULL	NULL	NULL
missed	663279	B>A	Šeškinė–Bendorėliai–Riešė–Molėtų pl.–Ateities g.	533	NULL	NULL	NULL	NULL	NULL	NULL	NULL	87	Autobusai	87	02		592	NULL	NULL	NULL
missed	663279	A>B	Ateities g.–Molėtų pl.–Riešė–Bendorėliai–Šeškinė	625	NULL	NULL	NULL	NULL	NULL	NULL	NULL	87	Autobusai	87	02		683	NULL	NULL	NULL
missed	663279	B>A	Šeškinė–Bendorėliai–Riešė–Molėtų pl.–Ateities g.	691	NULL	NULL	NULL	NULL	NULL	NULL	NULL	87	Autobusai	87	02		750	NULL	NULL	NULL
missed	663279	A>B	Ateities g.–Molėtų pl.–Riešė–Bendorėliai–Šeškinė	757	NULL	NULL	NULL	NULL	NULL	NULL	NULL	87	Autobusai	87	02		815	NULL	NULL	NULL
missed	663279	B>A	Šeškinė–Bendorėliai–Riešė–Molėtų pl.–Ateities g.	827	NULL	NULL	NULL	NULL	NULL	NULL	NULL	87	Autobusai	87	02		886	NULL	NULL	NULL
missed	663279	A>B	Ateities g.–Molėtų pl.–Riešė–Bendorėliai–Šeškinė	904	NULL	NULL	NULL	NULL	NULL	NULL	NULL	87	Autobusai	87	02		962	NULL	NULL	NULL
missed	663279	B>A	Šeškinė–Bendorėliai–Riešė–Molėtų pl.–Ateities g.	972	NULL	NULL	NULL	NULL	NULL	NULL	NULL	87	Autobusai	87	02		1033	NULL	NULL	NULL
missed	663279	A>B	Ateities g.–Molėtų pl.–Riešė–Bendorėliai–Šeškinė	1042	NULL	NULL	NULL	NULL	NULL	NULL	NULL	87	Autobusai	87	02		1100	NULL	NULL	NULL
missed	663279	B>A	Šeškinė–Bendorėliai–Riešė–Molėtų pl.–Ateities g.	1105	NULL	NULL	NULL	NULL	NULL	NULL	NULL	87	Autobusai	87	02		1166	NULL	NULL	NULL
missed	663279	A>B	Ateities g.–Molėtų pl.–Riešė–Bendorėliai–Šeškinė	1196	NULL	NULL	NULL	NULL	NULL	NULL	NULL	87	Autobusai	87	02		1254	NULL	NULL	NULL
missed	663279	B>A	Šeškinė–Bendorėliai–Riešė–Molėtų pl.–Ateities g.	1259	NULL	NULL	NULL	NULL	NULL	NULL	NULL	87	Autobusai	87	02		1318	NULL	NULL	NULL
missed	663279	A>B	Ateities g.–Molėtų pl.–Riešė–Bendorėliai–Šeškinė	1348	NULL	NULL	NULL	NULL	NULL	NULL	NULL	87	Autobusai	87	02		1406	NULL	NULL	NULL
missed	663280	B>A	Šeškinė–Bendorėliai–Riešė–Molėtų pl.–Ateities g.	300	NULL	NULL	NULL	NULL	NULL	NULL	NULL	87	Autobusai	87	03		359	NULL	NULL	NULL
missed	663280	A>B	Ateities g.–Molėtų pl.–Riešė–Bendorėliai–Šeškinė	364	NULL	NULL	NULL	NULL	NULL	NULL	NULL	87	Autobusai	87	03		422	NULL	NULL	NULL
missed	663280	B>A	Šeškinė–Bendorėliai–Riešė–Molėtų pl.–Ateities g.	434	NULL	NULL	NULL	NULL	NULL	NULL	NULL	87	Autobusai	87	03		495	NULL	NULL	NULL
missed	663280	A>B	Ateities g.–Molėtų pl.–Riešė–Bendorėliai–Šeškinė	500	NULL	NULL	NULL	NULL	NULL	NULL	NULL	87	Autobusai	87	03		558	NULL	NULL	NULL
missed	663280	B>A	Šeškinė–Bendorėliai–Riešė–Molėtų pl.–Ateities g.	563	NULL	NULL	NULL	NULL	NULL	NULL	NULL	87	Autobusai	87	03		622	NULL	NULL	NULL
missed	663280	A>B	Ateities g.–Molėtų pl.–Riešė–Bendorėliai–Šeškinė	657	NULL	NULL	NULL	NULL	NULL	NULL	NULL	87	Autobusai	87	03		715	NULL	NULL	NULL
missed	663280	B>A	Šeškinė–Bendorėliai–Riešė–Molėtų pl.–Ateities g.	721	NULL	NULL	NULL	NULL	NULL	NULL	NULL	87	Autobusai	87	03		780	NULL	NULL	NULL
missed	663280	A>B	Ateities g.–Molėtų pl.–Riešė–Bendorėliai–Šeškinė	788	NULL	NULL	NULL	NULL	NULL	NULL	NULL	87	Autobusai	87	03		846	NULL	NULL	NULL
missed	663280	B>A	Šeškinė–Bendorėliai–Riešė–Molėtų pl.–Ateities g.	860	NULL	NULL	NULL	NULL	NULL	NULL	NULL	87	Autobusai	87	03		919	NULL	NULL	NULL
missed	663280	A>B	Ateities g.–Molėtų pl.–Riešė–Bendorėliai–Šeškinė	929	NULL	NULL	NULL	NULL	NULL	NULL	NULL	87	Autobusai	87	03		987	NULL	NULL	NULL
missed	663280	B>A	Šeškinė–Bendorėliai–Riešė–Molėtų pl.–Ateities g.	1000	NULL	NULL	NULL	NULL	NULL	NULL	NULL	87	Autobusai	87	03		1061	NULL	NULL	NULL
missed	663280	A>B	Ateities g.–Molėtų pl.–Riešė–Bendorėliai–Šeškinė	1091	NULL	NULL	NULL	NULL	NULL	NULL	NULL	87	Autobusai	87	03		1149	NULL	NULL	NULL
missed	663280	B>A	Šeškinė–Bendorėliai–Riešė–Molėtų pl.–Ateities g.	1155	NULL	NULL	NULL	NULL	NULL	NULL	NULL	87	Autobusai	87	03		1214	NULL	NULL	NULL
missed	663280	A>B	Ateities g.–Molėtų pl.–Riešė–Bendorėliai–Šeškinė	1244	NULL	NULL	NULL	NULL	NULL	NULL	NULL	87	Autobusai	87	03		1302	NULL	NULL	NULL
missed	663280	B>A	Šeškinė–Bendorėliai–Riešė–Molėtų pl.–Ateities g.	1307	NULL	NULL	NULL	NULL	NULL	NULL	NULL	87	Autobusai	87	03		1366	NULL	NULL	NULL
missed	663280	A>B	Ateities g.–Molėtų pl.–Riešė–Bendorėliai–Šeškinė	1371	NULL	NULL	NULL	NULL	NULL	NULL	NULL	87	Autobusai	87	03		1429	NULL	NULL	NULL
missed	663281	B>A	Šeškinė–Bendorėliai–Riešė–Molėtų pl.–Ateities g.	333	NULL	NULL	NULL	NULL	NULL	NULL	NULL	87	Autobusai	87	04		394	NULL	NULL	NULL
missed	663281	A>B	Ateities g.–Molėtų pl.–Riešė–Bendorėliai–Šeškinė	401	NULL	NULL	NULL	NULL	NULL	NULL	NULL	87	Autobusai	87	04		463	NULL	NULL	NULL
missed	663281	B>A	Šeškinė–Bendorėliai–Riešė–Molėtų pl.–Ateities g.	470	NULL	NULL	NULL	NULL	NULL	NULL	NULL	87	Autobusai	87	04		531	NULL	NULL	NULL
missed	663281	A>B	Ateities g.–Molėtų pl.–Riešė–Bendorėliai–Šeškinė	536	NULL	NULL	NULL	NULL	NULL	NULL	NULL	87	Autobusai	87	04		594	NULL	NULL	NULL
missed	663281	B>A	Šeškinė–Bendorėliai–Riešė–Molėtų pl.–Ateities g.	599	NULL	NULL	NULL	NULL	NULL	NULL	NULL	87	Autobusai	87	04		658	NULL	NULL	NULL
missed	663281	A>B	Ateities g.–Molėtų pl.–Riešė–Bendorėliai–Šeškinė	688	NULL	NULL	NULL	NULL	NULL	NULL	NULL	87	Autobusai	87	04		746	NULL	NULL	NULL
missed	663281	B>A	Šeškinė–Bendorėliai–Riešė–Molėtų pl.–Ateities g.	751	NULL	NULL	NULL	NULL	NULL	NULL	NULL	87	Autobusai	87	04		810	NULL	NULL	NULL
missed	663281	A>B	Ateities g.–Molėtų pl.–Riešė–Bendorėliai–Šeškinė	815	NULL	NULL	NULL	NULL	NULL	NULL	NULL	87	Autobusai	87	04		873	NULL	NULL	NULL
missed	663281	B>A	Šeškinė–Bendorėliai–Riešė–Molėtų pl.–Ateities g.	891	NULL	NULL	NULL	NULL	NULL	NULL	NULL	87	Autobusai	87	04		950	NULL	NULL	NULL
missed	663281	A>B	Ateities g.–Molėtų pl.–Riešė–Bendorėliai–Šeškinė	965	NULL	NULL	NULL	NULL	NULL	NULL	NULL	87	Autobusai	87	04		1023	NULL	NULL	NULL
missed	663281	B>A	Šeškinė–Bendorėliai–Riešė–Molėtų pl.–Ateities g.	1032	NULL	NULL	NULL	NULL	NULL	NULL	NULL	87	Autobusai	87	04		1093	NULL	NULL	NULL
missed	663281	A>B	Ateities g.–Molėtų pl.–Riešė–Bendorėliai–Šeškinė	1124	NULL	NULL	NULL	NULL	NULL	NULL	NULL	87	Autobusai	87	04		1182	NULL	NULL	NULL
missed	663281	B>A	Šeškinė–Bendorėliai–Riešė–Molėtų pl.–Ateities g.	1194	NULL	NULL	NULL	NULL	NULL	NULL	NULL	87	Autobusai	87	04		1253	NULL	NULL	NULL
missed	663281	A>B	Ateities g.–Molėtų pl.–Riešė–Bendorėliai–Šeškinė	1283	NULL	NULL	NULL	NULL	NULL	NULL	NULL	87	Autobusai	87	04		1341	NULL	NULL	NULL
missed	663281	B>A	Šeškinė–Bendorėliai–Riešė–Molėtų pl.–Ateities g.	1368	NULL	NULL	NULL	NULL	NULL	NULL	NULL	87	Autobusai	87	04		1427	NULL	NULL	NULL
missed	670874	A>B	Oro uostas–Stotis–Senamiestis–Nepriklausomybės a.	300	NULL	NULL	NULL	NULL	NULL	NULL	NULL	88	Autobusai	88	01		344	NULL	NULL	NULL
missed	670874	B>A	Nepriklausomybės a.–Senamiestis–Stotis–Oro uostas	354	NULL	NULL	NULL	NULL	NULL	NULL	NULL	88	Autobusai	88	01		404	NULL	NULL	NULL
missed	670874	A>B	Oro uostas–Stotis–Senamiestis–Nepriklausomybės a.	412	NULL	NULL	NULL	NULL	NULL	NULL	NULL	88	Autobusai	88	01		457	NULL	NULL	NULL
missed	670874	B>A	Nepriklausomybės a.–Senamiestis–Stotis–Oro uostas	467	NULL	NULL	NULL	NULL	NULL	NULL	NULL	88	Autobusai	88	01		517	NULL	NULL	NULL
missed	670874	A1>B1	Oro uostas–Stotis–Senamiestis–Lvovo st.	525	NULL	NULL	NULL	NULL	NULL	NULL	NULL	88	Autobusai	88	01		563	NULL	NULL	NULL
missed	670874	B>A	Nepriklausomybės a.–Senamiestis–Stotis–Oro uostas	618	NULL	NULL	NULL	NULL	NULL	NULL	NULL	88	Autobusai	88	01		668	NULL	NULL	NULL
missed	670874	A>B	Oro uostas–Stotis–Senamiestis–Nepriklausomybės a.	680	NULL	NULL	NULL	NULL	NULL	NULL	NULL	88	Autobusai	88	01		724	NULL	NULL	NULL
missed	670874	B>A	Nepriklausomybės a.–Senamiestis–Stotis–Oro uostas	734	NULL	NULL	NULL	NULL	NULL	NULL	NULL	88	Autobusai	88	01		784	NULL	NULL	NULL
missed	670874	A>B	Oro uostas–Stotis–Senamiestis–Nepriklausomybės a.	790	NULL	NULL	NULL	NULL	NULL	NULL	NULL	88	Autobusai	88	01		834	NULL	NULL	NULL
missed	670874	B>A	Nepriklausomybės a.–Senamiestis–Stotis–Oro uostas	844	NULL	NULL	NULL	NULL	NULL	NULL	NULL	88	Autobusai	88	01		894	NULL	NULL	NULL
missed	670874	A>B	Oro uostas–Stotis–Senamiestis–Nepriklausomybės a.	900	NULL	NULL	NULL	NULL	NULL	NULL	NULL	88	Autobusai	88	01		944	NULL	NULL	NULL
missed	670874	B>A	Nepriklausomybės a.–Senamiestis–Stotis–Oro uostas	960	NULL	NULL	NULL	NULL	NULL	NULL	NULL	88	Autobusai	88	01		1011	NULL	NULL	NULL
missed	670874	A>B	Oro uostas–Stotis–Senamiestis–Nepriklausomybės a.	1020	NULL	NULL	NULL	NULL	NULL	NULL	NULL	88	Autobusai	88	01		1065	NULL	NULL	NULL
missed	670874	B>A	Nepriklausomybės a.–Senamiestis–Stotis–Oro uostas	1075	NULL	NULL	NULL	NULL	NULL	NULL	NULL	88	Autobusai	88	01		1125	NULL	NULL	NULL
missed	670874	A1>B1	Oro uostas–Stotis–Senamiestis–Lvovo st.	1130	NULL	NULL	NULL	NULL	NULL	NULL	NULL	88	Autobusai	88	01		1169	NULL	NULL	NULL
missed	670874	B>A	Nepriklausomybės a.–Senamiestis–Stotis–Oro uostas	1224	NULL	NULL	NULL	NULL	NULL	NULL	NULL	88	Autobusai	88	01		1273	NULL	NULL	NULL
missed	670874	A>B	Oro uostas–Stotis–Senamiestis–Nepriklausomybės a.	1277	NULL	NULL	NULL	NULL	NULL	NULL	NULL	88	Autobusai	88	01		1321	NULL	NULL	NULL
missed	670874	B>A	Nepriklausomybės a.–Senamiestis–Stotis–Oro uostas	1326	NULL	NULL	NULL	NULL	NULL	NULL	NULL	88	Autobusai	88	01		1375	NULL	NULL	NULL
missed	670874	A>B	Oro uostas–Stotis–Senamiestis–Nepriklausomybės a.	1380	NULL	NULL	NULL	NULL	NULL	NULL	NULL	88	Autobusai	88	01		1424	NULL	NULL	NULL
missed	670873	A>B	Oro uostas–Stotis–Senamiestis–Nepriklausomybės a.	330	NULL	NULL	NULL	NULL	NULL	NULL	NULL	88	Autobusai	88	02		374	NULL	NULL	NULL
missed	670873	B>A	Nepriklausomybės a.–Senamiestis–Stotis–Oro uostas	384	NULL	NULL	NULL	NULL	NULL	NULL	NULL	88	Autobusai	88	02		434	NULL	NULL	NULL
missed	670873	A>B	Oro uostas–Stotis–Senamiestis–Nepriklausomybės a.	450	NULL	NULL	NULL	NULL	NULL	NULL	NULL	88	Autobusai	88	02		495	NULL	NULL	NULL
missed	670873	B>A	Nepriklausomybės a.–Senamiestis–Stotis–Oro uostas	505	NULL	NULL	NULL	NULL	NULL	NULL	NULL	88	Autobusai	88	02		555	NULL	NULL	NULL
missed	670873	A1>B1	Oro uostas–Stotis–Senamiestis–Lvovo st.	570	NULL	NULL	NULL	NULL	NULL	NULL	NULL	88	Autobusai	88	02		608	NULL	NULL	NULL
missed	670873	B>A	Nepriklausomybės a.–Senamiestis–Stotis–Oro uostas	663	NULL	NULL	NULL	NULL	NULL	NULL	NULL	88	Autobusai	88	02		713	NULL	NULL	NULL
missed	670873	A>B	Oro uostas–Stotis–Senamiestis–Nepriklausomybės a.	720	NULL	NULL	NULL	NULL	NULL	NULL	NULL	88	Autobusai	88	02		764	NULL	NULL	NULL
missed	670873	B>A	Nepriklausomybės a.–Senamiestis–Stotis–Oro uostas	772	NULL	NULL	NULL	NULL	NULL	NULL	NULL	88	Autobusai	88	02		822	NULL	NULL	NULL
missed	670873	A>B	Oro uostas–Stotis–Senamiestis–Nepriklausomybės a.	830	NULL	NULL	NULL	NULL	NULL	NULL	NULL	88	Autobusai	88	02		874	NULL	NULL	NULL
missed	670873	B>A	Nepriklausomybės a.–Senamiestis–Stotis–Oro uostas	882	NULL	NULL	NULL	NULL	NULL	NULL	NULL	88	Autobusai	88	02		932	NULL	NULL	NULL
missed	670873	A>B	Oro uostas–Stotis–Senamiestis–Nepriklausomybės a.	940	NULL	NULL	NULL	NULL	NULL	NULL	NULL	88	Autobusai	88	02		985	NULL	NULL	NULL
missed	670873	B>A	Nepriklausomybės a.–Senamiestis–Stotis–Oro uostas	994	NULL	NULL	NULL	NULL	NULL	NULL	NULL	88	Autobusai	88	02		1045	NULL	NULL	NULL
missed	670873	A1>B1	Oro uostas–Stotis–Senamiestis–Lvovo st.	1050	NULL	NULL	NULL	NULL	NULL	NULL	NULL	88	Autobusai	88	02		1089	NULL	NULL	NULL
missed	670873	B>A	Nepriklausomybės a.–Senamiestis–Stotis–Oro uostas	1144	NULL	NULL	NULL	NULL	NULL	NULL	NULL	88	Autobusai	88	02		1193	NULL	NULL	NULL
missed	670873	A>B	Oro uostas–Stotis–Senamiestis–Nepriklausomybės a.	1200	NULL	NULL	NULL	NULL	NULL	NULL	NULL	88	Autobusai	88	02		1244	NULL	NULL	NULL
missed	670873	B>A	Nepriklausomybės a.–Senamiestis–Stotis–Oro uostas	1265	NULL	NULL	NULL	NULL	NULL	NULL	NULL	88	Autobusai	88	02		1314	NULL	NULL	NULL
missed	670873	A>B	Oro uostas–Stotis–Senamiestis–Nepriklausomybės a.	1320	NULL	NULL	NULL	NULL	NULL	NULL	NULL	88	Autobusai	88	02		1364	NULL	NULL	NULL
missed	670872	B>A	Nepriklausomybės a.–Senamiestis–Stotis–Oro uostas	315	NULL	NULL	NULL	NULL	NULL	NULL	NULL	88	Autobusai	88	03		365	NULL	NULL	NULL
missed	670872	A>B	Oro uostas–Stotis–Senamiestis–Nepriklausomybės a.	368	NULL	NULL	NULL	NULL	NULL	NULL	NULL	88	Autobusai	88	03		412	NULL	NULL	NULL
missed	670872	B>A	Nepriklausomybės a.–Senamiestis–Stotis–Oro uostas	422	NULL	NULL	NULL	NULL	NULL	NULL	NULL	88	Autobusai	88	03		472	NULL	NULL	NULL
missed	670872	A>B	Oro uostas–Stotis–Senamiestis–Nepriklausomybės a.	480	NULL	NULL	NULL	NULL	NULL	NULL	NULL	88	Autobusai	88	03		525	NULL	NULL	NULL
missed	670872	B>A	Nepriklausomybės a.–Senamiestis–Stotis–Oro uostas	535	NULL	NULL	NULL	NULL	NULL	NULL	NULL	88	Autobusai	88	03		585	NULL	NULL	NULL
missed	670872	A1>B1	Oro uostas–Stotis–Senamiestis–Lvovo st.	600	NULL	NULL	NULL	NULL	NULL	NULL	NULL	88	Autobusai	88	03		638	NULL	NULL	NULL
missed	670872	B>A	Nepriklausomybės a.–Senamiestis–Stotis–Oro uostas	693	NULL	NULL	NULL	NULL	NULL	NULL	NULL	88	Autobusai	88	03		743	NULL	NULL	NULL
missed	670872	A>B	Oro uostas–Stotis–Senamiestis–Nepriklausomybės a.	750	NULL	NULL	NULL	NULL	NULL	NULL	NULL	88	Autobusai	88	03		794	NULL	NULL	NULL
missed	670872	B>A	Nepriklausomybės a.–Senamiestis–Stotis–Oro uostas	810	NULL	NULL	NULL	NULL	NULL	NULL	NULL	88	Autobusai	88	03		860	NULL	NULL	NULL
missed	670872	A>B	Oro uostas–Stotis–Senamiestis–Nepriklausomybės a.	870	NULL	NULL	NULL	NULL	NULL	NULL	NULL	88	Autobusai	88	03		914	NULL	NULL	NULL
missed	670872	B>A	Nepriklausomybės a.–Senamiestis–Stotis–Oro uostas	922	NULL	NULL	NULL	NULL	NULL	NULL	NULL	88	Autobusai	88	03		972	NULL	NULL	NULL
missed	670872	A>B	Oro uostas–Stotis–Senamiestis–Nepriklausomybės a.	980	NULL	NULL	NULL	NULL	NULL	NULL	NULL	88	Autobusai	88	03		1025	NULL	NULL	NULL
missed	670872	B>A	Nepriklausomybės a.–Senamiestis–Stotis–Oro uostas	1035	NULL	NULL	NULL	NULL	NULL	NULL	NULL	88	Autobusai	88	03		1086	NULL	NULL	NULL
missed	670872	A1>B1	Oro uostas–Stotis–Senamiestis–Lvovo st.	1095	NULL	NULL	NULL	NULL	NULL	NULL	NULL	88	Autobusai	88	03		1134	NULL	NULL	NULL
missed	670872	B>A	Nepriklausomybės a.–Senamiestis–Stotis–Oro uostas	1189	NULL	NULL	NULL	NULL	NULL	NULL	NULL	88	Autobusai	88	03		1238	NULL	NULL	NULL
missed	670872	A>B	Oro uostas–Stotis–Senamiestis–Nepriklausomybės a.	1245	NULL	NULL	NULL	NULL	NULL	NULL	NULL	88	Autobusai	88	03		1289	NULL	NULL	NULL
missed	670872	B>A	Nepriklausomybės a.–Senamiestis–Stotis–Oro uostas	1297	NULL	NULL	NULL	NULL	NULL	NULL	NULL	88	Autobusai	88	03		1346	NULL	NULL	NULL
missed	670872	A>B	Oro uostas–Stotis–Senamiestis–Nepriklausomybės a.	1351	NULL	NULL	NULL	NULL	NULL	NULL	NULL	88	Autobusai	88	03		1395	NULL	NULL	NULL
missed	670881	A>B	Oro uostas–Stotis–Senamiestis–Nepriklausomybės a.	1470	NULL	NULL	NULL	NULL	NULL	NULL	NULL	88N	Autobusai	88N	04		1510	NULL	NULL	NULL
missed	670881	B>A	Nepriklausomybės a.–Senamiestis–Stotis–Oro uostas	1524	NULL	NULL	NULL	NULL	NULL	NULL	NULL	88N	Autobusai	88N	04		1574	NULL	NULL	NULL
missed	670881	A>B	Oro uostas–Stotis–Senamiestis–Nepriklausomybės a.	1590	NULL	NULL	NULL	NULL	NULL	NULL	NULL	88N	Autobusai	88N	04		1630	NULL	NULL	NULL
missed	670881	B>A	Nepriklausomybės a.–Senamiestis–Stotis–Oro uostas	1644	NULL	NULL	NULL	NULL	NULL	NULL	NULL	88N	Autobusai	88N	04		1694	NULL	NULL	NULL
missed	670881	A>B	Oro uostas–Stotis–Senamiestis–Nepriklausomybės a.	1710	NULL	NULL	NULL	NULL	NULL	NULL	NULL	88N	Autobusai	88N	04		1750	NULL	NULL	NULL
missed	670882	A>B	Oro uostas–Stotis–Senamiestis–Nepriklausomybės a.	1410	NULL	NULL	NULL	NULL	NULL	NULL	NULL	88N	Autobusai	88N	05		1450	NULL	NULL	NULL
missed	670882	B>A	Nepriklausomybės a.–Senamiestis–Stotis–Oro uostas	1464	NULL	NULL	NULL	NULL	NULL	NULL	NULL	88N	Autobusai	88N	05		1514	NULL	NULL	NULL
missed	670882	A>B	Oro uostas–Stotis–Senamiestis–Nepriklausomybės a.	1530	NULL	NULL	NULL	NULL	NULL	NULL	NULL	88N	Autobusai	88N	05		1570	NULL	NULL	NULL
missed	670882	B>A	Nepriklausomybės a.–Senamiestis–Stotis–Oro uostas	1584	NULL	NULL	NULL	NULL	NULL	NULL	NULL	88N	Autobusai	88N	05		1634	NULL	NULL	NULL
missed	670882	A>B	Oro uostas–Stotis–Senamiestis–Nepriklausomybės a.	1650	NULL	NULL	NULL	NULL	NULL	NULL	NULL	88N	Autobusai	88N	05		1690	NULL	NULL	NULL
missed	614739	B>A	Baltoji Vokė–Agrastų–Zuikių g.	325	NULL	NULL	NULL	NULL	NULL	NULL	NULL	9	Autobusai	9	01		342	NULL	NULL	NULL
missed	614739	A>B	Zuikių–Agrastų g.–Baltoji Vokė	352	NULL	NULL	NULL	NULL	NULL	NULL	NULL	9	Autobusai	9	01		370	NULL	NULL	NULL
missed	614739	B>A	Baltoji Vokė–Agrastų–Zuikių g.	370	NULL	NULL	NULL	NULL	NULL	NULL	NULL	9	Autobusai	9	01		387	NULL	NULL	NULL
missed	614739	A>B	Zuikių–Agrastų g.–Baltoji Vokė	395	NULL	NULL	NULL	NULL	NULL	NULL	NULL	9	Autobusai	9	01		413	NULL	NULL	NULL
missed	614739	B>A	Baltoji Vokė–Agrastų–Zuikių g.	413	NULL	NULL	NULL	NULL	NULL	NULL	NULL	9	Autobusai	9	01		430	NULL	NULL	NULL
missed	614739	A>B	Zuikių–Agrastų g.–Baltoji Vokė	438	NULL	NULL	NULL	NULL	NULL	NULL	NULL	9	Autobusai	9	01		456	NULL	NULL	NULL
missed	614739	B>A	Baltoji Vokė–Agrastų–Zuikių g.	456	NULL	NULL	NULL	NULL	NULL	NULL	NULL	9	Autobusai	9	01		473	NULL	NULL	NULL
missed	614739	A>B	Zuikių–Agrastų g.–Baltoji Vokė	478	NULL	NULL	NULL	NULL	NULL	NULL	NULL	9	Autobusai	9	01		496	NULL	NULL	NULL
missed	614739	B>A	Baltoji Vokė–Agrastų–Zuikių g.	496	NULL	NULL	NULL	NULL	NULL	NULL	NULL	9	Autobusai	9	01		513	NULL	NULL	NULL
missed	614739	A>B	Zuikių–Agrastų g.–Baltoji Vokė	534	NULL	NULL	NULL	NULL	NULL	NULL	NULL	9	Autobusai	9	01		552	NULL	NULL	NULL
missed	614739	B>A	Baltoji Vokė–Agrastų–Zuikių g.	926	NULL	NULL	NULL	NULL	NULL	NULL	NULL	9	Autobusai	9	01		943	NULL	NULL	NULL
missed	614739	A>B	Zuikių–Agrastų g.–Baltoji Vokė	948	NULL	NULL	NULL	NULL	NULL	NULL	NULL	9	Autobusai	9	01		966	NULL	NULL	NULL
missed	614739	B>A	Baltoji Vokė–Agrastų–Zuikių g.	966	NULL	NULL	NULL	NULL	NULL	NULL	NULL	9	Autobusai	9	01		983	NULL	NULL	NULL
missed	614739	A>B	Zuikių–Agrastų g.–Baltoji Vokė	1001	NULL	NULL	NULL	NULL	NULL	NULL	NULL	9	Autobusai	9	01		1019	NULL	NULL	NULL
missed	614739	B>A	Baltoji Vokė–Agrastų–Zuikių g.	1019	NULL	NULL	NULL	NULL	NULL	NULL	NULL	9	Autobusai	9	01		1036	NULL	NULL	NULL
missed	614739	A>B	Zuikių–Agrastų g.–Baltoji Vokė	1041	NULL	NULL	NULL	NULL	NULL	NULL	NULL	9	Autobusai	9	01		1059	NULL	NULL	NULL
missed	614739	B>A	Baltoji Vokė–Agrastų–Zuikių g.	1059	NULL	NULL	NULL	NULL	NULL	NULL	NULL	9	Autobusai	9	01		1076	NULL	NULL	NULL
missed	614739	A>B	Zuikių–Agrastų g.–Baltoji Vokė	1086	NULL	NULL	NULL	NULL	NULL	NULL	NULL	9	Autobusai	9	01		1104	NULL	NULL	NULL
delay	780498	A>B	Karoliniškės–Žvėrynas–Stotis	318	318	-1.2	Vingriai	344.20001	0.1	Liubarto tiltas	335.20001	1	Troleibusai	1	01	3-263	350	349	0	0
delay	780498	B>A	Stotis–Žvėrynas–Karoliniškės	351	352	-0.1	Rūdninkų st.	354.39999	1.2	Latvių st.	368.70001	1	Troleibusai	1	01	3-263	384	385	0	0
delay	780498	A>B	Karoliniškės–Žvėrynas–Stotis	392	403	11.3	Atminties st.	404.89999	13.5	Žvėrynas	417.39999	1	Troleibusai	1	01	3-263	424	436	1	1
delay	780498	B>A	Stotis–Žvėrynas–Karoliniškės	426	439	12.5	Islandijos st.	448.79999	15	Latvių st.	457.39999	1	Troleibusai	1	01	3-263	461	475	1	1
delay	780498	A>B	Karoliniškės–Žvėrynas–Stotis	468	488	20	Laisvės prospektas	495.60001	22.9	Liubarto tiltas	510.10001	1	Troleibusai	1	01	3-263	503	525	1	1
delay	780498	B>A	Stotis–Žvėrynas–Karoliniškės	505	526	19.700001	Atminties st.	556.70001	22.4	Pamėnkalnio st.	539.09998	1	Troleibusai	1	01	3-263	540	560	1	1
missed	662891	A>B	Karoliniškės–Žvėrynas–Stotis	580	NULL	NULL	NULL	NULL	NULL	NULL	NULL	1	Troleibusai	1	01		613	NULL	NULL	NULL
missed	662891	B>A	Stotis–Žvėrynas–Karoliniškės	614	NULL	NULL	NULL	NULL	NULL	NULL	NULL	1	Troleibusai	1	01		647	NULL	NULL	NULL
missed	662891	A>B	Karoliniškės–Žvėrynas–Stotis	667	NULL	NULL	NULL	NULL	NULL	NULL	NULL	1	Troleibusai	1	01		700	NULL	NULL	NULL
missed	662891	B>A	Stotis–Žvėrynas–Karoliniškės	701	NULL	NULL	NULL	NULL	NULL	NULL	NULL	1	Troleibusai	1	01		734	NULL	NULL	NULL
missed	662891	A>B	Karoliniškės–Žvėrynas–Stotis	749	NULL	NULL	NULL	NULL	NULL	NULL	NULL	1	Troleibusai	1	01		782	NULL	NULL	NULL
missed	662891	B>A	Stotis–Žvėrynas–Karoliniškės	783	NULL	NULL	NULL	NULL	NULL	NULL	NULL	1	Troleibusai	1	01		816	NULL	NULL	NULL
missed	662891	A>B	Karoliniškės–Žvėrynas–Stotis	827	NULL	NULL	NULL	NULL	NULL	NULL	NULL	1	Troleibusai	1	01		860	NULL	NULL	NULL
missed	662891	B>A	Stotis–Žvėrynas–Karoliniškės	861	NULL	NULL	NULL	NULL	NULL	NULL	NULL	1	Troleibusai	1	01		894	NULL	NULL	NULL
missed	662891	A>B	Karoliniškės–Žvėrynas–Stotis	901	NULL	NULL	NULL	NULL	NULL	NULL	NULL	1	Troleibusai	1	01		934	NULL	NULL	NULL
missed	662891	B>A	Stotis–Žvėrynas–Karoliniškės	935	NULL	NULL	NULL	NULL	NULL	NULL	NULL	1	Troleibusai	1	01		970	NULL	NULL	NULL
missed	662891	A>B	Karoliniškės–Žvėrynas–Stotis	981	NULL	NULL	NULL	NULL	NULL	NULL	NULL	1	Troleibusai	1	01		1014	NULL	NULL	NULL
missed	662891	B>A	Stotis–Žvėrynas–Karoliniškės	1015	NULL	NULL	NULL	NULL	NULL	NULL	NULL	1	Troleibusai	1	01		1053	NULL	NULL	NULL
missed	662891	A>B	Karoliniškės–Žvėrynas–Stotis	1092	NULL	NULL	NULL	NULL	NULL	NULL	NULL	1	Troleibusai	1	01		1125	NULL	NULL	NULL
missed	662891	B>A	Stotis–Žvėrynas–Karoliniškės	1126	NULL	NULL	NULL	NULL	NULL	NULL	NULL	1	Troleibusai	1	01		1160	NULL	NULL	NULL
missed	662891	A>B	Karoliniškės–Žvėrynas–Stotis	1176	NULL	NULL	NULL	NULL	NULL	NULL	NULL	1	Troleibusai	1	01		1208	NULL	NULL	NULL
missed	662891	B>A	Stotis–Žvėrynas–Karoliniškės	1209	NULL	NULL	NULL	NULL	NULL	NULL	NULL	1	Troleibusai	1	01		1242	NULL	NULL	NULL
delay	780632	A>B	Karoliniškės–Žvėrynas–Stotis	432	433	0.60000002	Karoliniškių poliklinika	437	1.4	Liubarto tiltas	452.5	1	Troleibusai	1	02Ž	3-10605	467	467	0	0
delay	780632	B>A	Stotis–Žvėrynas–Karoliniškės	469	470	0.5	Karoliniškių poliklinika	498.70001	1.8	Latvių st.	487.29999	1	Troleibusai	1	02Ž	3-10605	504	505	0	0
delay	780632	A>B	Karoliniškės–Žvėrynas–Stotis	516	513	-2.5	Atminties st.	515.09998	2.5999999	Liubarto tiltas	536.59998	1	Troleibusai	1	02Ž	3-10605	550	550	0	0
delay	780632	B>A	Stotis–Žvėrynas–Karoliniškės	551	553	0.69999999	Atminties st.	582.79999	3.5	Latvių st.	570.90002	1	Troleibusai	1	02Ž	3-10605	584	585	1	0
missed	662889	A>B	Karoliniškės–Žvėrynas–Stotis	596	NULL	NULL	NULL	NULL	NULL	NULL	NULL	1	Troleibusai	1	02Ž		629	NULL	NULL	NULL
missed	662889	B>A	Stotis–Žvėrynas–Karoliniškės	630	NULL	NULL	NULL	NULL	NULL	NULL	NULL	1	Troleibusai	1	02Ž		663	NULL	NULL	NULL
missed	662889	A>B	Karoliniškės–Žvėrynas–Stotis	703	NULL	NULL	NULL	NULL	NULL	NULL	NULL	1	Troleibusai	1	02Ž		736	NULL	NULL	NULL
missed	662889	B>A	Stotis–Žvėrynas–Karoliniškės	737	NULL	NULL	NULL	NULL	NULL	NULL	NULL	1	Troleibusai	1	02Ž		770	NULL	NULL	NULL
missed	662889	A>B	Karoliniškės–Žvėrynas–Stotis	780	NULL	NULL	NULL	NULL	NULL	NULL	NULL	1	Troleibusai	1	02Ž		813	NULL	NULL	NULL
missed	662889	B>A	Stotis–Žvėrynas–Karoliniškės	814	NULL	NULL	NULL	NULL	NULL	NULL	NULL	1	Troleibusai	1	02Ž		847	NULL	NULL	NULL
missed	662889	A>B	Karoliniškės–Žvėrynas–Stotis	856	NULL	NULL	NULL	NULL	NULL	NULL	NULL	1	Troleibusai	1	02Ž		889	NULL	NULL	NULL
missed	662889	B>A	Stotis–Žvėrynas–Karoliniškės	890	NULL	NULL	NULL	NULL	NULL	NULL	NULL	1	Troleibusai	1	02Ž		923	NULL	NULL	NULL
missed	662889	A>B	Karoliniškės–Žvėrynas–Stotis	937	NULL	NULL	NULL	NULL	NULL	NULL	NULL	1	Troleibusai	1	02Ž		970	NULL	NULL	NULL
missed	662889	B>A	Stotis–Žvėrynas–Karoliniškės	971	NULL	NULL	NULL	NULL	NULL	NULL	NULL	1	Troleibusai	1	02Ž		1008	NULL	NULL	NULL
missed	662889	A>B	Karoliniškės–Žvėrynas–Stotis	1021	NULL	NULL	NULL	NULL	NULL	NULL	NULL	1	Troleibusai	1	02Ž		1054	NULL	NULL	NULL
missed	662889	B>A	Stotis–Žvėrynas–Karoliniškės	1055	NULL	NULL	NULL	NULL	NULL	NULL	NULL	1	Troleibusai	1	02Ž		1093	NULL	NULL	NULL
missed	662889	A>B	Karoliniškės–Žvėrynas–Stotis	1109	NULL	NULL	NULL	NULL	NULL	NULL	NULL	1	Troleibusai	1	02Ž		1142	NULL	NULL	NULL
missed	662889	B>A	Stotis–Žvėrynas–Karoliniškės	1143	NULL	NULL	NULL	NULL	NULL	NULL	NULL	1	Troleibusai	1	02Ž		1177	NULL	NULL	NULL
missed	662889	A>B	Karoliniškės–Žvėrynas–Stotis	1216	NULL	NULL	NULL	NULL	NULL	NULL	NULL	1	Troleibusai	1	02Ž		1248	NULL	NULL	NULL
missed	662889	B>A	Stotis–Žvėrynas–Karoliniškės	1249	NULL	NULL	NULL	NULL	NULL	NULL	NULL	1	Troleibusai	1	02Ž		1282	NULL	NULL	NULL
missed	662889	A>B	Karoliniškės–Žvėrynas–Stotis	1292	NULL	NULL	NULL	NULL	NULL	NULL	NULL	1	Troleibusai	1	02Ž		1324	NULL	NULL	NULL
missed	662889	B>A	Stotis–Žvėrynas–Karoliniškės	1325	NULL	NULL	NULL	NULL	NULL	NULL	NULL	1	Troleibusai	1	02Ž		1358	NULL	NULL	NULL
missed	662889	A>B	Karoliniškės–Žvėrynas–Stotis	1367	NULL	NULL	NULL	NULL	NULL	NULL	NULL	1	Troleibusai	1	02Ž		1399	NULL	NULL	NULL
missed	662889	B>A	Stotis–Žvėrynas–Karoliniškės	1400	NULL	NULL	NULL	NULL	NULL	NULL	NULL	1	Troleibusai	1	02Ž		1433	NULL	NULL	NULL
delay	780483	B>A	Stotis–Žvėrynas–Karoliniškės	334	335	0.89999998	Rūdninkų st.	338.5	2.2	Ugniagesių st.	365.89999	1	Troleibusai	1	03	3-1569	367	369	0	0
delay	780483	A>B	Karoliniškės–Žvėrynas–Stotis	376	376	-0.1	Karoliniškių poliklinika	380.29999	1.3	Žvėrynas	389.20001	1	Troleibusai	1	03	3-1569	408	408	0	0
delay	780483	B>A	Stotis–Žvėrynas–Karoliniškės	409	411	2.0999999	Stotis	411.29999	3.8	Latvių st.	429.29999	1	Troleibusai	1	03	3-1569	444	447	1	0
delay	780483	A>B	Karoliniškės–Žvėrynas–Stotis	457	462	5.1999998	Karoliniškių poliklinika	466.70001	11	Kęstučio st.	485.89999	1	Troleibusai	1	03	3-1569	492	500	1	1
delay	780483	B>A	Stotis–Žvėrynas–Karoliniškės	494	501	6.9000001	Islandijos st.	511.29999	9	Pamėnkalnio st.	514.70001	1	Troleibusai	1	03	3-1569	529	536	1	1
delay	780483	A>B	Karoliniškės–Žvėrynas–Stotis	570	575	4.8000002	Karoliniškių poliklinika	579.29999	6.0999999	Kęstučio st.	593	1	Troleibusai	1	03	3-1569	603	601	1	1
missed	662890	B>A	Stotis–Žvėrynas–Karoliniškės	604	NULL	NULL	NULL	NULL	NULL	NULL	NULL	1	Troleibusai	1	03		637	NULL	NULL	NULL
missed	662890	A>B	Karoliniškės–Žvėrynas–Stotis	650	NULL	NULL	NULL	NULL	NULL	NULL	NULL	1	Troleibusai	1	03		683	NULL	NULL	NULL
missed	662890	B>A	Stotis–Žvėrynas–Karoliniškės	684	NULL	NULL	NULL	NULL	NULL	NULL	NULL	1	Troleibusai	1	03		717	NULL	NULL	NULL
missed	662890	A>B	Karoliniškės–Žvėrynas–Stotis	732	NULL	NULL	NULL	NULL	NULL	NULL	NULL	1	Troleibusai	1	03		765	NULL	NULL	NULL
missed	662890	B>A	Stotis–Žvėrynas–Karoliniškės	766	NULL	NULL	NULL	NULL	NULL	NULL	NULL	1	Troleibusai	1	03		799	NULL	NULL	NULL
missed	662890	A>B	Karoliniškės–Žvėrynas–Stotis	809	NULL	NULL	NULL	NULL	NULL	NULL	NULL	1	Troleibusai	1	03		842	NULL	NULL	NULL
missed	662890	B>A	Stotis–Žvėrynas–Karoliniškės	843	NULL	NULL	NULL	NULL	NULL	NULL	NULL	1	Troleibusai	1	03		876	NULL	NULL	NULL
missed	662890	A>B	Karoliniškės–Žvėrynas–Stotis	887	NULL	NULL	NULL	NULL	NULL	NULL	NULL	1	Troleibusai	1	03		920	NULL	NULL	NULL
missed	662890	B>A	Stotis–Žvėrynas–Karoliniškės	921	NULL	NULL	NULL	NULL	NULL	NULL	NULL	1	Troleibusai	1	03		954	NULL	NULL	NULL
missed	662890	A>B	Karoliniškės–Žvėrynas–Stotis	965	NULL	NULL	NULL	NULL	NULL	NULL	NULL	1	Troleibusai	1	03		998	NULL	NULL	NULL
missed	662890	B>A	Stotis–Žvėrynas–Karoliniškės	999	NULL	NULL	NULL	NULL	NULL	NULL	NULL	1	Troleibusai	1	03		1036	NULL	NULL	NULL
missed	662890	A>B	Karoliniškės–Žvėrynas–Stotis	1055	NULL	NULL	NULL	NULL	NULL	NULL	NULL	1	Troleibusai	1	03		1088	NULL	NULL	NULL
missed	662890	B>A	Stotis–Žvėrynas–Karoliniškės	1089	NULL	NULL	NULL	NULL	NULL	NULL	NULL	1	Troleibusai	1	03		1127	NULL	NULL	NULL
missed	662890	A>B	Karoliniškės–Žvėrynas–Stotis	1162	NULL	NULL	NULL	NULL	NULL	NULL	NULL	1	Troleibusai	1	03		1194	NULL	NULL	NULL
missed	662890	B>A	Stotis–Žvėrynas–Karoliniškės	1195	NULL	NULL	NULL	NULL	NULL	NULL	NULL	1	Troleibusai	1	03		1228	NULL	NULL	NULL
missed	662890	A>B	Karoliniškės–Žvėrynas–Stotis	1250	NULL	NULL	NULL	NULL	NULL	NULL	NULL	1	Troleibusai	1	03		1282	NULL	NULL	NULL
missed	662890	B>A	Stotis–Žvėrynas–Karoliniškės	1283	NULL	NULL	NULL	NULL	NULL	NULL	NULL	1	Troleibusai	1	03		1316	NULL	NULL	NULL
missed	662890	A>B	Karoliniškės–Žvėrynas–Stotis	1335	NULL	NULL	NULL	NULL	NULL	NULL	NULL	1	Troleibusai	1	03		1367	NULL	NULL	NULL
missed	662890	B>A	Stotis–Žvėrynas–Karoliniškės	1368	NULL	NULL	NULL	NULL	NULL	NULL	NULL	1	Troleibusai	1	03		1401	NULL	NULL	NULL
delay	780568	A>B	Karoliniškės–Žvėrynas–Stotis	403	389	-14.4	Ugniagesių st.	391.60001	-11.9	Trakų st.	416.70001	1	Troleibusai	1	04	3-2608	435	423	1	1
delay	780568	B>A	Stotis–Žvėrynas–Karoliniškės	437	424	-12.7	Islandijos st.	434.60001	-11.3	Teodoro Narbuto st.	447.89999	1	Troleibusai	1	04	3-2608	472	460	1	1
delay	780568	A>B	Karoliniškės–Žvėrynas–Stotis	483	473	-9.5	Karoliniškių poliklinika	478	-5.5999999	Liubarto tiltas	495.5	1	Troleibusai	1	04	3-2608	517	510	1	1
delay	780568	B>A	Stotis–Žvėrynas–Karoliniškės	518	511	-8.3000002	Islandijos st.	520.09998	-7.0999999	Latvių st.	527.40002	1	Troleibusai	1	04	3-2608	551	543	1	1
delay	780568	A>B	Karoliniškės–Žvėrynas–Stotis	558	559	1.2	Gėlių st.	589.40002	2.2	Liubarto tiltas	578.29999	1	Troleibusai	1	04	3-2608	591	592	0	0
missed	662894	B>A	Stotis–Žvėrynas–Karoliniškės	592	NULL	NULL	NULL	NULL	NULL	NULL	NULL	1	Troleibusai	1	04		625	NULL	NULL	NULL
missed	662894	A>B	Karoliniškės–Žvėrynas–Stotis	913	NULL	NULL	NULL	NULL	NULL	NULL	NULL	1	Troleibusai	1	04		946	NULL	NULL	NULL
missed	662894	B>A	Stotis–Žvėrynas–Karoliniškės	947	NULL	NULL	NULL	NULL	NULL	NULL	NULL	1	Troleibusai	1	04		982	NULL	NULL	NULL
missed	662894	A>B	Karoliniškės–Žvėrynas–Stotis	994	NULL	NULL	NULL	NULL	NULL	NULL	NULL	1	Troleibusai	1	04		1027	NULL	NULL	NULL
missed	662894	B>A	Stotis–Žvėrynas–Karoliniškės	1028	NULL	NULL	NULL	NULL	NULL	NULL	NULL	1	Troleibusai	1	04		1066	NULL	NULL	NULL
missed	662894	A>B	Karoliniškės–Žvėrynas–Stotis	1077	NULL	NULL	NULL	NULL	NULL	NULL	NULL	1	Troleibusai	1	04		1110	NULL	NULL	NULL
missed	662894	B>A	Stotis–Žvėrynas–Karoliniškės	1111	NULL	NULL	NULL	NULL	NULL	NULL	NULL	1	Troleibusai	1	04		1147	NULL	NULL	NULL
delay	780519	A>B	Karoliniškės–Žvėrynas–Stotis	341	338	-5	Pamėnkalnio st.	357.29999	-2.5999999	Pasakų parkas	338.60001	1	Troleibusai	1	05	3-1542	373	368	1	1
delay	780519	B>A	Stotis–Žvėrynas–Karoliniškės	374	371	-3.8	Islandijos st.	380.60001	-2.2	Latvių st.	388.29999	1	Troleibusai	1	05	3-1542	407	404	1	0
delay	780519	A>B	Karoliniškės–Žvėrynas–Stotis	418	420	-0.2	Centro poliklinika	444.10001	1.7	Pasakų parkas	420	1	Troleibusai	1	05	3-1542	453	452	0	0
delay	780519	B>A	Stotis–Žvėrynas–Karoliniškės	455	455	-0.1	Stotis	455	4.5999999	Sietyno st.	484.89999	1	Troleibusai	1	05	3-1542	490	493	1	0
delay	780519	A>B	Karoliniškės–Žvėrynas–Stotis	499	504	5	Ugniagesių st.	507	10.3	Žvėrynas	522.20001	1	Troleibusai	1	05	3-1542	533	541	1	1
delay	780519	B>A	Stotis–Žvėrynas–Karoliniškės	534	542	8.1999998	Stotis	542.29999	10.7	Latvių st.	561.09998	1	Troleibusai	1	05	3-1542	567	576	1	1
missed	662892	A>B	Karoliniškės–Žvėrynas–Stotis	608	NULL	NULL	NULL	NULL	NULL	NULL	NULL	1	Troleibusai	1	05		641	NULL	NULL	NULL
missed	662892	B>A	Stotis–Žvėrynas–Karoliniškės	642	NULL	NULL	NULL	NULL	NULL	NULL	NULL	1	Troleibusai	1	05		675	NULL	NULL	NULL
missed	662892	A>B	Karoliniškės–Žvėrynas–Stotis	688	NULL	NULL	NULL	NULL	NULL	NULL	NULL	1	Troleibusai	1	05		721	NULL	NULL	NULL
missed	662892	B>A	Stotis–Žvėrynas–Karoliniškės	722	NULL	NULL	NULL	NULL	NULL	NULL	NULL	1	Troleibusai	1	05		755	NULL	NULL	NULL
missed	662892	A>B	Karoliniškės–Žvėrynas–Stotis	765	NULL	NULL	NULL	NULL	NULL	NULL	NULL	1	Troleibusai	1	05		798	NULL	NULL	NULL
missed	662892	B>A	Stotis–Žvėrynas–Karoliniškės	799	NULL	NULL	NULL	NULL	NULL	NULL	NULL	1	Troleibusai	1	05		832	NULL	NULL	NULL
missed	662892	A>B	Karoliniškės–Žvėrynas–Stotis	842	NULL	NULL	NULL	NULL	NULL	NULL	NULL	1	Troleibusai	1	05		875	NULL	NULL	NULL
missed	662892	B>A	Stotis–Žvėrynas–Karoliniškės	876	NULL	NULL	NULL	NULL	NULL	NULL	NULL	1	Troleibusai	1	05		909	NULL	NULL	NULL
missed	662892	A>B	Karoliniškės–Žvėrynas–Stotis	923	NULL	NULL	NULL	NULL	NULL	NULL	NULL	1	Troleibusai	1	05		956	NULL	NULL	NULL
missed	662892	B>A	Stotis–Žvėrynas–Karoliniškės	957	NULL	NULL	NULL	NULL	NULL	NULL	NULL	1	Troleibusai	1	05		993	NULL	NULL	NULL
missed	662892	A>B	Karoliniškės–Žvėrynas–Stotis	1006	NULL	NULL	NULL	NULL	NULL	NULL	NULL	1	Troleibusai	1	05		1039	NULL	NULL	NULL
missed	662892	B>A	Stotis–Žvėrynas–Karoliniškės	1040	NULL	NULL	NULL	NULL	NULL	NULL	NULL	1	Troleibusai	1	05		1078	NULL	NULL	NULL
missed	662892	A>B	Karoliniškės–Žvėrynas–Stotis	1122	NULL	NULL	NULL	NULL	NULL	NULL	NULL	1	Troleibusai	1	05		1155	NULL	NULL	NULL
missed	662892	B>A	Stotis–Žvėrynas–Karoliniškės	1156	NULL	NULL	NULL	NULL	NULL	NULL	NULL	1	Troleibusai	1	05		1190	NULL	NULL	NULL
missed	662892	A>B	Karoliniškės–Žvėrynas–Stotis	1197	NULL	NULL	NULL	NULL	NULL	NULL	NULL	1	Troleibusai	1	05		1229	NULL	NULL	NULL
missed	662892	B>A	Stotis–Žvėrynas–Karoliniškės	1230	NULL	NULL	NULL	NULL	NULL	NULL	NULL	1	Troleibusai	1	05		1263	NULL	NULL	NULL
missed	662892	A>B	Karoliniškės–Žvėrynas–Stotis	1271	NULL	NULL	NULL	NULL	NULL	NULL	NULL	1	Troleibusai	1	05		1303	NULL	NULL	NULL
missed	662892	B>A	Stotis–Žvėrynas–Karoliniškės	1304	NULL	NULL	NULL	NULL	NULL	NULL	NULL	1	Troleibusai	1	05		1337	NULL	NULL	NULL
delay	780540	A>B	Karoliniškės–Žvėrynas–Stotis	364	357	-7.5999999	Pamėnkalnio st.	377.70001	-6.3000002	Kęstučio st.	373.5	1	Troleibusai	1	06	3-2466	396	388	1	1
delay	780540	B>A	Stotis–Žvėrynas–Karoliniškės	397	392	-5.6999998	Stotis	391.39999	-3.0999999	Teodoro Narbuto st.	416.10001	1	Troleibusai	1	06	3-2466	432	428	1	1
delay	780540	A>B	Karoliniškės–Žvėrynas–Stotis	446	445	-0.1	Atminties st.	447.60001	7	Liubarto tiltas	472.20001	1	Troleibusai	1	06	3-2466	481	486	1	1
delay	780540	B>A	Stotis–Žvėrynas–Karoliniškės	483	488	3.5	Ugniagesių st.	517.20001	6.4000001	Latvių st.	505.89999	1	Troleibusai	1	06	3-2466	518	522	1	1
delay	780540	A>B	Karoliniškės–Žvėrynas–Stotis	538	530	-8.1999998	Atminties st.	531.29999	-5.1999998	Trakų st.	559.40002	1	Troleibusai	1	06	3-2466	571	565	1	1
delay	780540	B>A	Stotis–Žvėrynas–Karoliniškės	572	567	-5.4000001	Stotis	566.70001	-3	Latvių st.	585.5	1	Troleibusai	1	06	3-2466	605	601	1	1
missed	662893	A>B	Karoliniškės–Žvėrynas–Stotis	638	NULL	NULL	NULL	NULL	NULL	NULL	NULL	1	Troleibusai	1	06		671	NULL	NULL	NULL
missed	662893	B>A	Stotis–Žvėrynas–Karoliniškės	672	NULL	NULL	NULL	NULL	NULL	NULL	NULL	1	Troleibusai	1	06		705	NULL	NULL	NULL
missed	662893	A>B	Karoliniškės–Žvėrynas–Stotis	717	NULL	NULL	NULL	NULL	NULL	NULL	NULL	1	Troleibusai	1	06		750	NULL	NULL	NULL
missed	662893	B>A	Stotis–Žvėrynas–Karoliniškės	751	NULL	NULL	NULL	NULL	NULL	NULL	NULL	1	Troleibusai	1	06		784	NULL	NULL	NULL
missed	662893	A>B	Karoliniškės–Žvėrynas–Stotis	793	NULL	NULL	NULL	NULL	NULL	NULL	NULL	1	Troleibusai	1	06		826	NULL	NULL	NULL
missed	662893	B>A	Stotis–Žvėrynas–Karoliniškės	827	NULL	NULL	NULL	NULL	NULL	NULL	NULL	1	Troleibusai	1	06		860	NULL	NULL	NULL
missed	662893	A>B	Karoliniškės–Žvėrynas–Stotis	871	NULL	NULL	NULL	NULL	NULL	NULL	NULL	1	Troleibusai	1	06		904	NULL	NULL	NULL
missed	662893	B>A	Stotis–Žvėrynas–Karoliniškės	905	NULL	NULL	NULL	NULL	NULL	NULL	NULL	1	Troleibusai	1	06		938	NULL	NULL	NULL
missed	662893	A>B	Karoliniškės–Žvėrynas–Stotis	949	NULL	NULL	NULL	NULL	NULL	NULL	NULL	1	Troleibusai	1	06		982	NULL	NULL	NULL
missed	662893	B>A	Stotis–Žvėrynas–Karoliniškės	983	NULL	NULL	NULL	NULL	NULL	NULL	NULL	1	Troleibusai	1	06		1020	NULL	NULL	NULL
missed	662893	A>B	Karoliniškės–Žvėrynas–Stotis	1037	NULL	NULL	NULL	NULL	NULL	NULL	NULL	1	Troleibusai	1	06		1070	NULL	NULL	NULL
missed	662893	B>A	Stotis–Žvėrynas–Karoliniškės	1071	NULL	NULL	NULL	NULL	NULL	NULL	NULL	1	Troleibusai	1	06		1109	NULL	NULL	NULL
missed	662893	A>B	Karoliniškės–Žvėrynas–Stotis	1144	NULL	NULL	NULL	NULL	NULL	NULL	NULL	1	Troleibusai	1	06		1176	NULL	NULL	NULL
missed	662893	B>A	Stotis–Žvėrynas–Karoliniškės	1177	NULL	NULL	NULL	NULL	NULL	NULL	NULL	1	Troleibusai	1	06		1211	NULL	NULL	NULL
missed	662893	A>B	Karoliniškės–Žvėrynas–Stotis	1231	NULL	NULL	NULL	NULL	NULL	NULL	NULL	1	Troleibusai	1	06		1263	NULL	NULL	NULL
missed	662893	B>A	Stotis–Žvėrynas–Karoliniškės	1264	NULL	NULL	NULL	NULL	NULL	NULL	NULL	1	Troleibusai	1	06		1297	NULL	NULL	NULL
missed	662893	A>B	Karoliniškės–Žvėrynas–Stotis	1314	NULL	NULL	NULL	NULL	NULL	NULL	NULL	1	Troleibusai	1	06		1346	NULL	NULL	NULL
missed	662893	B>A	Stotis–Žvėrynas–Karoliniškės	1347	NULL	NULL	NULL	NULL	NULL	NULL	NULL	1	Troleibusai	1	06		1380	NULL	NULL	NULL
delay	780503	A>B	Saulėtekis–Kalvarijų g.–Naujininkai	320	324	2.5999999	Prūsų st.	367	4.5999999	Kareivių st.	339.20001	10	Troleibusai	10	01	3-2621	366	368	1	1
delay	780503	B>A	Naujininkai–Kalvarijų g.–Saulėtekis	373	375	-0.1	Žaliasis tiltas	391.39999	1.8	Prūsų st.	375.89999	10	Troleibusai	10	01	3-2621	415	416	0	0
delay	780503	A>B	Saulėtekis–Kalvarijų g.–Naujininkai	420	428	7.8000002	Gedimino technikos universitetas	430.20001	11.3	Žalgirio st.	457.29999	10	Troleibusai	10	01	3-2621	471	480	1	1
delay	780503	B>A	Naujininkai–Kalvarijų g.–Saulėtekis	478	491	10.3	Žaliasis tiltas	506.89999	12.7	Prūsų st.	491.70001	10	Troleibusai	10	01	3-2621	524	535	1	1
missed	662985	A>B	Saulėtekis–Kalvarijų g.–Naujininkai	559	NULL	NULL	NULL	NULL	NULL	NULL	NULL	10	Troleibusai	10	01		609	NULL	NULL	NULL
missed	662985	B>A	Naujininkai–Kalvarijų g.–Saulėtekis	618	NULL	NULL	NULL	NULL	NULL	NULL	NULL	10	Troleibusai	10	01		664	NULL	NULL	NULL
missed	662985	A>B	Saulėtekis–Kalvarijų g.–Naujininkai	679	NULL	NULL	NULL	NULL	NULL	NULL	NULL	10	Troleibusai	10	01		729	NULL	NULL	NULL
missed	662985	B>A	Naujininkai–Kalvarijų g.–Saulėtekis	735	NULL	NULL	NULL	NULL	NULL	NULL	NULL	10	Troleibusai	10	01		781	NULL	NULL	NULL
missed	662985	A>B	Saulėtekis–Kalvarijų g.–Naujininkai	789	NULL	NULL	NULL	NULL	NULL	NULL	NULL	10	Troleibusai	10	01		839	NULL	NULL	NULL
missed	662985	B>A	Naujininkai–Kalvarijų g.–Saulėtekis	853	NULL	NULL	NULL	NULL	NULL	NULL	NULL	10	Troleibusai	10	01		899	NULL	NULL	NULL
missed	662985	A>B	Saulėtekis–Kalvarijų g.–Naujininkai	904	NULL	NULL	NULL	NULL	NULL	NULL	NULL	10	Troleibusai	10	01		954	NULL	NULL	NULL
missed	662985	B>A	Naujininkai–Kalvarijų g.–Saulėtekis	963	NULL	NULL	NULL	NULL	NULL	NULL	NULL	10	Troleibusai	10	01		1013	NULL	NULL	NULL
missed	662985	A>B	Saulėtekis–Kalvarijų g.–Naujininkai	1022	NULL	NULL	NULL	NULL	NULL	NULL	NULL	10	Troleibusai	10	01		1074	NULL	NULL	NULL
missed	662985	B>A	Naujininkai–Kalvarijų g.–Saulėtekis	1082	NULL	NULL	NULL	NULL	NULL	NULL	NULL	10	Troleibusai	10	01		1133	NULL	NULL	NULL
missed	662985	A>B	Saulėtekis–Kalvarijų g.–Naujininkai	1173	NULL	NULL	NULL	NULL	NULL	NULL	NULL	10	Troleibusai	10	01		1221	NULL	NULL	NULL
missed	662985	B>A	Naujininkai–Kalvarijų g.–Saulėtekis	1227	NULL	NULL	NULL	NULL	NULL	NULL	NULL	10	Troleibusai	10	01		1269	NULL	NULL	NULL
missed	662985	A>B	Saulėtekis–Kalvarijų g.–Naujininkai	1274	NULL	NULL	NULL	NULL	NULL	NULL	NULL	10	Troleibusai	10	01		1320	NULL	NULL	NULL
missed	662985	B>A	Naujininkai–Kalvarijų g.–Saulėtekis	1327	NULL	NULL	NULL	NULL	NULL	NULL	NULL	10	Troleibusai	10	01		1369	NULL	NULL	NULL
delay	780629	A>B	Saulėtekis–Kalvarijų g.–Naujininkai	429	451	21.5	Gedimino technikos universitetas	452.89999	26.4	Kareivių st.	470	10	Troleibusai	10	02	3-2733	480	504	1	1
delay	780629	B>A	Naujininkai–Kalvarijų g.–Saulėtekis	487	514	24.9	Žaliasis tiltas	530.40002	26.9	Lizdeikos st.	549.40002	10	Troleibusai	10	02	3-2733	533	558	1	1
delay	780629	A>B	Saulėtekis–Kalvarijų g.–Naujininkai	539	566	25.9	Pramogų arena	584.70001	28.700001	Tauragnų st.	589.70001	10	Troleibusai	10	02	3-2733	589	602	1	1
missed	662986	B>A	Naujininkai–Kalvarijų g.–Saulėtekis	594	NULL	NULL	NULL	NULL	NULL	NULL	NULL	10	Troleibusai	10	02		640	NULL	NULL	NULL
missed	662986	A>B	Saulėtekis–Kalvarijų g.–Naujininkai	947	NULL	NULL	NULL	NULL	NULL	NULL	NULL	10	Troleibusai	10	02		999	NULL	NULL	NULL
missed	662986	B>A	Naujininkai–Kalvarijų g.–Saulėtekis	1008	NULL	NULL	NULL	NULL	NULL	NULL	NULL	10	Troleibusai	10	02		1059	NULL	NULL	NULL
missed	662986	A>B	Saulėtekis–Kalvarijų g.–Naujininkai	1076	NULL	NULL	NULL	NULL	NULL	NULL	NULL	10	Troleibusai	10	02		1128	NULL	NULL	NULL
missed	662986	B>A	Naujininkai–Kalvarijų g.–Saulėtekis	1134	NULL	NULL	NULL	NULL	NULL	NULL	NULL	10	Troleibusai	10	02		1177	NULL	NULL	NULL
delay	780487	A>B	Saulėtekis–Kalvarijų g.–Naujininkai	336	335	-2.8	„Sparta“	375.10001	-0.80000001	Senoji plytinė	336.20001	10	Troleibusai	10	03	3-2663	382	379	0	0
delay	780487	B>A	Naujininkai–Kalvarijų g.–Saulėtekis	387	388	0.5	Taraso Ševčenkos st.	394	3.4000001	Lizdeikos st.	423.89999	10	Troleibusai	10	03	3-2663	431	433	1	0
delay	780487	A>B	Saulėtekis–Kalvarijų g.–Naujininkai	439	437	-2.5	Lizdeikos st.	446.60001	2	Žalgirio st.	467	10	Troleibusai	10	03	3-2663	492	490	0	0
delay	780487	B>A	Naujininkai–Kalvarijų g.–Saulėtekis	498	503	4.1999998	Gedimino technikos universitetas	545.59998	5.5999999	Kalvarijų turgus	524.90002	10	Troleibusai	10	03	3-2663	544	548	1	1
missed	662987	A>B	Saulėtekis–Kalvarijų g.–Naujininkai	582	NULL	NULL	NULL	NULL	NULL	NULL	NULL	10	Troleibusai	10	03		632	NULL	NULL	NULL
missed	662987	B>A	Naujininkai–Kalvarijų g.–Saulėtekis	638	NULL	NULL	NULL	NULL	NULL	NULL	NULL	10	Troleibusai	10	03		684	NULL	NULL	NULL
missed	662987	A>B	Saulėtekis–Kalvarijų g.–Naujininkai	695	NULL	NULL	NULL	NULL	NULL	NULL	NULL	10	Troleibusai	10	03		745	NULL	NULL	NULL
missed	662987	B>A	Naujininkai–Kalvarijų g.–Saulėtekis	751	NULL	NULL	NULL	NULL	NULL	NULL	NULL	10	Troleibusai	10	03		797	NULL	NULL	NULL
missed	662987	A>B	Saulėtekis–Kalvarijų g.–Naujininkai	803	NULL	NULL	NULL	NULL	NULL	NULL	NULL	10	Troleibusai	10	03		853	NULL	NULL	NULL
missed	662987	B>A	Naujininkai–Kalvarijų g.–Saulėtekis	863	NULL	NULL	NULL	NULL	NULL	NULL	NULL	10	Troleibusai	10	03		909	NULL	NULL	NULL
missed	662987	A>B	Saulėtekis–Kalvarijų g.–Naujininkai	915	NULL	NULL	NULL	NULL	NULL	NULL	NULL	10	Troleibusai	10	03		965	NULL	NULL	NULL
missed	662987	B>A	Naujininkai–Kalvarijų g.–Saulėtekis	975	NULL	NULL	NULL	NULL	NULL	NULL	NULL	10	Troleibusai	10	03		1025	NULL	NULL	NULL
missed	662987	A>B	Saulėtekis–Kalvarijų g.–Naujininkai	1035	NULL	NULL	NULL	NULL	NULL	NULL	NULL	10	Troleibusai	10	03		1087	NULL	NULL	NULL
missed	662987	B>A	Naujininkai–Kalvarijų g.–Saulėtekis	1099	NULL	NULL	NULL	NULL	NULL	NULL	NULL	10	Troleibusai	10	03		1149	NULL	NULL	NULL
missed	662987	A>B	Saulėtekis–Kalvarijų g.–Naujininkai	1190	NULL	NULL	NULL	NULL	NULL	NULL	NULL	10	Troleibusai	10	03		1237	NULL	NULL	NULL
missed	662987	B>A	Naujininkai–Kalvarijų g.–Saulėtekis	1242	NULL	NULL	NULL	NULL	NULL	NULL	NULL	10	Troleibusai	10	03		1284	NULL	NULL	NULL
missed	662987	A>B	Saulėtekis–Kalvarijų g.–Naujininkai	1291	NULL	NULL	NULL	NULL	NULL	NULL	NULL	10	Troleibusai	10	03		1337	NULL	NULL	NULL
missed	662987	B>A	Naujininkai–Kalvarijų g.–Saulėtekis	1346	NULL	NULL	NULL	NULL	NULL	NULL	NULL	10	Troleibusai	10	03		1388	NULL	NULL	NULL
delay	780613	A>B	Saulėtekis–Kalvarijų g.–Naujininkai	453	508	54.5	Pramogų arena	527.29999	59.599998	Žalgirio st.	538.59998	10	Troleibusai	10	04	3-1743	506	562	1	1
delay	780613	A>B	Saulėtekis–Kalvarijų g.–Naujininkai	453	398	-55.299999	Vilniaus universitetas	400.70001	-51	Žalgirio st.	428	10	Troleibusai	10	04	3-1743	506	453	1	1
delay	780613	B>A	Naujininkai–Kalvarijų g.–Saulėtekis	513	455	-58.400002	„Sparta“	458.5	-55.400002	Lizdeikos st.	493.10001	10	Troleibusai	10	04	3-1743	559	502	1	1
delay	780613	B>A	Naujininkai–Kalvarijų g.–Saulėtekis	513	568	54	Taraso Ševčenkos st.	573.40002	56.700001	Tauragnų st.	597.40002	10	Troleibusai	10	04	3-1743	559	602	1	1
missed	662982	A>B	Saulėtekis–Kalvarijų g.–Naujininkai	569	NULL	NULL	NULL	NULL	NULL	NULL	NULL	10	Troleibusai	10	04		619	NULL	NULL	NULL
missed	662982	B>A	Naujininkai–Kalvarijų g.–Saulėtekis	628	NULL	NULL	NULL	NULL	NULL	NULL	NULL	10	Troleibusai	10	04		674	NULL	NULL	NULL
missed	662982	A>B	Saulėtekis–Kalvarijų g.–Naujininkai	972	NULL	NULL	NULL	NULL	NULL	NULL	NULL	10	Troleibusai	10	04		1024	NULL	NULL	NULL
missed	662982	B>A	Naujininkai–Kalvarijų g.–Saulėtekis	1031	NULL	NULL	NULL	NULL	NULL	NULL	NULL	10	Troleibusai	10	04		1082	NULL	NULL	NULL
missed	662982	A>B	Saulėtekis–Kalvarijų g.–Naujininkai	1091	NULL	NULL	NULL	NULL	NULL	NULL	NULL	10	Troleibusai	10	04		1143	NULL	NULL	NULL
missed	662982	B>A	Naujininkai–Kalvarijų g.–Saulėtekis	1149	NULL	NULL	NULL	NULL	NULL	NULL	NULL	10	Troleibusai	10	04		1192	NULL	NULL	NULL
delay	780501	A>B	Saulėtekis–Kalvarijų g.–Naujininkai	371	387	15	Prūsų st.	430.89999	17.5	Žalgirio st.	412.5	10	Troleibusai	10	05	3-2037	418	432	1	1
delay	780501	B>A	Naujininkai–Kalvarijų g.–Saulėtekis	422	337	1440	NULL	0	-1440	NULL	0	10	Troleibusai	10	05	3-2037	468	379	0	1
delay	780501	B>A	Naujininkai–Kalvarijų g.–Saulėtekis	422	440	17.799999	Naujininkai	439.89999	20.5	Lizdeikos st.	478	10	Troleibusai	10	05	3-2037	468	487	1	1
delay	780501	A>B	Saulėtekis–Kalvarijų g.–Naujininkai	479	524	44.200001	Prūsų st.	572.5	45.599998	Žalgirio st.	550.59998	10	Troleibusai	10	05	3-2037	530	574	1	1
missed	662983	B>A	Naujininkai–Kalvarijų g.–Saulėtekis	538	NULL	NULL	NULL	NULL	NULL	NULL	NULL	10	Troleibusai	10	05		584	NULL	NULL	NULL
missed	662983	A>B	Saulėtekis–Kalvarijų g.–Naujininkai	620	NULL	NULL	NULL	NULL	NULL	NULL	NULL	10	Troleibusai	10	05		670	NULL	NULL	NULL
missed	662983	B>A	Naujininkai–Kalvarijų g.–Saulėtekis	675	NULL	NULL	NULL	NULL	NULL	NULL	NULL	10	Troleibusai	10	05		721	NULL	NULL	NULL
missed	662983	A>B	Saulėtekis–Kalvarijų g.–Naujininkai	726	NULL	NULL	NULL	NULL	NULL	NULL	NULL	10	Troleibusai	10	05		776	NULL	NULL	NULL
missed	662983	B>A	Naujininkai–Kalvarijų g.–Saulėtekis	781	NULL	NULL	NULL	NULL	NULL	NULL	NULL	10	Troleibusai	10	05		827	NULL	NULL	NULL
missed	662983	A>B	Saulėtekis–Kalvarijų g.–Naujininkai	834	NULL	NULL	NULL	NULL	NULL	NULL	NULL	10	Troleibusai	10	05		884	NULL	NULL	NULL
missed	662983	B>A	Naujininkai–Kalvarijų g.–Saulėtekis	896	NULL	NULL	NULL	NULL	NULL	NULL	NULL	10	Troleibusai	10	05		943	NULL	NULL	NULL
missed	662983	A>B	Saulėtekis–Kalvarijų g.–Naujininkai	957	NULL	NULL	NULL	NULL	NULL	NULL	NULL	10	Troleibusai	10	05		1009	NULL	NULL	NULL
missed	662983	B>A	Naujininkai–Kalvarijų g.–Saulėtekis	1017	NULL	NULL	NULL	NULL	NULL	NULL	NULL	10	Troleibusai	10	05		1068	NULL	NULL	NULL
missed	662983	A>B	Saulėtekis–Kalvarijų g.–Naujininkai	1108	NULL	NULL	NULL	NULL	NULL	NULL	NULL	10	Troleibusai	10	05		1159	NULL	NULL	NULL
missed	662983	B>A	Naujininkai–Kalvarijų g.–Saulėtekis	1164	NULL	NULL	NULL	NULL	NULL	NULL	NULL	10	Troleibusai	10	05		1206	NULL	NULL	NULL
missed	662983	A>B	Saulėtekis–Kalvarijų g.–Naujininkai	1215	NULL	NULL	NULL	NULL	NULL	NULL	NULL	10	Troleibusai	10	05		1262	NULL	NULL	NULL
missed	662983	B>A	Naujininkai–Kalvarijų g.–Saulėtekis	1267	NULL	NULL	NULL	NULL	NULL	NULL	NULL	10	Troleibusai	10	05		1309	NULL	NULL	NULL
missed	662983	A>B	Saulėtekis–Kalvarijų g.–Naujininkai	1324	NULL	NULL	NULL	NULL	NULL	NULL	NULL	10	Troleibusai	10	05		1370	NULL	NULL	NULL
missed	662983	B>A	Naujininkai–Kalvarijų g.–Saulėtekis	1374	NULL	NULL	NULL	NULL	NULL	NULL	NULL	10	Troleibusai	10	05		1416	NULL	NULL	NULL
delay	780538	A>B	Saulėtekis–Kalvarijų g.–Naujininkai	355	346	-10.5	Pramogų arena	363.29999	-8.8000002	Žaliasis tiltas	373.79999	10	Troleibusai	10	06	3-3076	402	392	1	1
delay	780538	B>A	Naujininkai–Kalvarijų g.–Saulėtekis	407	400	-11.1	Pramogų arena	425.89999	-6.6999998	„Sparta“	404.10001	10	Troleibusai	10	06	3-3076	453	443	1	1
delay	780538	A>B	Saulėtekis–Kalvarijų g.–Naujininkai	464	463	-1.3	Gedimino technikos universitetas	465	3.5	„Sparta“	514.20001	10	Troleibusai	10	06	3-3076	515	517	1	0
delay	780538	B>A	Naujininkai–Kalvarijų g.–Saulėtekis	521	524	-0.2	Pramogų arena	550.79999	3.0999999	Lizdeikos st.	559.59998	10	Troleibusai	10	06	3-3076	567	569	1	0
missed	662989	A>B	Saulėtekis–Kalvarijų g.–Naujininkai	598	NULL	NULL	NULL	NULL	NULL	NULL	NULL	10	Troleibusai	10	06		648	NULL	NULL	NULL
missed	662989	B>A	Naujininkai–Kalvarijų g.–Saulėtekis	656	NULL	NULL	NULL	NULL	NULL	NULL	NULL	10	Troleibusai	10	06		702	NULL	NULL	NULL
missed	662989	A>B	Saulėtekis–Kalvarijų g.–Naujininkai	710	NULL	NULL	NULL	NULL	NULL	NULL	NULL	10	Troleibusai	10	06		760	NULL	NULL	NULL
missed	662989	B>A	Naujininkai–Kalvarijų g.–Saulėtekis	765	NULL	NULL	NULL	NULL	NULL	NULL	NULL	10	Troleibusai	10	06		811	NULL	NULL	NULL
missed	662989	A>B	Saulėtekis–Kalvarijų g.–Naujininkai	818	NULL	NULL	NULL	NULL	NULL	NULL	NULL	10	Troleibusai	10	06		868	NULL	NULL	NULL
missed	662989	B>A	Naujininkai–Kalvarijų g.–Saulėtekis	883	NULL	NULL	NULL	NULL	NULL	NULL	NULL	10	Troleibusai	10	06		930	NULL	NULL	NULL
missed	662989	A>B	Saulėtekis–Kalvarijų g.–Naujininkai	939	NULL	NULL	NULL	NULL	NULL	NULL	NULL	10	Troleibusai	10	06		990	NULL	NULL	NULL
missed	662989	B>A	Naujininkai–Kalvarijų g.–Saulėtekis	997	NULL	NULL	NULL	NULL	NULL	NULL	NULL	10	Troleibusai	10	06		1048	NULL	NULL	NULL
missed	662989	A>B	Saulėtekis–Kalvarijų g.–Naujininkai	1057	NULL	NULL	NULL	NULL	NULL	NULL	NULL	10	Troleibusai	10	06		1109	NULL	NULL	NULL
missed	662989	B>A	Naujininkai–Kalvarijų g.–Saulėtekis	1122	NULL	NULL	NULL	NULL	NULL	NULL	NULL	10	Troleibusai	10	06		1166	NULL	NULL	NULL
missed	662989	A>B	Saulėtekis–Kalvarijų g.–Naujininkai	1203	NULL	NULL	NULL	NULL	NULL	NULL	NULL	10	Troleibusai	10	06		1250	NULL	NULL	NULL
missed	662989	B>A	Naujininkai–Kalvarijų g.–Saulėtekis	1255	NULL	NULL	NULL	NULL	NULL	NULL	NULL	10	Troleibusai	10	06		1297	NULL	NULL	NULL
missed	662989	A>B	Saulėtekis–Kalvarijų g.–Naujininkai	1308	NULL	NULL	NULL	NULL	NULL	NULL	NULL	10	Troleibusai	10	06		1354	NULL	NULL	NULL
missed	662989	B>A	Naujininkai–Kalvarijų g.–Saulėtekis	1361	NULL	NULL	NULL	NULL	NULL	NULL	NULL	10	Troleibusai	10	06		1403	NULL	NULL	NULL
missed	662984	B>A	Naujininkai–Kalvarijų g.–Saulėtekis	338	NULL	NULL	NULL	NULL	NULL	NULL	NULL	10	Troleibusai	10	07		380	NULL	NULL	NULL
delay	780462	A>B	Saulėtekis–Kalvarijų g.–Naujininkai	390	361	-29.6	Pramogų arena	379.20001	-27.1	„Sparta“	405.60001	10	Troleibusai	10	07	3-802	437	410	1	1
delay	780462	A>B	Saulėtekis–Kalvarijų g.–Naujininkai	390	474	1440	NULL	0	-1440	NULL	0	10	Troleibusai	10	07	3-802	437	525	0	1
delay	780462	B>A	Naujininkai–Kalvarijų g.–Saulėtekis	443	532	1440	NULL	0	-1440	NULL	0	10	Troleibusai	10	07	3-802	489	578	0	1
delay	780462	B>A	Naujininkai–Kalvarijų g.–Saulėtekis	443	416	-28.5	Giedraičių st.	440.29999	-24.9	Lizdeikos st.	453.60001	10	Troleibusai	10	07	3-802	489	462	1	1
missed	662984	A>B	Saulėtekis–Kalvarijų g.–Naujininkai	526	NULL	NULL	NULL	NULL	NULL	NULL	NULL	10	Troleibusai	10	07		576	NULL	NULL	NULL
missed	662984	B>A	Naujininkai–Kalvarijų g.–Saulėtekis	581	NULL	NULL	NULL	NULL	NULL	NULL	NULL	10	Troleibusai	10	07		627	NULL	NULL	NULL
missed	662984	A>B	Saulėtekis–Kalvarijų g.–Naujininkai	632	NULL	NULL	NULL	NULL	NULL	NULL	NULL	10	Troleibusai	10	07		682	NULL	NULL	NULL
missed	662984	B>A	Naujininkai–Kalvarijų g.–Saulėtekis	688	NULL	NULL	NULL	NULL	NULL	NULL	NULL	10	Troleibusai	10	07		734	NULL	NULL	NULL
missed	662984	A>B	Saulėtekis–Kalvarijų g.–Naujininkai	740	NULL	NULL	NULL	NULL	NULL	NULL	NULL	10	Troleibusai	10	07		790	NULL	NULL	NULL
missed	662984	B>A	Naujininkai–Kalvarijų g.–Saulėtekis	797	NULL	NULL	NULL	NULL	NULL	NULL	NULL	10	Troleibusai	10	07		843	NULL	NULL	NULL
missed	662984	A>B	Saulėtekis–Kalvarijų g.–Naujininkai	857	NULL	NULL	NULL	NULL	NULL	NULL	NULL	10	Troleibusai	10	07		907	NULL	NULL	NULL
missed	662984	B>A	Naujininkai–Kalvarijų g.–Saulėtekis	914	NULL	NULL	NULL	NULL	NULL	NULL	NULL	10	Troleibusai	10	07		961	NULL	NULL	NULL
missed	662984	A>B	Saulėtekis–Kalvarijų g.–Naujininkai	981	NULL	NULL	NULL	NULL	NULL	NULL	NULL	10	Troleibusai	10	07		1033	NULL	NULL	NULL
missed	662984	B>A	Naujininkai–Kalvarijų g.–Saulėtekis	1039	NULL	NULL	NULL	NULL	NULL	NULL	NULL	10	Troleibusai	10	07		1090	NULL	NULL	NULL
missed	662984	A>B	Saulėtekis–Kalvarijų g.–Naujininkai	1125	NULL	NULL	NULL	NULL	NULL	NULL	NULL	10	Troleibusai	10	07		1173	NULL	NULL	NULL
missed	662984	B>A	Naujininkai–Kalvarijų g.–Saulėtekis	1180	NULL	NULL	NULL	NULL	NULL	NULL	NULL	10	Troleibusai	10	07		1222	NULL	NULL	NULL
missed	662984	A>B	Saulėtekis–Kalvarijų g.–Naujininkai	1228	NULL	NULL	NULL	NULL	NULL	NULL	NULL	10	Troleibusai	10	07		1275	NULL	NULL	NULL
missed	662984	B>A	Naujininkai–Kalvarijų g.–Saulėtekis	1280	NULL	NULL	NULL	NULL	NULL	NULL	NULL	10	Troleibusai	10	07		1322	NULL	NULL	NULL
delay	780616	A>B	Saulėtekis–Kalvarijų g.–Naujininkai	399	421	22.200001	Senoji plytinė	422.39999	26.9	Žalgirio st.	449.89999	10	Troleibusai	10	08	3-746	448	473	1	1
delay	780616	B>A	Naujininkai–Kalvarijų g.–Saulėtekis	453	478	24.200001	Žaliasis tiltas	495.70001	27.299999	Lizdeikos st.	515.79999	10	Troleibusai	10	08	3-746	499	525	1	1
delay	780616	A>B	Saulėtekis–Kalvarijų g.–Naujininkai	508	533	25.5	Gedimino technikos universitetas	535.70001	28.5	Žalgirio st.	562.5	10	Troleibusai	10	08	3-746	559	584	1	1
missed	662991	B>A	Naujininkai–Kalvarijų g.–Saulėtekis	564	NULL	NULL	NULL	NULL	NULL	NULL	NULL	10	Troleibusai	10	08		610	NULL	NULL	NULL
missed	662991	A>B	Saulėtekis–Kalvarijų g.–Naujininkai	929	NULL	NULL	NULL	NULL	NULL	NULL	NULL	10	Troleibusai	10	08		979	NULL	NULL	NULL
missed	662991	B>A	Naujininkai–Kalvarijų g.–Saulėtekis	985	NULL	NULL	NULL	NULL	NULL	NULL	NULL	10	Troleibusai	10	08		1035	NULL	NULL	NULL
missed	662991	A>B	Saulėtekis–Kalvarijų g.–Naujininkai	1045	NULL	NULL	NULL	NULL	NULL	NULL	NULL	10	Troleibusai	10	08		1097	NULL	NULL	NULL
missed	662991	B>A	Naujininkai–Kalvarijų g.–Saulėtekis	1110	NULL	NULL	NULL	NULL	NULL	NULL	NULL	10	Troleibusai	10	08		1156	NULL	NULL	NULL
delay	780521	B>A	Naujininkai–Kalvarijų g.–Saulėtekis	356	356	-0.5	Verkių st.	385.39999	1.2	Saulėtekis	395.39999	10	Troleibusai	10	09	3-1283	398	399	0	0
delay	780521	A>B	Saulėtekis–Kalvarijų g.–Naujininkai	407	410	1.6	Tauragnų st.	431.70001	3.3	„Sparta“	457	10	Troleibusai	10	09	3-1283	458	461	1	1
delay	780521	B>A	Naujininkai–Kalvarijų g.–Saulėtekis	466	467	0.5	„Sparta“	470.39999	3.5999999	Saulėtekis	510.79999	10	Troleibusai	10	09	3-1283	512	515	1	0
delay	780521	A>B	Saulėtekis–Kalvarijų g.–Naujininkai	550	548	-2.3	Pramogų arena	567.5	1.8	Žalgirio st.	576.79999	10	Troleibusai	10	09	3-1283	600	598	0	0
missed	662990	B>A	Naujininkai–Kalvarijų g.–Saulėtekis	607	NULL	NULL	NULL	NULL	NULL	NULL	NULL	10	Troleibusai	10	09		653	NULL	NULL	NULL
missed	662990	A>B	Saulėtekis–Kalvarijų g.–Naujininkai	659	NULL	NULL	NULL	NULL	NULL	NULL	NULL	10	Troleibusai	10	09		709	NULL	NULL	NULL
missed	662990	B>A	Naujininkai–Kalvarijų g.–Saulėtekis	716	NULL	NULL	NULL	NULL	NULL	NULL	NULL	10	Troleibusai	10	09		762	NULL	NULL	NULL
missed	662990	A>B	Saulėtekis–Kalvarijų g.–Naujininkai	774	NULL	NULL	NULL	NULL	NULL	NULL	NULL	10	Troleibusai	10	09		824	NULL	NULL	NULL
missed	662990	B>A	Naujininkai–Kalvarijų g.–Saulėtekis	834	NULL	NULL	NULL	NULL	NULL	NULL	NULL	10	Troleibusai	10	09		880	NULL	NULL	NULL
missed	662990	A>B	Saulėtekis–Kalvarijų g.–Naujininkai	890	NULL	NULL	NULL	NULL	NULL	NULL	NULL	10	Troleibusai	10	09		940	NULL	NULL	NULL
missed	662990	B>A	Naujininkai–Kalvarijų g.–Saulėtekis	945	NULL	NULL	NULL	NULL	NULL	NULL	NULL	10	Troleibusai	10	09		992	NULL	NULL	NULL
missed	662990	A>B	Saulėtekis–Kalvarijų g.–Naujininkai	1005	NULL	NULL	NULL	NULL	NULL	NULL	NULL	10	Troleibusai	10	09		1057	NULL	NULL	NULL
missed	662990	B>A	Naujininkai–Kalvarijų g.–Saulėtekis	1063	NULL	NULL	NULL	NULL	NULL	NULL	NULL	10	Troleibusai	10	09		1114	NULL	NULL	NULL
missed	662990	A>B	Saulėtekis–Kalvarijų g.–Naujininkai	1153	NULL	NULL	NULL	NULL	NULL	NULL	NULL	10	Troleibusai	10	09		1201	NULL	NULL	NULL
missed	662990	B>A	Naujininkai–Kalvarijų g.–Saulėtekis	1206	NULL	NULL	NULL	NULL	NULL	NULL	NULL	10	Troleibusai	10	09		1248	NULL	NULL	NULL
missed	662990	A>B	Saulėtekis–Kalvarijų g.–Naujininkai	1262	NULL	NULL	NULL	NULL	NULL	NULL	NULL	10	Troleibusai	10	09		1308	NULL	NULL	NULL
missed	662990	B>A	Naujininkai–Kalvarijų g.–Saulėtekis	1314	NULL	NULL	NULL	NULL	NULL	NULL	NULL	10	Troleibusai	10	09		1356	NULL	NULL	NULL
delay	780576	A>B	Saulėtekis–Kalvarijų g.–Naujininkai	381	373	-7.6999998	Gedimino technikos universitetas	375.70001	-2.5	„Sparta“	420.60001	10	Troleibusai	10	10	3-2532	428	424	1	1
delay	780576	B>A	Naujininkai–Kalvarijų g.–Saulėtekis	433	432	-2.5999999	Žaliasis tiltas	448.79999	0.60000002	Lizdeikos st.	469.10001	10	Troleibusai	10	10	3-2532	479	479	0	0
delay	780576	A>B	Saulėtekis–Kalvarijų g.–Naujininkai	494	492	-3.2	Pramogų arena	510.5	-0.1	Kalvarijų turgus	521.5	10	Troleibusai	10	10	3-2532	545	542	1	0
delay	780576	B>A	Naujininkai–Kalvarijų g.–Saulėtekis	554	550	-5.0999999	Operos ir baleto teatras	564.09998	-1.6	Lizdeikos st.	587.90002	10	Troleibusai	10	10	3-2532	600	597	1	1
missed	662988	A>B	Saulėtekis–Kalvarijų g.–Naujininkai	644	NULL	NULL	NULL	NULL	NULL	NULL	NULL	10	Troleibusai	10	10		694	NULL	NULL	NULL
missed	662988	B>A	Naujininkai–Kalvarijų g.–Saulėtekis	703	NULL	NULL	NULL	NULL	NULL	NULL	NULL	10	Troleibusai	10	10		749	NULL	NULL	NULL
missed	662988	A>B	Saulėtekis–Kalvarijų g.–Naujininkai	759	NULL	NULL	NULL	NULL	NULL	NULL	NULL	10	Troleibusai	10	10		809	NULL	NULL	NULL
missed	662988	B>A	Naujininkai–Kalvarijų g.–Saulėtekis	817	NULL	NULL	NULL	NULL	NULL	NULL	NULL	10	Troleibusai	10	10		863	NULL	NULL	NULL
missed	662988	A>B	Saulėtekis–Kalvarijų g.–Naujininkai	873	NULL	NULL	NULL	NULL	NULL	NULL	NULL	10	Troleibusai	10	10		923	NULL	NULL	NULL
missed	662988	B>A	Naujininkai–Kalvarijų g.–Saulėtekis	932	NULL	NULL	NULL	NULL	NULL	NULL	NULL	10	Troleibusai	10	10		979	NULL	NULL	NULL
missed	662988	A>B	Saulėtekis–Kalvarijų g.–Naujininkai	993	NULL	NULL	NULL	NULL	NULL	NULL	NULL	10	Troleibusai	10	10		1045	NULL	NULL	NULL
missed	662988	B>A	Naujininkai–Kalvarijų g.–Saulėtekis	1053	NULL	NULL	NULL	NULL	NULL	NULL	NULL	10	Troleibusai	10	10		1104	NULL	NULL	NULL
missed	662988	A>B	Saulėtekis–Kalvarijų g.–Naujininkai	1140	NULL	NULL	NULL	NULL	NULL	NULL	NULL	10	Troleibusai	10	10		1188	NULL	NULL	NULL
missed	662988	B>A	Naujininkai–Kalvarijų g.–Saulėtekis	1193	NULL	NULL	NULL	NULL	NULL	NULL	NULL	10	Troleibusai	10	10		1235	NULL	NULL	NULL
missed	662988	A>B	Saulėtekis–Kalvarijų g.–Naujininkai	1242	NULL	NULL	NULL	NULL	NULL	NULL	NULL	10	Troleibusai	10	10		1288	NULL	NULL	NULL
missed	662988	B>A	Naujininkai–Kalvarijų g.–Saulėtekis	1293	NULL	NULL	NULL	NULL	NULL	NULL	NULL	10	Troleibusai	10	10		1335	NULL	NULL	NULL
missed	662988	A>B	Saulėtekis–Kalvarijų g.–Naujininkai	1348	NULL	NULL	NULL	NULL	NULL	NULL	NULL	10	Troleibusai	10	10		1394	NULL	NULL	NULL
delay	780461	A>B	Žirmūnai–Šeimyniškių–J. Basanavičiaus g.–Žemieji Paneriai	298	298	-1	Reformatų st.	324.60001	0.1	Minties st.	308.89999	12	Troleibusai	12	01	3-126	346	345	0	0
delay	780461	B>A	Žemieji Paneriai–J. Basanavičiaus–Šeimyniškių g.–Žirmūnai	350	350	-1.2	Savanorių prospektas	364.39999	2	Šaltinėlio st.	400.10001	12	Troleibusai	12	01	3-126	399	401	0	0
delay	780461	A>B	Žirmūnai–Šeimyniškių–J. Basanavičiaus g.–Žemieji Paneriai	407	405	-4.8000002	Savanorių prospektas	442.60001	-0.2	Minties st.	417.5	12	Troleibusai	12	01	3-126	460	457	1	0
delay	780461	B>A	Žemieji Paneriai–J. Basanavičiaus–Šeimyniškių g.–Žirmūnai	465	463	-2	Ūmėdžių st.	464.10001	5.9000001	Gerosios Vilties st.	484.10001	12	Troleibusai	12	01	3-126	520	522	1	0
delay	780461	A>B	Žirmūnai–Šeimyniškių–J. Basanavičiaus g.–Žemieji Paneriai	554	553	-4.0999999	Simono Konarskio st.	587	-1.6	Žirmūnų seniūnija	556.09998	12	Troleibusai	12	01	3-126	607	603	1	1
missed	662996	B>A	Žemieji Paneriai–J. Basanavičiaus–Šeimyniškių g.–Žirmūnai	614	NULL	NULL	NULL	NULL	NULL	NULL	NULL	12	Troleibusai	12	01		666	NULL	NULL	NULL
missed	662996	A>B	Žirmūnai–Šeimyniškių–J. Basanavičiaus g.–Žemieji Paneriai	673	NULL	NULL	NULL	NULL	NULL	NULL	NULL	12	Troleibusai	12	01		726	NULL	NULL	NULL
missed	662996	B>A	Žemieji Paneriai–J. Basanavičiaus–Šeimyniškių g.–Žirmūnai	730	NULL	NULL	NULL	NULL	NULL	NULL	NULL	12	Troleibusai	12	01		782	NULL	NULL	NULL
missed	662996	A>B	Žirmūnai–Šeimyniškių–J. Basanavičiaus g.–Žemieji Paneriai	792	NULL	NULL	NULL	NULL	NULL	NULL	NULL	12	Troleibusai	12	01		845	NULL	NULL	NULL
missed	662996	B>A	Žemieji Paneriai–J. Basanavičiaus–Šeimyniškių g.–Žirmūnai	850	NULL	NULL	NULL	NULL	NULL	NULL	NULL	12	Troleibusai	12	01		902	NULL	NULL	NULL
missed	662996	A>B	Žirmūnai–Šeimyniškių–J. Basanavičiaus g.–Žemieji Paneriai	913	NULL	NULL	NULL	NULL	NULL	NULL	NULL	12	Troleibusai	12	01		966	NULL	NULL	NULL
missed	662996	B>A	Žemieji Paneriai–J. Basanavičiaus–Šeimyniškių g.–Žirmūnai	973	NULL	NULL	NULL	NULL	NULL	NULL	NULL	12	Troleibusai	12	01		1034	NULL	NULL	NULL
missed	662996	A>B	Žirmūnai–Šeimyniškių–J. Basanavičiaus g.–Žemieji Paneriai	1076	NULL	NULL	NULL	NULL	NULL	NULL	NULL	12	Troleibusai	12	01		1131	NULL	NULL	NULL
missed	662996	B>A	Žemieji Paneriai–J. Basanavičiaus–Šeimyniškių g.–Žirmūnai	1138	NULL	NULL	NULL	NULL	NULL	NULL	NULL	12	Troleibusai	12	01		1188	NULL	NULL	NULL
missed	662996	A>B	Žirmūnai–Šeimyniškių–J. Basanavičiaus g.–Žemieji Paneriai	1197	NULL	NULL	NULL	NULL	NULL	NULL	NULL	12	Troleibusai	12	01		1245	NULL	NULL	NULL
missed	662996	B>A	Žemieji Paneriai–J. Basanavičiaus–Šeimyniškių g.–Žirmūnai	1254	NULL	NULL	NULL	NULL	NULL	NULL	NULL	12	Troleibusai	12	01		1302	NULL	NULL	NULL
delay	780618	A>B	Žirmūnai–Šeimyniškių–J. Basanavičiaus g.–Žemieji Paneriai	416	415	-2.7	Simono Konarskio st.	451.39999	-0.2	Minties st.	427.5	12	Troleibusai	12	02	3-2707	470	467	0	0
delay	780618	B>A	Žemieji Paneriai–J. Basanavičiaus–Šeimyniškių g.–Žirmūnai	476	472	-3.8	Valkininkų st.	472.29999	6.3000002	Gerosios Vilties st.	495.60001	12	Troleibusai	12	02	3-2707	531	534	1	1
delay	780618	A>B	Žirmūnai–Šeimyniškių–J. Basanavičiaus g.–Žemieji Paneriai	540	538	-3.8	Algirdo st.	570.29999	-0.80000001	Kareivių st.	545.59998	12	Troleibusai	12	02	3-2707	593	590	1	0
missed	662998	B>A	Žemieji Paneriai–J. Basanavičiaus–Šeimyniškių g.–Žirmūnai	598	NULL	NULL	NULL	NULL	NULL	NULL	NULL	12	Troleibusai	12	02		650	NULL	NULL	NULL
missed	662998	A>B	Žirmūnai–Šeimyniškių–J. Basanavičiaus g.–Žemieji Paneriai	691	NULL	NULL	NULL	NULL	NULL	NULL	NULL	12	Troleibusai	12	02		744	NULL	NULL	NULL
missed	662998	B>A	Žemieji Paneriai–J. Basanavičiaus–Šeimyniškių g.–Žirmūnai	750	NULL	NULL	NULL	NULL	NULL	NULL	NULL	12	Troleibusai	12	02		802	NULL	NULL	NULL
missed	662998	A>B	Žirmūnai–Šeimyniškių–J. Basanavičiaus g.–Žemieji Paneriai	810	NULL	NULL	NULL	NULL	NULL	NULL	NULL	12	Troleibusai	12	02		863	NULL	NULL	NULL
missed	662998	B>A	Žemieji Paneriai–J. Basanavičiaus–Šeimyniškių g.–Žirmūnai	872	NULL	NULL	NULL	NULL	NULL	NULL	NULL	12	Troleibusai	12	02		925	NULL	NULL	NULL
missed	662998	A>B	Žirmūnai–Šeimyniškių–J. Basanavičiaus g.–Žemieji Paneriai	936	NULL	NULL	NULL	NULL	NULL	NULL	NULL	12	Troleibusai	12	02		989	NULL	NULL	NULL
missed	662998	B>A	Žemieji Paneriai–J. Basanavičiaus–Šeimyniškių g.–Žirmūnai	995	NULL	NULL	NULL	NULL	NULL	NULL	NULL	12	Troleibusai	12	02		1056	NULL	NULL	NULL
missed	662998	A>B	Žirmūnai–Šeimyniškių–J. Basanavičiaus g.–Žemieji Paneriai	1066	NULL	NULL	NULL	NULL	NULL	NULL	NULL	12	Troleibusai	12	02		1121	NULL	NULL	NULL
missed	662998	B>A	Žemieji Paneriai–J. Basanavičiaus–Šeimyniškių g.–Žirmūnai	1130	NULL	NULL	NULL	NULL	NULL	NULL	NULL	12	Troleibusai	12	02		1180	NULL	NULL	NULL
missed	662998	A>B	Žirmūnai–Šeimyniškių–J. Basanavičiaus g.–Žemieji Paneriai	1220	NULL	NULL	NULL	NULL	NULL	NULL	NULL	12	Troleibusai	12	02		1268	NULL	NULL	NULL
missed	662998	B>A	Žemieji Paneriai–J. Basanavičiaus–Šeimyniškių g.–Žirmūnai	1276	NULL	NULL	NULL	NULL	NULL	NULL	NULL	12	Troleibusai	12	02		1324	NULL	NULL	NULL
missed	662998	A>B	Žirmūnai–Šeimyniškių–J. Basanavičiaus g.–Žemieji Paneriai	1330	NULL	NULL	NULL	NULL	NULL	NULL	NULL	12	Troleibusai	12	02		1378	NULL	NULL	NULL
missed	662998	B>A	Žemieji Paneriai–J. Basanavičiaus–Šeimyniškių g.–Žirmūnai	1386	NULL	NULL	NULL	NULL	NULL	NULL	NULL	12	Troleibusai	12	02		1434	NULL	NULL	NULL
delay	780637	A>B	Žirmūnai–Šeimyniškių–J. Basanavičiaus g.–Žemieji Paneriai	436	437	0.69999999	Šaltinėlio st.	438	10.7	Pakalniškių st.	495.39999	12	Troleibusai	12	03	3-121	490	500	1	1
delay	780637	B>A	Žemieji Paneriai–J. Basanavičiaus–Šeimyniškių g.–Žirmūnai	500	502	-0.60000002	Minties st.	543.79999	5.1999998	Vilkpėdės st.	514.59998	12	Troleibusai	12	03	3-121	554	555	1	0
missed	662992	A>B	Žirmūnai–Šeimyniškių–J. Basanavičiaus g.–Žemieji Paneriai	568	NULL	NULL	NULL	NULL	NULL	NULL	NULL	12	Troleibusai	12	03		621	NULL	NULL	NULL
missed	662992	B>A	Žemieji Paneriai–J. Basanavičiaus–Šeimyniškių g.–Žirmūnai	625	NULL	NULL	NULL	NULL	NULL	NULL	NULL	12	Troleibusai	12	03		677	NULL	NULL	NULL
missed	662992	A>B	Žirmūnai–Šeimyniškių–J. Basanavičiaus g.–Žemieji Paneriai	956	NULL	NULL	NULL	NULL	NULL	NULL	NULL	12	Troleibusai	12	03		1010	NULL	NULL	NULL
missed	662992	B>A	Žemieji Paneriai–J. Basanavičiaus–Šeimyniškių g.–Žirmūnai	1018	NULL	NULL	NULL	NULL	NULL	NULL	NULL	12	Troleibusai	12	03		1079	NULL	NULL	NULL
missed	662992	A>B	Žirmūnai–Šeimyniškių–J. Basanavičiaus g.–Žemieji Paneriai	1088	NULL	NULL	NULL	NULL	NULL	NULL	NULL	12	Troleibusai	12	03		1142	NULL	NULL	NULL
missed	662992	B>A	Žemieji Paneriai–J. Basanavičiaus–Šeimyniškių g.–Žirmūnai	1150	NULL	NULL	NULL	NULL	NULL	NULL	NULL	12	Troleibusai	12	03		1200	NULL	NULL	NULL
delay	780485	A>B	Žirmūnai–Šeimyniškių–J. Basanavičiaus g.–Žemieji Paneriai	314	313	-1.9	Savanorių prospektas	348.39999	-1.2	Vinco Kudirkos aikštė	335.89999	12	Troleibusai	12	04	3-131	362	360	0	0
delay	780485	B>A	Žemieji Paneriai–J. Basanavičiaus–Šeimyniškių g.–Žirmūnai	369	368	-2.3	Simono Konarskio st.	385.5	0.1	Kareivių st.	413.39999	12	Troleibusai	12	04	3-131	418	417	0	0
delay	780485	A>B	Žirmūnai–Šeimyniškių–J. Basanavičiaus g.–Žemieji Paneriai	424	427	0.30000001	Simono Konarskio st.	462.29999	2.2	Minties st.	437.89999	12	Troleibusai	12	04	3-131	478	478	0	0
delay	780485	B>A	Žemieji Paneriai–J. Basanavičiaus–Šeimyniškių g.–Žirmūnai	489	486	-5.5	Šiaurės miestelis	531.5	0.69999999	Gerosios Vilties st.	502.89999	12	Troleibusai	12	04	3-131	544	539	1	1
missed	662999	A>B	Žirmūnai–Šeimyniškių–J. Basanavičiaus g.–Žemieji Paneriai	587	NULL	NULL	NULL	NULL	NULL	NULL	NULL	12	Troleibusai	12	04		640	NULL	NULL	NULL
missed	662999	B>A	Žemieji Paneriai–J. Basanavičiaus–Šeimyniškių g.–Žirmūnai	645	NULL	NULL	NULL	NULL	NULL	NULL	NULL	12	Troleibusai	12	04		697	NULL	NULL	NULL
missed	662999	A>B	Žirmūnai–Šeimyniškių–J. Basanavičiaus g.–Žemieji Paneriai	707	NULL	NULL	NULL	NULL	NULL	NULL	NULL	12	Troleibusai	12	04		760	NULL	NULL	NULL
missed	662999	B>A	Žemieji Paneriai–J. Basanavičiaus–Šeimyniškių g.–Žirmūnai	766	NULL	NULL	NULL	NULL	NULL	NULL	NULL	12	Troleibusai	12	04		818	NULL	NULL	NULL
missed	662999	A>B	Žirmūnai–Šeimyniškių–J. Basanavičiaus g.–Žemieji Paneriai	828	NULL	NULL	NULL	NULL	NULL	NULL	NULL	12	Troleibusai	12	04		881	NULL	NULL	NULL
missed	662999	B>A	Žemieji Paneriai–J. Basanavičiaus–Šeimyniškių g.–Žirmūnai	888	NULL	NULL	NULL	NULL	NULL	NULL	NULL	12	Troleibusai	12	04		941	NULL	NULL	NULL
missed	662999	A>B	Žirmūnai–Šeimyniškių–J. Basanavičiaus g.–Žemieji Paneriai	947	NULL	NULL	NULL	NULL	NULL	NULL	NULL	12	Troleibusai	12	04		1001	NULL	NULL	NULL
missed	662999	B>A	Žemieji Paneriai–J. Basanavičiaus–Šeimyniškių g.–Žirmūnai	1008	NULL	NULL	NULL	NULL	NULL	NULL	NULL	12	Troleibusai	12	04		1069	NULL	NULL	NULL
missed	662999	A>B	Žirmūnai–Šeimyniškių–J. Basanavičiaus g.–Žemieji Paneriai	1110	NULL	NULL	NULL	NULL	NULL	NULL	NULL	12	Troleibusai	12	04		1163	NULL	NULL	NULL
missed	662999	B>A	Žemieji Paneriai–J. Basanavičiaus–Šeimyniškių g.–Žirmūnai	1170	NULL	NULL	NULL	NULL	NULL	NULL	NULL	12	Troleibusai	12	04		1219	NULL	NULL	NULL
missed	662999	A>B	Žirmūnai–Šeimyniškių–J. Basanavičiaus g.–Žemieji Paneriai	1234	NULL	NULL	NULL	NULL	NULL	NULL	NULL	12	Troleibusai	12	04		1282	NULL	NULL	NULL
missed	662999	B>A	Žemieji Paneriai–J. Basanavičiaus–Šeimyniškių g.–Žirmūnai	1292	NULL	NULL	NULL	NULL	NULL	NULL	NULL	12	Troleibusai	12	04		1340	NULL	NULL	NULL
delay	780505	A>B	Žirmūnai–Šeimyniškių–J. Basanavičiaus g.–Žemieji Paneriai	329	330	-1.3	Algirdo st.	358.60001	0.69999999	Gerosios Vilties st.	367.10001	12	Troleibusai	12	05	3-3150	377	377	0	0
delay	780505	B>A	Žemieji Paneriai–J. Basanavičiaus–Šeimyniškių g.–Žirmūnai	383	385	1.4	Gerosios Vilties st.	397.70001	6.3000002	Šaltinėlio st.	439.5	12	Troleibusai	12	05	3-3150	434	440	1	1
delay	780505	A>B	Žirmūnai–Šeimyniškių–J. Basanavičiaus g.–Žemieji Paneriai	448	448	0.40000001	Šaltinėlio st.	449.60001	6.5	Riovonys	501.5	12	Troleibusai	12	05	3-3150	502	506	1	1
delay	780505	B>A	Žemieji Paneriai–J. Basanavičiaus–Šeimyniškių g.–Žirmūnai	509	510	0.40000001	Simono Konarskio st.	528.5	2.7	Vilkpėdės st.	521.09998	12	Troleibusai	12	05	3-3150	561	562	0	0
missed	662995	A>B	Žirmūnai–Šeimyniškių–J. Basanavičiaus g.–Žemieji Paneriai	602	NULL	NULL	NULL	NULL	NULL	NULL	NULL	12	Troleibusai	12	05		655	NULL	NULL	NULL
missed	662995	B>A	Žemieji Paneriai–J. Basanavičiaus–Šeimyniškių g.–Žirmūnai	659	NULL	NULL	NULL	NULL	NULL	NULL	NULL	12	Troleibusai	12	05		711	NULL	NULL	NULL
missed	662995	A>B	Žirmūnai–Šeimyniškių–J. Basanavičiaus g.–Žemieji Paneriai	721	NULL	NULL	NULL	NULL	NULL	NULL	NULL	12	Troleibusai	12	05		774	NULL	NULL	NULL
missed	662995	B>A	Žemieji Paneriai–J. Basanavičiaus–Šeimyniškių g.–Žirmūnai	780	NULL	NULL	NULL	NULL	NULL	NULL	NULL	12	Troleibusai	12	05		832	NULL	NULL	NULL
missed	662995	A>B	Žirmūnai–Šeimyniškių–J. Basanavičiaus g.–Žemieji Paneriai	843	NULL	NULL	NULL	NULL	NULL	NULL	NULL	12	Troleibusai	12	05		896	NULL	NULL	NULL
missed	662995	B>A	Žemieji Paneriai–J. Basanavičiaus–Šeimyniškių g.–Žirmūnai	903	NULL	NULL	NULL	NULL	NULL	NULL	NULL	12	Troleibusai	12	05		957	NULL	NULL	NULL
missed	662995	A>B	Žirmūnai–Šeimyniškių–J. Basanavičiaus g.–Žemieji Paneriai	968	NULL	NULL	NULL	NULL	NULL	NULL	NULL	12	Troleibusai	12	05		1022	NULL	NULL	NULL
missed	662995	B>A	Žemieji Paneriai–J. Basanavičiaus–Šeimyniškių g.–Žirmūnai	1036	NULL	NULL	NULL	NULL	NULL	NULL	NULL	12	Troleibusai	12	05		1097	NULL	NULL	NULL
missed	662995	A>B	Žirmūnai–Šeimyniškių–J. Basanavičiaus g.–Žemieji Paneriai	1133	NULL	NULL	NULL	NULL	NULL	NULL	NULL	12	Troleibusai	12	05		1183	NULL	NULL	NULL
missed	662995	B>A	Žemieji Paneriai–J. Basanavičiaus–Šeimyniškių g.–Žirmūnai	1193	NULL	NULL	NULL	NULL	NULL	NULL	NULL	12	Troleibusai	12	05		1241	NULL	NULL	NULL
missed	662995	A>B	Žirmūnai–Šeimyniškių–J. Basanavičiaus g.–Žemieji Paneriai	1249	NULL	NULL	NULL	NULL	NULL	NULL	NULL	12	Troleibusai	12	05		1297	NULL	NULL	NULL
missed	662995	B>A	Žemieji Paneriai–J. Basanavičiaus–Šeimyniškių g.–Žirmūnai	1306	NULL	NULL	NULL	NULL	NULL	NULL	NULL	12	Troleibusai	12	05		1354	NULL	NULL	NULL
delay	780525	A>B	Žirmūnai–Šeimyniškių–J. Basanavičiaus g.–Žemieji Paneriai	341	342	-0.60000002	Vaduvos st.	387.79999	1.1	Šaltinėlio st.	343.20001	12	Troleibusai	12	06Ž	3-3066	389	388	0	0
delay	780525	B>A	Žemieji Paneriai–J. Basanavičiaus–Šeimyniškių g.–Žirmūnai	396	395	-2.0999999	Žirmūnai	442.60001	2.4000001	Lvovo st.	431.20001	12	Troleibusai	12	06Ž	3-3066	450	448	0	0
delay	780525	A>B	Žirmūnai–Šeimyniškių–J. Basanavičiaus g.–Žemieji Paneriai	464	459	-5.5	Šaltinėlio st.	459.70001	-0.60000002	„Žalgirio“ stadionas	481.70001	12	Troleibusai	12	06Ž	3-3066	518	515	1	1
delay	780525	B>A	Žemieji Paneriai–J. Basanavičiaus–Šeimyniškių g.–Žirmūnai	524	524	0.1	Valkininkų st.	524.20001	5.5	„Žalgirio“ stadionas	565.29999	12	Troleibusai	12	06Ž	3-3066	576	581	1	1
missed	662997	A>B	Žirmūnai–Šeimyniškių–J. Basanavičiaus g.–Žemieji Paneriai	619	NULL	NULL	NULL	NULL	NULL	NULL	NULL	12	Troleibusai	12	06Ž		672	NULL	NULL	NULL
missed	662997	B>A	Žemieji Paneriai–J. Basanavičiaus–Šeimyniškių g.–Žirmūnai	677	NULL	NULL	NULL	NULL	NULL	NULL	NULL	12	Troleibusai	12	06Ž		729	NULL	NULL	NULL
missed	662997	A>B	Žirmūnai–Šeimyniškių–J. Basanavičiaus g.–Žemieji Paneriai	736	NULL	NULL	NULL	NULL	NULL	NULL	NULL	12	Troleibusai	12	06Ž		789	NULL	NULL	NULL
missed	662997	B>A	Žemieji Paneriai–J. Basanavičiaus–Šeimyniškių g.–Žirmūnai	797	NULL	NULL	NULL	NULL	NULL	NULL	NULL	12	Troleibusai	12	06Ž		849	NULL	NULL	NULL
missed	662997	A>B	Žirmūnai–Šeimyniškių–J. Basanavičiaus g.–Žemieji Paneriai	859	NULL	NULL	NULL	NULL	NULL	NULL	NULL	12	Troleibusai	12	06Ž		912	NULL	NULL	NULL
missed	662997	B>A	Žemieji Paneriai–J. Basanavičiaus–Šeimyniškių g.–Žirmūnai	920	NULL	NULL	NULL	NULL	NULL	NULL	NULL	12	Troleibusai	12	06Ž		976	NULL	NULL	NULL
missed	662997	A>B	Žirmūnai–Šeimyniškių–J. Basanavičiaus g.–Žemieji Paneriai	986	NULL	NULL	NULL	NULL	NULL	NULL	NULL	12	Troleibusai	12	06Ž		1040	NULL	NULL	NULL
missed	662997	B>A	Žemieji Paneriai–J. Basanavičiaus–Šeimyniškių g.–Žirmūnai	1048	NULL	NULL	NULL	NULL	NULL	NULL	NULL	12	Troleibusai	12	06Ž		1109	NULL	NULL	NULL
missed	662997	A>B	Žirmūnai–Šeimyniškių–J. Basanavičiaus g.–Žemieji Paneriai	1150	NULL	NULL	NULL	NULL	NULL	NULL	NULL	12	Troleibusai	12	06Ž		1199	NULL	NULL	NULL
missed	662997	B>A	Žemieji Paneriai–J. Basanavičiaus–Šeimyniškių g.–Žirmūnai	1206	NULL	NULL	NULL	NULL	NULL	NULL	NULL	12	Troleibusai	12	06Ž		1254	NULL	NULL	NULL
missed	662997	A>B	Žirmūnai–Šeimyniškių–J. Basanavičiaus g.–Žemieji Paneriai	1269	NULL	NULL	NULL	NULL	NULL	NULL	NULL	12	Troleibusai	12	06Ž		1317	NULL	NULL	NULL
missed	662997	B>A	Žemieji Paneriai–J. Basanavičiaus–Šeimyniškių g.–Žirmūnai	1325	NULL	NULL	NULL	NULL	NULL	NULL	NULL	12	Troleibusai	12	06Ž		1373	NULL	NULL	NULL
delay	780547	A>B	Žirmūnai–Šeimyniškių–J. Basanavičiaus g.–Žemieji Paneriai	354	353	-1.3	Vinco Kudirkos aikštė	378.10001	2	Gerosios Vilties st.	393.29999	12	Troleibusai	12	07	3-3106	402	404	0	0
delay	780547	B>A	Žemieji Paneriai–J. Basanavičiaus–Šeimyniškių g.–Žirmūnai	410	410	0.5	Valkininkų st.	410.60001	4.4000001	Reformatų st.	440.10001	12	Troleibusai	12	07	3-3106	465	468	1	0
delay	780547	A>B	Žirmūnai–Šeimyniškių–J. Basanavičiaus g.–Žemieji Paneriai	478	474	-3.8	Šaltinėlio st.	475.39999	0.30000001	Šeimyniškių st.	494.70001	12	Troleibusai	12	07	3-3106	532	529	1	1
delay	780547	B>A	Žemieji Paneriai–J. Basanavičiaus–Šeimyniškių g.–Žirmūnai	539	541	-0.40000001	Reformatų st.	564.40002	4.8000002	Žirmūnų seniūnija	594	12	Troleibusai	12	07	3-3106	591	596	1	1
missed	662993	A>B	Žirmūnai–Šeimyniškių–J. Basanavičiaus g.–Žemieji Paneriai	900	NULL	NULL	NULL	NULL	NULL	NULL	NULL	12	Troleibusai	12	07		953	NULL	NULL	NULL
missed	662993	B>A	Žemieji Paneriai–J. Basanavičiaus–Šeimyniškių g.–Žirmūnai	960	NULL	NULL	NULL	NULL	NULL	NULL	NULL	12	Troleibusai	12	07		1021	NULL	NULL	NULL
missed	662993	A>B	Žirmūnai–Šeimyniškių–J. Basanavičiaus g.–Žemieji Paneriai	1033	NULL	NULL	NULL	NULL	NULL	NULL	NULL	12	Troleibusai	12	07		1088	NULL	NULL	NULL
missed	662993	B>A	Žemieji Paneriai–J. Basanavičiaus–Šeimyniškių g.–Žirmūnai	1098	NULL	NULL	NULL	NULL	NULL	NULL	NULL	12	Troleibusai	12	07		1156	NULL	NULL	NULL
delay	780565	A>B	Žirmūnai–Šeimyniškių–J. Basanavičiaus g.–Žemieji Paneriai	369	368	-2.3	Tuskulėnų rimties parkas	379.5	2.0999999	Žemieji Paneriai	417.39999	12	Troleibusai	12	08	3-3297	417	419	0	0
delay	780565	B>A	Žemieji Paneriai–J. Basanavičiaus–Šeimyniškių g.–Žirmūnai	422	428	5.4000001	Tuskulėnų rimties parkas	469.89999	8.5	Lvovo st.	464.29999	12	Troleibusai	12	08	3-3297	477	484	1	1
delay	780565	A>B	Žirmūnai–Šeimyniškių–J. Basanavičiaus g.–Žemieji Paneriai	490	492	1.6	Šaltinėlio st.	492.79999	5.8000002	Riovonys	542.79999	12	Troleibusai	12	08	3-3297	544	548	1	1
delay	780565	B>A	Žemieji Paneriai–J. Basanavičiaus–Šeimyniškių g.–Žirmūnai	550	553	2.5	Savanorių prospektas	568	4.6999998	Lvovo st.	588.59998	12	Troleibusai	12	08	3-3297	602	602	1	1
missed	662994	A>B	Žirmūnai–Šeimyniškių–J. Basanavičiaus g.–Žemieji Paneriai	637	NULL	NULL	NULL	NULL	NULL	NULL	NULL	12	Troleibusai	12	08		690	NULL	NULL	NULL
missed	662994	B>A	Žemieji Paneriai–J. Basanavičiaus–Šeimyniškių g.–Žirmūnai	696	NULL	NULL	NULL	NULL	NULL	NULL	NULL	12	Troleibusai	12	08		748	NULL	NULL	NULL
missed	662994	A>B	Žirmūnai–Šeimyniškių–J. Basanavičiaus g.–Žemieji Paneriai	754	NULL	NULL	NULL	NULL	NULL	NULL	NULL	12	Troleibusai	12	08		807	NULL	NULL	NULL
missed	662994	B>A	Žemieji Paneriai–J. Basanavičiaus–Šeimyniškių g.–Žirmūnai	814	NULL	NULL	NULL	NULL	NULL	NULL	NULL	12	Troleibusai	12	08		866	NULL	NULL	NULL
missed	662994	A>B	Žirmūnai–Šeimyniškių–J. Basanavičiaus g.–Žemieji Paneriai	876	NULL	NULL	NULL	NULL	NULL	NULL	NULL	12	Troleibusai	12	08		929	NULL	NULL	NULL
missed	662994	B>A	Žemieji Paneriai–J. Basanavičiaus–Šeimyniškių g.–Žirmūnai	936	NULL	NULL	NULL	NULL	NULL	NULL	NULL	12	Troleibusai	12	08		993	NULL	NULL	NULL
missed	662994	A>B	Žirmūnai–Šeimyniškių–J. Basanavičiaus g.–Žemieji Paneriai	1004	NULL	NULL	NULL	NULL	NULL	NULL	NULL	12	Troleibusai	12	08		1058	NULL	NULL	NULL
missed	662994	B>A	Žemieji Paneriai–J. Basanavičiaus–Šeimyniškių g.–Žirmūnai	1066	NULL	NULL	NULL	NULL	NULL	NULL	NULL	12	Troleibusai	12	08		1126	NULL	NULL	NULL
missed	662994	A>B	Žirmūnai–Šeimyniškių–J. Basanavičiaus g.–Žemieji Paneriai	1165	NULL	NULL	NULL	NULL	NULL	NULL	NULL	12	Troleibusai	12	08		1214	NULL	NULL	NULL
missed	662994	B>A	Žemieji Paneriai–J. Basanavičiaus–Šeimyniškių g.–Žirmūnai	1221	NULL	NULL	NULL	NULL	NULL	NULL	NULL	12	Troleibusai	12	08		1269	NULL	NULL	NULL
missed	662994	A>B	Žirmūnai–Šeimyniškių–J. Basanavičiaus g.–Žemieji Paneriai	1285	NULL	NULL	NULL	NULL	NULL	NULL	NULL	12	Troleibusai	12	08		1333	NULL	NULL	NULL
missed	662994	B>A	Žemieji Paneriai–J. Basanavičiaus–Šeimyniškių g.–Žirmūnai	1339	NULL	NULL	NULL	NULL	NULL	NULL	NULL	12	Troleibusai	12	08		1387	NULL	NULL	NULL
delay	780581	A>B	Žirmūnai–Šeimyniškių–J. Basanavičiaus g.–Žemieji Paneriai	382	382	-0.80000001	Žirmūnų seniūnija	385	1.9	Vingis	418.10001	12	Troleibusai	12	09	3-11	430	431	0	0
delay	780581	B>A	Žemieji Paneriai–J. Basanavičiaus–Šeimyniškių g.–Žirmūnai	439	441	2	Valkininkų st.	441.10001	5.8000002	Lvovo st.	478.60001	12	Troleibusai	12	09	3-11	494	496	1	0
delay	780581	A>B	Žirmūnai–Šeimyniškių–J. Basanavičiaus g.–Žemieji Paneriai	506	509	3.0999999	Šaltinėlio st.	510.29999	5.1999998	Tuskulėnų rimties parkas	525.09998	12	Troleibusai	12	09	3-11	560	562	1	1
missed	663000	B>A	Žemieji Paneriai–J. Basanavičiaus–Šeimyniškių g.–Žirmūnai	565	NULL	NULL	NULL	NULL	NULL	NULL	NULL	12	Troleibusai	12	09		617	NULL	NULL	NULL
missed	663000	A>B	Žirmūnai–Šeimyniškių–J. Basanavičiaus g.–Žemieji Paneriai	654	NULL	NULL	NULL	NULL	NULL	NULL	NULL	12	Troleibusai	12	09		707	NULL	NULL	NULL
missed	663000	B>A	Žemieji Paneriai–J. Basanavičiaus–Šeimyniškių g.–Žirmūnai	712	NULL	NULL	NULL	NULL	NULL	NULL	NULL	12	Troleibusai	12	09		764	NULL	NULL	NULL
missed	663000	A>B	Žirmūnai–Šeimyniškių–J. Basanavičiaus g.–Žemieji Paneriai	771	NULL	NULL	NULL	NULL	NULL	NULL	NULL	12	Troleibusai	12	09		824	NULL	NULL	NULL
missed	663000	B>A	Žemieji Paneriai–J. Basanavičiaus–Šeimyniškių g.–Žirmūnai	829	NULL	NULL	NULL	NULL	NULL	NULL	NULL	12	Troleibusai	12	09		881	NULL	NULL	NULL
missed	663000	A>B	Žirmūnai–Šeimyniškių–J. Basanavičiaus g.–Žemieji Paneriai	891	NULL	NULL	NULL	NULL	NULL	NULL	NULL	12	Troleibusai	12	09		944	NULL	NULL	NULL
missed	663000	B>A	Žemieji Paneriai–J. Basanavičiaus–Šeimyniškių g.–Žirmūnai	950	NULL	NULL	NULL	NULL	NULL	NULL	NULL	12	Troleibusai	12	09		1010	NULL	NULL	NULL
missed	663000	A>B	Žirmūnai–Šeimyniškių–J. Basanavičiaus g.–Žemieji Paneriai	1017	NULL	NULL	NULL	NULL	NULL	NULL	NULL	12	Troleibusai	12	09		1071	NULL	NULL	NULL
missed	663000	B>A	Žemieji Paneriai–J. Basanavičiaus–Šeimyniškių g.–Žirmūnai	1084	NULL	NULL	NULL	NULL	NULL	NULL	NULL	12	Troleibusai	12	09		1144	NULL	NULL	NULL
missed	663000	A>B	Žirmūnai–Šeimyniškių–J. Basanavičiaus g.–Žemieji Paneriai	1183	NULL	NULL	NULL	NULL	NULL	NULL	NULL	12	Troleibusai	12	09		1231	NULL	NULL	NULL
missed	663000	B>A	Žemieji Paneriai–J. Basanavičiaus–Šeimyniškių g.–Žirmūnai	1240	NULL	NULL	NULL	NULL	NULL	NULL	NULL	12	Troleibusai	12	09		1288	NULL	NULL	NULL
missed	663000	A>B	Žirmūnai–Šeimyniškių–J. Basanavičiaus g.–Žemieji Paneriai	1308	NULL	NULL	NULL	NULL	NULL	NULL	NULL	12	Troleibusai	12	09		1356	NULL	NULL	NULL
missed	663000	B>A	Žemieji Paneriai–J. Basanavičiaus–Šeimyniškių g.–Žirmūnai	1365	NULL	NULL	NULL	NULL	NULL	NULL	NULL	12	Troleibusai	12	09		1413	NULL	NULL	NULL
delay	780597	A>B	Žirmūnai–Šeimyniškių–J. Basanavičiaus g.–Žemieji Paneriai	397	396	-1	Šaltinėlio st.	397.20001	2.3	Riovonys	443	12	Troleibusai	12	10	3-2128	447	449	0	0
delay	780597	B>A	Žemieji Paneriai–J. Basanavičiaus–Šeimyniškių g.–Žirmūnai	454	455	0.69999999	Žirmūnų seniūnija	507.89999	6.5999999	Reformatų st.	486.29999	12	Troleibusai	12	10	3-2128	509	510	1	0
delay	780597	A>B	Žirmūnai–Šeimyniškių–J. Basanavičiaus g.–Žemieji Paneriai	521	520	-1.3	Žaliasis tiltas	543.20001	1.8	Gerosios Vilties st.	564.70001	12	Troleibusai	12	10	3-2128	574	575	0	0
missed	663001	B>A	Žemieji Paneriai–J. Basanavičiaus–Šeimyniškių g.–Žirmūnai	580	NULL	NULL	NULL	NULL	NULL	NULL	NULL	12	Troleibusai	12	10		632	NULL	NULL	NULL
missed	663001	A>B	Žirmūnai–Šeimyniškių–J. Basanavičiaus g.–Žemieji Paneriai	922	NULL	NULL	NULL	NULL	NULL	NULL	NULL	12	Troleibusai	12	10		975	NULL	NULL	NULL
missed	663001	B>A	Žemieji Paneriai–J. Basanavičiaus–Šeimyniškių g.–Žirmūnai	982	NULL	NULL	NULL	NULL	NULL	NULL	NULL	12	Troleibusai	12	10		1043	NULL	NULL	NULL
missed	663001	A>B	Žirmūnai–Šeimyniškių–J. Basanavičiaus g.–Žemieji Paneriai	1051	NULL	NULL	NULL	NULL	NULL	NULL	NULL	12	Troleibusai	12	10		1106	NULL	NULL	NULL
missed	663001	B>A	Žemieji Paneriai–J. Basanavičiaus–Šeimyniškių g.–Žirmūnai	1116	NULL	NULL	NULL	NULL	NULL	NULL	NULL	12	Troleibusai	12	10		1170	NULL	NULL	NULL
delay	780488	A>B	Pašilaičiai—Justiniškės—Žemieji Paneriai	323	320	-4.6999998	Vaivorykštės st.	340.29999	-2.8	Skalvių st.	321.29999	13	Troleibusai	13	01	3-100	362	359	1	0
delay	780488	B>A	Žemieji Paneriai—Justiniškės—Pašilaičiai	366	368	0.5	Valkininkų st.	366.5	3.5999999	Lūžiai	400.79999	13	Troleibusai	13	01	3-100	405	408	1	0
delay	780488	A>B	Pašilaičiai—Justiniškės—Žemieji Paneriai	412	413	-4.3000002	Vaivorykštės st.	435.29999	1.2	Medeinos st.	415.5	13	Troleibusai	13	01	3-100	458	457	1	0
delay	780488	B>A	Žemieji Paneriai—Justiniškės—Pašilaičiai	469	467	-1.4	Valkininkų st.	467.79999	10.5	Eigulių st.	491	13	Troleibusai	13	01	3-100	508	517	1	1
delay	780488	A>B1	Pašilaičiai - st.Žiemieji Paneriai	515	520	2	Vaivorykštės st.	542.59998	5.3000002	Taikos st.	525.90002	13	Troleibusai	13	01	3-100	556	557	1	1
missed	663002	B>A	Žemieji Paneriai—Justiniškės—Pašilaičiai	828	NULL	NULL	NULL	NULL	NULL	NULL	NULL	13	Troleibusai	13	01		867	NULL	NULL	NULL
missed	663002	A>B	Pašilaičiai—Justiniškės—Žemieji Paneriai	877	NULL	NULL	NULL	NULL	NULL	NULL	NULL	13	Troleibusai	13	01		916	NULL	NULL	NULL
missed	663002	B>A	Žemieji Paneriai—Justiniškės—Pašilaičiai	926	NULL	NULL	NULL	NULL	NULL	NULL	NULL	13	Troleibusai	13	01		967	NULL	NULL	NULL
missed	663002	A>B	Pašilaičiai—Justiniškės—Žemieji Paneriai	974	NULL	NULL	NULL	NULL	NULL	NULL	NULL	13	Troleibusai	13	01		1013	NULL	NULL	NULL
missed	663002	B>A	Žemieji Paneriai—Justiniškės—Pašilaičiai	1024	NULL	NULL	NULL	NULL	NULL	NULL	NULL	13	Troleibusai	13	01		1066	NULL	NULL	NULL
delay	780460	A>B	Pašilaičiai—Justiniškės—Žemieji Paneriai	295	295	-0.5	Karoliniškės	312.60001	1.2	Pumpėnų st.	299.60001	13	Troleibusai	13	02	3-2490	332	332	0	0
delay	780460	B>A	Žemieji Paneriai—Justiniškės—Pašilaičiai	337	344	5.1999998	Laisvės prospektas	366.39999	7.5999999	Sausupio st.	348	13	Troleibusai	13	02	3-2490	376	381	1	1
delay	780460	A>B	Pašilaičiai—Justiniškės—Žemieji Paneriai	387	387	-1.8	Vilkpėdės st.	417.60001	0.2	Sūduvių st.	390.39999	13	Troleibusai	13	02	3-2490	427	425	0	0
delay	780460	B>A	Žemieji Paneriai—Justiniškės—Pašilaičiai	446	440	-5.8000002	Valkininkų st.	440.29999	-0.80000001	Eigulių st.	456.70001	13	Troleibusai	13	02	3-2490	485	484	1	1
delay	780460	A>B1	Pašilaičiai - st.Žiemieji Paneriai	494	491	-7.0999999	Spaudos rūmai	506.20001	-0.40000001	Miškiniai	526.5	13	Troleibusai	13	02	3-2490	538	535	1	0
missed	663006	B>A	Žemieji Paneriai—Justiniškės—Pašilaičiai	809	NULL	NULL	NULL	NULL	NULL	NULL	NULL	13	Troleibusai	13	02		848	NULL	NULL	NULL
missed	663006	A>B	Pašilaičiai—Justiniškės—Žemieji Paneriai	860	NULL	NULL	NULL	NULL	NULL	NULL	NULL	13	Troleibusai	13	02		899	NULL	NULL	NULL
missed	663006	B>A	Žemieji Paneriai—Justiniškės—Pašilaičiai	909	NULL	NULL	NULL	NULL	NULL	NULL	NULL	13	Troleibusai	13	02		950	NULL	NULL	NULL
missed	663006	A>B	Pašilaičiai—Justiniškės—Žemieji Paneriai	958	NULL	NULL	NULL	NULL	NULL	NULL	NULL	13	Troleibusai	13	02		997	NULL	NULL	NULL
missed	663006	B>A	Žemieji Paneriai—Justiniškės—Pašilaičiai	1005	NULL	NULL	NULL	NULL	NULL	NULL	NULL	13	Troleibusai	13	02		1047	NULL	NULL	NULL
delay	780532	A>B	Pašilaičiai—Justiniškės—Žemieji Paneriai	346	343	-3.5	Skalvių st.	343.5	-2.3	Žemieji Paneriai	380.70001	13	Troleibusai	13	03	3-2538	385	382	1	1
delay	780532	B>A	Žemieji Paneriai—Justiniškės—Pašilaičiai	391	387	-4.6999998	Laisvės prospektas	410.5	-2	Eigulių st.	400.5	13	Troleibusai	13	03	3-2538	430	426	1	1
delay	780532	A>B	Pašilaičiai—Justiniškės—Žemieji Paneriai	441	436	-9	Spaudos rūmai	451.29999	4.6999998	Eigulių st.	480.89999	13	Troleibusai	13	03	3-2538	487	490	1	1
delay	780532	B>A	Žemieji Paneriai—Justiniškės—Pašilaičiai	491	492	0.2	Laisvės prospektas	515.40002	4.0999999	Eigulių st.	506.60001	13	Troleibusai	13	03	3-2538	530	531	1	0
missed	663005	A>B1	Pašilaičiai - st.Žiemieji Paneriai	538	NULL	NULL	NULL	NULL	NULL	NULL	NULL	13	Troleibusai	13	03		575	NULL	NULL	NULL
missed	663005	B>A	Žemieji Paneriai—Justiniškės—Pašilaičiai	843	NULL	NULL	NULL	NULL	NULL	NULL	NULL	13	Troleibusai	13	03		882	NULL	NULL	NULL
missed	663005	A>B	Pašilaičiai—Justiniškės—Žemieji Paneriai	892	NULL	NULL	NULL	NULL	NULL	NULL	NULL	13	Troleibusai	13	03		931	NULL	NULL	NULL
missed	663005	B>A	Žemieji Paneriai—Justiniškės—Pašilaičiai	944	NULL	NULL	NULL	NULL	NULL	NULL	NULL	13	Troleibusai	13	03		985	NULL	NULL	NULL
missed	663005	A>B	Pašilaičiai—Justiniškės—Žemieji Paneriai	993	NULL	NULL	NULL	NULL	NULL	NULL	NULL	13	Troleibusai	13	03		1032	NULL	NULL	NULL
missed	663005	B>A	Žemieji Paneriai—Justiniškės—Pašilaičiai	1043	NULL	NULL	NULL	NULL	NULL	NULL	NULL	13	Troleibusai	13	03		1085	NULL	NULL	NULL
delay	780526	A>B	Pašilaičiai–Justiniškės–Žemieji Paneriai–Titnago g.	372	339	-33.900002	Vilkpėdės st.	369.5	-32.900002	Šaltupio st.	379.89999	18	Troleibusai	13	04	3-2869	414	381	1	1
delay	780526	B>A	Titnago g.–Žemieji Paneriai–Justiniškės–Pašilaičiai	420	393	-27.6	Spaudos rūmai	423.79999	-25.1	Eigulių st.	409.39999	18	Troleibusai	13	04	3-2869	462	435	1	1
delay	780526	A>B	Pašilaičiai–Justiniškės–Žemieji Paneriai–Titnago g.	470	446	-26.700001	Kaukaro st.	458.89999	-13.4	Eigulių st.	491.79999	18	Troleibusai	13	04	3-2869	519	504	1	1
delay	780526	B>A	Titnago g.–Žemieji Paneriai–Justiniškės–Pašilaičiai	530	507	-25	Laisvės prospektas	532.09998	-22.700001	Eigulių st.	521.79999	18	Troleibusai	13	04	3-2869	572	549	1	1
missed	663003	A>B	Pašilaičiai—Justiniškės—Žemieji Paneriai	847	NULL	NULL	NULL	NULL	NULL	NULL	NULL	13	Troleibusai	13	04		886	NULL	NULL	NULL
missed	663003	B>A	Žemieji Paneriai—Justiniškės—Pašilaičiai	895	NULL	NULL	NULL	NULL	NULL	NULL	NULL	13	Troleibusai	13	04		935	NULL	NULL	NULL
missed	663003	A>B	Pašilaičiai—Justiniškės—Žemieji Paneriai	944	NULL	NULL	NULL	NULL	NULL	NULL	NULL	13	Troleibusai	13	04		983	NULL	NULL	NULL
missed	663003	B>A	Žemieji Paneriai—Justiniškės—Pašilaičiai	991	NULL	NULL	NULL	NULL	NULL	NULL	NULL	13	Troleibusai	13	04		1033	NULL	NULL	NULL
delay	780468	B>A	Žemieji Paneriai–Centras–Antakalnis	312	312	-2.5999999	Simono Konarskio st.	328.20001	-0.1	Sausupio st.	315.29999	4	Troleibusai	13	05	3-2097	357	355	0	0
delay	780468	A>B	Antakalnis–Centras–Žemieji Paneriai	366	369	1.7	Kalnų parkas	382.79999	4.8000002	Gerosios Vilties st.	404.60001	4	Troleibusai	13	05	3-2097	411	415	1	1
delay	780468	B>A	Žemieji Paneriai—Justiniškės—Pašilaičiai	427	422	-5	Valkininkų st.	422.10001	-1.7	Medeinos st.	462.5	13	Troleibusai	13	05	3-2097	466	464	1	1
delay	780468	A>B	Pašilaičiai—Justiniškės—Žemieji Paneriai	479	475	-7.5999999	Karoliniškės	496.20001	5.6999998	Eigulių st.	519.90002	13	Troleibusai	13	05	3-2097	525	529	1	1
delay	780468	B>A	Žemieji Paneriai—Justiniškės—Pašilaičiai	530	530	-0.30000001	Laisvės prospektas	553.79999	2.0999999	Eigulių st.	543.59998	13	Troleibusai	13	05	3-2097	569	570	0	0
missed	663004	A>B	Pašilaičiai—Justiniškės—Žemieji Paneriai	832	NULL	NULL	NULL	NULL	NULL	NULL	NULL	13	Troleibusai	13	05		871	NULL	NULL	NULL
missed	663004	B>A	Žemieji Paneriai—Justiniškės—Pašilaičiai	885	NULL	NULL	NULL	NULL	NULL	NULL	NULL	13	Troleibusai	13	05		925	NULL	NULL	NULL
missed	663004	A>B	Pašilaičiai—Justiniškės—Žemieji Paneriai	931	NULL	NULL	NULL	NULL	NULL	NULL	NULL	13	Troleibusai	13	05		970	NULL	NULL	NULL
missed	663004	B>A	Žemieji Paneriai—Justiniškės—Pašilaičiai	977	NULL	NULL	NULL	NULL	NULL	NULL	NULL	13	Troleibusai	13	05		1019	NULL	NULL	NULL
delay	780567	A>B	Pašilaičiai—Justiniškės—Žemieji Paneriai	366	368	0.80000001	Vaivorykštės st.	388.79999	2.0999999	Žemieji Paneriai	405.10001	13	Troleibusai	13	06	3-2955	405	407	0	0
delay	780567	B>A	Žemieji Paneriai—Justiniškės—Pašilaičiai	412	413	1	Taikos st.	448.20001	3.3	Eigulių st.	426.79999	13	Troleibusai	13	06	3-2955	451	453	1	0
delay	780567	A>B	Pašilaičiai—Justiniškės—Žemieji Paneriai	459	465	1.9	Kaukaro st.	476.60001	17.5	Eigulių st.	511.70001	13	Troleibusai	13	06	3-2955	505	520	1	1
delay	780567	B>A	Žemieji Paneriai—Justiniškės—Pašilaičiai	510	522	12.2	Baldai	526.90002	14.7	Eigulių st.	536.20001	13	Troleibusai	13	06	3-2955	549	562	1	1
missed	663007	A>B	Pašilaičiai—Justiniškės—Žemieji Paneriai	814	NULL	NULL	NULL	NULL	NULL	NULL	NULL	13	Troleibusai	13	06		853	NULL	NULL	NULL
missed	663007	B>A	Žemieji Paneriai—Justiniškės—Pašilaičiai	864	NULL	NULL	NULL	NULL	NULL	NULL	NULL	13	Troleibusai	13	06		903	NULL	NULL	NULL
missed	663007	A>B	Pašilaičiai—Justiniškės—Žemieji Paneriai	911	NULL	NULL	NULL	NULL	NULL	NULL	NULL	13	Troleibusai	13	06		950	NULL	NULL	NULL
missed	663007	B>A	Žemieji Paneriai—Justiniškės—Pašilaičiai	964	NULL	NULL	NULL	NULL	NULL	NULL	NULL	13	Troleibusai	13	06		1006	NULL	NULL	NULL
missed	663007	A>B	Pašilaičiai—Justiniškės—Žemieji Paneriai	1013	NULL	NULL	NULL	NULL	NULL	NULL	NULL	13	Troleibusai	13	06		1052	NULL	NULL	NULL
missed	663007	B>A	Žemieji Paneriai—Justiniškės—Pašilaičiai	1064	NULL	NULL	NULL	NULL	NULL	NULL	NULL	13	Troleibusai	13	06		1106	NULL	NULL	NULL
delay	780496	A>B	Saulėtekis–Šeimyniškių–J. Basanavičiaus g.–Gerosios Vilties st.	327	331	1.9	Žaliasis tiltas	355.10001	3.8	Senoji plytinė	331.79999	14	Troleibusai	14	01	3-2777	372	374	1	1
delay	780496	B>A	Gerosios Vilties st.–J. Basanavičiaus –Šeimyniškių g.–Saulėtekis	372	375	1.4	Simono Konarskio st.	382.60001	4.9000001	Šilo tiltas	408.79999	14	Troleibusai	14	01	3-2777	416	419	1	0
delay	780496	A>B	Saulėtekis–Šeimyniškių–J. Basanavičiaus g.–Gerosios Vilties st.	432	435	2.7	Saulėtekis	439.89999	9	Centro poliklinika	475.79999	14	Troleibusai	14	01	3-2777	481	489	1	1
delay	780496	B>A	Gerosios Vilties st.–J. Basanavičiaus –Šeimyniškių g.–Saulėtekis	481	491	7	Šeimyniškių st.	516.59998	10.2	Antakalnis	532.59998	14	Troleibusai	14	01	3-2777	530	539	1	1
missed	663008	A>B	Saulėtekis–Šeimyniškių–J. Basanavičiaus g.–Gerosios Vilties st.	565	NULL	NULL	NULL	NULL	NULL	NULL	NULL	14	Troleibusai	14	01		612	NULL	NULL	NULL
missed	663008	B>A	Gerosios Vilties st.–J. Basanavičiaus –Šeimyniškių g.–Saulėtekis	612	NULL	NULL	NULL	NULL	NULL	NULL	NULL	14	Troleibusai	14	01		659	NULL	NULL	NULL
missed	663008	A>B	Saulėtekis–Šeimyniškių–J. Basanavičiaus g.–Gerosios Vilties st.	668	NULL	NULL	NULL	NULL	NULL	NULL	NULL	14	Troleibusai	14	01		715	NULL	NULL	NULL
missed	663008	B>A	Gerosios Vilties st.–J. Basanavičiaus –Šeimyniškių g.–Saulėtekis	715	NULL	NULL	NULL	NULL	NULL	NULL	NULL	14	Troleibusai	14	01		762	NULL	NULL	NULL
missed	663008	A>B	Saulėtekis–Šeimyniškių–J. Basanavičiaus g.–Gerosios Vilties st.	772	NULL	NULL	NULL	NULL	NULL	NULL	NULL	14	Troleibusai	14	01		819	NULL	NULL	NULL
missed	663008	B>A	Gerosios Vilties st.–J. Basanavičiaus –Šeimyniškių g.–Saulėtekis	819	NULL	NULL	NULL	NULL	NULL	NULL	NULL	14	Troleibusai	14	01		866	NULL	NULL	NULL
missed	663008	A>B	Saulėtekis–Šeimyniškių–J. Basanavičiaus g.–Gerosios Vilties st.	876	NULL	NULL	NULL	NULL	NULL	NULL	NULL	14	Troleibusai	14	01		923	NULL	NULL	NULL
missed	663008	B>A	Gerosios Vilties st.–J. Basanavičiaus –Šeimyniškių g.–Saulėtekis	923	NULL	NULL	NULL	NULL	NULL	NULL	NULL	14	Troleibusai	14	01		971	NULL	NULL	NULL
missed	663008	A>B	Saulėtekis–Šeimyniškių–J. Basanavičiaus g.–Gerosios Vilties st.	981	NULL	NULL	NULL	NULL	NULL	NULL	NULL	14	Troleibusai	14	01		1029	NULL	NULL	NULL
missed	663008	B>A	Gerosios Vilties st.–J. Basanavičiaus –Šeimyniškių g.–Saulėtekis	1029	NULL	NULL	NULL	NULL	NULL	NULL	NULL	14	Troleibusai	14	01		1082	NULL	NULL	NULL
missed	663008	A>B	Saulėtekis–Šeimyniškių–J. Basanavičiaus g.–Gerosios Vilties st.	1096	NULL	NULL	NULL	NULL	NULL	NULL	NULL	14	Troleibusai	14	01		1144	NULL	NULL	NULL
missed	663008	B>A	Gerosios Vilties st.–J. Basanavičiaus –Šeimyniškių g.–Saulėtekis	1144	NULL	NULL	NULL	NULL	NULL	NULL	NULL	14	Troleibusai	14	01		1188	NULL	NULL	NULL
missed	663008	A>B	Saulėtekis–Šeimyniškių–J. Basanavičiaus g.–Gerosios Vilties st.	1225	NULL	NULL	NULL	NULL	NULL	NULL	NULL	14	Troleibusai	14	01		1270	NULL	NULL	NULL
missed	663008	B>A	Gerosios Vilties st.–J. Basanavičiaus –Šeimyniškių g.–Saulėtekis	1270	NULL	NULL	NULL	NULL	NULL	NULL	NULL	14	Troleibusai	14	01		1313	NULL	NULL	NULL
missed	663008	A>B	Saulėtekis–Šeimyniškių–J. Basanavičiaus g.–Gerosios Vilties st.	1328	NULL	NULL	NULL	NULL	NULL	NULL	NULL	14	Troleibusai	14	01		1373	NULL	NULL	NULL
missed	663008	B>A	Gerosios Vilties st.–J. Basanavičiaus –Šeimyniškių g.–Saulėtekis	1373	NULL	NULL	NULL	NULL	NULL	NULL	NULL	14	Troleibusai	14	01		1416	NULL	NULL	NULL
delay	780575	A>B	Saulėtekis–Šeimyniškių–J. Basanavičiaus g.–Gerosios Vilties st.	355	369	12.7	Klinikų st.	379.70001	16.5	Savanorių prospektas	413.89999	14	Troleibusai	14	02	3-1877	400	416	1	1
delay	780575	B>A	Gerosios Vilties st.–J. Basanavičiaus –Šeimyniškių g.–Saulėtekis	400	417	15.4	Savanorių prospektas	421.39999	18.9	Lvovo st.	441	14	Troleibusai	14	02	3-1877	448	464	1	1
delay	780575	A>B	Saulėtekis–Šeimyniškių–J. Basanavičiaus g.–Gerosios Vilties st.	460	471	10.6	Vilniaus universitetas	473.89999	24.299999	Vingis	529.09998	14	Troleibusai	14	02	3-1877	509	533	1	1
delay	780575	B>A	Gerosios Vilties st.–J. Basanavičiaus –Šeimyniškių g.–Saulėtekis	509	535	23.299999	Gedimino technikos universitetas	578.90002	28	Lvovo st.	560.20001	14	Troleibusai	14	02	3-1877	558	581	1	1
missed	663009	A>B	Saulėtekis–Šeimyniškių–J. Basanavičiaus g.–Gerosios Vilties st.	595	NULL	NULL	NULL	NULL	NULL	NULL	NULL	14	Troleibusai	14	02		642	NULL	NULL	NULL
missed	663009	B>A	Gerosios Vilties st.–J. Basanavičiaus –Šeimyniškių g.–Saulėtekis	642	NULL	NULL	NULL	NULL	NULL	NULL	NULL	14	Troleibusai	14	02		689	NULL	NULL	NULL
missed	663009	A>B	Saulėtekis–Šeimyniškių–J. Basanavičiaus g.–Gerosios Vilties st.	700	NULL	NULL	NULL	NULL	NULL	NULL	NULL	14	Troleibusai	14	02		747	NULL	NULL	NULL
missed	663009	B>A	Gerosios Vilties st.–J. Basanavičiaus –Šeimyniškių g.–Saulėtekis	747	NULL	NULL	NULL	NULL	NULL	NULL	NULL	14	Troleibusai	14	02		794	NULL	NULL	NULL
missed	663009	A>B	Saulėtekis–Šeimyniškių–J. Basanavičiaus g.–Gerosios Vilties st.	805	NULL	NULL	NULL	NULL	NULL	NULL	NULL	14	Troleibusai	14	02		852	NULL	NULL	NULL
missed	663009	B>A	Gerosios Vilties st.–J. Basanavičiaus –Šeimyniškių g.–Saulėtekis	852	NULL	NULL	NULL	NULL	NULL	NULL	NULL	14	Troleibusai	14	02		899	NULL	NULL	NULL
missed	663009	A>B	Saulėtekis–Šeimyniškių–J. Basanavičiaus g.–Gerosios Vilties st.	913	NULL	NULL	NULL	NULL	NULL	NULL	NULL	14	Troleibusai	14	02		960	NULL	NULL	NULL
missed	663009	B>A	Gerosios Vilties st.–J. Basanavičiaus –Šeimyniškių g.–Saulėtekis	960	NULL	NULL	NULL	NULL	NULL	NULL	NULL	14	Troleibusai	14	02		1013	NULL	NULL	NULL
missed	663009	A>B	Saulėtekis–Šeimyniškių–J. Basanavičiaus g.–Gerosios Vilties st.	1023	NULL	NULL	NULL	NULL	NULL	NULL	NULL	14	Troleibusai	14	02		1071	NULL	NULL	NULL
missed	663009	B>A	Gerosios Vilties st.–J. Basanavičiaus –Šeimyniškių g.–Saulėtekis	1071	NULL	NULL	NULL	NULL	NULL	NULL	NULL	14	Troleibusai	14	02		1123	NULL	NULL	NULL
missed	663009	A>B	Saulėtekis–Šeimyniškių–J. Basanavičiaus g.–Gerosios Vilties st.	1158	NULL	NULL	NULL	NULL	NULL	NULL	NULL	14	Troleibusai	14	02		1204	NULL	NULL	NULL
missed	663009	B>A	Gerosios Vilties st.–J. Basanavičiaus –Šeimyniškių g.–Saulėtekis	1204	NULL	NULL	NULL	NULL	NULL	NULL	NULL	14	Troleibusai	14	02		1247	NULL	NULL	NULL
missed	663009	A>B	Saulėtekis–Šeimyniškių–J. Basanavičiaus g.–Gerosios Vilties st.	1260	NULL	NULL	NULL	NULL	NULL	NULL	NULL	14	Troleibusai	14	02		1305	NULL	NULL	NULL
missed	663009	B>A	Gerosios Vilties st.–J. Basanavičiaus –Šeimyniškių g.–Saulėtekis	1305	NULL	NULL	NULL	NULL	NULL	NULL	NULL	14	Troleibusai	14	02		1348	NULL	NULL	NULL
missed	663009	A>B	Saulėtekis–Šeimyniškių–J. Basanavičiaus g.–Gerosios Vilties st.	1360	NULL	NULL	NULL	NULL	NULL	NULL	NULL	14	Troleibusai	14	02		1405	NULL	NULL	NULL
delay	780528	A>B	Saulėtekis–Šeimyniškių–J. Basanavičiaus g.–Gerosios Vilties st.	396	352	-49.900002	Vingis	389.29999	-44	Senoji plytinė	353.20001	14	Troleibusai	14	03	3-2865	444	394	1	1
delay	780528	B>A	Gerosios Vilties st.–J. Basanavičiaus –Šeimyniškių g.–Saulėtekis	444	394	-49.900002	Savanorių prospektas	400.10001	-46.400002	Vilniaus universitetas	443.20001	14	Troleibusai	14	03	3-2865	493	446	1	1
delay	780528	A>B	Saulėtekis–Šeimyniškių–J. Basanavičiaus g.–Gerosios Vilties st.	512	454	-58.400002	Vilniaus universitetas	456.79999	-38	Savanorių prospektas	520.29999	14	Troleibusai	14	03	3-2865	561	522	1	1
delay	780528	B>A	Gerosios Vilties st.–J. Basanavičiaus –Šeimyniškių g.–Saulėtekis	561	522	-40.900002	Simono Konarskio st.	530.59998	-37.400002	Lvovo st.	547.90002	14	Troleibusai	14	03	3-2865	608	569	1	1
missed	663012	A>B	Saulėtekis–Šeimyniškių–J. Basanavičiaus g.–Gerosios Vilties st.	896	NULL	NULL	NULL	NULL	NULL	NULL	NULL	14	Troleibusai	14	03		942	NULL	NULL	NULL
missed	663012	B>A	Gerosios Vilties st.–J. Basanavičiaus –Šeimyniškių g.–Saulėtekis	942	NULL	NULL	NULL	NULL	NULL	NULL	NULL	14	Troleibusai	14	03		992	NULL	NULL	NULL
missed	663012	A>B	Saulėtekis–Šeimyniškių–J. Basanavičiaus g.–Gerosios Vilties st.	1003	NULL	NULL	NULL	NULL	NULL	NULL	NULL	14	Troleibusai	14	03		1051	NULL	NULL	NULL
missed	663012	B>A	Gerosios Vilties st.–J. Basanavičiaus –Šeimyniškių g.–Saulėtekis	1051	NULL	NULL	NULL	NULL	NULL	NULL	NULL	14	Troleibusai	14	03		1103	NULL	NULL	NULL
missed	663012	A>B	Saulėtekis–Šeimyniškių–J. Basanavičiaus g.–Gerosios Vilties st.	1119	NULL	NULL	NULL	NULL	NULL	NULL	NULL	14	Troleibusai	14	03		1165	NULL	NULL	NULL
delay	780486	B>A	Gerosios Vilties st.–J. Basanavičiaus –Šeimyniškių g.–Saulėtekis	332	331	-2.7	Simono Konarskio st.	338.5	1.7	Šilo tiltas	364.5	14	Troleibusai	14	04	3-2561	375	376	0	0
delay	780486	A>B	Saulėtekis–Šeimyniškių–J. Basanavičiaus g.–Gerosios Vilties st.	382	386	2.9000001	Klinikų st.	396.89999	6.4000001	Vinco Kudirkos aikštė	417.60001	14	Troleibusai	14	04	3-2561	427	432	1	1
delay	780486	B>A	Gerosios Vilties st.–J. Basanavičiaus –Šeimyniškių g.–Saulėtekis	427	434	5.1999998	„Žalgirio“ stadionas	459.39999	10.9	Šilo tiltas	474.20001	14	Troleibusai	14	04	3-2561	476	486	1	1
delay	780486	A>B	Saulėtekis–Šeimyniškių–J. Basanavičiaus g.–Gerosios Vilties st.	486	494	7.0999999	Tverečiaus st.	502.60001	12.1	Šeimyniškių st.	520	14	Troleibusai	14	04	3-2561	535	545	1	1
delay	780486	B>A	Gerosios Vilties st.–J. Basanavičiaus –Šeimyniškių g.–Saulėtekis	535	546	8.6000004	Trakų st.	558.59998	16.4	Leono Sapiegos st.	581.79999	14	Troleibusai	14	04	3-2561	581	596	1	1
missed	663010	A>B	Saulėtekis–Šeimyniškių–J. Basanavičiaus g.–Gerosios Vilties st.	625	NULL	NULL	NULL	NULL	NULL	NULL	NULL	14	Troleibusai	14	04		672	NULL	NULL	NULL
missed	663010	B>A	Gerosios Vilties st.–J. Basanavičiaus –Šeimyniškių g.–Saulėtekis	672	NULL	NULL	NULL	NULL	NULL	NULL	NULL	14	Troleibusai	14	04		719	NULL	NULL	NULL
missed	663010	A>B	Saulėtekis–Šeimyniškių–J. Basanavičiaus g.–Gerosios Vilties st.	733	NULL	NULL	NULL	NULL	NULL	NULL	NULL	14	Troleibusai	14	04		780	NULL	NULL	NULL
missed	663010	B>A	Gerosios Vilties st.–J. Basanavičiaus –Šeimyniškių g.–Saulėtekis	780	NULL	NULL	NULL	NULL	NULL	NULL	NULL	14	Troleibusai	14	04		827	NULL	NULL	NULL
missed	663010	A>B	Saulėtekis–Šeimyniškių–J. Basanavičiaus g.–Gerosios Vilties st.	838	NULL	NULL	NULL	NULL	NULL	NULL	NULL	14	Troleibusai	14	04		885	NULL	NULL	NULL
missed	663010	B>A	Gerosios Vilties st.–J. Basanavičiaus –Šeimyniškių g.–Saulėtekis	885	NULL	NULL	NULL	NULL	NULL	NULL	NULL	14	Troleibusai	14	04		933	NULL	NULL	NULL
missed	663010	A>B	Saulėtekis–Šeimyniškių–J. Basanavičiaus g.–Gerosios Vilties st.	940	NULL	NULL	NULL	NULL	NULL	NULL	NULL	14	Troleibusai	14	04		988	NULL	NULL	NULL
missed	663010	B>A	Gerosios Vilties st.–J. Basanavičiaus –Šeimyniškių g.–Saulėtekis	988	NULL	NULL	NULL	NULL	NULL	NULL	NULL	14	Troleibusai	14	04		1041	NULL	NULL	NULL
missed	663010	A>B	Saulėtekis–Šeimyniškių–J. Basanavičiaus g.–Gerosios Vilties st.	1052	NULL	NULL	NULL	NULL	NULL	NULL	NULL	14	Troleibusai	14	04		1100	NULL	NULL	NULL
missed	663010	B>A	Gerosios Vilties st.–J. Basanavičiaus –Šeimyniškių g.–Saulėtekis	1100	NULL	NULL	NULL	NULL	NULL	NULL	NULL	14	Troleibusai	14	04		1152	NULL	NULL	NULL
missed	663010	A>B	Saulėtekis–Šeimyniškių–J. Basanavičiaus g.–Gerosios Vilties st.	1191	NULL	NULL	NULL	NULL	NULL	NULL	NULL	14	Troleibusai	14	04		1237	NULL	NULL	NULL
missed	663010	B>A	Gerosios Vilties st.–J. Basanavičiaus –Šeimyniškių g.–Saulėtekis	1237	NULL	NULL	NULL	NULL	NULL	NULL	NULL	14	Troleibusai	14	04		1280	NULL	NULL	NULL
missed	663010	A>B	Saulėtekis–Šeimyniškių–J. Basanavičiaus g.–Gerosios Vilties st.	1292	NULL	NULL	NULL	NULL	NULL	NULL	NULL	14	Troleibusai	14	04		1337	NULL	NULL	NULL
missed	663010	B>A	Gerosios Vilties st.–J. Basanavičiaus –Šeimyniškių g.–Saulėtekis	1337	NULL	NULL	NULL	NULL	NULL	NULL	NULL	14	Troleibusai	14	04		1380	NULL	NULL	NULL
delay	780541	A>B	Saulėtekis–Šeimyniškių–J. Basanavičiaus g.–Gerosios Vilties st.	414	411	-3.7	Nemenčinės plentas	416.79999	-1.1	Reformatų st.	448.79999	14	Troleibusai	14	05	3-24	463	460	1	0
delay	780541	B>A	Gerosios Vilties st.–J. Basanavičiaus –Šeimyniškių g.–Saulėtekis	463	462	-2.5	Petro Vileišio st.	495.79999	1.7	Lvovo st.	488	14	Troleibusai	14	05	3-24	512	511	0	0
delay	780541	A>B	Saulėtekis–Šeimyniškių–J. Basanavičiaus g.–Gerosios Vilties st.	534	525	-11.2	Šilo tiltas	537.79999	-6.3000002	Šeimyniškių st.	548.5	14	Troleibusai	14	05	3-24	581	572	1	1
missed	663011	B>A	Gerosios Vilties st.–J. Basanavičiaus –Šeimyniškių g.–Saulėtekis	581	NULL	NULL	NULL	NULL	NULL	NULL	NULL	14	Troleibusai	14	05		627	NULL	NULL	NULL
missed	663011	A>B	Saulėtekis–Šeimyniškių–J. Basanavičiaus g.–Gerosios Vilties st.	960	NULL	NULL	NULL	NULL	NULL	NULL	NULL	14	Troleibusai	14	05		1009	NULL	NULL	NULL
missed	663011	B>A	Gerosios Vilties st.–J. Basanavičiaus –Šeimyniškių g.–Saulėtekis	1009	NULL	NULL	NULL	NULL	NULL	NULL	NULL	14	Troleibusai	14	05		1063	NULL	NULL	NULL
missed	663011	A>B	Saulėtekis–Šeimyniškių–J. Basanavičiaus g.–Gerosios Vilties st.	1076	NULL	NULL	NULL	NULL	NULL	NULL	NULL	14	Troleibusai	14	05		1124	NULL	NULL	NULL
delay	780469	A>B	Stotis–Žemieji Paneriai–Titnago g.	307	308	-1	Gerosios Vilties st.	319.79999	1	Aguonų st.	310.5	15	Troleibusai	15	01	3-2571	334	334	0	0
delay	780469	B>A	Titnago g.–Žemieji Paneriai–Stotis	338	345	5.5999999	Aguonų st.	370	7.6999998	Sausupio st.	352.10001	15	Troleibusai	15	01	3-2571	366	372	1	1
delay	780469	A>B	Stotis–Žemieji Paneriai–Titnago g.	367	376	7.6999998	Stotis	374.79999	9.8000002	Jankiškių st.	401.79999	15	Troleibusai	15	01	3-2571	394	403	1	1
delay	780469	B>A	Titnago g.–Žemieji Paneriai–Stotis	406	409	2.5999999	Jankiškių st.	410.60001	5.4000001	„Sparta“	436.5	15	Troleibusai	15	01	3-2571	435	440	1	1
delay	780469	A>B	Stotis–Žemieji Paneriai–Titnago g.	436	442	2.2	Šaltupio st.	468	6.5999999	Aguonų st.	445.10001	15	Troleibusai	15	01	3-2571	467	469	1	1
delay	780469	B>A	Titnago g.–Žemieji Paneriai–Stotis	478	485	6.6999998	Ūmėdžių st.	488.89999	10.2	Gerosios Vilties st.	503.39999	15	Troleibusai	15	01	3-2571	507	517	1	1
delay	780469	A>B1	Stotis–st. Žemieji Paneriai	508	520	10	Gerosios Vilties st.	533.79999	12.5	Aguonų st.	523	15	Troleibusai	15	01	3-2571	532	542	1	1
missed	663015	B>A	Titnago g.–Žemieji Paneriai–Stotis	585	NULL	NULL	NULL	NULL	NULL	NULL	NULL	15	Troleibusai	15	01		614	NULL	NULL	NULL
missed	663015	A>B	Stotis–Žemieji Paneriai–Titnago g.	615	NULL	NULL	NULL	NULL	NULL	NULL	NULL	15	Troleibusai	15	01		644	NULL	NULL	NULL
missed	663015	B>A	Titnago g.–Žemieji Paneriai–Stotis	654	NULL	NULL	NULL	NULL	NULL	NULL	NULL	15	Troleibusai	15	01		683	NULL	NULL	NULL
missed	663015	A>B	Stotis–Žemieji Paneriai–Titnago g.	684	NULL	NULL	NULL	NULL	NULL	NULL	NULL	15	Troleibusai	15	01		713	NULL	NULL	NULL
missed	663015	B>A	Titnago g.–Žemieji Paneriai–Stotis	723	NULL	NULL	NULL	NULL	NULL	NULL	NULL	15	Troleibusai	15	01		752	NULL	NULL	NULL
missed	663015	A>B	Stotis–Žemieji Paneriai–Titnago g.	753	NULL	NULL	NULL	NULL	NULL	NULL	NULL	15	Troleibusai	15	01		782	NULL	NULL	NULL
missed	663015	B>A	Titnago g.–Žemieji Paneriai–Stotis	798	NULL	NULL	NULL	NULL	NULL	NULL	NULL	15	Troleibusai	15	01		827	NULL	NULL	NULL
missed	663015	A>B	Stotis–Žemieji Paneriai–Titnago g.	828	NULL	NULL	NULL	NULL	NULL	NULL	NULL	15	Troleibusai	15	01		857	NULL	NULL	NULL
missed	663015	B>A	Titnago g.–Žemieji Paneriai–Stotis	867	NULL	NULL	NULL	NULL	NULL	NULL	NULL	15	Troleibusai	15	01		896	NULL	NULL	NULL
missed	663015	A>B	Stotis–Žemieji Paneriai–Titnago g.	897	NULL	NULL	NULL	NULL	NULL	NULL	NULL	15	Troleibusai	15	01		928	NULL	NULL	NULL
missed	663015	B>A	Titnago g.–Žemieji Paneriai–Stotis	939	NULL	NULL	NULL	NULL	NULL	NULL	NULL	15	Troleibusai	15	01		969	NULL	NULL	NULL
missed	663015	A>B	Stotis–Žemieji Paneriai–Titnago g.	970	NULL	NULL	NULL	NULL	NULL	NULL	NULL	15	Troleibusai	15	01		1001	NULL	NULL	NULL
missed	663015	B>A	Titnago g.–Žemieji Paneriai–Stotis	1010	NULL	NULL	NULL	NULL	NULL	NULL	NULL	15	Troleibusai	15	01		1042	NULL	NULL	NULL
missed	663015	A>B	Stotis–Žemieji Paneriai–Titnago g.	1043	NULL	NULL	NULL	NULL	NULL	NULL	NULL	15	Troleibusai	15	01		1074	NULL	NULL	NULL
missed	663015	B>A	Titnago g.–Žemieji Paneriai–Stotis	1086	NULL	NULL	NULL	NULL	NULL	NULL	NULL	15	Troleibusai	15	01		1117	NULL	NULL	NULL
missed	663015	A>B1	Stotis–st. Žemieji Paneriai	1118	NULL	NULL	NULL	NULL	NULL	NULL	NULL	15	Troleibusai	15	01		1144	NULL	NULL	NULL
missed	663015	B>A	Titnago g.–Žemieji Paneriai–Stotis	1197	NULL	NULL	NULL	NULL	NULL	NULL	NULL	15	Troleibusai	15	01		1225	NULL	NULL	NULL
missed	663015	A>B	Stotis–Žemieji Paneriai–Titnago g.	1226	NULL	NULL	NULL	NULL	NULL	NULL	NULL	15	Troleibusai	15	01		1255	NULL	NULL	NULL
missed	663015	B>A	Titnago g.–Žemieji Paneriai–Stotis	1266	NULL	NULL	NULL	NULL	NULL	NULL	NULL	15	Troleibusai	15	01		1294	NULL	NULL	NULL
missed	663015	A>B	Stotis–Žemieji Paneriai–Titnago g.	1295	NULL	NULL	NULL	NULL	NULL	NULL	NULL	15	Troleibusai	15	01		1324	NULL	NULL	NULL
missed	663015	B>A	Titnago g.–Žemieji Paneriai–Stotis	1332	NULL	NULL	NULL	NULL	NULL	NULL	NULL	15	Troleibusai	15	01		1360	NULL	NULL	NULL
missed	663015	A>B	Stotis–Žemieji Paneriai–Titnago g.	1361	NULL	NULL	NULL	NULL	NULL	NULL	NULL	15	Troleibusai	15	01		1388	NULL	NULL	NULL
missed	663015	B>A	Titnago g.–Žemieji Paneriai–Stotis	1392	NULL	NULL	NULL	NULL	NULL	NULL	NULL	15	Troleibusai	15	01		1420	NULL	NULL	NULL
delay	780465	A>B	Stotis–Žemieji Paneriai–Titnago g.	327	327	-2.0999999	Gerosios Vilties st.	338.70001	0.60000002	„Sparta“	332.39999	15	Troleibusai	15	02	3-2792	354	352	0	0
delay	780465	B>A	Titnago g.–Žemieji Paneriai–Stotis	361	362	0.60000002	Savanorių prospektas	379.29999	2.3	Aguonų st.	389.60001	15	Troleibusai	15	02	3-2792	389	391	0	0
delay	780465	A>B	Stotis–Žemieji Paneriai–Titnago g.	390	393	2.5	Stotis	392.60001	4.0999999	„Sparta“	398.89999	15	Troleibusai	15	02	3-2792	417	420	1	1
delay	780465	B>A	Titnago g.–Žemieji Paneriai–Stotis	428	435	6.5999999	Titnago st.	434.70001	10.4	Gerosios Vilties st.	453.60001	15	Troleibusai	15	02	3-2792	457	467	1	1
delay	780465	A>B	Stotis–Žemieji Paneriai–Titnago g.	458	468	9.5	Savanorių prospektas	483.70001	11.8	Aguonų st.	472.29999	15	Troleibusai	15	02	3-2792	489	498	1	1
delay	780465	B>A	Titnago g.–Žemieji Paneriai–Stotis	501	507	3.7	Aguonų st.	532	6.5999999	Baldai	515.29999	15	Troleibusai	15	02	3-2792	530	534	1	1
delay	780465	A>B1	Stotis–st. Žemieji Paneriai	531	536	4.3000002	Stotis	535.40002	5.9000001	„Sparta“	542.59998	15	Troleibusai	15	02	3-2792	555	560	1	1
missed	663014	B>A	Titnago g.–Žemieji Paneriai–Stotis	921	NULL	NULL	NULL	NULL	NULL	NULL	NULL	15	Troleibusai	15	02		951	NULL	NULL	NULL
missed	663014	A>B	Stotis–Žemieji Paneriai–Titnago g.	952	NULL	NULL	NULL	NULL	NULL	NULL	NULL	15	Troleibusai	15	02		983	NULL	NULL	NULL
missed	663014	B>A	Titnago g.–Žemieji Paneriai–Stotis	993	NULL	NULL	NULL	NULL	NULL	NULL	NULL	15	Troleibusai	15	02		1025	NULL	NULL	NULL
missed	663014	A>B	Stotis–Žemieji Paneriai–Titnago g.	1026	NULL	NULL	NULL	NULL	NULL	NULL	NULL	15	Troleibusai	15	02		1057	NULL	NULL	NULL
missed	663014	B>A	Titnago g.–Žemieji Paneriai–Stotis	1067	NULL	NULL	NULL	NULL	NULL	NULL	NULL	15	Troleibusai	15	02		1099	NULL	NULL	NULL
delay	780524	A>B	Stotis–Žemieji Paneriai–Titnago g.	350	352	1.3	Stotis	351.39999	3.0999999	Jankiškių st.	378.10001	15	Troleibusai	15	03	3-1895	377	379	1	0
delay	780524	B>A	Titnago g.–Žemieji Paneriai–Stotis	382	388	6	Titnago st.	388.10001	7.5	Vaduvos st.	394.79999	15	Troleibusai	15	03	3-1895	410	417	1	1
delay	780524	A>B	Stotis–Žemieji Paneriai–Titnago g.	411	421	9.6000004	Stotis	420.60001	11.9	Aguonų st.	425.39999	15	Troleibusai	15	03	3-1895	440	450	1	1
delay	780524	A>B	Stotis–Žemieji Paneriai–Titnago g.	411	506	1440	NULL	0	-1440	NULL	0	15	Troleibusai	15	03	3-1895	440	532	0	1
delay	780524	B>A	Titnago g.–Žemieji Paneriai–Stotis	452	544	1440	NULL	0	-1440	NULL	0	15	Troleibusai	15	03	3-1895	481	571	0	1
delay	780524	B>A	Titnago g.–Žemieji Paneriai–Stotis	452	466	14.1	Titnago st.	466.10001	24.299999	Gerosios Vilties st.	491.60001	15	Troleibusai	15	03	3-1895	481	504	1	1
delay	780524	A>B1	Stotis–st. Žemieji Paneriai	482	574	1440	NULL	0	-1440	NULL	0	15	Troleibusai	15	03	3-1895	508	599	0	1
missed	663013	B>A	Titnago g.–Žemieji Paneriai–Stotis	892	NULL	NULL	NULL	NULL	NULL	NULL	NULL	15	Troleibusai	15	03		921	NULL	NULL	NULL
missed	663013	A>B	Stotis–Žemieji Paneriai–Titnago g.	922	NULL	NULL	NULL	NULL	NULL	NULL	NULL	15	Troleibusai	15	03		953	NULL	NULL	NULL
missed	663013	B>A	Titnago g.–Žemieji Paneriai–Stotis	966	NULL	NULL	NULL	NULL	NULL	NULL	NULL	15	Troleibusai	15	03		998	NULL	NULL	NULL
missed	663013	A>B	Stotis–Žemieji Paneriai–Titnago g.	999	NULL	NULL	NULL	NULL	NULL	NULL	NULL	15	Troleibusai	15	03		1030	NULL	NULL	NULL
missed	663013	B>A	Titnago g.–Žemieji Paneriai–Stotis	1041	NULL	NULL	NULL	NULL	NULL	NULL	NULL	15	Troleibusai	15	03		1073	NULL	NULL	NULL
missed	663013	A>B	Stotis–Žemieji Paneriai–Titnago g.	1074	NULL	NULL	NULL	NULL	NULL	NULL	NULL	15	Troleibusai	15	03		1105	NULL	NULL	NULL
missed	663013	B>A	Titnago g.–Žemieji Paneriai–Stotis	1112	NULL	NULL	NULL	NULL	NULL	NULL	NULL	15	Troleibusai	15	03		1141	NULL	NULL	NULL
delay	780476	A>B	Pašilaičiai–Lazdynai–Stotis	305	306	-0.60000002	Savanorių prospektas	333.20001	1.2	Žemynos st.	307.29999	16	Troleibusai	16	01	3-2675	345	344	0	0
delay	780476	B>A	Stotis–Lazdynai–Pašilaičiai	346	347	-1.3	Žemynos st.	383.60001	1.6	„Sparta“	352.39999	16	Troleibusai	16	01	3-2675	386	384	0	0
delay	780476	A>B	Pašilaičiai–Lazdynai–Stotis	399	396	-4.3000002	Aguonų st.	434.39999	-2.5999999	Laisvės prospektas	410.20001	16	Troleibusai	16	01	3-2675	441	436	1	1
delay	780476	B>A	Stotis–Lazdynai–Pašilaičiai	442	441	-5.9000001	Žemynos st.	480.10001	-1.7	Aguonų st.	443.70001	16	Troleibusai	16	01	3-2675	487	481	1	1
delay	780476	A>B	Pašilaičiai–Lazdynai–Stotis	501	499	-3.0999999	Šaulių sąjunga	507.10001	3.7	Eigulių st.	532	16	Troleibusai	16	01	3-2675	545	546	1	0
delay	780476	B>A	Stotis–Lazdynai–Pašilaičiai	546	548	0.30000001	Žemynos st.	587.29999	3.3	„Sparta“	555.09998	16	Troleibusai	16	01	3-2675	588	588	1	0
missed	663016	A>B	Pašilaičiai–Lazdynai–Stotis	625	NULL	NULL	NULL	NULL	NULL	NULL	NULL	16	Troleibusai	16	01		668	NULL	NULL	NULL
missed	663016	B>A	Stotis–Lazdynai–Pašilaičiai	669	NULL	NULL	NULL	NULL	NULL	NULL	NULL	16	Troleibusai	16	01		711	NULL	NULL	NULL
missed	663016	A>B	Pašilaičiai–Lazdynai–Stotis	720	NULL	NULL	NULL	NULL	NULL	NULL	NULL	16	Troleibusai	16	01		763	NULL	NULL	NULL
missed	663016	B>A	Stotis–Lazdynai–Pašilaičiai	764	NULL	NULL	NULL	NULL	NULL	NULL	NULL	16	Troleibusai	16	01		806	NULL	NULL	NULL
missed	663016	A>B	Pašilaičiai–Lazdynai–Stotis	818	NULL	NULL	NULL	NULL	NULL	NULL	NULL	16	Troleibusai	16	01		861	NULL	NULL	NULL
missed	663016	B>A	Stotis–Lazdynai–Pašilaičiai	862	NULL	NULL	NULL	NULL	NULL	NULL	NULL	16	Troleibusai	16	01		904	NULL	NULL	NULL
missed	663016	A>B	Pašilaičiai–Lazdynai–Stotis	917	NULL	NULL	NULL	NULL	NULL	NULL	NULL	16	Troleibusai	16	01		960	NULL	NULL	NULL
missed	663016	B>A	Stotis–Lazdynai–Pašilaičiai	961	NULL	NULL	NULL	NULL	NULL	NULL	NULL	16	Troleibusai	16	01		1006	NULL	NULL	NULL
missed	663016	A>B	Pašilaičiai–Lazdynai–Stotis	1019	NULL	NULL	NULL	NULL	NULL	NULL	NULL	16	Troleibusai	16	01		1064	NULL	NULL	NULL
missed	663016	B>A	Stotis–Lazdynai–Pašilaičiai	1065	NULL	NULL	NULL	NULL	NULL	NULL	NULL	16	Troleibusai	16	01		1110	NULL	NULL	NULL
missed	663016	A>B	Pašilaičiai–Lazdynai–Stotis	1144	NULL	NULL	NULL	NULL	NULL	NULL	NULL	16	Troleibusai	16	01		1186	NULL	NULL	NULL
missed	663016	B>A	Stotis–Lazdynai–Pašilaičiai	1187	NULL	NULL	NULL	NULL	NULL	NULL	NULL	16	Troleibusai	16	01		1230	NULL	NULL	NULL
missed	663016	A>B	Pašilaičiai–Lazdynai–Stotis	1244	NULL	NULL	NULL	NULL	NULL	NULL	NULL	16	Troleibusai	16	01		1285	NULL	NULL	NULL
missed	663016	B>A	Stotis–Lazdynai–Pašilaičiai	1286	NULL	NULL	NULL	NULL	NULL	NULL	NULL	16	Troleibusai	16	01		1329	NULL	NULL	NULL
delay	780573	A>B	Pašilaičiai–Lazdynai–Stotis	393	376	-18.799999	Viršuliškės	383.89999	-17.299999	Aguonų st.	415.39999	16	Troleibusai	16	02	3-1960	435	417	1	1
delay	780573	B>A	Stotis–Lazdynai–Pašilaičiai	436	418	-20.299999	Savanorių prospektas	431.79999	-18.5	„Sparta“	424.29999	16	Troleibusai	16	02	3-1960	481	461	1	1
delay	780573	A>B	Pašilaičiai–Lazdynai–Stotis	493	476	-17	Šaulių sąjunga	485.20001	-0.69999999	Gerosios Vilties st.	521.79999	16	Troleibusai	16	02	3-1960	537	533	1	1
delay	780573	B>A	Stotis–Lazdynai–Pašilaičiai	538	534	-7	Spaudos rūmai	562.90002	-3.7	„Sparta“	540.09998	16	Troleibusai	16	02	3-1960	580	573	1	1
missed	663019	A>B	Pašilaičiai–Lazdynai–Stotis	893	NULL	NULL	NULL	NULL	NULL	NULL	NULL	16	Troleibusai	16	02		936	NULL	NULL	NULL
missed	663019	B>A	Stotis–Lazdynai–Pašilaičiai	937	NULL	NULL	NULL	NULL	NULL	NULL	NULL	16	Troleibusai	16	02		982	NULL	NULL	NULL
missed	663019	A>B	Pašilaičiai–Lazdynai–Stotis	991	NULL	NULL	NULL	NULL	NULL	NULL	NULL	16	Troleibusai	16	02		1036	NULL	NULL	NULL
missed	663019	B>A	Stotis–Lazdynai–Pašilaičiai	1037	NULL	NULL	NULL	NULL	NULL	NULL	NULL	16	Troleibusai	16	02		1082	NULL	NULL	NULL
missed	663019	A>B	Pašilaičiai–Lazdynai–Stotis	1090	NULL	NULL	NULL	NULL	NULL	NULL	NULL	16	Troleibusai	16	02		1135	NULL	NULL	NULL
missed	663019	B>A	Stotis–Lazdynai–Pašilaičiai	1136	NULL	NULL	NULL	NULL	NULL	NULL	NULL	16	Troleibusai	16	02		1179	NULL	NULL	NULL
delay	780587	A>B	Pašilaičiai–Lazdynai–Stotis	405	383	-22	Žemaitės st.	414.89999	-19.6	Sietyno st.	398.39999	16	Troleibusai	16	03Ž	3-10654	447	425	1	1
delay	780587	B>A	Stotis–Lazdynai–Pašilaičiai	448	427	-23.700001	Naujamiestis	433.39999	-21.5	Čiobiškio st.	467.79999	16	Troleibusai	16	03Ž	3-10654	493	471	1	1
delay	780587	A>B	Pašilaičiai–Lazdynai–Stotis	509	482	-27.200001	Pal. Jurgio Matulaičio bažnyčia	488.89999	-13.6	Eigulių st.	521.70001	16	Troleibusai	16	03Ž	3-10654	552	535	1	1
delay	780587	B>A	Stotis–Lazdynai–Pašilaičiai	553	537	-21.4	Rygos st.	568.90002	-16	„Sparta“	542.79999	16	Troleibusai	16	03Ž	3-10654	595	573	1	1
missed	663018	A>B	Pašilaičiai–Lazdynai–Stotis	633	NULL	NULL	NULL	NULL	NULL	NULL	NULL	16	Troleibusai	16	03Ž		676	NULL	NULL	NULL
missed	663018	B>A	Stotis–Lazdynai–Pašilaičiai	677	NULL	NULL	NULL	NULL	NULL	NULL	NULL	16	Troleibusai	16	03Ž		719	NULL	NULL	NULL
missed	663018	A>B	Pašilaičiai–Lazdynai–Stotis	728	NULL	NULL	NULL	NULL	NULL	NULL	NULL	16	Troleibusai	16	03Ž		771	NULL	NULL	NULL
missed	663018	B>A	Stotis–Lazdynai–Pašilaičiai	772	NULL	NULL	NULL	NULL	NULL	NULL	NULL	16	Troleibusai	16	03Ž		814	NULL	NULL	NULL
missed	663018	A>B	Pašilaičiai–Lazdynai–Stotis	825	NULL	NULL	NULL	NULL	NULL	NULL	NULL	16	Troleibusai	16	03Ž		868	NULL	NULL	NULL
missed	663018	B>A	Stotis–Lazdynai–Pašilaičiai	869	NULL	NULL	NULL	NULL	NULL	NULL	NULL	16	Troleibusai	16	03Ž		911	NULL	NULL	NULL
missed	663018	A>B	Pašilaičiai–Lazdynai–Stotis	923	NULL	NULL	NULL	NULL	NULL	NULL	NULL	16	Troleibusai	16	03Ž		966	NULL	NULL	NULL
missed	663018	B>A	Stotis–Lazdynai–Pašilaičiai	967	NULL	NULL	NULL	NULL	NULL	NULL	NULL	16	Troleibusai	16	03Ž		1012	NULL	NULL	NULL
missed	663018	A>B	Pašilaičiai–Lazdynai–Stotis	1025	NULL	NULL	NULL	NULL	NULL	NULL	NULL	16	Troleibusai	16	03Ž		1070	NULL	NULL	NULL
missed	663018	B>A	Stotis–Lazdynai–Pašilaičiai	1071	NULL	NULL	NULL	NULL	NULL	NULL	NULL	16	Troleibusai	16	03Ž		1116	NULL	NULL	NULL
missed	663018	A>B	Pašilaičiai–Lazdynai–Stotis	1153	NULL	NULL	NULL	NULL	NULL	NULL	NULL	16	Troleibusai	16	03Ž		1195	NULL	NULL	NULL
missed	663018	B>A	Stotis–Lazdynai–Pašilaičiai	1196	NULL	NULL	NULL	NULL	NULL	NULL	NULL	16	Troleibusai	16	03Ž		1239	NULL	NULL	NULL
missed	663018	A>B	Pašilaičiai–Lazdynai–Stotis	1251	NULL	NULL	NULL	NULL	NULL	NULL	NULL	16	Troleibusai	16	03Ž		1292	NULL	NULL	NULL
missed	663018	B>A	Stotis–Lazdynai–Pašilaičiai	1293	NULL	NULL	NULL	NULL	NULL	NULL	NULL	16	Troleibusai	16	03Ž		1336	NULL	NULL	NULL
missed	663018	A>B	Pašilaičiai–Lazdynai–Stotis	1344	NULL	NULL	NULL	NULL	NULL	NULL	NULL	16	Troleibusai	16	03Ž		1384	NULL	NULL	NULL
missed	663018	B>A	Stotis–Lazdynai–Pašilaičiai	1385	NULL	NULL	NULL	NULL	NULL	NULL	NULL	16	Troleibusai	16	03Ž		1425	NULL	NULL	NULL
delay	780493	A>B	Pašilaičiai–Lazdynai–Stotis	320	321	0.69999999	Pašilaičių žiedas	321.20001	2	Spaudos rūmai	332.29999	16	Troleibusai	16	04	3-1964	360	360	0	0
delay	780493	B>A	Stotis–Lazdynai–Pašilaičiai	361	363	0.89999998	Stotis	362	2.8	Parodų rūmai	381.5	16	Troleibusai	16	04	3-1964	401	403	0	0
delay	780493	A>B	Pašilaičiai–Lazdynai–Stotis	411	412	-0.30000001	Šaulių sąjunga	419	2.5	Gerosios Vilties st.	442	16	Troleibusai	16	04	3-1964	454	454	0	0
delay	780493	B>A	Stotis–Lazdynai–Pašilaičiai	455	455	-1.5	Savanorių prospektas	469.5	2.4000001	Sietyno st.	489.29999	16	Troleibusai	16	04	3-1964	500	501	0	0
delay	780493	A>B	Pašilaičiai–Lazdynai–Stotis	539	543	4.3000002	Žemynos st.	544.5	6.4000001	Gerosios Vilties st.	573.90002	16	Troleibusai	16	04	3-1964	582	588	1	1
missed	663025	B>A	Stotis–Lazdynai–Pašilaičiai	583	NULL	NULL	NULL	NULL	NULL	NULL	NULL	16	Troleibusai	16	04		625	NULL	NULL	NULL
missed	663025	A>B	Pašilaičiai–Lazdynai–Stotis	639	NULL	NULL	NULL	NULL	NULL	NULL	NULL	16	Troleibusai	16	04		682	NULL	NULL	NULL
missed	663025	B>A	Stotis–Lazdynai–Pašilaičiai	683	NULL	NULL	NULL	NULL	NULL	NULL	NULL	16	Troleibusai	16	04		725	NULL	NULL	NULL
missed	663025	A>B	Pašilaičiai–Lazdynai–Stotis	734	NULL	NULL	NULL	NULL	NULL	NULL	NULL	16	Troleibusai	16	04		777	NULL	NULL	NULL
missed	663025	B>A	Stotis–Lazdynai–Pašilaičiai	778	NULL	NULL	NULL	NULL	NULL	NULL	NULL	16	Troleibusai	16	04		820	NULL	NULL	NULL
missed	663025	A>B	Pašilaičiai–Lazdynai–Stotis	831	NULL	NULL	NULL	NULL	NULL	NULL	NULL	16	Troleibusai	16	04		874	NULL	NULL	NULL
missed	663025	B>A	Stotis–Lazdynai–Pašilaičiai	875	NULL	NULL	NULL	NULL	NULL	NULL	NULL	16	Troleibusai	16	04		917	NULL	NULL	NULL
missed	663025	A>B	Pašilaičiai–Lazdynai–Stotis	929	NULL	NULL	NULL	NULL	NULL	NULL	NULL	16	Troleibusai	16	04		972	NULL	NULL	NULL
missed	663025	B>A	Stotis–Lazdynai–Pašilaičiai	973	NULL	NULL	NULL	NULL	NULL	NULL	NULL	16	Troleibusai	16	04		1018	NULL	NULL	NULL
missed	663025	A>B	Pašilaičiai–Lazdynai–Stotis	1030	NULL	NULL	NULL	NULL	NULL	NULL	NULL	16	Troleibusai	16	04		1075	NULL	NULL	NULL
missed	663025	B>A	Stotis–Lazdynai–Pašilaičiai	1076	NULL	NULL	NULL	NULL	NULL	NULL	NULL	16	Troleibusai	16	04		1121	NULL	NULL	NULL
missed	663025	A>B	Pašilaičiai–Lazdynai–Stotis	1162	NULL	NULL	NULL	NULL	NULL	NULL	NULL	16	Troleibusai	16	04		1204	NULL	NULL	NULL
missed	663025	B>A	Stotis–Lazdynai–Pašilaičiai	1205	NULL	NULL	NULL	NULL	NULL	NULL	NULL	16	Troleibusai	16	04		1248	NULL	NULL	NULL
missed	663025	A>B	Pašilaičiai–Lazdynai–Stotis	1259	NULL	NULL	NULL	NULL	NULL	NULL	NULL	16	Troleibusai	16	04		1300	NULL	NULL	NULL
missed	663025	B>A	Stotis–Lazdynai–Pašilaičiai	1301	NULL	NULL	NULL	NULL	NULL	NULL	NULL	16	Troleibusai	16	04		1344	NULL	NULL	NULL
delay	780622	A>B	Pašilaičiai–Lazdynai–Stotis	416	416	-1.1	Šaulių sąjunga	425.20001	4.1999998	Aguonų st.	462.79999	16	Troleibusai	16	05	3-164	461	464	1	0
delay	780622	B>A	Stotis–Lazdynai–Pašilaičiai	462	466	-0.69999999	Gerosios Vilties st.	479.10001	3	Aguonų st.	468.39999	16	Troleibusai	16	05	3-164	507	508	0	1
delay	780622	A>B	Pašilaičiai–Lazdynai–Stotis	517	518	0.30000001	Spaudos rūmai	529.5	1.6	„Sparta“	557.09998	16	Troleibusai	16	05	3-164	560	561	0	0
delay	780622	B>A	Stotis–Lazdynai–Pašilaičiai	561	563	1.1	Stotis	562.09998	3.3	Sietyno st.	594.20001	16	Troleibusai	16	05	3-164	603	605	1	0
missed	663028	A>B	Pašilaičiai–Lazdynai–Stotis	935	NULL	NULL	NULL	NULL	NULL	NULL	NULL	16	Troleibusai	16	05		978	NULL	NULL	NULL
missed	663028	B>A	Stotis–Lazdynai–Pašilaičiai	979	NULL	NULL	NULL	NULL	NULL	NULL	NULL	16	Troleibusai	16	05		1024	NULL	NULL	NULL
missed	663028	A>B	Pašilaičiai–Lazdynai–Stotis	1038	NULL	NULL	NULL	NULL	NULL	NULL	NULL	16	Troleibusai	16	05		1083	NULL	NULL	NULL
missed	663028	B>A	Stotis–Lazdynai–Pašilaičiai	1084	NULL	NULL	NULL	NULL	NULL	NULL	NULL	16	Troleibusai	16	05		1129	NULL	NULL	NULL
delay	780601	A>B	Pašilaičiai–Lazdynai–Stotis	427	426	-2.8	Šaulių sąjunga	434.39999	12.7	Aguonų st.	482.29999	16	Troleibusai	16	06	3-2894	472	484	1	1
delay	780601	B>A	Stotis–Lazdynai–Pašilaičiai	473	486	10.9	Laisvės prospektas	514.59998	13.2	Čiobiškio st.	527.5	16	Troleibusai	16	06	3-2894	518	531	1	1
delay	780601	A>B	Pašilaičiai–Lazdynai–Stotis	526	531	2	Žemaitės st.	560.90002	5.3000002	Pašilaičių žiedas	531.59998	16	Troleibusai	16	06	3-2894	569	573	1	1
missed	663020	B>A	Stotis–Lazdynai–Pašilaičiai	570	NULL	NULL	NULL	NULL	NULL	NULL	NULL	16	Troleibusai	16	06		612	NULL	NULL	NULL
missed	663020	A>B	Pašilaičiai–Lazdynai–Stotis	649	NULL	NULL	NULL	NULL	NULL	NULL	NULL	16	Troleibusai	16	06		692	NULL	NULL	NULL
missed	663020	B>A	Stotis–Lazdynai–Pašilaičiai	693	NULL	NULL	NULL	NULL	NULL	NULL	NULL	16	Troleibusai	16	06		735	NULL	NULL	NULL
missed	663020	A>B	Pašilaičiai–Lazdynai–Stotis	743	NULL	NULL	NULL	NULL	NULL	NULL	NULL	16	Troleibusai	16	06		786	NULL	NULL	NULL
missed	663020	B>A	Stotis–Lazdynai–Pašilaičiai	787	NULL	NULL	NULL	NULL	NULL	NULL	NULL	16	Troleibusai	16	06		829	NULL	NULL	NULL
missed	663020	A>B	Pašilaičiai–Lazdynai–Stotis	842	NULL	NULL	NULL	NULL	NULL	NULL	NULL	16	Troleibusai	16	06		885	NULL	NULL	NULL
missed	663020	B>A	Stotis–Lazdynai–Pašilaičiai	886	NULL	NULL	NULL	NULL	NULL	NULL	NULL	16	Troleibusai	16	06		928	NULL	NULL	NULL
missed	663020	A>B	Pašilaičiai–Lazdynai–Stotis	943	NULL	NULL	NULL	NULL	NULL	NULL	NULL	16	Troleibusai	16	06		986	NULL	NULL	NULL
missed	663020	B>A	Stotis–Lazdynai–Pašilaičiai	987	NULL	NULL	NULL	NULL	NULL	NULL	NULL	16	Troleibusai	16	06		1032	NULL	NULL	NULL
missed	663020	A>B	Pašilaičiai–Lazdynai–Stotis	1044	NULL	NULL	NULL	NULL	NULL	NULL	NULL	16	Troleibusai	16	06		1089	NULL	NULL	NULL
missed	663020	B>A	Stotis–Lazdynai–Pašilaičiai	1090	NULL	NULL	NULL	NULL	NULL	NULL	NULL	16	Troleibusai	16	06		1135	NULL	NULL	NULL
missed	663020	A>B	Pašilaičiai–Lazdynai–Stotis	1172	NULL	NULL	NULL	NULL	NULL	NULL	NULL	16	Troleibusai	16	06		1214	NULL	NULL	NULL
missed	663020	B>A	Stotis–Lazdynai–Pašilaičiai	1215	NULL	NULL	NULL	NULL	NULL	NULL	NULL	16	Troleibusai	16	06		1258	NULL	NULL	NULL
missed	663020	A>B	Pašilaičiai–Lazdynai–Stotis	1265	NULL	NULL	NULL	NULL	NULL	NULL	NULL	16	Troleibusai	16	06		1306	NULL	NULL	NULL
missed	663020	B>A	Stotis–Lazdynai–Pašilaičiai	1307	NULL	NULL	NULL	NULL	NULL	NULL	NULL	16	Troleibusai	16	06		1350	NULL	NULL	NULL
missed	663020	A>B	Pašilaičiai–Lazdynai–Stotis	1355	NULL	NULL	NULL	NULL	NULL	NULL	NULL	16	Troleibusai	16	06		1395	NULL	NULL	NULL
missed	663020	B>A	Stotis–Lazdynai–Pašilaičiai	1396	NULL	NULL	NULL	NULL	NULL	NULL	NULL	16	Troleibusai	16	06		1436	NULL	NULL	NULL
delay	780515	A>B	Pašilaičiai–Lazdynai–Stotis	332	335	1.3	Savanorių prospektas	362.29999	3.4000001	Spaudos rūmai	345.60001	16	Troleibusai	16	07	3-1873	372	373	1	0
delay	780515	B>A	Stotis–Lazdynai–Pašilaičiai	373	376	0.69999999	Vilniaus rajono poliklinika	411.39999	4	„Sparta“	381.79999	16	Troleibusai	16	07	3-1873	413	413	1	0
delay	780515	A>B	Pašilaičiai–Lazdynai–Stotis	422	423	-1.7	Karoliniškės	439.39999	5.5	Aguonų st.	470.10001	16	Troleibusai	16	07	3-1873	467	472	1	1
delay	780515	B>A	Stotis–Lazdynai–Pašilaičiai	468	473	1.2	Savanorių prospektas	485.29999	5.1999998	Aguonų st.	476.70001	16	Troleibusai	16	07	3-1873	513	515	1	1
delay	780515	A>B	Pašilaičiai–Lazdynai–Stotis	558	550	-9.5	„Sparta“	587.20001	-6.5	Spaudos rūmai	563.70001	16	Troleibusai	16	07	3-1873	601	591	1	1
missed	663017	B>A	Stotis–Lazdynai–Pašilaičiai	602	NULL	NULL	NULL	NULL	NULL	NULL	NULL	16	Troleibusai	16	07		644	NULL	NULL	NULL
missed	663017	A>B	Pašilaičiai–Lazdynai–Stotis	657	NULL	NULL	NULL	NULL	NULL	NULL	NULL	16	Troleibusai	16	07		700	NULL	NULL	NULL
missed	663017	B>A	Stotis–Lazdynai–Pašilaičiai	701	NULL	NULL	NULL	NULL	NULL	NULL	NULL	16	Troleibusai	16	07		743	NULL	NULL	NULL
missed	663017	A>B	Pašilaičiai–Lazdynai–Stotis	754	NULL	NULL	NULL	NULL	NULL	NULL	NULL	16	Troleibusai	16	07		797	NULL	NULL	NULL
missed	663017	B>A	Stotis–Lazdynai–Pašilaičiai	798	NULL	NULL	NULL	NULL	NULL	NULL	NULL	16	Troleibusai	16	07		840	NULL	NULL	NULL
missed	663017	A>B	Pašilaičiai–Lazdynai–Stotis	850	NULL	NULL	NULL	NULL	NULL	NULL	NULL	16	Troleibusai	16	07		893	NULL	NULL	NULL
missed	663017	B>A	Stotis–Lazdynai–Pašilaičiai	894	NULL	NULL	NULL	NULL	NULL	NULL	NULL	16	Troleibusai	16	07		938	NULL	NULL	NULL
missed	663017	A>B	Pašilaičiai–Lazdynai–Stotis	951	NULL	NULL	NULL	NULL	NULL	NULL	NULL	16	Troleibusai	16	07		996	NULL	NULL	NULL
missed	663017	B>A	Stotis–Lazdynai–Pašilaičiai	997	NULL	NULL	NULL	NULL	NULL	NULL	NULL	16	Troleibusai	16	07		1042	NULL	NULL	NULL
missed	663017	A>B	Pašilaičiai–Lazdynai–Stotis	1051	NULL	NULL	NULL	NULL	NULL	NULL	NULL	16	Troleibusai	16	07		1096	NULL	NULL	NULL
missed	663017	B>A	Stotis–Lazdynai–Pašilaičiai	1097	NULL	NULL	NULL	NULL	NULL	NULL	NULL	16	Troleibusai	16	07		1142	NULL	NULL	NULL
missed	663017	A>B	Pašilaičiai–Lazdynai–Stotis	1182	NULL	NULL	NULL	NULL	NULL	NULL	NULL	16	Troleibusai	16	07		1224	NULL	NULL	NULL
missed	663017	B>A	Stotis–Lazdynai–Pašilaičiai	1225	NULL	NULL	NULL	NULL	NULL	NULL	NULL	16	Troleibusai	16	07		1268	NULL	NULL	NULL
missed	663017	A>B	Pašilaičiai–Lazdynai–Stotis	1276	NULL	NULL	NULL	NULL	NULL	NULL	NULL	16	Troleibusai	16	07		1317	NULL	NULL	NULL
missed	663017	B>A	Stotis–Lazdynai–Pašilaičiai	1318	NULL	NULL	NULL	NULL	NULL	NULL	NULL	16	Troleibusai	16	07		1359	NULL	NULL	NULL
delay	780636	A>B	Pašilaičiai–Lazdynai–Stotis	433	438	1.5	Šaulių sąjunga	445.70001	16.6	Gerosios Vilties st.	481.10001	16	Troleibusai	16	08	3-62	479	494	1	1
delay	780636	B>A	Stotis–Lazdynai–Pašilaičiai	480	495	9.5	Laisvės prospektas	520.40002	14.6	Aguonų st.	498.10001	16	Troleibusai	16	08	3-62	525	536	1	1
delay	780636	A>B	Pašilaičiai–Lazdynai–Stotis	534	538	1.4	Karoliniškės	552.5	4.5	Čiobiškio st.	542	16	Troleibusai	16	08	3-62	577	581	1	1
missed	663030	B>A	Stotis–Lazdynai–Pašilaičiai	578	NULL	NULL	NULL	NULL	NULL	NULL	NULL	16	Troleibusai	16	08		620	NULL	NULL	NULL
missed	663030	B>A	Stotis–Lazdynai–Pašilaičiai	909	NULL	NULL	NULL	NULL	NULL	NULL	NULL	16	Troleibusai	16	08		953	NULL	NULL	NULL
missed	663030	A>B	Pašilaičiai–Lazdynai–Stotis	965	NULL	NULL	NULL	NULL	NULL	NULL	NULL	16	Troleibusai	16	08		1010	NULL	NULL	NULL
missed	663030	B>A	Stotis–Lazdynai–Pašilaičiai	1011	NULL	NULL	NULL	NULL	NULL	NULL	NULL	16	Troleibusai	16	08		1056	NULL	NULL	NULL
missed	663030	A>B	Pašilaičiai–Lazdynai–Stotis	1066	NULL	NULL	NULL	NULL	NULL	NULL	NULL	16	Troleibusai	16	08		1111	NULL	NULL	NULL
missed	663030	B>A	Stotis–Lazdynai–Pašilaičiai	1112	NULL	NULL	NULL	NULL	NULL	NULL	NULL	16	Troleibusai	16	08		1156	NULL	NULL	NULL
delay	780537	A>B	Pašilaičiai–Lazdynai–Stotis	351	345	-6.4000001	Savanorių prospektas	373.60001	-5.0999999	Spaudos rūmai	356.10001	16	Troleibusai	16	09	3-2038	391	384	1	1
delay	780537	B>A	Stotis–Lazdynai–Pašilaičiai	392	387	-8.3999996	Čiobiškio st.	421	-3.9000001	„Sparta“	392.89999	16	Troleibusai	16	09	3-2038	433	425	1	1
delay	780537	A>B	Pašilaičiai–Lazdynai–Stotis	438	431	-9.1000004	Šaulių sąjunga	440.20001	3.2	Gerosios Vilties st.	472.70001	16	Troleibusai	16	09	3-2038	484	484	1	1
delay	780537	B>A	Stotis–Lazdynai–Pašilaičiai	485	486	-1	Laisvės prospektas	514.79999	1.2	Čiobiškio st.	527.5	16	Troleibusai	16	09	3-2038	530	531	0	0
delay	780537	A>B	Pašilaičiai–Lazdynai–Stotis	575	556	-20.700001	Statybininkų st.	588.90002	-18.700001	Pašilaičių žiedas	556.59998	16	Troleibusai	16	09	3-2038	618	597	1	1
missed	663026	B>A	Stotis–Lazdynai–Pašilaičiai	619	NULL	NULL	NULL	NULL	NULL	NULL	NULL	16	Troleibusai	16	09		661	NULL	NULL	NULL
missed	663026	A>B	Pašilaičiai–Lazdynai–Stotis	675	NULL	NULL	NULL	NULL	NULL	NULL	NULL	16	Troleibusai	16	09		718	NULL	NULL	NULL
missed	663026	B>A	Stotis–Lazdynai–Pašilaičiai	719	NULL	NULL	NULL	NULL	NULL	NULL	NULL	16	Troleibusai	16	09		761	NULL	NULL	NULL
missed	663026	A>B	Pašilaičiai–Lazdynai–Stotis	773	NULL	NULL	NULL	NULL	NULL	NULL	NULL	16	Troleibusai	16	09		816	NULL	NULL	NULL
missed	663026	B>A	Stotis–Lazdynai–Pašilaičiai	817	NULL	NULL	NULL	NULL	NULL	NULL	NULL	16	Troleibusai	16	09		859	NULL	NULL	NULL
missed	663026	A>B	Pašilaičiai–Lazdynai–Stotis	870	NULL	NULL	NULL	NULL	NULL	NULL	NULL	16	Troleibusai	16	09		913	NULL	NULL	NULL
missed	663026	B>A	Stotis–Lazdynai–Pašilaičiai	914	NULL	NULL	NULL	NULL	NULL	NULL	NULL	16	Troleibusai	16	09		958	NULL	NULL	NULL
missed	663026	A>B	Pašilaičiai–Lazdynai–Stotis	973	NULL	NULL	NULL	NULL	NULL	NULL	NULL	16	Troleibusai	16	09		1018	NULL	NULL	NULL
missed	663026	B>A	Stotis–Lazdynai–Pašilaičiai	1019	NULL	NULL	NULL	NULL	NULL	NULL	NULL	16	Troleibusai	16	09		1064	NULL	NULL	NULL
missed	663026	A>B	Pašilaičiai–Lazdynai–Stotis	1075	NULL	NULL	NULL	NULL	NULL	NULL	NULL	16	Troleibusai	16	09		1120	NULL	NULL	NULL
missed	663026	B>A	Stotis–Lazdynai–Pašilaičiai	1121	NULL	NULL	NULL	NULL	NULL	NULL	NULL	16	Troleibusai	16	09		1165	NULL	NULL	NULL
missed	663026	A>B	Pašilaičiai–Lazdynai–Stotis	1201	NULL	NULL	NULL	NULL	NULL	NULL	NULL	16	Troleibusai	16	09		1242	NULL	NULL	NULL
missed	663026	B>A	Stotis–Lazdynai–Pašilaičiai	1243	NULL	NULL	NULL	NULL	NULL	NULL	NULL	16	Troleibusai	16	09		1286	NULL	NULL	NULL
missed	663026	A>B	Pašilaičiai–Lazdynai–Stotis	1298	NULL	NULL	NULL	NULL	NULL	NULL	NULL	16	Troleibusai	16	09		1339	NULL	NULL	NULL
missed	663026	B>A	Stotis–Lazdynai–Pašilaičiai	1340	NULL	NULL	NULL	NULL	NULL	NULL	NULL	16	Troleibusai	16	09		1380	NULL	NULL	NULL
delay	780544	A>B	Pašilaičiai–Lazdynai–Stotis	443	352	1440	NULL	0	-1440	NULL	0	16	Troleibusai	16	10	3-10435	489	391	0	1
delay	780544	A>B	Pašilaičiai–Lazdynai–Stotis	443	443	-3.9000001	Karoliniškės	459.20001	13.9	Gerosios Vilties st.	488.39999	16	Troleibusai	16	10	3-10435	489	501	1	1
delay	780544	B>A	Stotis–Lazdynai–Pašilaičiai	490	503	6.8000002	Karoliniškės	525.79999	12.1	Aguonų st.	505.60001	16	Troleibusai	16	10	3-10435	535	542	1	1
delay	780544	B>A	Stotis–Lazdynai–Pašilaičiai	490	393	1440	NULL	0	-1440	NULL	0	16	Troleibusai	16	10	3-10435	535	433	0	1
delay	780544	A>B	Pašilaičiai–Lazdynai–Stotis	546	578	29.6	Parodų rūmai	599.20001	32.099998	Čiobiškio st.	581.59998	16	Troleibusai	16	10	3-10435	589	602	1	1
missed	663027	B>A	Stotis–Lazdynai–Pašilaičiai	590	NULL	NULL	NULL	NULL	NULL	NULL	NULL	16	Troleibusai	16	10		632	NULL	NULL	NULL
missed	663027	A>B	Pašilaičiai–Lazdynai–Stotis	667	NULL	NULL	NULL	NULL	NULL	NULL	NULL	16	Troleibusai	16	10		710	NULL	NULL	NULL
missed	663027	B>A	Stotis–Lazdynai–Pašilaičiai	711	NULL	NULL	NULL	NULL	NULL	NULL	NULL	16	Troleibusai	16	10		753	NULL	NULL	NULL
missed	663027	A>B	Pašilaičiai–Lazdynai–Stotis	764	NULL	NULL	NULL	NULL	NULL	NULL	NULL	16	Troleibusai	16	10		807	NULL	NULL	NULL
missed	663027	B>A	Stotis–Lazdynai–Pašilaičiai	808	NULL	NULL	NULL	NULL	NULL	NULL	NULL	16	Troleibusai	16	10		850	NULL	NULL	NULL
missed	663027	A>B	Pašilaičiai–Lazdynai–Stotis	860	NULL	NULL	NULL	NULL	NULL	NULL	NULL	16	Troleibusai	16	10		903	NULL	NULL	NULL
missed	663027	B>A	Stotis–Lazdynai–Pašilaičiai	904	NULL	NULL	NULL	NULL	NULL	NULL	NULL	16	Troleibusai	16	10		948	NULL	NULL	NULL
missed	663027	A>B	Pašilaičiai–Lazdynai–Stotis	959	NULL	NULL	NULL	NULL	NULL	NULL	NULL	16	Troleibusai	16	10		1004	NULL	NULL	NULL
missed	663027	B>A	Stotis–Lazdynai–Pašilaičiai	1005	NULL	NULL	NULL	NULL	NULL	NULL	NULL	16	Troleibusai	16	10		1050	NULL	NULL	NULL
missed	663027	A>B	Pašilaičiai–Lazdynai–Stotis	1059	NULL	NULL	NULL	NULL	NULL	NULL	NULL	16	Troleibusai	16	10		1104	NULL	NULL	NULL
missed	663027	B>A	Stotis–Lazdynai–Pašilaičiai	1105	NULL	NULL	NULL	NULL	NULL	NULL	NULL	16	Troleibusai	16	10		1149	NULL	NULL	NULL
missed	663027	A>B	Pašilaičiai–Lazdynai–Stotis	1192	NULL	NULL	NULL	NULL	NULL	NULL	NULL	16	Troleibusai	16	10		1234	NULL	NULL	NULL
missed	663027	B>A	Stotis–Lazdynai–Pašilaičiai	1235	NULL	NULL	NULL	NULL	NULL	NULL	NULL	16	Troleibusai	16	10		1278	NULL	NULL	NULL
missed	663027	A>B	Pašilaičiai–Lazdynai–Stotis	1287	NULL	NULL	NULL	NULL	NULL	NULL	NULL	16	Troleibusai	16	10		1328	NULL	NULL	NULL
missed	663027	B>A	Stotis–Lazdynai–Pašilaičiai	1329	NULL	NULL	NULL	NULL	NULL	NULL	NULL	16	Troleibusai	16	10		1369	NULL	NULL	NULL
missed	663027	A>B	Pašilaičiai–Lazdynai–Stotis	1382	NULL	NULL	NULL	NULL	NULL	NULL	NULL	16	Troleibusai	16	10		1422	NULL	NULL	NULL
delay	780473	A>B	Pašilaičiai–Lazdynai–Stotis	362	291	1440	NULL	0	-1440	NULL	0	16	Troleibusai	16	11Ž	3-2484	402	319	0	1
delay	780473	A>B	Pašilaičiai–Lazdynai–Stotis	362	369	6.8000002	Viršuliškės	377.60001	8	Laisvės prospektas	382.79999	16	Troleibusai	16	11Ž	3-2484	402	408	1	1
delay	780473	B>A	Stotis–Lazdynai–Pašilaičiai	403	411	6	Laisvės prospektas	435.79999	8.6999998	Aguonų st.	414.20001	16	Troleibusai	16	11Ž	3-2484	444	450	1	1
delay	780473	B>A	Stotis–Lazdynai–Pašilaičiai	403	322	1440	NULL	0	-1440	NULL	0	16	Troleibusai	16	11Ž	3-2484	444	360	0	1
delay	780473	A>B	Pašilaičiai–Lazdynai–Stotis	456	463	2.9000001	Šaulių sąjunga	470.20001	23.9	Eigulių st.	509.20001	16	Troleibusai	16	11Ž	3-2484	502	524	1	1
delay	780473	B>A	Stotis–Lazdynai–Pašilaičiai	503	525	17.4	Rygos st.	558.70001	22.1	Aguonų st.	528.59998	16	Troleibusai	16	11Ž	3-2484	546	563	1	1
missed	663024	A>B	Pašilaičiai–Lazdynai–Stotis	586	NULL	NULL	NULL	NULL	NULL	NULL	NULL	16	Troleibusai	16	11Ž		629	NULL	NULL	NULL
missed	663024	B>A	Stotis–Lazdynai–Pašilaičiai	630	NULL	NULL	NULL	NULL	NULL	NULL	NULL	16	Troleibusai	16	11Ž		672	NULL	NULL	NULL
missed	663024	A>B	Pašilaičiai–Lazdynai–Stotis	683	NULL	NULL	NULL	NULL	NULL	NULL	NULL	16	Troleibusai	16	11Ž		726	NULL	NULL	NULL
missed	663024	B>A	Stotis–Lazdynai–Pašilaičiai	727	NULL	NULL	NULL	NULL	NULL	NULL	NULL	16	Troleibusai	16	11Ž		769	NULL	NULL	NULL
missed	663024	A>B	Pašilaičiai–Lazdynai–Stotis	781	NULL	NULL	NULL	NULL	NULL	NULL	NULL	16	Troleibusai	16	11Ž		824	NULL	NULL	NULL
missed	663024	B>A	Stotis–Lazdynai–Pašilaičiai	825	NULL	NULL	NULL	NULL	NULL	NULL	NULL	16	Troleibusai	16	11Ž		867	NULL	NULL	NULL
missed	663024	A>B	Pašilaičiai–Lazdynai–Stotis	878	NULL	NULL	NULL	NULL	NULL	NULL	NULL	16	Troleibusai	16	11Ž		921	NULL	NULL	NULL
missed	663024	B>A	Stotis–Lazdynai–Pašilaičiai	922	NULL	NULL	NULL	NULL	NULL	NULL	NULL	16	Troleibusai	16	11Ž		967	NULL	NULL	NULL
missed	663024	A>B	Pašilaičiai–Lazdynai–Stotis	979	NULL	NULL	NULL	NULL	NULL	NULL	NULL	16	Troleibusai	16	11Ž		1024	NULL	NULL	NULL
missed	663024	B>A	Stotis–Lazdynai–Pašilaičiai	1025	NULL	NULL	NULL	NULL	NULL	NULL	NULL	16	Troleibusai	16	11Ž		1070	NULL	NULL	NULL
missed	663024	A>B	Pašilaičiai–Lazdynai–Stotis	1082	NULL	NULL	NULL	NULL	NULL	NULL	NULL	16	Troleibusai	16	11Ž		1127	NULL	NULL	NULL
missed	663024	B>A	Stotis–Lazdynai–Pašilaičiai	1128	NULL	NULL	NULL	NULL	NULL	NULL	NULL	16	Troleibusai	16	11Ž		1171	NULL	NULL	NULL
missed	663024	A>B	Pašilaičiai–Lazdynai–Stotis	1210	NULL	NULL	NULL	NULL	NULL	NULL	NULL	16	Troleibusai	16	11Ž		1251	NULL	NULL	NULL
missed	663024	B>A	Stotis–Lazdynai–Pašilaičiai	1252	NULL	NULL	NULL	NULL	NULL	NULL	NULL	16	Troleibusai	16	11Ž		1295	NULL	NULL	NULL
missed	663024	A>B	Pašilaičiai–Lazdynai–Stotis	1310	NULL	NULL	NULL	NULL	NULL	NULL	NULL	16	Troleibusai	16	11Ž		1350	NULL	NULL	NULL
missed	663024	B>A	Stotis–Lazdynai–Pašilaičiai	1351	NULL	NULL	NULL	NULL	NULL	NULL	NULL	16	Troleibusai	16	11Ž		1391	NULL	NULL	NULL
delay	780646	A>B	Pašilaičiai–Lazdynai–Stotis	449	456	3.4000001	Viršuliškės	465.10001	22.6	Gerosios Vilties st.	503.10001	16	Troleibusai	16	12	3-190	495	517	1	1
delay	780646	B>A	Stotis–Lazdynai–Pašilaičiai	496	519	18.5	Rygos st.	554.90002	21.9	Aguonų st.	521.40002	16	Troleibusai	16	12	3-190	541	559	1	1
delay	780646	A>B	Pašilaičiai–Lazdynai–Stotis	552	563	8.1999998	Vaivorykštės st.	579.90002	10.7	Pašilaičių žiedas	563	16	Troleibusai	16	12	3-190	595	605	1	1
missed	663031	B>A	Stotis–Lazdynai–Pašilaičiai	596	NULL	NULL	NULL	NULL	NULL	NULL	NULL	16	Troleibusai	16	12		638	NULL	NULL	NULL
missed	663031	B>A	Stotis–Lazdynai–Pašilaičiai	941	NULL	NULL	NULL	NULL	NULL	NULL	NULL	16	Troleibusai	16	12		986	NULL	NULL	NULL
missed	663031	A>B	Pašilaičiai–Lazdynai–Stotis	997	NULL	NULL	NULL	NULL	NULL	NULL	NULL	16	Troleibusai	16	12		1042	NULL	NULL	NULL
missed	663031	B>A	Stotis–Lazdynai–Pašilaičiai	1043	NULL	NULL	NULL	NULL	NULL	NULL	NULL	16	Troleibusai	16	12		1088	NULL	NULL	NULL
missed	663031	A>B	Pašilaičiai–Lazdynai–Stotis	1098	NULL	NULL	NULL	NULL	NULL	NULL	NULL	16	Troleibusai	16	12		1141	NULL	NULL	NULL
missed	663031	B>A	Stotis–Lazdynai–Pašilaičiai	1142	NULL	NULL	NULL	NULL	NULL	NULL	NULL	16	Troleibusai	16	12		1185	NULL	NULL	NULL
missed	663023	B>A	Stotis–Lazdynai–Pašilaičiai	324	NULL	NULL	NULL	NULL	NULL	NULL	NULL	16	Troleibusai	16	13		364	NULL	NULL	NULL
delay	780556	A>B	Pašilaičiai–Lazdynai–Stotis	370	359	-10.7	Čiobiškio st.	362.79999	-7.3000002	„Sparta“	398.70001	16	Troleibusai	16	13	3-2459	410	402	1	1
delay	780556	B>A	Stotis–Lazdynai–Pašilaičiai	411	405	-6.9000001	Laisvės prospektas	432.89999	-4.5999999	„Sparta“	411.20001	16	Troleibusai	16	13	3-2459	454	448	1	1
delay	780556	A>B	Pašilaičiai–Lazdynai–Stotis	469	450	-22.4	Šaulių sąjunga	457.79999	-5.4000001	Aguonų st.	507.20001	16	Troleibusai	16	13	3-2459	515	509	1	1
delay	780556	B>A	Stotis–Lazdynai–Pašilaičiai	516	510	-8	Pal. Jurgio Matulaičio bažnyčia	543.59998	-6.0999999	Aguonų st.	513.40002	16	Troleibusai	16	13	3-2459	558	550	1	1
missed	663023	A>B	Pašilaičiai–Lazdynai–Stotis	597	NULL	NULL	NULL	NULL	NULL	NULL	NULL	16	Troleibusai	16	13		640	NULL	NULL	NULL
missed	663023	B>A	Stotis–Lazdynai–Pašilaičiai	641	NULL	NULL	NULL	NULL	NULL	NULL	NULL	16	Troleibusai	16	13		683	NULL	NULL	NULL
missed	663023	A>B	Pašilaičiai–Lazdynai–Stotis	692	NULL	NULL	NULL	NULL	NULL	NULL	NULL	16	Troleibusai	16	13		735	NULL	NULL	NULL
missed	663023	B>A	Stotis–Lazdynai–Pašilaičiai	736	NULL	NULL	NULL	NULL	NULL	NULL	NULL	16	Troleibusai	16	13		778	NULL	NULL	NULL
missed	663023	A>B	Pašilaičiai–Lazdynai–Stotis	789	NULL	NULL	NULL	NULL	NULL	NULL	NULL	16	Troleibusai	16	13		832	NULL	NULL	NULL
missed	663023	B>A	Stotis–Lazdynai–Pašilaičiai	833	NULL	NULL	NULL	NULL	NULL	NULL	NULL	16	Troleibusai	16	13		875	NULL	NULL	NULL
missed	663023	A>B	Pašilaičiai–Lazdynai–Stotis	886	NULL	NULL	NULL	NULL	NULL	NULL	NULL	16	Troleibusai	16	13		929	NULL	NULL	NULL
missed	663023	B>A	Stotis–Lazdynai–Pašilaičiai	930	NULL	NULL	NULL	NULL	NULL	NULL	NULL	16	Troleibusai	16	13		975	NULL	NULL	NULL
missed	663023	A>B	Pašilaičiai–Lazdynai–Stotis	986	NULL	NULL	NULL	NULL	NULL	NULL	NULL	16	Troleibusai	16	13		1031	NULL	NULL	NULL
missed	663023	B>A	Stotis–Lazdynai–Pašilaičiai	1032	NULL	NULL	NULL	NULL	NULL	NULL	NULL	16	Troleibusai	16	13		1077	NULL	NULL	NULL
missed	663023	A>B	Pašilaičiai–Lazdynai–Stotis	1122	NULL	NULL	NULL	NULL	NULL	NULL	NULL	16	Troleibusai	16	13		1164	NULL	NULL	NULL
missed	663023	B>A	Stotis–Lazdynai–Pašilaičiai	1165	NULL	NULL	NULL	NULL	NULL	NULL	NULL	16	Troleibusai	16	13		1208	NULL	NULL	NULL
missed	663023	A>B	Pašilaičiai–Lazdynai–Stotis	1217	NULL	NULL	NULL	NULL	NULL	NULL	NULL	16	Troleibusai	16	13		1258	NULL	NULL	NULL
missed	663023	B>A	Stotis–Lazdynai–Pašilaičiai	1259	NULL	NULL	NULL	NULL	NULL	NULL	NULL	16	Troleibusai	16	13		1302	NULL	NULL	NULL
delay	780500	A>B	Pašilaičiai–Lazdynai–Stotis	379	306	1440	NULL	0	-1440	NULL	0	16	Troleibusai	16	14	3-1776	420	338	0	1
delay	780500	A>B	Pašilaičiai–Lazdynai–Stotis	379	390	8.5	Viršuliškės	397.29999	10.6	Pašilaičių žiedas	390.20001	16	Troleibusai	16	14	3-1776	420	429	1	1
delay	780500	B>A	Stotis–Lazdynai–Pašilaičiai	421	432	10.1	Karoliniškės	460	12.9	Čiobiškio st.	475.20001	16	Troleibusai	16	14	3-1776	466	478	1	1
delay	780500	B>A	Stotis–Lazdynai–Pašilaičiai	421	340	1440	NULL	0	-1440	NULL	0	16	Troleibusai	16	14	3-1776	466	378	0	1
delay	780500	A>B	Pašilaičiai–Lazdynai–Stotis	477	491	11.7	Šaulių sąjunga	498	22.1	Eigulių st.	526.40002	16	Troleibusai	16	14	3-1776	521	539	1	1
delay	780500	B>A	Stotis–Lazdynai–Pašilaičiai	522	541	16.700001	Laisvės prospektas	567.40002	19.299999	„Sparta“	547	16	Troleibusai	16	14	3-1776	564	581	1	1
missed	663021	A>B	Pašilaičiai–Lazdynai–Stotis	607	NULL	NULL	NULL	NULL	NULL	NULL	NULL	16	Troleibusai	16	14		650	NULL	NULL	NULL
missed	663021	B>A	Stotis–Lazdynai–Pašilaičiai	651	NULL	NULL	NULL	NULL	NULL	NULL	NULL	16	Troleibusai	16	14		693	NULL	NULL	NULL
missed	663021	A>B	Pašilaičiai–Lazdynai–Stotis	702	NULL	NULL	NULL	NULL	NULL	NULL	NULL	16	Troleibusai	16	14		745	NULL	NULL	NULL
missed	663021	B>A	Stotis–Lazdynai–Pašilaičiai	746	NULL	NULL	NULL	NULL	NULL	NULL	NULL	16	Troleibusai	16	14		788	NULL	NULL	NULL
missed	663021	A>B	Pašilaičiai–Lazdynai–Stotis	799	NULL	NULL	NULL	NULL	NULL	NULL	NULL	16	Troleibusai	16	14		842	NULL	NULL	NULL
missed	663021	B>A	Stotis–Lazdynai–Pašilaičiai	843	NULL	NULL	NULL	NULL	NULL	NULL	NULL	16	Troleibusai	16	14		885	NULL	NULL	NULL
missed	663021	A>B	Pašilaičiai–Lazdynai–Stotis	902	NULL	NULL	NULL	NULL	NULL	NULL	NULL	16	Troleibusai	16	14		945	NULL	NULL	NULL
missed	663021	B>A	Stotis–Lazdynai–Pašilaičiai	946	NULL	NULL	NULL	NULL	NULL	NULL	NULL	16	Troleibusai	16	14		991	NULL	NULL	NULL
missed	663021	A>B	Pašilaičiai–Lazdynai–Stotis	1003	NULL	NULL	NULL	NULL	NULL	NULL	NULL	16	Troleibusai	16	14		1048	NULL	NULL	NULL
missed	663021	B>A	Stotis–Lazdynai–Pašilaičiai	1049	NULL	NULL	NULL	NULL	NULL	NULL	NULL	16	Troleibusai	16	14		1094	NULL	NULL	NULL
missed	663021	A>B	Pašilaičiai–Lazdynai–Stotis	1106	NULL	NULL	NULL	NULL	NULL	NULL	NULL	16	Troleibusai	16	14		1149	NULL	NULL	NULL
missed	663021	B>A	Stotis–Lazdynai–Pašilaičiai	1150	NULL	NULL	NULL	NULL	NULL	NULL	NULL	16	Troleibusai	16	14		1193	NULL	NULL	NULL
missed	663021	A>B	Pašilaičiai–Lazdynai–Stotis	1235	NULL	NULL	NULL	NULL	NULL	NULL	NULL	16	Troleibusai	16	14		1276	NULL	NULL	NULL
missed	663021	B>A	Stotis–Lazdynai–Pašilaičiai	1277	NULL	NULL	NULL	NULL	NULL	NULL	NULL	16	Troleibusai	16	14		1320	NULL	NULL	NULL
missed	663021	A>B	Pašilaičiai–Lazdynai–Stotis	1325	NULL	NULL	NULL	NULL	NULL	NULL	NULL	16	Troleibusai	16	14		1365	NULL	NULL	NULL
missed	663021	B>A	Stotis–Lazdynai–Pašilaičiai	1366	NULL	NULL	NULL	NULL	NULL	NULL	NULL	16	Troleibusai	16	14		1406	NULL	NULL	NULL
delay	780648	A>B	Pašilaičiai–Lazdynai–Stotis	463	469	1.8	Viršuliškės	477.5	19.4	Eigulių st.	511.70001	16	Troleibusai	16	15	3-2642	509	526	1	1
delay	780648	B>A	Stotis–Lazdynai–Pašilaičiai	510	528	15.4	Viršuliškės	559.29999	17.799999	Eigulių st.	545	16	Troleibusai	16	15	3-2642	552	567	1	1
delay	780648	A>B	Pašilaičiai–Lazdynai–Stotis	567	572	2.5	Savanorių prospektas	600.29999	5.4000001	Čiobiškio st.	576	16	Troleibusai	16	15	3-2642	610	601	1	1
missed	663029	B>A	Stotis–Lazdynai–Pašilaičiai	611	NULL	NULL	NULL	NULL	NULL	NULL	NULL	16	Troleibusai	16	15		653	NULL	NULL	NULL
missed	663029	B>A	Stotis–Lazdynai–Pašilaičiai	956	NULL	NULL	NULL	NULL	NULL	NULL	NULL	16	Troleibusai	16	15		1001	NULL	NULL	NULL
missed	663029	A>B	Pašilaičiai–Lazdynai–Stotis	1013	NULL	NULL	NULL	NULL	NULL	NULL	NULL	16	Troleibusai	16	15		1058	NULL	NULL	NULL
missed	663029	B>A	Stotis–Lazdynai–Pašilaičiai	1059	NULL	NULL	NULL	NULL	NULL	NULL	NULL	16	Troleibusai	16	15		1104	NULL	NULL	NULL
missed	663029	A>B	Pašilaičiai–Lazdynai–Stotis	1114	NULL	NULL	NULL	NULL	NULL	NULL	NULL	16	Troleibusai	16	15		1156	NULL	NULL	NULL
missed	663029	B>A	Stotis–Lazdynai–Pašilaičiai	1157	NULL	NULL	NULL	NULL	NULL	NULL	NULL	16	Troleibusai	16	15		1200	NULL	NULL	NULL
missed	663022	B>A	Stotis–Lazdynai–Pašilaičiai	338	NULL	NULL	NULL	NULL	NULL	NULL	NULL	16	Troleibusai	16	16Ž		378	NULL	NULL	NULL
delay	780604	A>B	Pašilaičiai–Lazdynai–Stotis	386	404	17.5	Pašilaičių žiedas	404	20.5	Naujamiestis	440.5	16	Troleibusai	16	16Ž	3-2825	427	445	1	1
delay	780604	B>A	Stotis–Lazdynai–Pašilaičiai	428	447	16.5	Gerosios Vilties st.	462.29999	19.299999	Sietyno st.	479.20001	16	Troleibusai	16	16Ž	3-2825	473	491	1	1
delay	780604	A>B	Pašilaičiai–Lazdynai–Stotis	485	508	21	Šaulių sąjunga	515.29999	27.799999	Aguonų st.	554.40002	16	Troleibusai	16	16Ž	3-2825	529	556	1	1
delay	780604	B>A	Stotis–Lazdynai–Pašilaičiai	530	558	27.799999	Stotis	557.90002	29.700001	Žemynos st.	600.5	16	Troleibusai	16	16Ž	3-2825	572	602	1	1
missed	663022	A>B	Pašilaičiai–Lazdynai–Stotis	616	NULL	NULL	NULL	NULL	NULL	NULL	NULL	16	Troleibusai	16	16Ž		659	NULL	NULL	NULL
missed	663022	B>A	Stotis–Lazdynai–Pašilaičiai	660	NULL	NULL	NULL	NULL	NULL	NULL	NULL	16	Troleibusai	16	16Ž		702	NULL	NULL	NULL
missed	663022	A>B	Pašilaičiai–Lazdynai–Stotis	711	NULL	NULL	NULL	NULL	NULL	NULL	NULL	16	Troleibusai	16	16Ž		754	NULL	NULL	NULL
missed	663022	B>A	Stotis–Lazdynai–Pašilaičiai	755	NULL	NULL	NULL	NULL	NULL	NULL	NULL	16	Troleibusai	16	16Ž		797	NULL	NULL	NULL
missed	663022	A>B	Pašilaičiai–Lazdynai–Stotis	810	NULL	NULL	NULL	NULL	NULL	NULL	NULL	16	Troleibusai	16	16Ž		853	NULL	NULL	NULL
missed	663022	B>A	Stotis–Lazdynai–Pašilaičiai	854	NULL	NULL	NULL	NULL	NULL	NULL	NULL	16	Troleibusai	16	16Ž		896	NULL	NULL	NULL
missed	663022	A>B	Pašilaičiai–Lazdynai–Stotis	907	NULL	NULL	NULL	NULL	NULL	NULL	NULL	16	Troleibusai	16	16Ž		950	NULL	NULL	NULL
missed	663022	B>A	Stotis–Lazdynai–Pašilaičiai	951	NULL	NULL	NULL	NULL	NULL	NULL	NULL	16	Troleibusai	16	16Ž		996	NULL	NULL	NULL
missed	663022	A>B	Pašilaičiai–Lazdynai–Stotis	1008	NULL	NULL	NULL	NULL	NULL	NULL	NULL	16	Troleibusai	16	16Ž		1053	NULL	NULL	NULL
missed	663022	B>A	Stotis–Lazdynai–Pašilaičiai	1054	NULL	NULL	NULL	NULL	NULL	NULL	NULL	16	Troleibusai	16	16Ž		1099	NULL	NULL	NULL
missed	663022	A>B	Pašilaičiai–Lazdynai–Stotis	1134	NULL	NULL	NULL	NULL	NULL	NULL	NULL	16	Troleibusai	16	16Ž		1176	NULL	NULL	NULL
missed	663022	B>A	Stotis–Lazdynai–Pašilaičiai	1177	NULL	NULL	NULL	NULL	NULL	NULL	NULL	16	Troleibusai	16	16Ž		1220	NULL	NULL	NULL
missed	663022	A>B	Pašilaičiai–Lazdynai–Stotis	1227	NULL	NULL	NULL	NULL	NULL	NULL	NULL	16	Troleibusai	16	16Ž		1268	NULL	NULL	NULL
missed	663022	B>A	Stotis–Lazdynai–Pašilaičiai	1269	NULL	NULL	NULL	NULL	NULL	NULL	NULL	16	Troleibusai	16	16Ž		1312	NULL	NULL	NULL
delay	780489	A>B	Žirmūnai–Naujininkai	351	350	-1.9	Žirmūnų seniūnija	352.89999	-1.2	„Sparta“	384.10001	17	Troleibusai	17	01Ž	3-2144	390	388	0	0
delay	780489	B>A	Naujininkai–Žirmūnai	396	395	-1.3	Operos ir baleto teatras	409.89999	1	Šaltinėlio st.	432.29999	17	Troleibusai	17	01Ž	3-2144	432	433	0	0
delay	780489	A>B	Žirmūnai–Naujininkai	449	439	-9.6000004	Šaltinėlio st.	440.60001	-3.4000001	Karaliaus Mindaugo tiltas	468.10001	17	Troleibusai	17	01Ž	3-2144	496	490	1	1
delay	780489	B>A	Naujininkai–Žirmūnai	500	495	-7.1999998	Žirmūnai	525.40002	-4.8000002	Prūsų st.	496.20001	17	Troleibusai	17	01Ž	3-2144	538	531	1	1
delay	780489	A>B	Žirmūnai–Naujininkai	575	569	-6.4000001	Operos ir baleto teatras	593.40002	-5.3000002	Šv. Petro ir Povilo bažnyčia	586.59998	17	Troleibusai	17	01Ž	3-2144	616	602	1	1
missed	663033	B>A	Naujininkai–Žirmūnai	623	NULL	NULL	NULL	NULL	NULL	NULL	NULL	17	Troleibusai	17	01Ž		660	NULL	NULL	NULL
missed	663033	A>B	Žirmūnai–Naujininkai	666	NULL	NULL	NULL	NULL	NULL	NULL	NULL	17	Troleibusai	17	01Ž		707	NULL	NULL	NULL
missed	663033	B>A	Naujininkai–Žirmūnai	714	NULL	NULL	NULL	NULL	NULL	NULL	NULL	17	Troleibusai	17	01Ž		751	NULL	NULL	NULL
missed	663033	A>B	Žirmūnai–Naujininkai	759	NULL	NULL	NULL	NULL	NULL	NULL	NULL	17	Troleibusai	17	01Ž		800	NULL	NULL	NULL
missed	663033	B>A	Naujininkai–Žirmūnai	809	NULL	NULL	NULL	NULL	NULL	NULL	NULL	17	Troleibusai	17	01Ž		846	NULL	NULL	NULL
missed	663033	A>B	Žirmūnai–Naujininkai	856	NULL	NULL	NULL	NULL	NULL	NULL	NULL	17	Troleibusai	17	01Ž		897	NULL	NULL	NULL
missed	663033	B>A	Naujininkai–Žirmūnai	910	NULL	NULL	NULL	NULL	NULL	NULL	NULL	17	Troleibusai	17	01Ž		947	NULL	NULL	NULL
missed	663033	A>B	Žirmūnai–Naujininkai	953	NULL	NULL	NULL	NULL	NULL	NULL	NULL	17	Troleibusai	17	01Ž		996	NULL	NULL	NULL
missed	663033	B>A	Naujininkai–Žirmūnai	1006	NULL	NULL	NULL	NULL	NULL	NULL	NULL	17	Troleibusai	17	01Ž		1048	NULL	NULL	NULL
missed	663033	A>B	Žirmūnai–Naujininkai	1081	NULL	NULL	NULL	NULL	NULL	NULL	NULL	17	Troleibusai	17	01Ž		1124	NULL	NULL	NULL
missed	663033	B>A	Naujininkai–Žirmūnai	1131	NULL	NULL	NULL	NULL	NULL	NULL	NULL	17	Troleibusai	17	01Ž		1167	NULL	NULL	NULL
missed	663033	A>B	Žirmūnai–Naujininkai	1176	NULL	NULL	NULL	NULL	NULL	NULL	NULL	17	Troleibusai	17	01Ž		1215	NULL	NULL	NULL
missed	663033	B>A	Naujininkai–Žirmūnai	1221	NULL	NULL	NULL	NULL	NULL	NULL	NULL	17	Troleibusai	17	01Ž		1256	NULL	NULL	NULL
missed	663033	A>B	Žirmūnai–Naujininkai	1265	NULL	NULL	NULL	NULL	NULL	NULL	NULL	17	Troleibusai	17	01Ž		1304	NULL	NULL	NULL
missed	663033	B>A	Naujininkai–Žirmūnai	1309	NULL	NULL	NULL	NULL	NULL	NULL	NULL	17	Troleibusai	17	01Ž		1344	NULL	NULL	NULL
delay	780586	A>B	Žirmūnai–Naujininkai	404	398	-10.3	Prūsų st.	433.20001	-6.4000001	Tuskulėnų rimties parkas	410.39999	17	Troleibusai	17	02	3-2768	445	434	1	1
delay	780586	B>A	Naujininkai–Žirmūnai	455	442	-12.7	Naujininkai	442.39999	-8.6000004	Šiaurės miestelis	477.20001	17	Troleibusai	17	02	3-2768	493	484	1	1
delay	780586	A>B	Žirmūnai–Naujininkai	505	494	-11.7	Prūsų st.	533.29999	-10.4	Operos ir baleto teatras	520.5	17	Troleibusai	17	02	3-2768	547	535	1	1
delay	780586	B>A	Naujininkai–Žirmūnai	556	544	-13.8	Žirmūnų seniūnija	577.20001	-11	„Sparta“	548.79999	17	Troleibusai	17	02	3-2768	593	579	1	1
missed	663035	A>B	Žirmūnai–Naujininkai	914	NULL	NULL	NULL	NULL	NULL	NULL	NULL	17	Troleibusai	17	02		956	NULL	NULL	NULL
missed	663035	B>A	Naujininkai–Žirmūnai	961	NULL	NULL	NULL	NULL	NULL	NULL	NULL	17	Troleibusai	17	02		1002	NULL	NULL	NULL
missed	663035	A>B	Žirmūnai–Naujininkai	1012	NULL	NULL	NULL	NULL	NULL	NULL	NULL	17	Troleibusai	17	02		1055	NULL	NULL	NULL
missed	663035	B>A	Naujininkai–Žirmūnai	1066	NULL	NULL	NULL	NULL	NULL	NULL	NULL	17	Troleibusai	17	02		1108	NULL	NULL	NULL
delay	780560	A>B	Žirmūnai–Naujininkai	365	366	-0.5	Kalnų parkas	382.60001	0.40000001	Šaltinėlio st.	366.5	17	Troleibusai	17	03	3-10388	404	403	0	0
delay	780560	B>A	Naujininkai–Žirmūnai	411	411	-0.40000001	Mikalojaus Konstantino Čiurlionio st.	418.5	1	Šaltinėlio st.	449.20001	17	Troleibusai	17	03	3-10388	449	450	0	0
delay	780560	A>B	Žirmūnai–Naujininkai	463	459	-4.3000002	Šaltinėlio st.	459.89999	2.4000001	Operos ir baleto teatras	494.29999	17	Troleibusai	17	03	3-10388	510	510	1	1
delay	780560	B>A	Naujininkai–Žirmūnai	515	511	-4.9000001	Operos ir baleto teatras	525.29999	-3.8	Šaltinėlio st.	547.40002	17	Troleibusai	17	03	3-10388	552	548	1	1
missed	663042	A>B	Žirmūnai–Naujininkai	587	NULL	NULL	NULL	NULL	NULL	NULL	NULL	17	Troleibusai	17	03		628	NULL	NULL	NULL
missed	663042	B>A	Naujininkai–Žirmūnai	634	NULL	NULL	NULL	NULL	NULL	NULL	NULL	17	Troleibusai	17	03		671	NULL	NULL	NULL
missed	663042	A>B	Žirmūnai–Naujininkai	679	NULL	NULL	NULL	NULL	NULL	NULL	NULL	17	Troleibusai	17	03		720	NULL	NULL	NULL
missed	663042	B>A	Naujininkai–Žirmūnai	727	NULL	NULL	NULL	NULL	NULL	NULL	NULL	17	Troleibusai	17	03		764	NULL	NULL	NULL
missed	663042	A>B	Žirmūnai–Naujininkai	772	NULL	NULL	NULL	NULL	NULL	NULL	NULL	17	Troleibusai	17	03		813	NULL	NULL	NULL
missed	663042	B>A	Naujininkai–Žirmūnai	823	NULL	NULL	NULL	NULL	NULL	NULL	NULL	17	Troleibusai	17	03		860	NULL	NULL	NULL
missed	663042	A>B	Žirmūnai–Naujininkai	870	NULL	NULL	NULL	NULL	NULL	NULL	NULL	17	Troleibusai	17	03		911	NULL	NULL	NULL
missed	663042	B>A	Naujininkai–Žirmūnai	921	NULL	NULL	NULL	NULL	NULL	NULL	NULL	17	Troleibusai	17	03		958	NULL	NULL	NULL
missed	663042	A>B	Žirmūnai–Naujininkai	968	NULL	NULL	NULL	NULL	NULL	NULL	NULL	17	Troleibusai	17	03		1011	NULL	NULL	NULL
missed	663042	B>A	Naujininkai–Žirmūnai	1019	NULL	NULL	NULL	NULL	NULL	NULL	NULL	17	Troleibusai	17	03		1061	NULL	NULL	NULL
missed	663042	A>B	Žirmūnai–Naujininkai	1097	NULL	NULL	NULL	NULL	NULL	NULL	NULL	17	Troleibusai	17	03		1140	NULL	NULL	NULL
missed	663042	B>A	Naujininkai–Žirmūnai	1147	NULL	NULL	NULL	NULL	NULL	NULL	NULL	17	Troleibusai	17	03		1183	NULL	NULL	NULL
missed	663042	A>B	Žirmūnai–Naujininkai	1194	NULL	NULL	NULL	NULL	NULL	NULL	NULL	17	Troleibusai	17	03		1233	NULL	NULL	NULL
missed	663042	B>A	Naujininkai–Žirmūnai	1240	NULL	NULL	NULL	NULL	NULL	NULL	NULL	17	Troleibusai	17	03		1275	NULL	NULL	NULL
missed	663042	A>B	Žirmūnai–Naujininkai	1286	NULL	NULL	NULL	NULL	NULL	NULL	NULL	17	Troleibusai	17	03		1325	NULL	NULL	NULL
missed	663042	B>A	Naujininkai–Žirmūnai	1333	NULL	NULL	NULL	NULL	NULL	NULL	NULL	17	Troleibusai	17	03		1368	NULL	NULL	NULL
missed	663044	A>B	Žirmūnai–Naujininkai	414	NULL	NULL	NULL	NULL	NULL	NULL	NULL	17	Troleibusai	17	04		456	NULL	NULL	NULL
missed	663044	B>A	Naujininkai–Žirmūnai	469	NULL	NULL	NULL	NULL	NULL	NULL	NULL	17	Troleibusai	17	04		507	NULL	NULL	NULL
missed	663044	A>B	Žirmūnai–Naujininkai	520	NULL	NULL	NULL	NULL	NULL	NULL	NULL	17	Troleibusai	17	04		561	NULL	NULL	NULL
missed	663044	B>A	Naujininkai–Žirmūnai	569	NULL	NULL	NULL	NULL	NULL	NULL	NULL	17	Troleibusai	17	04		606	NULL	NULL	NULL
missed	663044	A>B	Žirmūnai–Naujininkai	926	NULL	NULL	NULL	NULL	NULL	NULL	NULL	17	Troleibusai	17	04		968	NULL	NULL	NULL
missed	663044	B>A	Naujininkai–Žirmūnai	977	NULL	NULL	NULL	NULL	NULL	NULL	NULL	17	Troleibusai	17	04		1018	NULL	NULL	NULL
missed	663044	A>B	Žirmūnai–Naujininkai	1026	NULL	NULL	NULL	NULL	NULL	NULL	NULL	17	Troleibusai	17	04		1070	NULL	NULL	NULL
missed	663044	B>A	Naujininkai–Žirmūnai	1079	NULL	NULL	NULL	NULL	NULL	NULL	NULL	17	Troleibusai	17	04		1120	NULL	NULL	NULL
delay	780463	B>A	Naujininkai–Žirmūnai	330	330	-0.30000001	Kražių st.	342.70001	2.5	Tuskulėnų rimties parkas	355.70001	17	Troleibusai	17	05	3-2567	365	366	0	0
delay	780463	A>B	Žirmūnai–Naujininkai	377	374	-2.8	Žirmūnų seniūnija	378	-1.5	„Sparta“	409.79999	17	Troleibusai	17	05	3-2567	416	414	0	0
delay	780463	B>A	Naujininkai–Žirmūnai	426	419	-6.6999998	Taraso Ševčenkos st.	425.70001	-4.1999998	Šaltinėlio st.	459	17	Troleibusai	17	05	3-2567	464	460	1	1
delay	780463	A>B	Žirmūnai–Naujininkai	476	470	-5.5	Šaltinėlio st.	471.70001	-0.30000001	Karaliaus Mindaugo tiltas	498.20001	17	Troleibusai	17	05	3-2567	521	515	1	1
delay	780463	B>A	Naujininkai–Žirmūnai	528	521	-7.5999999	Taraso Ševčenkos st.	526.90002	-6.1999998	Šiaurės miestelis	551.59998	17	Troleibusai	17	05	3-2567	565	558	1	1
missed	663039	A>B	Žirmūnai–Naujininkai	600	NULL	NULL	NULL	NULL	NULL	NULL	NULL	17	Troleibusai	17	05		641	NULL	NULL	NULL
missed	663039	B>A	Naujininkai–Žirmūnai	647	NULL	NULL	NULL	NULL	NULL	NULL	NULL	17	Troleibusai	17	05		684	NULL	NULL	NULL
missed	663039	A>B	Žirmūnai–Naujininkai	691	NULL	NULL	NULL	NULL	NULL	NULL	NULL	17	Troleibusai	17	05		732	NULL	NULL	NULL
missed	663039	B>A	Naujininkai–Žirmūnai	739	NULL	NULL	NULL	NULL	NULL	NULL	NULL	17	Troleibusai	17	05		776	NULL	NULL	NULL
missed	663039	A>B	Žirmūnai–Naujininkai	781	NULL	NULL	NULL	NULL	NULL	NULL	NULL	17	Troleibusai	17	05		822	NULL	NULL	NULL
missed	663039	B>A	Naujininkai–Žirmūnai	837	NULL	NULL	NULL	NULL	NULL	NULL	NULL	17	Troleibusai	17	05		874	NULL	NULL	NULL
missed	663039	A>B	Žirmūnai–Naujininkai	884	NULL	NULL	NULL	NULL	NULL	NULL	NULL	17	Troleibusai	17	05		926	NULL	NULL	NULL
missed	663039	B>A	Naujininkai–Žirmūnai	934	NULL	NULL	NULL	NULL	NULL	NULL	NULL	17	Troleibusai	17	05		973	NULL	NULL	NULL
missed	663039	A>B	Žirmūnai–Naujininkai	986	NULL	NULL	NULL	NULL	NULL	NULL	NULL	17	Troleibusai	17	05		1029	NULL	NULL	NULL
missed	663039	B>A	Naujininkai–Žirmūnai	1037	NULL	NULL	NULL	NULL	NULL	NULL	NULL	17	Troleibusai	17	05		1079	NULL	NULL	NULL
missed	663039	A>B	Žirmūnai–Naujininkai	1114	NULL	NULL	NULL	NULL	NULL	NULL	NULL	17	Troleibusai	17	05		1157	NULL	NULL	NULL
missed	663039	B>A	Naujininkai–Žirmūnai	1166	NULL	NULL	NULL	NULL	NULL	NULL	NULL	17	Troleibusai	17	05		1202	NULL	NULL	NULL
missed	663039	A>B	Žirmūnai–Naujininkai	1207	NULL	NULL	NULL	NULL	NULL	NULL	NULL	17	Troleibusai	17	05		1246	NULL	NULL	NULL
missed	663039	B>A	Naujininkai–Žirmūnai	1251	NULL	NULL	NULL	NULL	NULL	NULL	NULL	17	Troleibusai	17	05		1286	NULL	NULL	NULL
missed	663039	A>B	Žirmūnai–Naujininkai	1295	NULL	NULL	NULL	NULL	NULL	NULL	NULL	17	Troleibusai	17	05		1334	NULL	NULL	NULL
missed	663039	B>A	Naujininkai–Žirmūnai	1342	NULL	NULL	NULL	NULL	NULL	NULL	NULL	17	Troleibusai	17	05		1377	NULL	NULL	NULL
delay	780620	A>B	Žirmūnai–Naujininkai	420	422	1.4	Kareivių st.	427.89999	5.9000001	„Sparta“	464.20001	17	Troleibusai	17	06	3-22	463	468	1	1
delay	780620	B>A	Naujininkai–Žirmūnai	473	471	-4.8000002	Žirmūnai	500.79999	-1.8	Prūsų st.	472.20001	17	Troleibusai	17	06	3-22	511	507	1	1
delay	780620	A>B	Žirmūnai–Naujininkai	525	524	-3.4000001	Prūsų st.	560.59998	-1.8	Šaltinėlio st.	524.29999	17	Troleibusai	17	06	3-22	566	562	1	1
delay	780620	B>A	Naujininkai–Žirmūnai	573	572	-2.7	Kareivių st.	602.79999	-0.69999999	Prūsų st.	573.29999	17	Troleibusai	17	06	3-22	610	602	0	1
missed	663040	A>B	Žirmūnai–Naujininkai	939	NULL	NULL	NULL	NULL	NULL	NULL	NULL	17	Troleibusai	17	06		982	NULL	NULL	NULL
missed	663040	B>A	Naujininkai–Žirmūnai	991	NULL	NULL	NULL	NULL	NULL	NULL	NULL	17	Troleibusai	17	06		1032	NULL	NULL	NULL
missed	663040	A>B	Žirmūnai–Naujininkai	1046	NULL	NULL	NULL	NULL	NULL	NULL	NULL	17	Troleibusai	17	06		1090	NULL	NULL	NULL
missed	663040	B>A	Naujininkai–Žirmūnai	1097	NULL	NULL	NULL	NULL	NULL	NULL	NULL	17	Troleibusai	17	06		1138	NULL	NULL	NULL
delay	780504	B>A	Naujininkai–Žirmūnai	346	348	1.8	Šv. Petro ir Povilo bažnyčia	369.29999	2.8	Kareivių st.	379	17	Troleibusai	17	07	3-10643	381	382	0	0
delay	780504	A>B	Žirmūnai–Naujininkai	386	391	4.1999998	Žirmūnų seniūnija	393.89999	7.8000002	Mikalojaus Konstantino Čiurlionio st.	424.10001	17	Troleibusai	17	07	3-10643	425	432	1	1
delay	780504	B>A	Naujininkai–Žirmūnai	431	436	5.3000002	Naujininkai	436.39999	6.4000001	Operos ir baleto teatras	452.5	17	Troleibusai	17	07	3-10643	469	474	1	1
delay	780504	A>B	Žirmūnai–Naujininkai	482	488	5.8000002	Šaltinėlio st.	489	10.9	Karaliaus Mindaugo tiltas	515.40002	17	Troleibusai	17	07	3-10643	527	532	1	1
delay	780504	B>A	Naujininkai–Žirmūnai	533	541	5.5999999	Tuskulėnų rimties parkas	563.79999	7.6999998	Prūsų st.	541.70001	17	Troleibusai	17	07	3-10643	570	576	1	1
missed	663036	A>B	Žirmūnai–Naujininkai	610	NULL	NULL	NULL	NULL	NULL	NULL	NULL	17	Troleibusai	17	07		651	NULL	NULL	NULL
missed	663036	B>A	Naujininkai–Žirmūnai	658	NULL	NULL	NULL	NULL	NULL	NULL	NULL	17	Troleibusai	17	07		695	NULL	NULL	NULL
missed	663036	A>B	Žirmūnai–Naujininkai	700	NULL	NULL	NULL	NULL	NULL	NULL	NULL	17	Troleibusai	17	07		741	NULL	NULL	NULL
missed	663036	B>A	Naujininkai–Žirmūnai	747	NULL	NULL	NULL	NULL	NULL	NULL	NULL	17	Troleibusai	17	07		784	NULL	NULL	NULL
missed	663036	A>B	Žirmūnai–Naujininkai	794	NULL	NULL	NULL	NULL	NULL	NULL	NULL	17	Troleibusai	17	07		835	NULL	NULL	NULL
missed	663036	B>A	Naujininkai–Žirmūnai	846	NULL	NULL	NULL	NULL	NULL	NULL	NULL	17	Troleibusai	17	07		883	NULL	NULL	NULL
missed	663036	A>B	Žirmūnai–Naujininkai	894	NULL	NULL	NULL	NULL	NULL	NULL	NULL	17	Troleibusai	17	07		936	NULL	NULL	NULL
missed	663036	B>A	Naujininkai–Žirmūnai	942	NULL	NULL	NULL	NULL	NULL	NULL	NULL	17	Troleibusai	17	07		981	NULL	NULL	NULL
missed	663036	A>B	Žirmūnai–Naujininkai	999	NULL	NULL	NULL	NULL	NULL	NULL	NULL	17	Troleibusai	17	07		1042	NULL	NULL	NULL
missed	663036	B>A	Naujininkai–Žirmūnai	1050	NULL	NULL	NULL	NULL	NULL	NULL	NULL	17	Troleibusai	17	07		1092	NULL	NULL	NULL
missed	663036	A>B	Žirmūnai–Naujininkai	1128	NULL	NULL	NULL	NULL	NULL	NULL	NULL	17	Troleibusai	17	07		1168	NULL	NULL	NULL
missed	663036	B>A	Naujininkai–Žirmūnai	1174	NULL	NULL	NULL	NULL	NULL	NULL	NULL	17	Troleibusai	17	07		1210	NULL	NULL	NULL
missed	663036	A>B	Žirmūnai–Naujininkai	1219	NULL	NULL	NULL	NULL	NULL	NULL	NULL	17	Troleibusai	17	07		1258	NULL	NULL	NULL
missed	663036	B>A	Naujininkai–Žirmūnai	1263	NULL	NULL	NULL	NULL	NULL	NULL	NULL	17	Troleibusai	17	07		1298	NULL	NULL	NULL
delay	780631	A>B	Žirmūnai–Naujininkai	432	432	0.40000001	Šaltinėlio st.	433.60001	7.5999999	Mikalojaus Konstantino Čiurlionio st.	475.89999	17	Troleibusai	17	08	3-3293	477	482	1	1
delay	780631	B>A	Naujininkai–Žirmūnai	485	484	-2.0999999	Žirmūnai	515.40002	0.30000001	„Sparta“	489.10001	17	Troleibusai	17	08	3-3293	523	522	0	0
delay	780631	A>B	Žirmūnai–Naujininkai	539	539	-0.89999998	Prūsų st.	577.09998	1.1	Kražių st.	566.90002	17	Troleibusai	17	08	3-3293	580	578	0	0
missed	663038	B>A	Naujininkai–Žirmūnai	589	NULL	NULL	NULL	NULL	NULL	NULL	NULL	17	Troleibusai	17	08		626	NULL	NULL	NULL
missed	663038	A>B	Žirmūnai–Naujininkai	961	NULL	NULL	NULL	NULL	NULL	NULL	NULL	17	Troleibusai	17	08		1004	NULL	NULL	NULL
missed	663038	B>A	Naujininkai–Žirmūnai	1012	NULL	NULL	NULL	NULL	NULL	NULL	NULL	17	Troleibusai	17	08		1054	NULL	NULL	NULL
missed	663038	A>B	Žirmūnai–Naujininkai	1062	NULL	NULL	NULL	NULL	NULL	NULL	NULL	17	Troleibusai	17	08		1106	NULL	NULL	NULL
missed	663038	B>A	Naujininkai–Žirmūnai	1114	NULL	NULL	NULL	NULL	NULL	NULL	NULL	17	Troleibusai	17	08		1153	NULL	NULL	NULL
missed	663034	B>A	Naujininkai–Žirmūnai	365	NULL	NULL	NULL	NULL	NULL	NULL	NULL	17	Troleibusai	17	09Ž		400	NULL	NULL	NULL
delay	780548	A>B	Žirmūnai–Naujininkai	409	382	-30.6	Taraso Ševčenkos st.	413.5	-25.9	Žirmūnai	389.60001	17	Troleibusai	17	09Ž	3-10652	451	420	1	1
delay	780548	B>A	Naujininkai–Žirmūnai	461	426	-34.700001	Mikalojaus Konstantino Čiurlionio st.	434.10001	-30.799999	Šaltinėlio st.	467.39999	17	Troleibusai	17	09Ž	3-10652	499	468	1	1
delay	780548	A>B	Žirmūnai–Naujininkai	511	479	-32.200001	Šaltinėlio st.	480.10001	-25.4	Karaliaus Mindaugo tiltas	507.10001	17	Troleibusai	17	09Ž	3-10652	553	525	1	1
delay	780548	B>A	Naujininkai–Žirmūnai	562	533	-31.5	Šaltinėlio st.	566.70001	-29.1	Prūsų st.	534	17	Troleibusai	17	09Ž	3-10652	599	567	1	1
missed	663034	A>B	Žirmūnai–Naujininkai	644	NULL	NULL	NULL	NULL	NULL	NULL	NULL	17	Troleibusai	17	09Ž		685	NULL	NULL	NULL
missed	663034	B>A	Naujininkai–Žirmūnai	692	NULL	NULL	NULL	NULL	NULL	NULL	NULL	17	Troleibusai	17	09Ž		729	NULL	NULL	NULL
missed	663034	A>B	Žirmūnai–Naujininkai	738	NULL	NULL	NULL	NULL	NULL	NULL	NULL	17	Troleibusai	17	09Ž		779	NULL	NULL	NULL
missed	663034	B>A	Naujininkai–Žirmūnai	787	NULL	NULL	NULL	NULL	NULL	NULL	NULL	17	Troleibusai	17	09Ž		824	NULL	NULL	NULL
missed	663034	A>B	Žirmūnai–Naujininkai	832	NULL	NULL	NULL	NULL	NULL	NULL	NULL	17	Troleibusai	17	09Ž		873	NULL	NULL	NULL
missed	663034	B>A	Naujininkai–Žirmūnai	887	NULL	NULL	NULL	NULL	NULL	NULL	NULL	17	Troleibusai	17	09Ž		924	NULL	NULL	NULL
missed	663034	A>B	Žirmūnai–Naujininkai	932	NULL	NULL	NULL	NULL	NULL	NULL	NULL	17	Troleibusai	17	09Ž		974	NULL	NULL	NULL
missed	663034	B>A	Naujininkai–Žirmūnai	983	NULL	NULL	NULL	NULL	NULL	NULL	NULL	17	Troleibusai	17	09Ž		1024	NULL	NULL	NULL
missed	663034	A>B	Žirmūnai–Naujininkai	1036	NULL	NULL	NULL	NULL	NULL	NULL	NULL	17	Troleibusai	17	09Ž		1080	NULL	NULL	NULL
missed	663034	B>A	Naujininkai–Žirmūnai	1089	NULL	NULL	NULL	NULL	NULL	NULL	NULL	17	Troleibusai	17	09Ž		1130	NULL	NULL	NULL
missed	663034	A>B	Žirmūnai–Naujininkai	1166	NULL	NULL	NULL	NULL	NULL	NULL	NULL	17	Troleibusai	17	09Ž		1205	NULL	NULL	NULL
missed	663034	B>A	Naujininkai–Žirmūnai	1212	NULL	NULL	NULL	NULL	NULL	NULL	NULL	17	Troleibusai	17	09Ž		1247	NULL	NULL	NULL
missed	663034	A>B	Žirmūnai–Naujininkai	1254	NULL	NULL	NULL	NULL	NULL	NULL	NULL	17	Troleibusai	17	09Ž		1293	NULL	NULL	NULL
missed	663034	B>A	Naujininkai–Žirmūnai	1299	NULL	NULL	NULL	NULL	NULL	NULL	NULL	17	Troleibusai	17	09Ž		1334	NULL	NULL	NULL
delay	780642	A>B	Žirmūnai–Naujininkai	442	445	2.8	Taraso Ševčenkos st.	484.79999	7.8000002	Tuskulėnų rimties parkas	463.60001	17	Troleibusai	17	10	3-2540	489	492	1	0
delay	780642	B>A	Naujininkai–Žirmūnai	493	496	0.5	Kražių st.	506.10001	2.7	Šaltinėlio st.	532.90002	17	Troleibusai	17	10	3-2540	531	534	0	0
delay	780642	A>B	Žirmūnai–Naujininkai	545	549	2.9000001	Prūsų st.	587	4.8000002	Žirmūnai	557.40002	17	Troleibusai	17	10	3-2540	586	588	1	1
missed	663045	B>A	Naujininkai–Žirmūnai	598	NULL	NULL	NULL	NULL	NULL	NULL	NULL	17	Troleibusai	17	10		635	NULL	NULL	NULL
missed	663045	A>B	Žirmūnai–Naujininkai	974	NULL	NULL	NULL	NULL	NULL	NULL	NULL	17	Troleibusai	17	10		1017	NULL	NULL	NULL
missed	663045	B>A	Naujininkai–Žirmūnai	1023	NULL	NULL	NULL	NULL	NULL	NULL	NULL	17	Troleibusai	17	10		1065	NULL	NULL	NULL
missed	663045	A>B	Žirmūnai–Naujininkai	1072	NULL	NULL	NULL	NULL	NULL	NULL	NULL	17	Troleibusai	17	10		1116	NULL	NULL	NULL
missed	663045	B>A	Naujininkai–Žirmūnai	1124	NULL	NULL	NULL	NULL	NULL	NULL	NULL	17	Troleibusai	17	10		1161	NULL	NULL	NULL
delay	780531	A>B	Žirmūnai–Naujininkai	337	330	-17.4	Prūsų st.	356.5	-16.1	Operos ir baleto teatras	343.70001	17	Troleibusai	17	11	3-2522	376	358	1	1
delay	780531	B>A	Naujininkai–Žirmūnai	383	363	-20.6	Operos ir baleto teatras	377.60001	-18.1	Tuskulėnų rimties parkas	388.10001	17	Troleibusai	17	11	3-2522	418	398	1	1
delay	780531	A>B	Žirmūnai–Naujininkai	425	404	-22	Juozo Tumo-Vaižganto st.	435.20001	-19.299999	Minties st.	417.39999	17	Troleibusai	17	11	3-2522	469	447	1	1
delay	780531	B>A	Naujininkai–Žirmūnai	480	450	-31	Šiaurės miestelis	479.89999	-28.799999	Juozo Tumo-Vaižganto st.	462.20001	17	Troleibusai	17	11	3-2522	518	488	1	1
delay	780531	A>B	Žirmūnai–Naujininkai	532	501	-30.6	Šaltinėlio st.	502.70001	-26.1	Kražių st.	532.70001	17	Troleibusai	17	11	3-2522	573	544	1	1
delay	780531	B>A	Naujininkai–Žirmūnai	579	553	-27.9	Kalnų parkas	571.59998	-25	Šaltinėlio st.	590.20001	17	Troleibusai	17	11	3-2522	616	591	1	1
missed	663037	A>B	Žirmūnai–Naujininkai	657	NULL	NULL	NULL	NULL	NULL	NULL	NULL	17	Troleibusai	17	11		698	NULL	NULL	NULL
missed	663037	B>A	Naujininkai–Žirmūnai	705	NULL	NULL	NULL	NULL	NULL	NULL	NULL	17	Troleibusai	17	11		742	NULL	NULL	NULL
missed	663037	A>B	Žirmūnai–Naujininkai	747	NULL	NULL	NULL	NULL	NULL	NULL	NULL	17	Troleibusai	17	11		788	NULL	NULL	NULL
missed	663037	B>A	Naujininkai–Žirmūnai	799	NULL	NULL	NULL	NULL	NULL	NULL	NULL	17	Troleibusai	17	11		836	NULL	NULL	NULL
missed	663037	A>B	Žirmūnai–Naujininkai	846	NULL	NULL	NULL	NULL	NULL	NULL	NULL	17	Troleibusai	17	11		887	NULL	NULL	NULL
missed	663037	B>A	Naujininkai–Žirmūnai	902	NULL	NULL	NULL	NULL	NULL	NULL	NULL	17	Troleibusai	17	11		939	NULL	NULL	NULL
missed	663037	A>B	Žirmūnai–Naujininkai	945	NULL	NULL	NULL	NULL	NULL	NULL	NULL	17	Troleibusai	17	11		988	NULL	NULL	NULL
missed	663037	B>A	Naujininkai–Žirmūnai	1000	NULL	NULL	NULL	NULL	NULL	NULL	NULL	17	Troleibusai	17	11		1042	NULL	NULL	NULL
missed	663037	A>B	Žirmūnai–Naujininkai	1056	NULL	NULL	NULL	NULL	NULL	NULL	NULL	17	Troleibusai	17	11		1100	NULL	NULL	NULL
missed	663037	B>A	Naujininkai–Žirmūnai	1105	NULL	NULL	NULL	NULL	NULL	NULL	NULL	17	Troleibusai	17	11		1146	NULL	NULL	NULL
missed	663037	A>B	Žirmūnai–Naujininkai	1188	NULL	NULL	NULL	NULL	NULL	NULL	NULL	17	Troleibusai	17	11		1227	NULL	NULL	NULL
missed	663037	B>A	Naujininkai–Žirmūnai	1233	NULL	NULL	NULL	NULL	NULL	NULL	NULL	17	Troleibusai	17	11		1268	NULL	NULL	NULL
missed	663037	A>B	Žirmūnai–Naujininkai	1276	NULL	NULL	NULL	NULL	NULL	NULL	NULL	17	Troleibusai	17	11		1315	NULL	NULL	NULL
missed	663037	B>A	Naujininkai–Žirmūnai	1321	NULL	NULL	NULL	NULL	NULL	NULL	NULL	17	Troleibusai	17	11		1356	NULL	NULL	NULL
missed	663037	A>B	Žirmūnai–Naujininkai	1368	NULL	NULL	NULL	NULL	NULL	NULL	NULL	17	Troleibusai	17	11		1407	NULL	NULL	NULL
delay	780626	A>B	Žirmūnai–Naujininkai	455	464	8.6000004	Šaltinėlio st.	464.89999	17.200001	Karaliaus Mindaugo tiltas	494.70001	17	Troleibusai	17	12	3-2691	502	512	1	1
delay	780626	B>A	Naujininkai–Žirmūnai	507	513	3.5	Žirmūnų seniūnija	546.70001	6	„Sparta“	516.90002	17	Troleibusai	17	12	3-2691	545	548	1	1
delay	780626	A>B	Žirmūnai–Naujininkai	555	562	5.5	Prūsų st.	599.5	7.1999998	Juozo Tumo-Vaižganto st.	591	17	Troleibusai	17	12	3-2691	596	601	1	1
missed	663043	B>A	Naujininkai–Žirmūnai	604	NULL	NULL	NULL	NULL	NULL	NULL	NULL	17	Troleibusai	17	12		641	NULL	NULL	NULL
missed	663043	A>B	Žirmūnai–Naujininkai	979	NULL	NULL	NULL	NULL	NULL	NULL	NULL	17	Troleibusai	17	12		1022	NULL	NULL	NULL
missed	663043	B>A	Naujininkai–Žirmūnai	1029	NULL	NULL	NULL	NULL	NULL	NULL	NULL	17	Troleibusai	17	12		1071	NULL	NULL	NULL
missed	663043	A>B	Žirmūnai–Naujininkai	1089	NULL	NULL	NULL	NULL	NULL	NULL	NULL	17	Troleibusai	17	12		1132	NULL	NULL	NULL
missed	663043	B>A	Naujininkai–Žirmūnai	1139	NULL	NULL	NULL	NULL	NULL	NULL	NULL	17	Troleibusai	17	12		1175	NULL	NULL	NULL
delay	780514	A>B	Žirmūnai–Naujininkai	394	333	-58.400002	Taraso Ševčenkos st.	367.70001	-55.900002	Žirmūnai	344.60001	17	Troleibusai	17	13	3-418	433	374	1	1
delay	780514	A>B	Žirmūnai–Naujininkai	394	427	33.400002	Šaltinėlio st.	428.60001	42	Mikalojaus Konstantino Čiurlionio st.	466.29999	17	Troleibusai	17	13	3-418	433	473	1	1
delay	780514	B>A	Naujininkai–Žirmūnai	439	382	-59.400002	Šaltinėlio st.	417	-56.799999	„Sparta“	386.10001	17	Troleibusai	17	13	3-418	477	417	1	1
delay	780514	B>A	Naujininkai–Žirmūnai	439	476	35	Minties st.	501.29999	36.799999	Prūsų st.	476.89999	17	Troleibusai	17	13	3-418	477	512	1	1
delay	780514	A>B	Žirmūnai–Naujininkai	489	530	37.700001	Prūsų st.	567.70001	41.200001	Žirmūnų seniūnija	533.90002	17	Troleibusai	17	13	3-418	532	569	1	1
missed	663041	B>A	Naujininkai–Žirmūnai	541	NULL	NULL	NULL	NULL	NULL	NULL	NULL	17	Troleibusai	17	13		578	NULL	NULL	NULL
missed	663041	A>B	Žirmūnai–Naujininkai	618	NULL	NULL	NULL	NULL	NULL	NULL	NULL	17	Troleibusai	17	13		659	NULL	NULL	NULL
missed	663041	B>A	Naujininkai–Žirmūnai	666	NULL	NULL	NULL	NULL	NULL	NULL	NULL	17	Troleibusai	17	13		703	NULL	NULL	NULL
missed	663041	A>B	Žirmūnai–Naujininkai	712	NULL	NULL	NULL	NULL	NULL	NULL	NULL	17	Troleibusai	17	13		753	NULL	NULL	NULL
missed	663041	B>A	Naujininkai–Žirmūnai	761	NULL	NULL	NULL	NULL	NULL	NULL	NULL	17	Troleibusai	17	13		798	NULL	NULL	NULL
missed	663041	A>B	Žirmūnai–Naujininkai	806	NULL	NULL	NULL	NULL	NULL	NULL	NULL	17	Troleibusai	17	13		847	NULL	NULL	NULL
missed	663041	B>A	Naujininkai–Žirmūnai	857	NULL	NULL	NULL	NULL	NULL	NULL	NULL	17	Troleibusai	17	13		894	NULL	NULL	NULL
missed	663041	A>B	Žirmūnai–Naujininkai	905	NULL	NULL	NULL	NULL	NULL	NULL	NULL	17	Troleibusai	17	13		947	NULL	NULL	NULL
missed	663041	B>A	Naujininkai–Žirmūnai	953	NULL	NULL	NULL	NULL	NULL	NULL	NULL	17	Troleibusai	17	13		993	NULL	NULL	NULL
missed	663041	A>B	Žirmūnai–Naujininkai	1006	NULL	NULL	NULL	NULL	NULL	NULL	NULL	17	Troleibusai	17	13		1049	NULL	NULL	NULL
missed	663041	B>A	Naujininkai–Žirmūnai	1058	NULL	NULL	NULL	NULL	NULL	NULL	NULL	17	Troleibusai	17	13		1100	NULL	NULL	NULL
missed	663041	A>B	Žirmūnai–Naujininkai	1139	NULL	NULL	NULL	NULL	NULL	NULL	NULL	17	Troleibusai	17	13		1178	NULL	NULL	NULL
missed	663041	B>A	Naujininkai–Žirmūnai	1184	NULL	NULL	NULL	NULL	NULL	NULL	NULL	17	Troleibusai	17	13		1219	NULL	NULL	NULL
missed	663041	A>B	Žirmūnai–Naujininkai	1230	NULL	NULL	NULL	NULL	NULL	NULL	NULL	17	Troleibusai	17	13		1269	NULL	NULL	NULL
missed	663041	B>A	Naujininkai–Žirmūnai	1274	NULL	NULL	NULL	NULL	NULL	NULL	NULL	17	Troleibusai	17	13		1309	NULL	NULL	NULL
missed	663041	A>B	Žirmūnai–Naujininkai	1321	NULL	NULL	NULL	NULL	NULL	NULL	NULL	17	Troleibusai	17	13		1360	NULL	NULL	NULL
missed	663041	B>A	Naujininkai–Žirmūnai	1366	NULL	NULL	NULL	NULL	NULL	NULL	NULL	17	Troleibusai	17	13		1401	NULL	NULL	NULL
delay	780577	B>A	Naujininkai–Žirmūnai	418	403	-14.9	Operos ir baleto teatras	418.39999	-13.5	Šaltinėlio st.	441.70001	17	Troleibusai	17	14	3-17	456	442	1	1
delay	780577	A>B	Žirmūnai–Naujininkai	469	452	-16.5	Šaltinėlio st.	453.70001	-12.7	Karaliaus Mindaugo tiltas	478.79999	17	Troleibusai	17	14	3-17	514	499	1	1
delay	780577	B>A	Naujininkai–Žirmūnai	523	502	-24	Karaliaus Mindaugo tiltas	518.29999	-19.9	„Sparta“	506.89999	17	Troleibusai	17	14	3-17	560	539	1	1
delay	780577	A>B	Žirmūnai–Naujininkai	565	555	-12.1	Prūsų st.	591.90002	-10.3	Kražių st.	581.5	17	Troleibusai	17	14	3-17	606	593	1	1
missed	663046	B>A	Naujininkai–Žirmūnai	614	NULL	NULL	NULL	NULL	NULL	NULL	NULL	17	Troleibusai	17	14		651	NULL	NULL	NULL
missed	663046	A>B	Žirmūnai–Naujininkai	993	NULL	NULL	NULL	NULL	NULL	NULL	NULL	17	Troleibusai	17	14		1036	NULL	NULL	NULL
missed	663046	B>A	Naujininkai–Žirmūnai	1045	NULL	NULL	NULL	NULL	NULL	NULL	NULL	17	Troleibusai	17	14		1087	NULL	NULL	NULL
missed	663046	A>B	Žirmūnai–Naujininkai	1106	NULL	NULL	NULL	NULL	NULL	NULL	NULL	17	Troleibusai	17	14		1149	NULL	NULL	NULL
missed	663046	B>A	Naujininkai–Žirmūnai	1156	NULL	NULL	NULL	NULL	NULL	NULL	NULL	17	Troleibusai	17	14		1192	NULL	NULL	NULL
delay	780611	B>A	Naujininkai–Žirmūnai	448	464	14.8	Šv. Petro ir Povilo bažnyčia	485.20001	16.700001	Šaltinėlio st.	501.89999	17	Troleibusai	17	15	3-3097	486	503	1	1
delay	780611	A>B	Žirmūnai–Naujininkai	497	515	16.200001	Prūsų st.	553.09998	19.1	Šv. Petro ir Povilo bažnyčia	533	17	Troleibusai	17	15	3-3097	539	554	1	1
delay	780611	A>B	Žirmūnai–Naujininkai	497	417	1440	NULL	0	-1440	NULL	0	17	Troleibusai	17	15	3-3097	539	458	0	1
delay	780611	B>A	Naujininkai–Žirmūnai	548	566	15.7	Kalnų parkas	584.09998	18	Prūsų st.	567	17	Troleibusai	17	15	3-3097	585	601	1	1
missed	663047	A>B	Žirmūnai–Naujininkai	626	NULL	NULL	NULL	NULL	NULL	NULL	NULL	17	Troleibusai	17	15		667	NULL	NULL	NULL
missed	663047	B>A	Naujininkai–Žirmūnai	678	NULL	NULL	NULL	NULL	NULL	NULL	NULL	17	Troleibusai	17	15		715	NULL	NULL	NULL
missed	663047	A>B	Žirmūnai–Naujininkai	726	NULL	NULL	NULL	NULL	NULL	NULL	NULL	17	Troleibusai	17	15		767	NULL	NULL	NULL
missed	663047	B>A	Naujininkai–Žirmūnai	773	NULL	NULL	NULL	NULL	NULL	NULL	NULL	17	Troleibusai	17	15		810	NULL	NULL	NULL
missed	663047	A>B	Žirmūnai–Naujininkai	819	NULL	NULL	NULL	NULL	NULL	NULL	NULL	17	Troleibusai	17	15		860	NULL	NULL	NULL
missed	663047	B>A	Naujininkai–Žirmūnai	872	NULL	NULL	NULL	NULL	NULL	NULL	NULL	17	Troleibusai	17	15		909	NULL	NULL	NULL
missed	663047	A>B	Žirmūnai–Naujininkai	920	NULL	NULL	NULL	NULL	NULL	NULL	NULL	17	Troleibusai	17	15		962	NULL	NULL	NULL
missed	663047	B>A	Naujininkai–Žirmūnai	967	NULL	NULL	NULL	NULL	NULL	NULL	NULL	17	Troleibusai	17	15		1008	NULL	NULL	NULL
missed	663047	A>B	Žirmūnai–Naujininkai	1019	NULL	NULL	NULL	NULL	NULL	NULL	NULL	17	Troleibusai	17	15		1063	NULL	NULL	NULL
missed	663047	B>A	Naujininkai–Žirmūnai	1073	NULL	NULL	NULL	NULL	NULL	NULL	NULL	17	Troleibusai	17	15		1115	NULL	NULL	NULL
missed	663047	A>B	Žirmūnai–Naujininkai	1153	NULL	NULL	NULL	NULL	NULL	NULL	NULL	17	Troleibusai	17	15		1192	NULL	NULL	NULL
missed	663047	B>A	Naujininkai–Žirmūnai	1198	NULL	NULL	NULL	NULL	NULL	NULL	NULL	17	Troleibusai	17	15		1233	NULL	NULL	NULL
missed	663047	A>B	Žirmūnai–Naujininkai	1242	NULL	NULL	NULL	NULL	NULL	NULL	NULL	17	Troleibusai	17	15		1281	NULL	NULL	NULL
missed	663047	B>A	Naujininkai–Žirmūnai	1287	NULL	NULL	NULL	NULL	NULL	NULL	NULL	17	Troleibusai	17	15		1322	NULL	NULL	NULL
missed	663047	A>B	Žirmūnai–Naujininkai	1341	NULL	NULL	NULL	NULL	NULL	NULL	NULL	17	Troleibusai	17	15		1380	NULL	NULL	NULL
missed	663047	B>A	Naujininkai–Žirmūnai	1386	NULL	NULL	NULL	NULL	NULL	NULL	NULL	17	Troleibusai	17	15		1421	NULL	NULL	NULL
delay	780490	B>A	Titnago g.–Žemieji Paneriai–Justiniškės–Pašilaičiai	342	337	-5.8000002	Titnago st.	336.29999	-3	Lūžiai	373.20001	18	Troleibusai	18	01	3-1942	384	380	1	1
delay	780490	A>B	Pašilaičiai–Justiniškės–Žemieji Paneriai–Titnago g.	391	389	-3.2	Vaivorykštės st.	410.79999	-1.6	Medeinos st.	391.70001	18	Troleibusai	18	01	3-1942	434	432	1	0
delay	780490	B>A	Titnago g.–Žemieji Paneriai–Justiniškės–Pašilaičiai	438	443	4.9000001	Titnago st.	443	17.9	Sietyno st.	484.10001	18	Troleibusai	18	01	3-1942	480	497	1	1
delay	780490	A>B	Pašilaičiai–Justiniškės–Žemieji Paneriai–Titnago g.	486	500	10.4	Vaivorykštės st.	523.90002	15.4	Riovonys	540.40002	18	Troleibusai	18	01	3-1942	534	549	1	1
delay	780490	B>A	Titnago g.–Žemieji Paneriai–Justiniškės–Pašilaičiai	538	552	14	Titnago st.	552.09998	17.1	Eigulių st.	569.59998	18	Troleibusai	18	01	3-1942	580	594	1	1
missed	663050	A>B	Pašilaičiai–Justiniškės–Žemieji Paneriai–Titnago g.	612	NULL	NULL	NULL	NULL	NULL	NULL	NULL	18	Troleibusai	18	01		654	NULL	NULL	NULL
missed	663050	B>A	Titnago g.–Žemieji Paneriai–Justiniškės–Pašilaičiai	659	NULL	NULL	NULL	NULL	NULL	NULL	NULL	18	Troleibusai	18	01		701	NULL	NULL	NULL
missed	663050	A>B	Pašilaičiai–Justiniškės–Žemieji Paneriai–Titnago g.	707	NULL	NULL	NULL	NULL	NULL	NULL	NULL	18	Troleibusai	18	01		749	NULL	NULL	NULL
missed	663050	B>A	Titnago g.–Žemieji Paneriai–Justiniškės–Pašilaičiai	754	NULL	NULL	NULL	NULL	NULL	NULL	NULL	18	Troleibusai	18	01		796	NULL	NULL	NULL
missed	663050	A>B	Pašilaičiai–Justiniškės–Žemieji Paneriai–Titnago g.	806	NULL	NULL	NULL	NULL	NULL	NULL	NULL	18	Troleibusai	18	01		848	NULL	NULL	NULL
missed	663050	B>A	Titnago g.–Žemieji Paneriai–Justiniškės–Pašilaičiai	856	NULL	NULL	NULL	NULL	NULL	NULL	NULL	18	Troleibusai	18	01		898	NULL	NULL	NULL
missed	663050	A>B	Pašilaičiai–Justiniškės–Žemieji Paneriai–Titnago g.	905	NULL	NULL	NULL	NULL	NULL	NULL	NULL	18	Troleibusai	18	01		947	NULL	NULL	NULL
missed	663050	B>A	Titnago g.–Žemieji Paneriai–Justiniškės–Pašilaičiai	951	NULL	NULL	NULL	NULL	NULL	NULL	NULL	18	Troleibusai	18	01		995	NULL	NULL	NULL
missed	663050	A>B	Pašilaičiai–Justiniškės–Žemieji Paneriai–Titnago g.	1006	NULL	NULL	NULL	NULL	NULL	NULL	NULL	18	Troleibusai	18	01		1048	NULL	NULL	NULL
missed	663050	B>A	Titnago g.–Žemieji Paneriai–Justiniškės–Pašilaičiai	1053	NULL	NULL	NULL	NULL	NULL	NULL	NULL	18	Troleibusai	18	01		1098	NULL	NULL	NULL
missed	663050	A>B	Pašilaičiai–Justiniškės–Žemieji Paneriai–Titnago g.	1129	NULL	NULL	NULL	NULL	NULL	NULL	NULL	18	Troleibusai	18	01		1171	NULL	NULL	NULL
missed	663050	B>A	Titnago g.–Žemieji Paneriai–Justiniškės–Pašilaičiai	1175	NULL	NULL	NULL	NULL	NULL	NULL	NULL	18	Troleibusai	18	01		1217	NULL	NULL	NULL
missed	663050	A>B	Pašilaičiai–Justiniškės–Žemieji Paneriai–Titnago g.	1233	NULL	NULL	NULL	NULL	NULL	NULL	NULL	18	Troleibusai	18	01		1275	NULL	NULL	NULL
missed	663050	B>A	Titnago g.–Žemieji Paneriai–Justiniškės–Pašilaičiai	1286	NULL	NULL	NULL	NULL	NULL	NULL	NULL	18	Troleibusai	18	01		1328	NULL	NULL	NULL
delay	780484	A>B	Pašilaičiai–Justiniškės–Žemieji Paneriai–Titnago g.	318	308	-11.5	Vaivorykštės st.	328.5	-9.8999996	Sūduvių st.	311.39999	18	Troleibusai	18	02	3-1985	360	349	1	1
delay	780484	B>A	Titnago g.–Žemieji Paneriai–Justiniškės–Pašilaičiai	368	357	-12.3	Taikos st.	393.89999	-10.2	Eigulių st.	372.29999	18	Troleibusai	18	02	3-1985	410	398	1	1
delay	780484	A>B	Pašilaičiai–Justiniškės–Žemieji Paneriai–Titnago g.	420	405	-20.299999	Vilkpėdės st.	437.70001	-14.6	Medeinos st.	407.79999	18	Troleibusai	18	02	3-1985	469	449	1	1
delay	780484	B>A	Titnago g.–Žemieji Paneriai–Justiniškės–Pašilaičiai	474	459	-15.2	Jankiškių st.	460.79999	-4.1999998	Eigulių st.	484.29999	18	Troleibusai	18	02	3-1985	516	510	1	1
delay	780484	A>B	Pašilaičiai–Justiniškės–Žemieji Paneriai–Titnago g.	525	513	-14.2	Vaivorykštės st.	535.40002	-11.7	Skalvių st.	514.29999	18	Troleibusai	18	02	3-1985	570	557	1	1
delay	780484	B>A	Titnago g.–Žemieji Paneriai–Justiniškės–Pašilaičiai	574	569	-5.5999999	Titnago st.	568.5	-3.4000001	Eigulių st.	585.09998	18	Troleibusai	18	02	3-1985	616	602	1	1
missed	663051	A>B	Pašilaičiai–Justiniškės–Žemieji Paneriai–Titnago g.	647	NULL	NULL	NULL	NULL	NULL	NULL	NULL	18	Troleibusai	18	02		689	NULL	NULL	NULL
missed	663051	B>A	Titnago g.–Žemieji Paneriai–Justiniškės–Pašilaičiai	693	NULL	NULL	NULL	NULL	NULL	NULL	NULL	18	Troleibusai	18	02		735	NULL	NULL	NULL
missed	663051	A>B	Pašilaičiai–Justiniškės–Žemieji Paneriai–Titnago g.	741	NULL	NULL	NULL	NULL	NULL	NULL	NULL	18	Troleibusai	18	02		783	NULL	NULL	NULL
missed	663051	B>A	Titnago g.–Žemieji Paneriai–Justiniškės–Pašilaičiai	787	NULL	NULL	NULL	NULL	NULL	NULL	NULL	18	Troleibusai	18	02		829	NULL	NULL	NULL
missed	663051	A>B	Pašilaičiai–Justiniškės–Žemieji Paneriai–Titnago g.	840	NULL	NULL	NULL	NULL	NULL	NULL	NULL	18	Troleibusai	18	02		882	NULL	NULL	NULL
missed	663051	B>A	Titnago g.–Žemieji Paneriai–Justiniškės–Pašilaičiai	887	NULL	NULL	NULL	NULL	NULL	NULL	NULL	18	Troleibusai	18	02		930	NULL	NULL	NULL
missed	663051	A>B	Pašilaičiai–Justiniškės–Žemieji Paneriai–Titnago g.	936	NULL	NULL	NULL	NULL	NULL	NULL	NULL	18	Troleibusai	18	02		978	NULL	NULL	NULL
missed	663051	B>A	Titnago g.–Žemieji Paneriai–Justiniškės–Pašilaičiai	982	NULL	NULL	NULL	NULL	NULL	NULL	NULL	18	Troleibusai	18	02		1027	NULL	NULL	NULL
missed	663051	A>B	Pašilaičiai–Justiniškės–Žemieji Paneriai–Titnago g.	1035	NULL	NULL	NULL	NULL	NULL	NULL	NULL	18	Troleibusai	18	02		1077	NULL	NULL	NULL
missed	663051	B>A	Titnago g.–Žemieji Paneriai–Justiniškės–Pašilaičiai	1091	NULL	NULL	NULL	NULL	NULL	NULL	NULL	18	Troleibusai	18	02		1135	NULL	NULL	NULL
missed	663051	A>B	Pašilaičiai–Justiniškės–Žemieji Paneriai–Titnago g.	1169	NULL	NULL	NULL	NULL	NULL	NULL	NULL	18	Troleibusai	18	02		1211	NULL	NULL	NULL
missed	663051	B>A	Titnago g.–Žemieji Paneriai–Justiniškės–Pašilaičiai	1216	NULL	NULL	NULL	NULL	NULL	NULL	NULL	18	Troleibusai	18	02		1258	NULL	NULL	NULL
missed	663051	A>B	Pašilaičiai–Justiniškės–Žemieji Paneriai–Titnago g.	1269	NULL	NULL	NULL	NULL	NULL	NULL	NULL	18	Troleibusai	18	02		1311	NULL	NULL	NULL
missed	663051	B>A	Titnago g.–Žemieji Paneriai–Justiniškės–Pašilaičiai	1322	NULL	NULL	NULL	NULL	NULL	NULL	NULL	18	Troleibusai	18	02		1364	NULL	NULL	NULL
delay	780580	A>B	Pašilaičiai–Justiniškės–Žemieji Paneriai–Titnago g.	356	377	20.6	Skalvių st.	377.70001	22.700001	Šaltupio st.	419.60001	18	Troleibusai	18	03	3-2877	398	420	1	1
delay	780580	B>A	Titnago g.–Žemieji Paneriai–Justiniškės–Pašilaičiai	402	425	22.700001	Titnago st.	424.79999	31.700001	Sūduvių st.	472.89999	18	Troleibusai	18	03	3-2877	444	476	1	1
delay	780580	A>B	Pašilaičiai–Justiniškės–Žemieji Paneriai–Titnago g.	451	479	23.6	Karoliniškės	499.39999	36	Žemieji Paneriai	530.59998	18	Troleibusai	18	03	3-2877	500	535	1	1
delay	780580	B>A	Titnago g.–Žemieji Paneriai–Justiniškės–Pašilaičiai	511	538	26.700001	Sūduvių st.	577	29.6	Eigulių st.	555.09998	18	Troleibusai	18	03	3-2877	553	579	1	1
missed	663049	A>B	Pašilaičiai–Justiniškės–Žemieji Paneriai–Titnago g.	560	NULL	NULL	NULL	NULL	NULL	NULL	NULL	18	Troleibusai	18	03		602	NULL	NULL	NULL
missed	663049	B>A	Titnago g.–Žemieji Paneriai–Justiniškės–Pašilaičiai	606	NULL	NULL	NULL	NULL	NULL	NULL	NULL	18	Troleibusai	18	03		648	NULL	NULL	NULL
missed	663049	A>B	Pašilaičiai–Justiniškės–Žemieji Paneriai–Titnago g.	679	NULL	NULL	NULL	NULL	NULL	NULL	NULL	18	Troleibusai	18	03		721	NULL	NULL	NULL
missed	663049	B>A	Titnago g.–Žemieji Paneriai–Justiniškės–Pašilaičiai	726	NULL	NULL	NULL	NULL	NULL	NULL	NULL	18	Troleibusai	18	03		768	NULL	NULL	NULL
missed	663049	A>B	Pašilaičiai–Justiniškės–Žemieji Paneriai–Titnago g.	773	NULL	NULL	NULL	NULL	NULL	NULL	NULL	18	Troleibusai	18	03		815	NULL	NULL	NULL
missed	663049	B>A	Titnago g.–Žemieji Paneriai–Justiniškės–Pašilaičiai	819	NULL	NULL	NULL	NULL	NULL	NULL	NULL	18	Troleibusai	18	03		861	NULL	NULL	NULL
missed	663049	A>B	Pašilaičiai–Justiniškės–Žemieji Paneriai–Titnago g.	871	NULL	NULL	NULL	NULL	NULL	NULL	NULL	18	Troleibusai	18	03		913	NULL	NULL	NULL
missed	663049	B>A	Titnago g.–Žemieji Paneriai–Justiniškės–Pašilaičiai	917	NULL	NULL	NULL	NULL	NULL	NULL	NULL	18	Troleibusai	18	03		961	NULL	NULL	NULL
missed	663049	A>B	Pašilaičiai–Justiniškės–Žemieji Paneriai–Titnago g.	966	NULL	NULL	NULL	NULL	NULL	NULL	NULL	18	Troleibusai	18	03		1008	NULL	NULL	NULL
missed	663049	B>A	Titnago g.–Žemieji Paneriai–Justiniškės–Pašilaičiai	1012	NULL	NULL	NULL	NULL	NULL	NULL	NULL	18	Troleibusai	18	03		1057	NULL	NULL	NULL
missed	663049	A>B	Pašilaičiai–Justiniškės–Žemieji Paneriai–Titnago g.	1067	NULL	NULL	NULL	NULL	NULL	NULL	NULL	18	Troleibusai	18	03		1109	NULL	NULL	NULL
missed	663049	B>A	Titnago g.–Žemieji Paneriai–Justiniškės–Pašilaičiai	1118	NULL	NULL	NULL	NULL	NULL	NULL	NULL	18	Troleibusai	18	03		1161	NULL	NULL	NULL
missed	663049	A>B	Pašilaičiai–Justiniškės–Žemieji Paneriai–Titnago g.	1200	NULL	NULL	NULL	NULL	NULL	NULL	NULL	18	Troleibusai	18	03		1242	NULL	NULL	NULL
missed	663049	B>A	Titnago g.–Žemieji Paneriai–Justiniškės–Pašilaičiai	1247	NULL	NULL	NULL	NULL	NULL	NULL	NULL	18	Troleibusai	18	03		1289	NULL	NULL	NULL
missed	663049	A>B	Pašilaičiai–Justiniškės–Žemieji Paneriai–Titnago g.	1324	NULL	NULL	NULL	NULL	NULL	NULL	NULL	18	Troleibusai	18	03		1366	NULL	NULL	NULL
missed	663049	B>A	Titnago g.–Žemieji Paneriai–Justiniškės–Pašilaičiai	1382	NULL	NULL	NULL	NULL	NULL	NULL	NULL	18	Troleibusai	18	03		1424	NULL	NULL	NULL
delay	780555	A>B	Pašilaičiai–Justiniškės–Žemieji Paneriai–Titnago g.	405	356	-52.099998	Vilkpėdės st.	386.79999	-48.799999	Sūduvių st.	359.5	18	Troleibusai	18	04	3-2491	450	399	1	1
delay	780555	B>A	Titnago g.–Žemieji Paneriai–Justiniškės–Pašilaičiai	456	404	-52.400002	Titnago st.	403.70001	-50.200001	Sietyno st.	434.10001	18	Troleibusai	18	04	3-2491	498	446	1	1
delay	780555	A>B	Pašilaičiai–Justiniškės–Žemieji Paneriai–Titnago g.	505	457	-48.400002	Spaudos rūmai	473.89999	-29.1	Eigulių st.	509.10001	18	Troleibusai	18	04	3-2491	552	520	1	1
delay	780555	B>A	Titnago g.–Žemieji Paneriai–Justiniškės–Pašilaičiai	556	521	-38.299999	Sūduvių st.	556.90002	-34.099998	Eigulių st.	536.40002	18	Troleibusai	18	04	3-2491	598	559	1	1
delay	780555	A>B1	Pašilaičiai–st.Žemieji Paneriai	602	566	-35.900002	Skalvių st.	567.09998	-34.299999	Miškiniai	594	18	Troleibusai	18	04	3-2491	638	603	1	1
missed	663052	B>A	Titnago g.–Žemieji Paneriai–Justiniškės–Pašilaičiai	936	NULL	NULL	NULL	NULL	NULL	NULL	NULL	18	Troleibusai	18	04		980	NULL	NULL	NULL
missed	663052	A>B	Pašilaičiai–Justiniškės–Žemieji Paneriai–Titnago g.	985	NULL	NULL	NULL	NULL	NULL	NULL	NULL	18	Troleibusai	18	04		1027	NULL	NULL	NULL
missed	663052	B>A	Titnago g.–Žemieji Paneriai–Justiniškės–Pašilaičiai	1034	NULL	NULL	NULL	NULL	NULL	NULL	NULL	18	Troleibusai	18	04		1079	NULL	NULL	NULL
missed	663052	A>B	Pašilaičiai–Justiniškės–Žemieji Paneriai–Titnago g.	1094	NULL	NULL	NULL	NULL	NULL	NULL	NULL	18	Troleibusai	18	04		1136	NULL	NULL	NULL
missed	663052	B>A	Titnago g.–Žemieji Paneriai–Justiniškės–Pašilaičiai	1148	NULL	NULL	NULL	NULL	NULL	NULL	NULL	18	Troleibusai	18	04		1190	NULL	NULL	NULL
delay	780466	B>A	Titnago g.–Žemieji Paneriai–Justiniškės–Pašilaičiai	NULL	482	NULL	NULL	NULL	NULL	NULL	NULL	18	Troleibusai	18	05	3-56	NULL	531	0	0
delay	780466	B>A	Titnago g.–Žemieji Paneriai–Justiniškės–Pašilaičiai	NULL	376	NULL	NULL	NULL	NULL	NULL	NULL	18	Troleibusai	18	05	3-56	NULL	415	0	0
delay	780466	A>B	Pašilaičiai–Justiniškės–Žemieji Paneriai–Titnago g.	NULL	328	NULL	NULL	NULL	NULL	NULL	NULL	18	Troleibusai	18	05	3-56	NULL	369	0	0
delay	780466	A>B	Pašilaičiai–Justiniškės–Žemieji Paneriai–Titnago g.	NULL	424	NULL	NULL	NULL	NULL	NULL	NULL	18	Troleibusai	18	05	3-56	NULL	481	0	0
delay	780492	A>B	Pašilaičiai–Konstitucijos pr.–Antakalnis–Saulėtekis	320	318	-3.0999999	Gedimino technikos universitetas	361.5	-0.80000001	Žvėrynas	334.60001	19	Troleibusai	19	01	3-2819	367	363	1	1
delay	780492	B>A	Saulėtekis–Antakalnis–Konstitucijos pr.–Pašilaičiai	376	375	-2.5	Pal. Jurgio Matulaičio bažnyčia	415.39999	-0.89999998	Lietuvos sąjūdžio kelias	402.29999	19	Troleibusai	19	01	3-2819	425	423	0	0
delay	780492	A>B	Pašilaičiai–Konstitucijos pr.–Antakalnis–Saulėtekis	437	436	-3.8	Šaulių sąjunga	444.39999	9.8999996	Europos aikštė	476.10001	19	Troleibusai	19	01	3-2819	493	499	1	1
delay	780492	B>A	Saulėtekis–Antakalnis–Konstitucijos pr.–Pašilaičiai	500	499	-3	Šilo tiltas	511.89999	1.3	Žvėrynas	534.79999	19	Troleibusai	19	01	3-2819	550	550	0	0
missed	663061	A>B	Pašilaičiai–Konstitucijos pr.–Antakalnis–Saulėtekis	588	NULL	NULL	NULL	NULL	NULL	NULL	NULL	19	Troleibusai	19	01		639	NULL	NULL	NULL
missed	663061	B>A	Saulėtekis–Antakalnis–Konstitucijos pr.–Pašilaičiai	644	NULL	NULL	NULL	NULL	NULL	NULL	NULL	19	Troleibusai	19	01		694	NULL	NULL	NULL
missed	663061	A>B	Pašilaičiai–Konstitucijos pr.–Antakalnis–Saulėtekis	699	NULL	NULL	NULL	NULL	NULL	NULL	NULL	19	Troleibusai	19	01		750	NULL	NULL	NULL
missed	663061	B>A	Saulėtekis–Antakalnis–Konstitucijos pr.–Pašilaičiai	755	NULL	NULL	NULL	NULL	NULL	NULL	NULL	19	Troleibusai	19	01		805	NULL	NULL	NULL
missed	663061	A>B	Pašilaičiai–Konstitucijos pr.–Antakalnis–Saulėtekis	815	NULL	NULL	NULL	NULL	NULL	NULL	NULL	19	Troleibusai	19	01		866	NULL	NULL	NULL
missed	663061	B>A	Saulėtekis–Antakalnis–Konstitucijos pr.–Pašilaičiai	872	NULL	NULL	NULL	NULL	NULL	NULL	NULL	19	Troleibusai	19	01		922	NULL	NULL	NULL
missed	663061	A>B	Pašilaičiai–Konstitucijos pr.–Antakalnis–Saulėtekis	930	NULL	NULL	NULL	NULL	NULL	NULL	NULL	19	Troleibusai	19	01		982	NULL	NULL	NULL
missed	663061	B>A	Saulėtekis–Antakalnis–Konstitucijos pr.–Pašilaičiai	989	NULL	NULL	NULL	NULL	NULL	NULL	NULL	19	Troleibusai	19	01		1041	NULL	NULL	NULL
missed	663061	A>B	Pašilaičiai–Konstitucijos pr.–Antakalnis–Saulėtekis	1078	NULL	NULL	NULL	NULL	NULL	NULL	NULL	19	Troleibusai	19	01		1130	NULL	NULL	NULL
missed	663061	B>A	Saulėtekis–Antakalnis–Konstitucijos pr.–Pašilaičiai	1141	NULL	NULL	NULL	NULL	NULL	NULL	NULL	19	Troleibusai	19	01		1190	NULL	NULL	NULL
missed	663061	A>B	Pašilaičiai–Konstitucijos pr.–Antakalnis–Saulėtekis	1208	NULL	NULL	NULL	NULL	NULL	NULL	NULL	19	Troleibusai	19	01		1256	NULL	NULL	NULL
missed	663061	B>A	Saulėtekis–Antakalnis–Konstitucijos pr.–Pašilaičiai	1263	NULL	NULL	NULL	NULL	NULL	NULL	NULL	19	Troleibusai	19	01		1312	NULL	NULL	NULL
delay	780594	B>A	Saulėtekis–Antakalnis–Konstitucijos pr.–Pašilaičiai	394	390	-5	Antakalnis	397.5	-2.4000001	Nacionalinė dailės galerija	417.89999	19	Troleibusai	19	02	3-1543	444	441	1	1
delay	780594	A>B	Pašilaičiai–Konstitucijos pr.–Antakalnis–Saulėtekis	451	452	-0.2	Šaulių sąjunga	462.10001	11.2	Lietuvos sąjūdžio kelias	488.60001	19	Troleibusai	19	02	3-1543	507	515	1	1
delay	780594	B>A	Saulėtekis–Antakalnis–Konstitucijos pr.–Pašilaičiai	513	516	0.69999999	Rygos st.	558.70001	3.7	Tuskulėnų rimties parkas	535.59998	19	Troleibusai	19	02	3-1543	563	563	1	0
missed	663064	A>B	Pašilaičiai–Konstitucijos pr.–Antakalnis–Saulėtekis	567	NULL	NULL	NULL	NULL	NULL	NULL	NULL	19	Troleibusai	19	02		618	NULL	NULL	NULL
missed	663064	B>A	Saulėtekis–Antakalnis–Konstitucijos pr.–Pašilaičiai	623	NULL	NULL	NULL	NULL	NULL	NULL	NULL	19	Troleibusai	19	02		673	NULL	NULL	NULL
missed	663064	A>B	Pašilaičiai–Konstitucijos pr.–Antakalnis–Saulėtekis	706	NULL	NULL	NULL	NULL	NULL	NULL	NULL	19	Troleibusai	19	02		757	NULL	NULL	NULL
missed	663064	B>A	Saulėtekis–Antakalnis–Konstitucijos pr.–Pašilaičiai	762	NULL	NULL	NULL	NULL	NULL	NULL	NULL	19	Troleibusai	19	02		812	NULL	NULL	NULL
missed	663064	A>B	Pašilaičiai–Konstitucijos pr.–Antakalnis–Saulėtekis	821	NULL	NULL	NULL	NULL	NULL	NULL	NULL	19	Troleibusai	19	02		872	NULL	NULL	NULL
missed	663064	B>A	Saulėtekis–Antakalnis–Konstitucijos pr.–Pašilaičiai	882	NULL	NULL	NULL	NULL	NULL	NULL	NULL	19	Troleibusai	19	02		932	NULL	NULL	NULL
missed	663064	A>B	Pašilaičiai–Konstitucijos pr.–Antakalnis–Saulėtekis	937	NULL	NULL	NULL	NULL	NULL	NULL	NULL	19	Troleibusai	19	02		989	NULL	NULL	NULL
missed	663064	B>A	Saulėtekis–Antakalnis–Konstitucijos pr.–Pašilaičiai	994	NULL	NULL	NULL	NULL	NULL	NULL	NULL	19	Troleibusai	19	02		1046	NULL	NULL	NULL
missed	663064	A>B	Pašilaičiai–Konstitucijos pr.–Antakalnis–Saulėtekis	1053	NULL	NULL	NULL	NULL	NULL	NULL	NULL	19	Troleibusai	19	02		1106	NULL	NULL	NULL
missed	663064	B>A	Saulėtekis–Antakalnis–Konstitucijos pr.–Pašilaičiai	1111	NULL	NULL	NULL	NULL	NULL	NULL	NULL	19	Troleibusai	19	02		1162	NULL	NULL	NULL
missed	663064	A>B	Pašilaičiai–Konstitucijos pr.–Antakalnis–Saulėtekis	1195	NULL	NULL	NULL	NULL	NULL	NULL	NULL	19	Troleibusai	19	02		1243	NULL	NULL	NULL
missed	663064	B>A	Saulėtekis–Antakalnis–Konstitucijos pr.–Pašilaičiai	1251	NULL	NULL	NULL	NULL	NULL	NULL	NULL	19	Troleibusai	19	02		1300	NULL	NULL	NULL
missed	663064	A>B	Pašilaičiai–Konstitucijos pr.–Antakalnis–Saulėtekis	1317	NULL	NULL	NULL	NULL	NULL	NULL	NULL	19	Troleibusai	19	02		1364	NULL	NULL	NULL
delay	780495	A>B	Pašilaičiai–Konstitucijos pr.–Antakalnis–Saulėtekis	334	332	-4.0999999	Nacionalinė dailės galerija	352.10001	-1.5	Spaudos rūmai	342.70001	19	Troleibusai	19	03	3-2047	381	376	1	1
delay	780495	B>A	Saulėtekis–Antakalnis–Konstitucijos pr.–Pašilaičiai	386	383	-9.5	Pal. Jurgio Matulaičio bažnyčia	418.39999	-2.5999999	Senoji plytinė	384.39999	19	Troleibusai	19	03	3-2047	436	427	1	1
delay	780495	A>B	Pašilaičiai–Konstitucijos pr.–Antakalnis–Saulėtekis	443	444	-3.5	Spaudos rūmai	454.70001	7.3000002	Lietuvos sąjūdžio kelias	476.70001	19	Troleibusai	19	03	3-2047	499	502	1	0
delay	780495	B>A	Saulėtekis–Antakalnis–Konstitucijos pr.–Pašilaičiai	507	507	-0.89999998	Nemenčinės plentas	513	4.5999999	Panorama	543.09998	19	Troleibusai	19	03	3-2047	557	559	1	0
missed	663054	A>B	Pašilaičiai–Konstitucijos pr.–Antakalnis–Saulėtekis	596	NULL	NULL	NULL	NULL	NULL	NULL	NULL	19	Troleibusai	19	03		647	NULL	NULL	NULL
missed	663054	B>A	Saulėtekis–Antakalnis–Konstitucijos pr.–Pašilaičiai	656	NULL	NULL	NULL	NULL	NULL	NULL	NULL	19	Troleibusai	19	03		706	NULL	NULL	NULL
missed	663054	A>B	Pašilaičiai–Konstitucijos pr.–Antakalnis–Saulėtekis	714	NULL	NULL	NULL	NULL	NULL	NULL	NULL	19	Troleibusai	19	03		765	NULL	NULL	NULL
missed	663054	B>A	Saulėtekis–Antakalnis–Konstitucijos pr.–Pašilaičiai	774	NULL	NULL	NULL	NULL	NULL	NULL	NULL	19	Troleibusai	19	03		824	NULL	NULL	NULL
missed	663054	A>B	Pašilaičiai–Konstitucijos pr.–Antakalnis–Saulėtekis	831	NULL	NULL	NULL	NULL	NULL	NULL	NULL	19	Troleibusai	19	03		882	NULL	NULL	NULL
missed	663054	B>A	Saulėtekis–Antakalnis–Konstitucijos pr.–Pašilaičiai	892	NULL	NULL	NULL	NULL	NULL	NULL	NULL	19	Troleibusai	19	03		943	NULL	NULL	NULL
missed	663054	A>B	Pašilaičiai–Konstitucijos pr.–Antakalnis–Saulėtekis	949	NULL	NULL	NULL	NULL	NULL	NULL	NULL	19	Troleibusai	19	03		1002	NULL	NULL	NULL
missed	663054	B>A	Saulėtekis–Antakalnis–Konstitucijos pr.–Pašilaičiai	1008	NULL	NULL	NULL	NULL	NULL	NULL	NULL	19	Troleibusai	19	03		1060	NULL	NULL	NULL
missed	663054	A>B	Pašilaičiai–Konstitucijos pr.–Antakalnis–Saulėtekis	1071	NULL	NULL	NULL	NULL	NULL	NULL	NULL	19	Troleibusai	19	03		1124	NULL	NULL	NULL
missed	663054	B>A	Saulėtekis–Antakalnis–Konstitucijos pr.–Pašilaičiai	1131	NULL	NULL	NULL	NULL	NULL	NULL	NULL	19	Troleibusai	19	03		1180	NULL	NULL	NULL
missed	663054	A>B	Pašilaičiai–Konstitucijos pr.–Antakalnis–Saulėtekis	1221	NULL	NULL	NULL	NULL	NULL	NULL	NULL	19	Troleibusai	19	03		1269	NULL	NULL	NULL
missed	663054	B>A	Saulėtekis–Antakalnis–Konstitucijos pr.–Pašilaičiai	1274	NULL	NULL	NULL	NULL	NULL	NULL	NULL	19	Troleibusai	19	03		1323	NULL	NULL	NULL
missed	663054	A>B	Pašilaičiai–Konstitucijos pr.–Antakalnis–Saulėtekis	1329	NULL	NULL	NULL	NULL	NULL	NULL	NULL	19	Troleibusai	19	03		1376	NULL	NULL	NULL
missed	663054	B>A	Saulėtekis–Antakalnis–Konstitucijos pr.–Pašilaičiai	1381	NULL	NULL	NULL	NULL	NULL	NULL	NULL	19	Troleibusai	19	03		1430	NULL	NULL	NULL
delay	780539	A>B	Pašilaičiai–Konstitucijos pr.–Antakalnis–Saulėtekis	345	346	1	Pašilaičių žiedas	346.5	3.9000001	Žvėrynas	364.29999	19	Troleibusai	19	04	3-10625	392	393	1	0
delay	780539	B>A	Saulėtekis–Antakalnis–Konstitucijos pr.–Pašilaičiai	399	398	-0.69999999	Nemenčinės plentas	404.79999	2.9000001	Čiobiškio st.	447.79999	19	Troleibusai	19	04	3-10625	449	451	0	0
delay	780539	A>B	Pašilaičiai–Konstitucijos pr.–Antakalnis–Saulėtekis	458	461	-0.80000001	Spaudos rūmai	472.39999	6.4000001	Lietuvos sąjūdžio kelias	490.89999	19	Troleibusai	19	04	3-10625	514	517	1	1
delay	780539	B>A	Saulėtekis–Antakalnis–Konstitucijos pr.–Pašilaičiai	521	523	1	Nemenčinės plentas	528.79999	3.5999999	Žvėrynas	558.09998	19	Troleibusai	19	04	3-10625	571	573	1	0
missed	663060	A>B	Pašilaičiai–Konstitucijos pr.–Antakalnis–Saulėtekis	612	NULL	NULL	NULL	NULL	NULL	NULL	NULL	19	Troleibusai	19	04		663	NULL	NULL	NULL
missed	663060	B>A	Saulėtekis–Antakalnis–Konstitucijos pr.–Pašilaičiai	668	NULL	NULL	NULL	NULL	NULL	NULL	NULL	19	Troleibusai	19	04		718	NULL	NULL	NULL
missed	663060	A>B	Pašilaičiai–Konstitucijos pr.–Antakalnis–Saulėtekis	725	NULL	NULL	NULL	NULL	NULL	NULL	NULL	19	Troleibusai	19	04		776	NULL	NULL	NULL
missed	663060	B>A	Saulėtekis–Antakalnis–Konstitucijos pr.–Pašilaičiai	785	NULL	NULL	NULL	NULL	NULL	NULL	NULL	19	Troleibusai	19	04		835	NULL	NULL	NULL
missed	663060	A>B	Pašilaičiai–Konstitucijos pr.–Antakalnis–Saulėtekis	840	NULL	NULL	NULL	NULL	NULL	NULL	NULL	19	Troleibusai	19	04		891	NULL	NULL	NULL
missed	663060	B>A	Saulėtekis–Antakalnis–Konstitucijos pr.–Pašilaičiai	902	NULL	NULL	NULL	NULL	NULL	NULL	NULL	19	Troleibusai	19	04		953	NULL	NULL	NULL
missed	663060	A>B	Pašilaičiai–Konstitucijos pr.–Antakalnis–Saulėtekis	962	NULL	NULL	NULL	NULL	NULL	NULL	NULL	19	Troleibusai	19	04		1015	NULL	NULL	NULL
missed	663060	B>A	Saulėtekis–Antakalnis–Konstitucijos pr.–Pašilaičiai	1022	NULL	NULL	NULL	NULL	NULL	NULL	NULL	19	Troleibusai	19	04		1074	NULL	NULL	NULL
missed	663060	A>B	Pašilaičiai–Konstitucijos pr.–Antakalnis–Saulėtekis	1118	NULL	NULL	NULL	NULL	NULL	NULL	NULL	19	Troleibusai	19	04		1168	NULL	NULL	NULL
missed	663060	B>A	Saulėtekis–Antakalnis–Konstitucijos pr.–Pašilaičiai	1173	NULL	NULL	NULL	NULL	NULL	NULL	NULL	19	Troleibusai	19	04		1222	NULL	NULL	NULL
missed	663060	A>B	Pašilaičiai–Konstitucijos pr.–Antakalnis–Saulėtekis	1228	NULL	NULL	NULL	NULL	NULL	NULL	NULL	19	Troleibusai	19	04		1276	NULL	NULL	NULL
missed	663060	B>A	Saulėtekis–Antakalnis–Konstitucijos pr.–Pašilaičiai	1283	NULL	NULL	NULL	NULL	NULL	NULL	NULL	19	Troleibusai	19	04		1332	NULL	NULL	NULL
missed	663060	A>B	Pašilaičiai–Konstitucijos pr.–Antakalnis–Saulėtekis	1338	NULL	NULL	NULL	NULL	NULL	NULL	NULL	19	Troleibusai	19	04		1385	NULL	NULL	NULL
missed	663060	B>A	Saulėtekis–Antakalnis–Konstitucijos pr.–Pašilaičiai	1391	NULL	NULL	NULL	NULL	NULL	NULL	NULL	19	Troleibusai	19	04		1440	NULL	NULL	NULL
delay	780509	B>A	Saulėtekis–Antakalnis–Konstitucijos pr.–Pašilaičiai	407	407	-1.3	Rygos st.	451.39999	0.60000002	Lietuvos sąjūdžio kelias	435.79999	19	Troleibusai	19	05	3-10562	458	456	0	0
delay	780509	A>B	Pašilaičiai–Konstitucijos pr.–Antakalnis–Saulėtekis	465	471	1.7	Spaudos rūmai	482	8.3999996	Lvovo st.	503	19	Troleibusai	19	05	3-10562	520	528	1	1
delay	780509	A>B	Pašilaičiai–Konstitucijos pr.–Antakalnis–Saulėtekis	465	356	1440	NULL	0	-1440	NULL	0	19	Troleibusai	19	05	3-10562	520	402	0	1
delay	780509	B>A	Saulėtekis–Antakalnis–Konstitucijos pr.–Pašilaičiai	526	530	3.5999999	Saulėtekis	534.79999	5.6999998	Panorama	563.20001	19	Troleibusai	19	05	3-10562	576	579	1	1
missed	663062	A>B	Pašilaičiai–Konstitucijos pr.–Antakalnis–Saulėtekis	584	NULL	NULL	NULL	NULL	NULL	NULL	NULL	19	Troleibusai	19	05		635	NULL	NULL	NULL
missed	663062	B>A	Saulėtekis–Antakalnis–Konstitucijos pr.–Pašilaičiai	933	NULL	NULL	NULL	NULL	NULL	NULL	NULL	19	Troleibusai	19	05		985	NULL	NULL	NULL
missed	663062	A>B	Pašilaičiai–Konstitucijos pr.–Antakalnis–Saulėtekis	993	NULL	NULL	NULL	NULL	NULL	NULL	NULL	19	Troleibusai	19	05		1046	NULL	NULL	NULL
missed	663062	B>A	Saulėtekis–Antakalnis–Konstitucijos pr.–Pašilaičiai	1052	NULL	NULL	NULL	NULL	NULL	NULL	NULL	19	Troleibusai	19	05		1104	NULL	NULL	NULL
missed	663062	A>B	Pašilaičiai–Konstitucijos pr.–Antakalnis–Saulėtekis	1109	NULL	NULL	NULL	NULL	NULL	NULL	NULL	19	Troleibusai	19	05		1161	NULL	NULL	NULL
missed	663059	A>B	Pašilaičiai–Konstitucijos pr.–Antakalnis–Saulėtekis	356	NULL	NULL	NULL	NULL	NULL	NULL	NULL	19	Troleibusai	19	06		403	NULL	NULL	NULL
delay	780606	B>A	Saulėtekis–Antakalnis–Konstitucijos pr.–Pašilaičiai	413	414	0.40000001	Antakalnis	421.89999	3.0999999	Čiobiškio st.	462.70001	19	Troleibusai	19	06	3-81	464	466	1	0
delay	780606	A>B	Pašilaičiai–Konstitucijos pr.–Antakalnis–Saulėtekis	472	479	4.9000001	Šaulių sąjunga	487.10001	12.5	Europos aikštė	511.60001	19	Troleibusai	19	06	3-81	526	533	1	1
delay	780606	B>A	Saulėtekis–Antakalnis–Konstitucijos pr.–Pašilaičiai	532	538	3.4000001	Spaudos rūmai	575	6.5	Senoji plytinė	539.59998	19	Troleibusai	19	06	3-81	582	585	1	1
missed	663059	A>B	Pašilaičiai–Konstitucijos pr.–Antakalnis–Saulėtekis	623	NULL	NULL	NULL	NULL	NULL	NULL	NULL	19	Troleibusai	19	06		674	NULL	NULL	NULL
missed	663059	B>A	Saulėtekis–Antakalnis–Konstitucijos pr.–Pašilaičiai	679	NULL	NULL	NULL	NULL	NULL	NULL	NULL	19	Troleibusai	19	06		729	NULL	NULL	NULL
missed	663059	A>B	Pašilaičiai–Konstitucijos pr.–Antakalnis–Saulėtekis	736	NULL	NULL	NULL	NULL	NULL	NULL	NULL	19	Troleibusai	19	06		787	NULL	NULL	NULL
missed	663059	B>A	Saulėtekis–Antakalnis–Konstitucijos pr.–Pašilaičiai	794	NULL	NULL	NULL	NULL	NULL	NULL	NULL	19	Troleibusai	19	06		844	NULL	NULL	NULL
missed	663059	A>B	Pašilaičiai–Konstitucijos pr.–Antakalnis–Saulėtekis	850	NULL	NULL	NULL	NULL	NULL	NULL	NULL	19	Troleibusai	19	06		901	NULL	NULL	NULL
missed	663059	B>A	Saulėtekis–Antakalnis–Konstitucijos pr.–Pašilaičiai	911	NULL	NULL	NULL	NULL	NULL	NULL	NULL	19	Troleibusai	19	06		962	NULL	NULL	NULL
missed	663059	A>B	Pašilaičiai–Konstitucijos pr.–Antakalnis–Saulėtekis	970	NULL	NULL	NULL	NULL	NULL	NULL	NULL	19	Troleibusai	19	06		1023	NULL	NULL	NULL
missed	663059	B>A	Saulėtekis–Antakalnis–Konstitucijos pr.–Pašilaičiai	1029	NULL	NULL	NULL	NULL	NULL	NULL	NULL	19	Troleibusai	19	06		1081	NULL	NULL	NULL
missed	663059	A>B	Pašilaičiai–Konstitucijos pr.–Antakalnis–Saulėtekis	1097	NULL	NULL	NULL	NULL	NULL	NULL	NULL	19	Troleibusai	19	06		1149	NULL	NULL	NULL
missed	663059	B>A	Saulėtekis–Antakalnis–Konstitucijos pr.–Pašilaičiai	1159	NULL	NULL	NULL	NULL	NULL	NULL	NULL	19	Troleibusai	19	06		1208	NULL	NULL	NULL
missed	663059	A>B	Pašilaičiai–Konstitucijos pr.–Antakalnis–Saulėtekis	1246	NULL	NULL	NULL	NULL	NULL	NULL	NULL	19	Troleibusai	19	06		1294	NULL	NULL	NULL
missed	663059	B>A	Saulėtekis–Antakalnis–Konstitucijos pr.–Pašilaičiai	1302	NULL	NULL	NULL	NULL	NULL	NULL	NULL	19	Troleibusai	19	06		1351	NULL	NULL	NULL
missed	663059	A>B	Pašilaičiai–Konstitucijos pr.–Antakalnis–Saulėtekis	1361	NULL	NULL	NULL	NULL	NULL	NULL	NULL	19	Troleibusai	19	06		1408	NULL	NULL	NULL
delay	780562	B>A	Saulėtekis–Antakalnis–Konstitucijos pr.–Pašilaičiai	426	419	-7.8000002	Nemenčinės plentas	425.10001	-3.4000001	Vilniaus rajono poliklinika	470.79999	19	Troleibusai	19	07	3-10687	477	473	1	1
delay	780562	A>B	Pašilaičiai–Konstitucijos pr.–Antakalnis–Saulėtekis	489	488	-2.9000001	Šaulių sąjunga	495.5	7.6999998	Lvovo st.	524.29999	19	Troleibusai	19	07	3-10687	542	547	1	1
delay	780562	A>B	Pašilaičiai–Konstitucijos pr.–Antakalnis–Saulėtekis	489	367	1440	NULL	0	-1440	NULL	0	19	Troleibusai	19	07	3-10687	542	415	0	1
delay	780562	B>A	Saulėtekis–Antakalnis–Konstitucijos pr.–Pašilaičiai	547	548	0.69999999	Čiobiškio st.	593.70001	3.0999999	Nacionalinė dailės galerija	577.70001	19	Troleibusai	19	07	3-10687	597	597	1	0
missed	663069	A>B	Pašilaičiai–Konstitucijos pr.–Antakalnis–Saulėtekis	603	NULL	NULL	NULL	NULL	NULL	NULL	NULL	19	Troleibusai	19	07		654	NULL	NULL	NULL
missed	663069	B>A	Saulėtekis–Antakalnis–Konstitucijos pr.–Pašilaičiai	947	NULL	NULL	NULL	NULL	NULL	NULL	NULL	19	Troleibusai	19	07		999	NULL	NULL	NULL
missed	663069	A>B	Pašilaičiai–Konstitucijos pr.–Antakalnis–Saulėtekis	1008	NULL	NULL	NULL	NULL	NULL	NULL	NULL	19	Troleibusai	19	07		1061	NULL	NULL	NULL
missed	663069	B>A	Saulėtekis–Antakalnis–Konstitucijos pr.–Pašilaičiai	1066	NULL	NULL	NULL	NULL	NULL	NULL	NULL	19	Troleibusai	19	07		1118	NULL	NULL	NULL
missed	663069	A>B	Pašilaičiai–Konstitucijos pr.–Antakalnis–Saulėtekis	1134	NULL	NULL	NULL	NULL	NULL	NULL	NULL	19	Troleibusai	19	07		1184	NULL	NULL	NULL
delay	780512	A>B	Pašilaičiai–Konstitucijos pr.–Antakalnis–Saulėtekis	366	398	32.299999	Čiobiškio st.	401.89999	36.599998	Saulėtekis	445.29999	19	Troleibusai	19	08	3-2681	413	449	1	1
delay	780512	B>A	Saulėtekis–Antakalnis–Konstitucijos pr.–Pašilaičiai	419	450	31.5	Vilniaus universitetas	453.79999	43	Panorama	493.5	19	Troleibusai	19	08	3-2681	470	510	1	1
delay	780512	B>A	Saulėtekis–Antakalnis–Konstitucijos pr.–Pašilaičiai	419	341	1440	NULL	0	-1440	NULL	0	19	Troleibusai	19	08	3-2681	470	389	0	1
delay	780512	A>B	Pašilaičiai–Konstitucijos pr.–Antakalnis–Saulėtekis	481	545	1440	NULL	0	-1440	NULL	0	19	Troleibusai	19	08	3-2681	534	595	0	1
missed	663057	B>A	Saulėtekis–Antakalnis–Konstitucijos pr.–Pašilaičiai	539	NULL	NULL	NULL	NULL	NULL	NULL	NULL	19	Troleibusai	19	08		589	NULL	NULL	NULL
missed	663057	A>B	Pašilaičiai–Konstitucijos pr.–Antakalnis–Saulėtekis	631	NULL	NULL	NULL	NULL	NULL	NULL	NULL	19	Troleibusai	19	08		682	NULL	NULL	NULL
missed	663057	B>A	Saulėtekis–Antakalnis–Konstitucijos pr.–Pašilaičiai	689	NULL	NULL	NULL	NULL	NULL	NULL	NULL	19	Troleibusai	19	08		739	NULL	NULL	NULL
missed	663057	A>B	Pašilaičiai–Konstitucijos pr.–Antakalnis–Saulėtekis	745	NULL	NULL	NULL	NULL	NULL	NULL	NULL	19	Troleibusai	19	08		796	NULL	NULL	NULL
missed	663057	B>A	Saulėtekis–Antakalnis–Konstitucijos pr.–Pašilaičiai	802	NULL	NULL	NULL	NULL	NULL	NULL	NULL	19	Troleibusai	19	08		852	NULL	NULL	NULL
missed	663057	A>B	Pašilaičiai–Konstitucijos pr.–Antakalnis–Saulėtekis	862	NULL	NULL	NULL	NULL	NULL	NULL	NULL	19	Troleibusai	19	08		913	NULL	NULL	NULL
missed	663057	B>A	Saulėtekis–Antakalnis–Konstitucijos pr.–Pašilaičiai	918	NULL	NULL	NULL	NULL	NULL	NULL	NULL	19	Troleibusai	19	08		970	NULL	NULL	NULL
missed	663057	A>B	Pašilaičiai–Konstitucijos pr.–Antakalnis–Saulėtekis	978	NULL	NULL	NULL	NULL	NULL	NULL	NULL	19	Troleibusai	19	08		1031	NULL	NULL	NULL
missed	663057	B>A	Saulėtekis–Antakalnis–Konstitucijos pr.–Pašilaičiai	1038	NULL	NULL	NULL	NULL	NULL	NULL	NULL	19	Troleibusai	19	08		1090	NULL	NULL	NULL
missed	663057	A>B	Pašilaičiai–Konstitucijos pr.–Antakalnis–Saulėtekis	1127	NULL	NULL	NULL	NULL	NULL	NULL	NULL	19	Troleibusai	19	08		1177	NULL	NULL	NULL
missed	663057	B>A	Saulėtekis–Antakalnis–Konstitucijos pr.–Pašilaičiai	1183	NULL	NULL	NULL	NULL	NULL	NULL	NULL	19	Troleibusai	19	08		1232	NULL	NULL	NULL
missed	663057	A>B	Pašilaičiai–Konstitucijos pr.–Antakalnis–Saulėtekis	1238	NULL	NULL	NULL	NULL	NULL	NULL	NULL	19	Troleibusai	19	08		1286	NULL	NULL	NULL
missed	663057	B>A	Saulėtekis–Antakalnis–Konstitucijos pr.–Pašilaičiai	1292	NULL	NULL	NULL	NULL	NULL	NULL	NULL	19	Troleibusai	19	08		1341	NULL	NULL	NULL
missed	663063	B>A	Saulėtekis–Antakalnis–Konstitucijos pr.–Pašilaičiai	338	NULL	NULL	NULL	NULL	NULL	NULL	NULL	19	Troleibusai	19	09		387	NULL	NULL	NULL
delay	780571	A>B	Pašilaičiai–Konstitucijos pr.–Antakalnis–Saulėtekis	391	373	-19.200001	Gedimino technikos universitetas	418.70001	-17.200001	Nacionalinė dailės galerija	396.79999	19	Troleibusai	19	09	3-2035	440	421	1	1
delay	780571	B>A	Saulėtekis–Antakalnis–Konstitucijos pr.–Pašilaičiai	448	425	-23.299999	Nemenčinės plentas	431.5	-12.4	Čiobiškio st.	482.5	19	Troleibusai	19	09	3-2035	499	486	1	1
delay	780571	A>B	Pašilaičiai–Konstitucijos pr.–Antakalnis–Saulėtekis	532	494	-38.299999	Šaulių sąjunga	502	-30.6	Žvėrynas	518.79999	19	Troleibusai	19	09	3-2035	583	548	1	1
delay	780571	B>A	Saulėtekis–Antakalnis–Konstitucijos pr.–Pašilaičiai	589	554	-36.599998	Pal. Jurgio Matulaičio bažnyčia	595.59998	-34	Nacionalinė dailės galerija	582.5	19	Troleibusai	19	09	3-2035	639	602	1	1
missed	663063	A>B	Pašilaičiai–Konstitucijos pr.–Antakalnis–Saulėtekis	644	NULL	NULL	NULL	NULL	NULL	NULL	NULL	19	Troleibusai	19	09		695	NULL	NULL	NULL
missed	663063	B>A	Saulėtekis–Antakalnis–Konstitucijos pr.–Pašilaičiai	700	NULL	NULL	NULL	NULL	NULL	NULL	NULL	19	Troleibusai	19	09		750	NULL	NULL	NULL
missed	663063	A>B	Pašilaičiai–Konstitucijos pr.–Antakalnis–Saulėtekis	756	NULL	NULL	NULL	NULL	NULL	NULL	NULL	19	Troleibusai	19	09		807	NULL	NULL	NULL
missed	663063	B>A	Saulėtekis–Antakalnis–Konstitucijos pr.–Pašilaičiai	812	NULL	NULL	NULL	NULL	NULL	NULL	NULL	19	Troleibusai	19	09		862	NULL	NULL	NULL
missed	663063	A>B	Pašilaičiai–Konstitucijos pr.–Antakalnis–Saulėtekis	872	NULL	NULL	NULL	NULL	NULL	NULL	NULL	19	Troleibusai	19	09		923	NULL	NULL	NULL
missed	663063	B>A	Saulėtekis–Antakalnis–Konstitucijos pr.–Pašilaičiai	928	NULL	NULL	NULL	NULL	NULL	NULL	NULL	19	Troleibusai	19	09		980	NULL	NULL	NULL
missed	663063	A>B	Pašilaičiai–Konstitucijos pr.–Antakalnis–Saulėtekis	985	NULL	NULL	NULL	NULL	NULL	NULL	NULL	19	Troleibusai	19	09		1038	NULL	NULL	NULL
missed	663063	B>A	Saulėtekis–Antakalnis–Konstitucijos pr.–Pašilaičiai	1044	NULL	NULL	NULL	NULL	NULL	NULL	NULL	19	Troleibusai	19	09		1096	NULL	NULL	NULL
missed	663063	A>B	Pašilaičiai–Konstitucijos pr.–Antakalnis–Saulėtekis	1140	NULL	NULL	NULL	NULL	NULL	NULL	NULL	19	Troleibusai	19	09		1190	NULL	NULL	NULL
missed	663063	B>A	Saulėtekis–Antakalnis–Konstitucijos pr.–Pašilaičiai	1195	NULL	NULL	NULL	NULL	NULL	NULL	NULL	19	Troleibusai	19	09		1244	NULL	NULL	NULL
missed	663063	A>B	Pašilaičiai–Konstitucijos pr.–Antakalnis–Saulėtekis	1256	NULL	NULL	NULL	NULL	NULL	NULL	NULL	19	Troleibusai	19	09		1304	NULL	NULL	NULL
missed	663063	B>A	Saulėtekis–Antakalnis–Konstitucijos pr.–Pašilaičiai	1313	NULL	NULL	NULL	NULL	NULL	NULL	NULL	19	Troleibusai	19	09		1362	NULL	NULL	NULL
missed	663063	A>B	Pašilaičiai–Konstitucijos pr.–Antakalnis–Saulėtekis	1380	NULL	NULL	NULL	NULL	NULL	NULL	NULL	19	Troleibusai	19	09		1427	NULL	NULL	NULL
delay	780582	A>B	Pašilaičiai–Konstitucijos pr.–Antakalnis–Saulėtekis	374	382	7.6999998	Viršuliškės	391.39999	11.9	Saulėtekis	429.60001	19	Troleibusai	19	10	3-2070	422	433	1	1
delay	780582	B>A	Saulėtekis–Antakalnis–Konstitucijos pr.–Pašilaičiai	433	433	-0.5	Nemenčinės plentas	439.29999	7.1999998	Panorama	471.70001	19	Troleibusai	19	10	3-2070	484	488	1	1
delay	780582	A>B	Pašilaičiai–Konstitucijos pr.–Antakalnis–Saulėtekis	497	501	1.4	Šaulių sąjunga	507.70001	9.3000002	Lvovo st.	533.90002	19	Troleibusai	19	10	3-2070	550	558	1	1
delay	780582	B>A	Saulėtekis–Antakalnis–Konstitucijos pr.–Pašilaičiai	555	563	5.1999998	Viršuliškės	601.79999	9.6000004	Lvovo st.	588.90002	19	Troleibusai	19	10	3-2070	605	602	1	1
missed	663067	A>B	Pašilaičiai–Konstitucijos pr.–Antakalnis–Saulėtekis	902	NULL	NULL	NULL	NULL	NULL	NULL	NULL	19	Troleibusai	19	10		953	NULL	NULL	NULL
missed	663067	B>A	Saulėtekis–Antakalnis–Konstitucijos pr.–Pašilaičiai	961	NULL	NULL	NULL	NULL	NULL	NULL	NULL	19	Troleibusai	19	10		1013	NULL	NULL	NULL
missed	663067	A>B	Pašilaičiai–Konstitucijos pr.–Antakalnis–Saulėtekis	1020	NULL	NULL	NULL	NULL	NULL	NULL	NULL	19	Troleibusai	19	10		1073	NULL	NULL	NULL
missed	663067	B>A	Saulėtekis–Antakalnis–Konstitucijos pr.–Pašilaičiai	1081	NULL	NULL	NULL	NULL	NULL	NULL	NULL	19	Troleibusai	19	10		1133	NULL	NULL	NULL
delay	780591	A>B	Pašilaičiai–Konstitucijos pr.–Antakalnis–Saulėtekis	385	390	4.5999999	Viršuliškės	399.29999	6.4000001	Tuskulėnų rimties parkas	421.5	19	Troleibusai	19	11Ž	3-1995	433	438	1	1
delay	780591	B>A	Saulėtekis–Antakalnis–Konstitucijos pr.–Pašilaičiai	440	441	0.5	Saulėtekis	445.60001	9.3999996	Nacionalinė dailės galerija	477	19	Troleibusai	19	11Ž	3-1995	491	498	1	1
delay	780591	A>B	Pašilaičiai–Konstitucijos pr.–Antakalnis–Saulėtekis	506	514	5.5	Gedimino technikos universitetas	561.40002	12.6	Žvėrynas	536	19	Troleibusai	19	11Ž	3-1995	558	563	1	1
missed	663053	B>A	Saulėtekis–Antakalnis–Konstitucijos pr.–Pašilaičiai	565	NULL	NULL	NULL	NULL	NULL	NULL	NULL	19	Troleibusai	19	11Ž		615	NULL	NULL	NULL
missed	663053	A>B	Pašilaičiai–Konstitucijos pr.–Antakalnis–Saulėtekis	654	NULL	NULL	NULL	NULL	NULL	NULL	NULL	19	Troleibusai	19	11Ž		705	NULL	NULL	NULL
missed	663053	B>A	Saulėtekis–Antakalnis–Konstitucijos pr.–Pašilaičiai	710	NULL	NULL	NULL	NULL	NULL	NULL	NULL	19	Troleibusai	19	11Ž		760	NULL	NULL	NULL
missed	663053	A>B	Pašilaičiai–Konstitucijos pr.–Antakalnis–Saulėtekis	768	NULL	NULL	NULL	NULL	NULL	NULL	NULL	19	Troleibusai	19	11Ž		819	NULL	NULL	NULL
missed	663053	B>A	Saulėtekis–Antakalnis–Konstitucijos pr.–Pašilaičiai	824	NULL	NULL	NULL	NULL	NULL	NULL	NULL	19	Troleibusai	19	11Ž		874	NULL	NULL	NULL
missed	663053	A>B	Pašilaičiai–Konstitucijos pr.–Antakalnis–Saulėtekis	884	NULL	NULL	NULL	NULL	NULL	NULL	NULL	19	Troleibusai	19	11Ž		935	NULL	NULL	NULL
missed	663053	B>A	Saulėtekis–Antakalnis–Konstitucijos pr.–Pašilaičiai	940	NULL	NULL	NULL	NULL	NULL	NULL	NULL	19	Troleibusai	19	11Ž		992	NULL	NULL	NULL
missed	663053	A>B	Pašilaičiai–Konstitucijos pr.–Antakalnis–Saulėtekis	1001	NULL	NULL	NULL	NULL	NULL	NULL	NULL	19	Troleibusai	19	11Ž		1054	NULL	NULL	NULL
missed	663053	B>A	Saulėtekis–Antakalnis–Konstitucijos pr.–Pašilaičiai	1059	NULL	NULL	NULL	NULL	NULL	NULL	NULL	19	Troleibusai	19	11Ž		1111	NULL	NULL	NULL
missed	663053	A>B	Pašilaičiai–Konstitucijos pr.–Antakalnis–Saulėtekis	1151	NULL	NULL	NULL	NULL	NULL	NULL	NULL	19	Troleibusai	19	11Ž		1201	NULL	NULL	NULL
missed	663053	B>A	Saulėtekis–Antakalnis–Konstitucijos pr.–Pašilaičiai	1207	NULL	NULL	NULL	NULL	NULL	NULL	NULL	19	Troleibusai	19	11Ž		1256	NULL	NULL	NULL
missed	663053	A>B	Pašilaičiai–Konstitucijos pr.–Antakalnis–Saulėtekis	1269	NULL	NULL	NULL	NULL	NULL	NULL	NULL	19	Troleibusai	19	11Ž		1317	NULL	NULL	NULL
missed	663053	B>A	Saulėtekis–Antakalnis–Konstitucijos pr.–Pašilaičiai	1324	NULL	NULL	NULL	NULL	NULL	NULL	NULL	19	Troleibusai	19	11Ž		1373	NULL	NULL	NULL
delay	780546	A>B	Pašilaičiai–Konstitucijos pr.–Antakalnis–Saulėtekis	397	408	10.4	Viršuliškės	417.10001	13.1	Lvovo st.	435.60001	19	Troleibusai	19	12	3-2494	448	460	1	1
delay	780546	B>A	Saulėtekis–Antakalnis–Konstitucijos pr.–Pašilaičiai	453	465	11.9	Vilniaus universitetas	468.20001	22.5	Nacionalinė dailės galerija	503.10001	19	Troleibusai	19	12	3-2494	504	523	1	1
delay	780546	B>A	Saulėtekis–Antakalnis–Konstitucijos pr.–Pašilaičiai	453	350	1440	NULL	0	-1440	NULL	0	19	Troleibusai	19	12	3-2494	504	399	0	1
delay	780546	A>B	Pašilaičiai–Konstitucijos pr.–Antakalnis–Saulėtekis	515	564	46.400002	Šilo tiltas	600.20001	49	Pašilaičių žiedas	564.29999	19	Troleibusai	19	12	3-2494	566	602	1	1
missed	663068	B>A	Saulėtekis–Antakalnis–Konstitucijos pr.–Pašilaičiai	574	NULL	NULL	NULL	NULL	NULL	NULL	NULL	19	Troleibusai	19	12		624	NULL	NULL	NULL
missed	663068	A>B	Pašilaičiai–Konstitucijos pr.–Antakalnis–Saulėtekis	926	NULL	NULL	NULL	NULL	NULL	NULL	NULL	19	Troleibusai	19	12		977	NULL	NULL	NULL
missed	663068	B>A	Saulėtekis–Antakalnis–Konstitucijos pr.–Pašilaičiai	982	NULL	NULL	NULL	NULL	NULL	NULL	NULL	19	Troleibusai	19	12		1034	NULL	NULL	NULL
missed	663068	A>B	Pašilaičiai–Konstitucijos pr.–Antakalnis–Saulėtekis	1045	NULL	NULL	NULL	NULL	NULL	NULL	NULL	19	Troleibusai	19	12		1098	NULL	NULL	NULL
missed	663068	B>A	Saulėtekis–Antakalnis–Konstitucijos pr.–Pašilaičiai	1104	NULL	NULL	NULL	NULL	NULL	NULL	NULL	19	Troleibusai	19	12		1155	NULL	NULL	NULL
delay	780558	B>A	Saulėtekis–Antakalnis–Konstitucijos pr.–Pašilaičiai	349	360	10.1	Viršuliškės	399.39999	12.4	Tverečiaus st.	370.60001	19	Troleibusai	19	13	3-2156	398	407	1	1
delay	780558	A>B	Pašilaičiai–Konstitucijos pr.–Antakalnis–Saulėtekis	404	416	11.4	Pašilaičių žiedas	415.89999	16.299999	Europos aikštė	444.39999	19	Troleibusai	19	13	3-2156	455	470	1	1
delay	780558	B>A	Saulėtekis–Antakalnis–Konstitucijos pr.–Pašilaičiai	461	475	13.7	Gedimino technikos universitetas	477.20001	19.200001	Nacionalinė dailės galerija	507.79999	19	Troleibusai	19	13	3-2156	512	528	1	1
delay	780558	A>B	Pašilaičiai–Konstitucijos pr.–Antakalnis–Saulėtekis	550	536	-14.3	Pašilaičių žiedas	536.09998	-10.4	„Žalgirio“ stadionas	568.90002	19	Troleibusai	19	13	3-2156	601	589	1	1
missed	663058	B>A	Saulėtekis–Antakalnis–Konstitucijos pr.–Pašilaičiai	607	NULL	NULL	NULL	NULL	NULL	NULL	NULL	19	Troleibusai	19	13		657	NULL	NULL	NULL
missed	663058	A>B	Pašilaičiai–Konstitucijos pr.–Antakalnis–Saulėtekis	662	NULL	NULL	NULL	NULL	NULL	NULL	NULL	19	Troleibusai	19	13		713	NULL	NULL	NULL
missed	663058	B>A	Saulėtekis–Antakalnis–Konstitucijos pr.–Pašilaičiai	721	NULL	NULL	NULL	NULL	NULL	NULL	NULL	19	Troleibusai	19	13		771	NULL	NULL	NULL
missed	663058	A>B	Pašilaičiai–Konstitucijos pr.–Antakalnis–Saulėtekis	779	NULL	NULL	NULL	NULL	NULL	NULL	NULL	19	Troleibusai	19	13		830	NULL	NULL	NULL
missed	663058	B>A	Saulėtekis–Antakalnis–Konstitucijos pr.–Pašilaičiai	836	NULL	NULL	NULL	NULL	NULL	NULL	NULL	19	Troleibusai	19	13		886	NULL	NULL	NULL
missed	663058	A>B	Pašilaičiai–Konstitucijos pr.–Antakalnis–Saulėtekis	896	NULL	NULL	NULL	NULL	NULL	NULL	NULL	19	Troleibusai	19	13		947	NULL	NULL	NULL
missed	663058	B>A	Saulėtekis–Antakalnis–Konstitucijos pr.–Pašilaičiai	954	NULL	NULL	NULL	NULL	NULL	NULL	NULL	19	Troleibusai	19	13		1006	NULL	NULL	NULL
missed	663058	A>B	Pašilaičiai–Konstitucijos pr.–Antakalnis–Saulėtekis	1013	NULL	NULL	NULL	NULL	NULL	NULL	NULL	19	Troleibusai	19	13		1066	NULL	NULL	NULL
missed	663058	B>A	Saulėtekis–Antakalnis–Konstitucijos pr.–Pašilaičiai	1075	NULL	NULL	NULL	NULL	NULL	NULL	NULL	19	Troleibusai	19	13		1127	NULL	NULL	NULL
missed	663058	A>B	Pašilaičiai–Konstitucijos pr.–Antakalnis–Saulėtekis	1162	NULL	NULL	NULL	NULL	NULL	NULL	NULL	19	Troleibusai	19	13		1212	NULL	NULL	NULL
missed	663058	B>A	Saulėtekis–Antakalnis–Konstitucijos pr.–Pašilaičiai	1218	NULL	NULL	NULL	NULL	NULL	NULL	NULL	19	Troleibusai	19	13		1267	NULL	NULL	NULL
missed	663058	A>B	Pašilaičiai–Konstitucijos pr.–Antakalnis–Saulėtekis	1282	NULL	NULL	NULL	NULL	NULL	NULL	NULL	19	Troleibusai	19	13		1330	NULL	NULL	NULL
missed	663058	B>A	Saulėtekis–Antakalnis–Konstitucijos pr.–Pašilaičiai	1337	NULL	NULL	NULL	NULL	NULL	NULL	NULL	19	Troleibusai	19	13		1386	NULL	NULL	NULL
missed	663066	B>A	Saulėtekis–Antakalnis–Konstitucijos pr.–Pašilaičiai	356	NULL	NULL	NULL	NULL	NULL	NULL	NULL	19	Troleibusai	19	14		405	NULL	NULL	NULL
delay	780605	A>B	Pašilaičiai–Konstitucijos pr.–Antakalnis–Saulėtekis	410	404	-6.3000002	Pašilaičių žiedas	404.29999	-2.3	Lvovo st.	435.39999	19	Troleibusai	19	14	3-2794	463	459	1	1
delay	780605	B>A	Saulėtekis–Antakalnis–Konstitucijos pr.–Pašilaičiai	469	459	-10.3	Gedimino technikos universitetas	461.20001	5.5	Panorama	506	19	Troleibusai	19	14	3-2794	520	523	1	1
delay	780605	A>B	Pašilaičiai–Konstitucijos pr.–Antakalnis–Saulėtekis	525	526	0.80000001	Rygos st.	531.5	6.8000002	Lietuvos sąjūdžio kelias	554.09998	19	Troleibusai	19	14	3-2794	576	581	1	1
missed	663066	B>A	Saulėtekis–Antakalnis–Konstitucijos pr.–Pašilaičiai	581	NULL	NULL	NULL	NULL	NULL	NULL	NULL	19	Troleibusai	19	14		631	NULL	NULL	NULL
missed	663066	A>B	Pašilaičiai–Konstitucijos pr.–Antakalnis–Saulėtekis	673	NULL	NULL	NULL	NULL	NULL	NULL	NULL	19	Troleibusai	19	14		724	NULL	NULL	NULL
missed	663066	B>A	Saulėtekis–Antakalnis–Konstitucijos pr.–Pašilaičiai	730	NULL	NULL	NULL	NULL	NULL	NULL	NULL	19	Troleibusai	19	14		780	NULL	NULL	NULL
missed	663066	A>B	Pašilaičiai–Konstitucijos pr.–Antakalnis–Saulėtekis	791	NULL	NULL	NULL	NULL	NULL	NULL	NULL	19	Troleibusai	19	14		842	NULL	NULL	NULL
missed	663066	B>A	Saulėtekis–Antakalnis–Konstitucijos pr.–Pašilaičiai	847	NULL	NULL	NULL	NULL	NULL	NULL	NULL	19	Troleibusai	19	14		897	NULL	NULL	NULL
missed	663066	A>B	Pašilaičiai–Konstitucijos pr.–Antakalnis–Saulėtekis	910	NULL	NULL	NULL	NULL	NULL	NULL	NULL	19	Troleibusai	19	14		961	NULL	NULL	NULL
missed	663066	B>A	Saulėtekis–Antakalnis–Konstitucijos pr.–Pašilaičiai	967	NULL	NULL	NULL	NULL	NULL	NULL	NULL	19	Troleibusai	19	14		1019	NULL	NULL	NULL
missed	663066	A>B	Pašilaičiai–Konstitucijos pr.–Antakalnis–Saulėtekis	1027	NULL	NULL	NULL	NULL	NULL	NULL	NULL	19	Troleibusai	19	14		1080	NULL	NULL	NULL
missed	663066	B>A	Saulėtekis–Antakalnis–Konstitucijos pr.–Pašilaičiai	1089	NULL	NULL	NULL	NULL	NULL	NULL	NULL	19	Troleibusai	19	14		1141	NULL	NULL	NULL
missed	663066	A>B	Pašilaičiai–Konstitucijos pr.–Antakalnis–Saulėtekis	1174	NULL	NULL	NULL	NULL	NULL	NULL	NULL	19	Troleibusai	19	14		1223	NULL	NULL	NULL
missed	663066	B>A	Saulėtekis–Antakalnis–Konstitucijos pr.–Pašilaičiai	1228	NULL	NULL	NULL	NULL	NULL	NULL	NULL	19	Troleibusai	19	14		1277	NULL	NULL	NULL
missed	663066	A>B	Pašilaičiai–Konstitucijos pr.–Antakalnis–Saulėtekis	1290	NULL	NULL	NULL	NULL	NULL	NULL	NULL	19	Troleibusai	19	14		1338	NULL	NULL	NULL
missed	663066	B>A	Saulėtekis–Antakalnis–Konstitucijos pr.–Pašilaičiai	1357	NULL	NULL	NULL	NULL	NULL	NULL	NULL	19	Troleibusai	19	14		1406	NULL	NULL	NULL
delay	780554	A>B	Pašilaičiai–Konstitucijos pr.–Antakalnis–Saulėtekis	417	428	8.6999998	Spaudos rūmai	440	13.9	Vilniaus universitetas	482.89999	19	Troleibusai	19	15	3-2475	472	486	1	1
delay	780554	B>A	Saulėtekis–Antakalnis–Konstitucijos pr.–Pašilaičiai	478	365	1440	NULL	0	-1440	NULL	0	19	Troleibusai	19	15	3-2475	529	413	0	1
delay	780554	B>A	Saulėtekis–Antakalnis–Konstitucijos pr.–Pašilaičiai	478	494	15.5	Saulėtekis	498.60001	20.200001	Lietuvos edukologijos universitetas	528.70001	19	Troleibusai	19	15	3-2475	529	548	1	1
missed	663055	A>B	Pašilaičiai–Konstitucijos pr.–Antakalnis–Saulėtekis	541	NULL	NULL	NULL	NULL	NULL	NULL	NULL	19	Troleibusai	19	15		592	NULL	NULL	NULL
missed	663055	B>A	Saulėtekis–Antakalnis–Konstitucijos pr.–Pašilaičiai	598	NULL	NULL	NULL	NULL	NULL	NULL	NULL	19	Troleibusai	19	15		648	NULL	NULL	NULL
missed	663055	A>B	Pašilaičiai–Konstitucijos pr.–Antakalnis–Saulėtekis	942	NULL	NULL	NULL	NULL	NULL	NULL	NULL	19	Troleibusai	19	15		995	NULL	NULL	NULL
missed	663055	B>A	Saulėtekis–Antakalnis–Konstitucijos pr.–Pašilaičiai	1001	NULL	NULL	NULL	NULL	NULL	NULL	NULL	19	Troleibusai	19	15		1053	NULL	NULL	NULL
missed	663055	A>B	Pašilaičiai–Konstitucijos pr.–Antakalnis–Saulėtekis	1062	NULL	NULL	NULL	NULL	NULL	NULL	NULL	19	Troleibusai	19	15		1115	NULL	NULL	NULL
missed	663055	B>A	Saulėtekis–Antakalnis–Konstitucijos pr.–Pašilaičiai	1120	NULL	NULL	NULL	NULL	NULL	NULL	NULL	19	Troleibusai	19	15		1170	NULL	NULL	NULL
missed	663065	B>A	Saulėtekis–Antakalnis–Konstitucijos pr.–Pašilaičiai	365	NULL	NULL	NULL	NULL	NULL	NULL	NULL	19	Troleibusai	19	16		414	NULL	NULL	NULL
delay	780623	A>B	Pašilaičiai–Konstitucijos pr.–Antakalnis–Saulėtekis	425	420	-8.1999998	Panorama	439.79999	-4.6999998	Vilniaus rajono poliklinika	422.5	19	Troleibusai	19	16	3-2478	480	474	1	1
delay	780623	B>A	Saulėtekis–Antakalnis–Konstitucijos pr.–Pašilaičiai	485	481	-4.0999999	Antakalnis	489.60001	0.5	Čiobiškio st.	532.40002	19	Troleibusai	19	16	3-2478	536	535	1	1
delay	780623	A>B	Pašilaičiai–Konstitucijos pr.–Antakalnis–Saulėtekis	575	553	-23.200001	Minties st.	586.90002	-20.700001	Žvėrynas	571.70001	19	Troleibusai	19	16	3-2478	626	603	1	1
missed	663065	B>A	Saulėtekis–Antakalnis–Konstitucijos pr.–Pašilaičiai	632	NULL	NULL	NULL	NULL	NULL	NULL	NULL	19	Troleibusai	19	16		682	NULL	NULL	NULL
missed	663065	A>B	Pašilaičiai–Konstitucijos pr.–Antakalnis–Saulėtekis	688	NULL	NULL	NULL	NULL	NULL	NULL	NULL	19	Troleibusai	19	16		739	NULL	NULL	NULL
missed	663065	B>A	Saulėtekis–Antakalnis–Konstitucijos pr.–Pašilaičiai	744	NULL	NULL	NULL	NULL	NULL	NULL	NULL	19	Troleibusai	19	16		794	NULL	NULL	NULL
missed	663065	A>B	Pašilaičiai–Konstitucijos pr.–Antakalnis–Saulėtekis	802	NULL	NULL	NULL	NULL	NULL	NULL	NULL	19	Troleibusai	19	16		853	NULL	NULL	NULL
missed	663065	B>A	Saulėtekis–Antakalnis–Konstitucijos pr.–Pašilaičiai	863	NULL	NULL	NULL	NULL	NULL	NULL	NULL	19	Troleibusai	19	16		913	NULL	NULL	NULL
missed	663065	A>B	Pašilaičiai–Konstitucijos pr.–Antakalnis–Saulėtekis	919	NULL	NULL	NULL	NULL	NULL	NULL	NULL	19	Troleibusai	19	16		970	NULL	NULL	NULL
missed	663065	B>A	Saulėtekis–Antakalnis–Konstitucijos pr.–Pašilaičiai	975	NULL	NULL	NULL	NULL	NULL	NULL	NULL	19	Troleibusai	19	16		1027	NULL	NULL	NULL
missed	663065	A>B	Pašilaičiai–Konstitucijos pr.–Antakalnis–Saulėtekis	1036	NULL	NULL	NULL	NULL	NULL	NULL	NULL	19	Troleibusai	19	16		1089	NULL	NULL	NULL
missed	663065	B>A	Saulėtekis–Antakalnis–Konstitucijos pr.–Pašilaičiai	1097	NULL	NULL	NULL	NULL	NULL	NULL	NULL	19	Troleibusai	19	16		1148	NULL	NULL	NULL
missed	663065	A>B	Pašilaičiai–Konstitucijos pr.–Antakalnis–Saulėtekis	1186	NULL	NULL	NULL	NULL	NULL	NULL	NULL	19	Troleibusai	19	16		1235	NULL	NULL	NULL
missed	663065	B>A	Saulėtekis–Antakalnis–Konstitucijos pr.–Pašilaičiai	1240	NULL	NULL	NULL	NULL	NULL	NULL	NULL	19	Troleibusai	19	16		1289	NULL	NULL	NULL
missed	663065	A>B	Pašilaičiai–Konstitucijos pr.–Antakalnis–Saulėtekis	1302	NULL	NULL	NULL	NULL	NULL	NULL	NULL	19	Troleibusai	19	16		1350	NULL	NULL	NULL
missed	663056	A>B	Pašilaičiai–Konstitucijos pr.–Antakalnis–Saulėtekis	432	NULL	NULL	NULL	NULL	NULL	NULL	NULL	19	Troleibusai	19	17		488	NULL	NULL	NULL
missed	663056	B>A	Saulėtekis–Antakalnis–Konstitucijos pr.–Pašilaičiai	493	NULL	NULL	NULL	NULL	NULL	NULL	NULL	19	Troleibusai	19	17		544	NULL	NULL	NULL
missed	663056	A>B	Pašilaičiai–Konstitucijos pr.–Antakalnis–Saulėtekis	557	NULL	NULL	NULL	NULL	NULL	NULL	NULL	19	Troleibusai	19	17		608	NULL	NULL	NULL
missed	663056	B>A	Saulėtekis–Antakalnis–Konstitucijos pr.–Pašilaičiai	616	NULL	NULL	NULL	NULL	NULL	NULL	NULL	19	Troleibusai	19	17		666	NULL	NULL	NULL
missed	663056	A>B	Pašilaičiai–Konstitucijos pr.–Antakalnis–Saulėtekis	956	NULL	NULL	NULL	NULL	NULL	NULL	NULL	19	Troleibusai	19	17		1009	NULL	NULL	NULL
missed	663056	B>A	Saulėtekis–Antakalnis–Konstitucijos pr.–Pašilaičiai	1015	NULL	NULL	NULL	NULL	NULL	NULL	NULL	19	Troleibusai	19	17		1067	NULL	NULL	NULL
missed	663056	A>B	Pašilaičiai–Konstitucijos pr.–Antakalnis–Saulėtekis	1084	NULL	NULL	NULL	NULL	NULL	NULL	NULL	19	Troleibusai	19	17		1136	NULL	NULL	NULL
missed	663056	B>A	Saulėtekis–Antakalnis–Konstitucijos pr.–Pašilaičiai	1148	NULL	NULL	NULL	NULL	NULL	NULL	NULL	19	Troleibusai	19	17		1197	NULL	NULL	NULL
delay	780475	B>A	Stotis–Žygimantų g.–Saulėtekis	318	317	-2.4000001	Jogailos st.	325.10001	1	Leono Sapiegos st.	337.79999	2	Troleibusai	2	01	3-2600	352	350	0	0
delay	780475	A>B	Saulėtekis–Žygimantų g.–Stotis	362	359	-4.9000001	Kalnų parkas	378.10001	-3.5	Senoji plytinė	359.60001	2	Troleibusai	2	01	3-2600	400	396	1	1
delay	780475	B>A	Stotis–Žygimantų g.–Saulėtekis	401	398	-3.7	Trakų st.	403.5	-0.1	Antakalnis	427.79999	2	Troleibusai	2	01	3-2600	435	435	1	1
delay	780475	A>B	Saulėtekis–Žygimantų g.–Stotis	447	441	-5.5999999	Gedimino technikos universitetas	443.79999	1	Karaliaus Mindaugo tiltas	473.79999	2	Troleibusai	2	01	3-2600	491	491	1	1
delay	780475	B>A	Stotis–Žygimantų g.–Saulėtekis	493	493	-3.5	Šilo tiltas	515.29999	1.1	Jogailos st.	503.39999	2	Troleibusai	2	01	3-2600	531	528	1	0
missed	662901	A>B	Saulėtekis–Žygimantų g.–Stotis	566	NULL	NULL	NULL	NULL	NULL	NULL	NULL	2	Troleibusai	2	01		605	NULL	NULL	NULL
missed	662901	B>A	Stotis–Žygimantų g.–Saulėtekis	606	NULL	NULL	NULL	NULL	NULL	NULL	NULL	2	Troleibusai	2	01		641	NULL	NULL	NULL
missed	662901	A>B	Saulėtekis–Žygimantų g.–Stotis	654	NULL	NULL	NULL	NULL	NULL	NULL	NULL	2	Troleibusai	2	01		693	NULL	NULL	NULL
missed	662901	B>A	Stotis–Žygimantų g.–Saulėtekis	694	NULL	NULL	NULL	NULL	NULL	NULL	NULL	2	Troleibusai	2	01		729	NULL	NULL	NULL
missed	662901	A>B	Saulėtekis–Žygimantų g.–Stotis	742	NULL	NULL	NULL	NULL	NULL	NULL	NULL	2	Troleibusai	2	01		781	NULL	NULL	NULL
missed	662901	B>A	Stotis–Žygimantų g.–Saulėtekis	782	NULL	NULL	NULL	NULL	NULL	NULL	NULL	2	Troleibusai	2	01		817	NULL	NULL	NULL
missed	662901	A>B	Saulėtekis–Žygimantų g.–Stotis	830	NULL	NULL	NULL	NULL	NULL	NULL	NULL	2	Troleibusai	2	01		869	NULL	NULL	NULL
missed	662901	B>A	Stotis–Žygimantų g.–Saulėtekis	870	NULL	NULL	NULL	NULL	NULL	NULL	NULL	2	Troleibusai	2	01		905	NULL	NULL	NULL
missed	662901	A>B	Saulėtekis–Žygimantų g.–Stotis	917	NULL	NULL	NULL	NULL	NULL	NULL	NULL	2	Troleibusai	2	01		956	NULL	NULL	NULL
missed	662901	B>A	Stotis–Žygimantų g.–Saulėtekis	957	NULL	NULL	NULL	NULL	NULL	NULL	NULL	2	Troleibusai	2	01		995	NULL	NULL	NULL
missed	662901	A>B	Saulėtekis–Žygimantų g.–Stotis	1006	NULL	NULL	NULL	NULL	NULL	NULL	NULL	2	Troleibusai	2	01		1047	NULL	NULL	NULL
missed	662901	B>A	Stotis–Žygimantų g.–Saulėtekis	1048	NULL	NULL	NULL	NULL	NULL	NULL	NULL	2	Troleibusai	2	01		1089	NULL	NULL	NULL
missed	662901	A>B	Saulėtekis–Žygimantų g.–Stotis	1132	NULL	NULL	NULL	NULL	NULL	NULL	NULL	2	Troleibusai	2	01		1170	NULL	NULL	NULL
missed	662901	B>A	Stotis–Žygimantų g.–Saulėtekis	1171	NULL	NULL	NULL	NULL	NULL	NULL	NULL	2	Troleibusai	2	01		1206	NULL	NULL	NULL
missed	662901	A>B	Saulėtekis–Žygimantų g.–Stotis	1215	NULL	NULL	NULL	NULL	NULL	NULL	NULL	2	Troleibusai	2	01		1253	NULL	NULL	NULL
missed	662901	B>A	Stotis–Žygimantų g.–Saulėtekis	1254	NULL	NULL	NULL	NULL	NULL	NULL	NULL	2	Troleibusai	2	01		1288	NULL	NULL	NULL
missed	662901	A>B	Saulėtekis–Žygimantų g.–Stotis	1297	NULL	NULL	NULL	NULL	NULL	NULL	NULL	2	Troleibusai	2	01		1335	NULL	NULL	NULL
missed	662901	B>A	Stotis–Žygimantų g.–Saulėtekis	1336	NULL	NULL	NULL	NULL	NULL	NULL	NULL	2	Troleibusai	2	01		1370	NULL	NULL	NULL
delay	780592	A>B	Saulėtekis–Žygimantų g.–Stotis	388	390	1.4	Kalnų parkas	410.39999	2	Saulėtekis	394.89999	2	Troleibusai	2	02Ž	3-2259	426	427	0	0
delay	780592	B>A	Stotis–Žygimantų g.–Saulėtekis	428	430	0.60000002	Kalnų parkas	446.89999	1.5	Jogailos st.	438.89999	2	Troleibusai	2	02Ž	3-2259	465	466	0	0
delay	780592	A>B	Saulėtekis–Žygimantų g.–Stotis	476	482	6.0999999	Gedimino technikos universitetas	484.60001	13.9	Karaliaus Mindaugo tiltas	515.70001	2	Troleibusai	2	02Ž	3-2259	520	532	1	1
delay	780592	B>A	Stotis–Žygimantų g.–Saulėtekis	522	533	7.8000002	Gedimino technikos universitetas	565	11	Rūdninkų st.	536.40002	2	Troleibusai	2	02Ž	3-2259	559	567	1	1
missed	662896	A>B	Saulėtekis–Žygimantų g.–Stotis	572	NULL	NULL	NULL	NULL	NULL	NULL	NULL	2	Troleibusai	2	02Ž		611	NULL	NULL	NULL
missed	662896	B>A	Stotis–Žygimantų g.–Saulėtekis	612	NULL	NULL	NULL	NULL	NULL	NULL	NULL	2	Troleibusai	2	02Ž		647	NULL	NULL	NULL
missed	662896	A>B	Saulėtekis–Žygimantų g.–Stotis	691	NULL	NULL	NULL	NULL	NULL	NULL	NULL	2	Troleibusai	2	02Ž		730	NULL	NULL	NULL
missed	662896	B>A	Stotis–Žygimantų g.–Saulėtekis	731	NULL	NULL	NULL	NULL	NULL	NULL	NULL	2	Troleibusai	2	02Ž		766	NULL	NULL	NULL
missed	662896	A>B	Saulėtekis–Žygimantų g.–Stotis	779	NULL	NULL	NULL	NULL	NULL	NULL	NULL	2	Troleibusai	2	02Ž		818	NULL	NULL	NULL
missed	662896	B>A	Stotis–Žygimantų g.–Saulėtekis	819	NULL	NULL	NULL	NULL	NULL	NULL	NULL	2	Troleibusai	2	02Ž		854	NULL	NULL	NULL
missed	662896	A>B	Saulėtekis–Žygimantų g.–Stotis	866	NULL	NULL	NULL	NULL	NULL	NULL	NULL	2	Troleibusai	2	02Ž		905	NULL	NULL	NULL
missed	662896	B>A	Stotis–Žygimantų g.–Saulėtekis	906	NULL	NULL	NULL	NULL	NULL	NULL	NULL	2	Troleibusai	2	02Ž		941	NULL	NULL	NULL
missed	662896	A>B	Saulėtekis–Žygimantų g.–Stotis	955	NULL	NULL	NULL	NULL	NULL	NULL	NULL	2	Troleibusai	2	02Ž		996	NULL	NULL	NULL
missed	662896	B>A	Stotis–Žygimantų g.–Saulėtekis	997	NULL	NULL	NULL	NULL	NULL	NULL	NULL	2	Troleibusai	2	02Ž		1036	NULL	NULL	NULL
missed	662896	A>B	Saulėtekis–Žygimantų g.–Stotis	1049	NULL	NULL	NULL	NULL	NULL	NULL	NULL	2	Troleibusai	2	02Ž		1090	NULL	NULL	NULL
missed	662896	B>A	Stotis–Žygimantų g.–Saulėtekis	1091	NULL	NULL	NULL	NULL	NULL	NULL	NULL	2	Troleibusai	2	02Ž		1131	NULL	NULL	NULL
missed	662896	A>B	Saulėtekis–Žygimantų g.–Stotis	1146	NULL	NULL	NULL	NULL	NULL	NULL	NULL	2	Troleibusai	2	02Ž		1184	NULL	NULL	NULL
missed	662896	B>A	Stotis–Žygimantų g.–Saulėtekis	1185	NULL	NULL	NULL	NULL	NULL	NULL	NULL	2	Troleibusai	2	02Ž		1220	NULL	NULL	NULL
missed	662896	A>B	Saulėtekis–Žygimantų g.–Stotis	1260	NULL	NULL	NULL	NULL	NULL	NULL	NULL	2	Troleibusai	2	02Ž		1298	NULL	NULL	NULL
missed	662896	B>A	Stotis–Žygimantų g.–Saulėtekis	1299	NULL	NULL	NULL	NULL	NULL	NULL	NULL	2	Troleibusai	2	02Ž		1333	NULL	NULL	NULL
missed	662896	A>B	Saulėtekis–Žygimantų g.–Stotis	1344	NULL	NULL	NULL	NULL	NULL	NULL	NULL	2	Troleibusai	2	02Ž		1382	NULL	NULL	NULL
missed	662896	B>A	Stotis–Žygimantų g.–Saulėtekis	1383	NULL	NULL	NULL	NULL	NULL	NULL	NULL	2	Troleibusai	2	02Ž		1417	NULL	NULL	NULL
delay	780481	B>A	Stotis–Žygimantų g.–Saulėtekis	338	335	-4.3000002	Trakų st.	339.89999	-1.5	Šilo tiltas	357.89999	2	Troleibusai	2	03	3-238	372	368	1	1
delay	780481	A>B	Saulėtekis–Žygimantų g.–Stotis	383	376	-8.6000004	Centro poliklinika	404.39999	-7	Senoji plytinė	377	2	Troleibusai	2	03	3-238	421	413	1	1
delay	780481	B>A	Stotis–Žygimantų g.–Saulėtekis	423	416	-8.6000004	Kalnų parkas	432.70001	-6.6999998	Antakalnis	446.29999	2	Troleibusai	2	03	3-238	460	452	1	1
delay	780481	A>B	Saulėtekis–Žygimantų g.–Stotis	472	465	-7.4000001	Senoji plytinė	465.79999	7.3000002	Karaliaus Mindaugo tiltas	505.10001	2	Troleibusai	2	03	3-238	516	519	1	1
delay	780481	B>A	Stotis–Žygimantų g.–Saulėtekis	518	521	1.7	Petro Vileišio st.	544.5	4.9000001	Jogailos st.	532.29999	2	Troleibusai	2	03	3-238	556	558	1	1
missed	662906	A>B	Saulėtekis–Žygimantų g.–Stotis	595	NULL	NULL	NULL	NULL	NULL	NULL	NULL	2	Troleibusai	2	03		634	NULL	NULL	NULL
missed	662906	B>A	Stotis–Žygimantų g.–Saulėtekis	635	NULL	NULL	NULL	NULL	NULL	NULL	NULL	2	Troleibusai	2	03		670	NULL	NULL	NULL
missed	662906	A>B	Saulėtekis–Žygimantų g.–Stotis	680	NULL	NULL	NULL	NULL	NULL	NULL	NULL	2	Troleibusai	2	03		719	NULL	NULL	NULL
missed	662906	B>A	Stotis–Žygimantų g.–Saulėtekis	720	NULL	NULL	NULL	NULL	NULL	NULL	NULL	2	Troleibusai	2	03		755	NULL	NULL	NULL
missed	662906	A>B	Saulėtekis–Žygimantų g.–Stotis	766	NULL	NULL	NULL	NULL	NULL	NULL	NULL	2	Troleibusai	2	03		805	NULL	NULL	NULL
missed	662906	B>A	Stotis–Žygimantų g.–Saulėtekis	806	NULL	NULL	NULL	NULL	NULL	NULL	NULL	2	Troleibusai	2	03		841	NULL	NULL	NULL
missed	662906	A>B	Saulėtekis–Žygimantų g.–Stotis	855	NULL	NULL	NULL	NULL	NULL	NULL	NULL	2	Troleibusai	2	03		894	NULL	NULL	NULL
missed	662906	B>A	Stotis–Žygimantų g.–Saulėtekis	895	NULL	NULL	NULL	NULL	NULL	NULL	NULL	2	Troleibusai	2	03		930	NULL	NULL	NULL
missed	662906	A>B	Saulėtekis–Žygimantų g.–Stotis	940	NULL	NULL	NULL	NULL	NULL	NULL	NULL	2	Troleibusai	2	03		980	NULL	NULL	NULL
missed	662906	B>A	Stotis–Žygimantų g.–Saulėtekis	981	NULL	NULL	NULL	NULL	NULL	NULL	NULL	2	Troleibusai	2	03		1020	NULL	NULL	NULL
missed	662906	A>B	Saulėtekis–Žygimantų g.–Stotis	1030	NULL	NULL	NULL	NULL	NULL	NULL	NULL	2	Troleibusai	2	03		1071	NULL	NULL	NULL
missed	662906	B>A	Stotis–Žygimantų g.–Saulėtekis	1072	NULL	NULL	NULL	NULL	NULL	NULL	NULL	2	Troleibusai	2	03		1113	NULL	NULL	NULL
missed	662906	A>B	Saulėtekis–Žygimantų g.–Stotis	1155	NULL	NULL	NULL	NULL	NULL	NULL	NULL	2	Troleibusai	2	03		1193	NULL	NULL	NULL
missed	662906	B>A	Stotis–Žygimantų g.–Saulėtekis	1194	NULL	NULL	NULL	NULL	NULL	NULL	NULL	2	Troleibusai	2	03		1228	NULL	NULL	NULL
missed	662906	A>B	Saulėtekis–Žygimantų g.–Stotis	1241	NULL	NULL	NULL	NULL	NULL	NULL	NULL	2	Troleibusai	2	03		1279	NULL	NULL	NULL
missed	662906	B>A	Stotis–Žygimantų g.–Saulėtekis	1280	NULL	NULL	NULL	NULL	NULL	NULL	NULL	2	Troleibusai	2	03		1314	NULL	NULL	NULL
delay	780479	A>B	Saulėtekis–Žygimantų g.–Stotis	393	318	1440	NULL	0	-1440	NULL	0	2	Troleibusai	2	04	3-3161	431	355	0	1
delay	780479	A>B	Saulėtekis–Žygimantų g.–Stotis	393	400	6.5999999	Vilniaus universitetas	402.60001	9.3000002	Šv. Petro ir Povilo bažnyčia	421.20001	2	Troleibusai	2	04	3-3161	431	440	1	1
delay	780479	B>A	Stotis–Žygimantų g.–Saulėtekis	433	441	7.4000001	Karaliaus Mindaugo tiltas	457.39999	12	Saulėtekis	477.89999	2	Troleibusai	2	04	3-3161	470	482	1	1
delay	780479	B>A	Stotis–Žygimantų g.–Saulėtekis	433	357	1440	NULL	0	-1440	NULL	0	2	Troleibusai	2	04	3-3161	470	391	0	1
delay	780479	A>B	Saulėtekis–Žygimantų g.–Stotis	482	492	10.4	Senoji plytinė	493.5	16.200001	Gėlių st.	537.79999	2	Troleibusai	2	04	3-3161	525	541	1	1
delay	780479	B>A	Stotis–Žygimantų g.–Saulėtekis	526	542	12.5	Gedimino technikos universitetas	572.70001	15.1	Stotis	541	2	Troleibusai	2	04	3-3161	562	574	1	1
missed	662897	A>B	Saulėtekis–Žygimantų g.–Stotis	581	NULL	NULL	NULL	NULL	NULL	NULL	NULL	2	Troleibusai	2	04		620	NULL	NULL	NULL
missed	662897	B>A	Stotis–Žygimantų g.–Saulėtekis	621	NULL	NULL	NULL	NULL	NULL	NULL	NULL	2	Troleibusai	2	04		656	NULL	NULL	NULL
missed	662897	A>B	Saulėtekis–Žygimantų g.–Stotis	700	NULL	NULL	NULL	NULL	NULL	NULL	NULL	2	Troleibusai	2	04		739	NULL	NULL	NULL
missed	662897	B>A	Stotis–Žygimantų g.–Saulėtekis	740	NULL	NULL	NULL	NULL	NULL	NULL	NULL	2	Troleibusai	2	04		775	NULL	NULL	NULL
missed	662897	A>B	Saulėtekis–Žygimantų g.–Stotis	787	NULL	NULL	NULL	NULL	NULL	NULL	NULL	2	Troleibusai	2	04		826	NULL	NULL	NULL
missed	662897	B>A	Stotis–Žygimantų g.–Saulėtekis	827	NULL	NULL	NULL	NULL	NULL	NULL	NULL	2	Troleibusai	2	04		862	NULL	NULL	NULL
missed	662897	A>B	Saulėtekis–Žygimantų g.–Stotis	873	NULL	NULL	NULL	NULL	NULL	NULL	NULL	2	Troleibusai	2	04		912	NULL	NULL	NULL
missed	662897	B>A	Stotis–Žygimantų g.–Saulėtekis	913	NULL	NULL	NULL	NULL	NULL	NULL	NULL	2	Troleibusai	2	04		948	NULL	NULL	NULL
missed	662897	A>B	Saulėtekis–Žygimantų g.–Stotis	961	NULL	NULL	NULL	NULL	NULL	NULL	NULL	2	Troleibusai	2	04		1002	NULL	NULL	NULL
missed	662897	B>A	Stotis–Žygimantų g.–Saulėtekis	1003	NULL	NULL	NULL	NULL	NULL	NULL	NULL	2	Troleibusai	2	04		1043	NULL	NULL	NULL
missed	662897	A>B	Saulėtekis–Žygimantų g.–Stotis	1058	NULL	NULL	NULL	NULL	NULL	NULL	NULL	2	Troleibusai	2	04		1099	NULL	NULL	NULL
missed	662897	B>A	Stotis–Žygimantų g.–Saulėtekis	1100	NULL	NULL	NULL	NULL	NULL	NULL	NULL	2	Troleibusai	2	04		1140	NULL	NULL	NULL
missed	662897	A>B	Saulėtekis–Žygimantų g.–Stotis	1178	NULL	NULL	NULL	NULL	NULL	NULL	NULL	2	Troleibusai	2	04		1216	NULL	NULL	NULL
missed	662897	B>A	Stotis–Žygimantų g.–Saulėtekis	1217	NULL	NULL	NULL	NULL	NULL	NULL	NULL	2	Troleibusai	2	04		1251	NULL	NULL	NULL
missed	662897	A>B	Saulėtekis–Žygimantų g.–Stotis	1266	NULL	NULL	NULL	NULL	NULL	NULL	NULL	2	Troleibusai	2	04		1304	NULL	NULL	NULL
missed	662897	B>A	Stotis–Žygimantų g.–Saulėtekis	1305	NULL	NULL	NULL	NULL	NULL	NULL	NULL	2	Troleibusai	2	04		1339	NULL	NULL	NULL
missed	662899	A>B	Saulėtekis–Žygimantų g.–Stotis	317	NULL	NULL	NULL	NULL	NULL	NULL	NULL	2	Troleibusai	2	05		355	NULL	NULL	NULL
missed	662899	B>A	Stotis–Žygimantų g.–Saulėtekis	356	NULL	NULL	NULL	NULL	NULL	NULL	NULL	2	Troleibusai	2	05		390	NULL	NULL	NULL
delay	780599	A>B	Saulėtekis–Žygimantų g.–Stotis	397	394	-3.0999999	Nemenčinės plentas	400.39999	-0.89999998	Karaliaus Mindaugo tiltas	419	2	Troleibusai	2	05	3-786	437	434	1	0
delay	780599	B>A	Stotis–Žygimantų g.–Saulėtekis	439	434	-4.8000002	Karaliaus Mindaugo tiltas	451.29999	-2.2	Nemenčinės plentas	467.79999	2	Troleibusai	2	05	3-786	476	473	1	1
delay	780599	A>B	Saulėtekis–Žygimantų g.–Stotis	489	487	-2.8	Nemenčinės plentas	493.10001	6.1999998	Karaliaus Mindaugo tiltas	521	2	Troleibusai	2	05	3-786	531	537	1	1
delay	780599	B>A	Stotis–Žygimantų g.–Saulėtekis	532	538	6.0999999	Stotis	538.20001	8.5	Šilo tiltas	563.29999	2	Troleibusai	2	05	3-786	567	574	1	1
missed	662899	A>B	Saulėtekis–Žygimantų g.–Stotis	603	NULL	NULL	NULL	NULL	NULL	NULL	NULL	2	Troleibusai	2	05		642	NULL	NULL	NULL
missed	662899	B>A	Stotis–Žygimantų g.–Saulėtekis	643	NULL	NULL	NULL	NULL	NULL	NULL	NULL	2	Troleibusai	2	05		678	NULL	NULL	NULL
missed	662899	A>B	Saulėtekis–Žygimantų g.–Stotis	686	NULL	NULL	NULL	NULL	NULL	NULL	NULL	2	Troleibusai	2	05		725	NULL	NULL	NULL
missed	662899	B>A	Stotis–Žygimantų g.–Saulėtekis	726	NULL	NULL	NULL	NULL	NULL	NULL	NULL	2	Troleibusai	2	05		761	NULL	NULL	NULL
missed	662899	A>B	Saulėtekis–Žygimantų g.–Stotis	772	NULL	NULL	NULL	NULL	NULL	NULL	NULL	2	Troleibusai	2	05		811	NULL	NULL	NULL
missed	662899	B>A	Stotis–Žygimantų g.–Saulėtekis	812	NULL	NULL	NULL	NULL	NULL	NULL	NULL	2	Troleibusai	2	05		847	NULL	NULL	NULL
missed	662899	A>B	Saulėtekis–Žygimantų g.–Stotis	860	NULL	NULL	NULL	NULL	NULL	NULL	NULL	2	Troleibusai	2	05		899	NULL	NULL	NULL
missed	662899	B>A	Stotis–Žygimantų g.–Saulėtekis	900	NULL	NULL	NULL	NULL	NULL	NULL	NULL	2	Troleibusai	2	05		935	NULL	NULL	NULL
missed	662899	A>B	Saulėtekis–Žygimantų g.–Stotis	950	NULL	NULL	NULL	NULL	NULL	NULL	NULL	2	Troleibusai	2	05		991	NULL	NULL	NULL
missed	662899	B>A	Stotis–Žygimantų g.–Saulėtekis	992	NULL	NULL	NULL	NULL	NULL	NULL	NULL	2	Troleibusai	2	05		1031	NULL	NULL	NULL
missed	662899	A>B	Saulėtekis–Žygimantų g.–Stotis	1042	NULL	NULL	NULL	NULL	NULL	NULL	NULL	2	Troleibusai	2	05		1083	NULL	NULL	NULL
missed	662899	B>A	Stotis–Žygimantų g.–Saulėtekis	1084	NULL	NULL	NULL	NULL	NULL	NULL	NULL	2	Troleibusai	2	05		1124	NULL	NULL	NULL
missed	662899	A>B	Saulėtekis–Žygimantų g.–Stotis	1163	NULL	NULL	NULL	NULL	NULL	NULL	NULL	2	Troleibusai	2	05		1201	NULL	NULL	NULL
missed	662899	B>A	Stotis–Žygimantų g.–Saulėtekis	1202	NULL	NULL	NULL	NULL	NULL	NULL	NULL	2	Troleibusai	2	05		1236	NULL	NULL	NULL
missed	662899	A>B	Saulėtekis–Žygimantų g.–Stotis	1247	NULL	NULL	NULL	NULL	NULL	NULL	NULL	2	Troleibusai	2	05		1285	NULL	NULL	NULL
missed	662899	B>A	Stotis–Žygimantų g.–Saulėtekis	1286	NULL	NULL	NULL	NULL	NULL	NULL	NULL	2	Troleibusai	2	05		1320	NULL	NULL	NULL
missed	662899	A>B	Saulėtekis–Žygimantų g.–Stotis	1333	NULL	NULL	NULL	NULL	NULL	NULL	NULL	2	Troleibusai	2	05		1371	NULL	NULL	NULL
missed	662899	B>A	Stotis–Žygimantų g.–Saulėtekis	1372	NULL	NULL	NULL	NULL	NULL	NULL	NULL	2	Troleibusai	2	05		1406	NULL	NULL	NULL
delay	780507	A>B	Saulėtekis–Žygimantų g.–Stotis	403	325	1440	NULL	0	-1440	NULL	0	2	Troleibusai	2	06	3-2845	444	363	0	1
delay	780507	A>B	Saulėtekis–Žygimantų g.–Stotis	403	406	0.69999999	Klinikų st.	415.70001	2.4000001	Senoji plytinė	406.5	2	Troleibusai	2	06	3-2845	444	445	0	0
delay	780507	B>A	Stotis–Žygimantų g.–Saulėtekis	446	449	2.3	Karaliaus Mindaugo tiltas	465.29999	14.1	Nemenčinės plentas	491.10001	2	Troleibusai	2	06	3-2845	483	496	1	1
delay	780507	B>A	Stotis–Žygimantų g.–Saulėtekis	446	364	1440	NULL	0	-1440	NULL	0	2	Troleibusai	2	06	3-2845	483	398	0	1
delay	780507	A>B	Saulėtekis–Žygimantų g.–Stotis	494	500	2.4000001	Leono Sapiegos st.	515	6.5	Gėlių st.	539.5	2	Troleibusai	2	06	3-2845	536	543	1	1
delay	780507	B>A	Stotis–Žygimantų g.–Saulėtekis	537	544	6.6999998	Vinco Kudirkos aikštė	554.70001	7.6999998	Karaliaus Mindaugo tiltas	559.70001	2	Troleibusai	2	06	3-2845	572	579	1	1
missed	662904	A>B	Saulėtekis–Žygimantų g.–Stotis	588	NULL	NULL	NULL	NULL	NULL	NULL	NULL	2	Troleibusai	2	06		627	NULL	NULL	NULL
missed	662904	B>A	Stotis–Žygimantų g.–Saulėtekis	628	NULL	NULL	NULL	NULL	NULL	NULL	NULL	2	Troleibusai	2	06		663	NULL	NULL	NULL
missed	662904	A>B	Saulėtekis–Žygimantų g.–Stotis	704	NULL	NULL	NULL	NULL	NULL	NULL	NULL	2	Troleibusai	2	06		743	NULL	NULL	NULL
missed	662904	B>A	Stotis–Žygimantų g.–Saulėtekis	744	NULL	NULL	NULL	NULL	NULL	NULL	NULL	2	Troleibusai	2	06		779	NULL	NULL	NULL
missed	662904	A>B	Saulėtekis–Žygimantų g.–Stotis	791	NULL	NULL	NULL	NULL	NULL	NULL	NULL	2	Troleibusai	2	06		830	NULL	NULL	NULL
missed	662904	B>A	Stotis–Žygimantų g.–Saulėtekis	831	NULL	NULL	NULL	NULL	NULL	NULL	NULL	2	Troleibusai	2	06		866	NULL	NULL	NULL
missed	662904	A>B	Saulėtekis–Žygimantų g.–Stotis	878	NULL	NULL	NULL	NULL	NULL	NULL	NULL	2	Troleibusai	2	06		917	NULL	NULL	NULL
missed	662904	B>A	Stotis–Žygimantų g.–Saulėtekis	918	NULL	NULL	NULL	NULL	NULL	NULL	NULL	2	Troleibusai	2	06		953	NULL	NULL	NULL
missed	662904	A>B	Saulėtekis–Žygimantų g.–Stotis	966	NULL	NULL	NULL	NULL	NULL	NULL	NULL	2	Troleibusai	2	06		1007	NULL	NULL	NULL
missed	662904	B>A	Stotis–Žygimantų g.–Saulėtekis	1008	NULL	NULL	NULL	NULL	NULL	NULL	NULL	2	Troleibusai	2	06		1048	NULL	NULL	NULL
missed	662904	A>B	Saulėtekis–Žygimantų g.–Stotis	1065	NULL	NULL	NULL	NULL	NULL	NULL	NULL	2	Troleibusai	2	06		1106	NULL	NULL	NULL
missed	662904	B>A	Stotis–Žygimantų g.–Saulėtekis	1107	NULL	NULL	NULL	NULL	NULL	NULL	NULL	2	Troleibusai	2	06		1147	NULL	NULL	NULL
missed	662904	A>B	Saulėtekis–Žygimantų g.–Stotis	1189	NULL	NULL	NULL	NULL	NULL	NULL	NULL	2	Troleibusai	2	06		1227	NULL	NULL	NULL
missed	662904	B>A	Stotis–Žygimantų g.–Saulėtekis	1228	NULL	NULL	NULL	NULL	NULL	NULL	NULL	2	Troleibusai	2	06		1262	NULL	NULL	NULL
missed	662904	A>B	Saulėtekis–Žygimantų g.–Stotis	1273	NULL	NULL	NULL	NULL	NULL	NULL	NULL	2	Troleibusai	2	06		1311	NULL	NULL	NULL
missed	662904	B>A	Stotis–Žygimantų g.–Saulėtekis	1312	NULL	NULL	NULL	NULL	NULL	NULL	NULL	2	Troleibusai	2	06		1346	NULL	NULL	NULL
missed	662904	A>B	Saulėtekis–Žygimantų g.–Stotis	1353	NULL	NULL	NULL	NULL	NULL	NULL	NULL	2	Troleibusai	2	06		1391	NULL	NULL	NULL
missed	662904	B>A	Stotis–Žygimantų g.–Saulėtekis	1392	NULL	NULL	NULL	NULL	NULL	NULL	NULL	2	Troleibusai	2	06		1426	NULL	NULL	NULL
missed	662900	A>B	Saulėtekis–Žygimantų g.–Stotis	326	NULL	NULL	NULL	NULL	NULL	NULL	NULL	2	Troleibusai	2	07		364	NULL	NULL	NULL
missed	662900	B>A	Stotis–Žygimantų g.–Saulėtekis	365	NULL	NULL	NULL	NULL	NULL	NULL	NULL	2	Troleibusai	2	07		399	NULL	NULL	NULL
delay	780619	A>B	Saulėtekis–Žygimantų g.–Stotis	408	414	2.5	Vinco Kudirkos aikštė	441.39999	7	Klinikų st.	426.89999	2	Troleibusai	2	07	3-10589	450	453	1	1
delay	780619	B>A	Stotis–Žygimantų g.–Saulėtekis	452	456	3	Šv. Petro ir Povilo bažnyčia	475.20001	10.3	Saulėtekis	495.20001	2	Troleibusai	2	07	3-10589	489	499	1	1
delay	780619	A>B	Saulėtekis–Žygimantų g.–Stotis	500	507	4.4000001	Vinco Kudirkos aikštė	535.90002	6.8000002	Šv. Petro ir Povilo bažnyčia	528	2	Troleibusai	2	07	3-10589	542	548	1	1
delay	780619	B>A	Stotis–Žygimantų g.–Saulėtekis	543	551	7.9000001	Trakų st.	557.20001	9.6999998	Antakalnis	580.59998	2	Troleibusai	2	07	3-10589	578	587	1	1
missed	662900	A>B	Saulėtekis–Žygimantų g.–Stotis	614	NULL	NULL	NULL	NULL	NULL	NULL	NULL	2	Troleibusai	2	07		653	NULL	NULL	NULL
missed	662900	B>A	Stotis–Žygimantų g.–Saulėtekis	654	NULL	NULL	NULL	NULL	NULL	NULL	NULL	2	Troleibusai	2	07		689	NULL	NULL	NULL
missed	662900	A>B	Saulėtekis–Žygimantų g.–Stotis	710	NULL	NULL	NULL	NULL	NULL	NULL	NULL	2	Troleibusai	2	07		749	NULL	NULL	NULL
missed	662900	B>A	Stotis–Žygimantų g.–Saulėtekis	750	NULL	NULL	NULL	NULL	NULL	NULL	NULL	2	Troleibusai	2	07		785	NULL	NULL	NULL
missed	662900	A>B	Saulėtekis–Žygimantų g.–Stotis	797	NULL	NULL	NULL	NULL	NULL	NULL	NULL	2	Troleibusai	2	07		836	NULL	NULL	NULL
missed	662900	B>A	Stotis–Žygimantų g.–Saulėtekis	837	NULL	NULL	NULL	NULL	NULL	NULL	NULL	2	Troleibusai	2	07		872	NULL	NULL	NULL
missed	662900	A>B	Saulėtekis–Žygimantų g.–Stotis	883	NULL	NULL	NULL	NULL	NULL	NULL	NULL	2	Troleibusai	2	07		922	NULL	NULL	NULL
missed	662900	B>A	Stotis–Žygimantų g.–Saulėtekis	923	NULL	NULL	NULL	NULL	NULL	NULL	NULL	2	Troleibusai	2	07		958	NULL	NULL	NULL
missed	662900	A>B	Saulėtekis–Žygimantų g.–Stotis	971	NULL	NULL	NULL	NULL	NULL	NULL	NULL	2	Troleibusai	2	07		1012	NULL	NULL	NULL
missed	662900	B>A	Stotis–Žygimantų g.–Saulėtekis	1013	NULL	NULL	NULL	NULL	NULL	NULL	NULL	2	Troleibusai	2	07		1053	NULL	NULL	NULL
missed	662900	A>B	Saulėtekis–Žygimantų g.–Stotis	1088	NULL	NULL	NULL	NULL	NULL	NULL	NULL	2	Troleibusai	2	07		1129	NULL	NULL	NULL
missed	662900	B>A	Stotis–Žygimantų g.–Saulėtekis	1130	NULL	NULL	NULL	NULL	NULL	NULL	NULL	2	Troleibusai	2	07		1166	NULL	NULL	NULL
missed	662900	A>B	Saulėtekis–Žygimantų g.–Stotis	1171	NULL	NULL	NULL	NULL	NULL	NULL	NULL	2	Troleibusai	2	07		1209	NULL	NULL	NULL
missed	662900	B>A	Stotis–Žygimantų g.–Saulėtekis	1210	NULL	NULL	NULL	NULL	NULL	NULL	NULL	2	Troleibusai	2	07		1244	NULL	NULL	NULL
missed	662900	A>B	Saulėtekis–Žygimantų g.–Stotis	1254	NULL	NULL	NULL	NULL	NULL	NULL	NULL	2	Troleibusai	2	07		1292	NULL	NULL	NULL
missed	662900	B>A	Stotis–Žygimantų g.–Saulėtekis	1293	NULL	NULL	NULL	NULL	NULL	NULL	NULL	2	Troleibusai	2	07		1327	NULL	NULL	NULL
delay	780549	A>B	Saulėtekis–Žygimantų g.–Stotis	335	334	-2.4000001	Trakų st.	364.70001	-1	Senoji plytinė	335.10001	2	Troleibusai	2	08	3-2732	373	370	0	0
delay	780549	B>A	Stotis–Žygimantų g.–Saulėtekis	374	372	-2.3	Rūdninkų st.	375.29999	-0.30000001	Kalnų parkas	389	2	Troleibusai	2	08	3-2732	408	405	0	0
delay	780549	A>B	Saulėtekis–Žygimantų g.–Stotis	419	417	-3.4000001	Saulėtekis	420.79999	-0.40000001	Vinco Kudirkos aikštė	449.79999	2	Troleibusai	2	08	3-2732	461	460	1	0
delay	780549	B>A	Stotis–Žygimantų g.–Saulėtekis	463	461	-2.5999999	Kalnų parkas	478.70001	2.5	Saulėtekis	499.39999	2	Troleibusai	2	08	3-2732	501	503	0	0
delay	780549	A>B	Saulėtekis–Žygimantų g.–Stotis	512	513	-0.30000001	Nemenčinės plentas	518.59998	3.5999999	Šv. Petro ir Povilo bažnyčia	536.79999	2	Troleibusai	2	08	3-2732	554	556	1	0
delay	780549	B>A	Stotis–Žygimantų g.–Saulėtekis	555	556	0.69999999	Vinco Kudirkos aikštė	566.79999	2.9000001	Šilo tiltas	580.70001	2	Troleibusai	2	08	3-2732	590	592	0	0
missed	662903	A>B	Saulėtekis–Žygimantų g.–Stotis	624	NULL	NULL	NULL	NULL	NULL	NULL	NULL	2	Troleibusai	2	08		663	NULL	NULL	NULL
missed	662903	B>A	Stotis–Žygimantų g.–Saulėtekis	664	NULL	NULL	NULL	NULL	NULL	NULL	NULL	2	Troleibusai	2	08		699	NULL	NULL	NULL
missed	662903	A>B	Saulėtekis–Žygimantų g.–Stotis	716	NULL	NULL	NULL	NULL	NULL	NULL	NULL	2	Troleibusai	2	08		755	NULL	NULL	NULL
missed	662903	B>A	Stotis–Žygimantų g.–Saulėtekis	756	NULL	NULL	NULL	NULL	NULL	NULL	NULL	2	Troleibusai	2	08		791	NULL	NULL	NULL
missed	662903	A>B	Saulėtekis–Žygimantų g.–Stotis	802	NULL	NULL	NULL	NULL	NULL	NULL	NULL	2	Troleibusai	2	08		841	NULL	NULL	NULL
missed	662903	B>A	Stotis–Žygimantų g.–Saulėtekis	842	NULL	NULL	NULL	NULL	NULL	NULL	NULL	2	Troleibusai	2	08		877	NULL	NULL	NULL
missed	662903	A>B	Saulėtekis–Žygimantų g.–Stotis	889	NULL	NULL	NULL	NULL	NULL	NULL	NULL	2	Troleibusai	2	08		928	NULL	NULL	NULL
missed	662903	B>A	Stotis–Žygimantų g.–Saulėtekis	929	NULL	NULL	NULL	NULL	NULL	NULL	NULL	2	Troleibusai	2	08		964	NULL	NULL	NULL
missed	662903	A>B	Saulėtekis–Žygimantų g.–Stotis	976	NULL	NULL	NULL	NULL	NULL	NULL	NULL	2	Troleibusai	2	08		1017	NULL	NULL	NULL
missed	662903	B>A	Stotis–Žygimantų g.–Saulėtekis	1018	NULL	NULL	NULL	NULL	NULL	NULL	NULL	2	Troleibusai	2	08		1058	NULL	NULL	NULL
missed	662903	A>B	Saulėtekis–Žygimantų g.–Stotis	1099	NULL	NULL	NULL	NULL	NULL	NULL	NULL	2	Troleibusai	2	08		1140	NULL	NULL	NULL
missed	662903	B>A	Stotis–Žygimantų g.–Saulėtekis	1141	NULL	NULL	NULL	NULL	NULL	NULL	NULL	2	Troleibusai	2	08		1176	NULL	NULL	NULL
missed	662903	A>B	Saulėtekis–Žygimantų g.–Stotis	1184	NULL	NULL	NULL	NULL	NULL	NULL	NULL	2	Troleibusai	2	08		1222	NULL	NULL	NULL
missed	662903	B>A	Stotis–Žygimantų g.–Saulėtekis	1223	NULL	NULL	NULL	NULL	NULL	NULL	NULL	2	Troleibusai	2	08		1257	NULL	NULL	NULL
delay	780633	A>B	Saulėtekis–Žygimantų g.–Stotis	413	431	18	Vilniaus universitetas	434	24	Gėlių st.	475.70001	2	Troleibusai	2	09	3-2583	455	479	1	1
delay	780633	B>A	Stotis–Žygimantų g.–Saulėtekis	457	480	22.6	Šv. Petro ir Povilo bažnyčia	499.79999	24.6	Jogailos st.	491	2	Troleibusai	2	09	3-2583	494	517	1	1
delay	780633	A>B	Saulėtekis–Žygimantų g.–Stotis	505	528	21.9	Klinikų st.	539.20001	25.200001	Šv. Petro ir Povilo bažnyčia	551.5	2	Troleibusai	2	09	3-2583	547	570	1	1
delay	780633	B>A	Stotis–Žygimantų g.–Saulėtekis	548	572	23.700001	Stotis	571.79999	26	Šilo tiltas	596.79999	2	Troleibusai	2	09	3-2583	583	602	1	1
missed	662908	A>B	Saulėtekis–Žygimantų g.–Stotis	902	NULL	NULL	NULL	NULL	NULL	NULL	NULL	2	Troleibusai	2	09		941	NULL	NULL	NULL
missed	662908	B>A	Stotis–Žygimantų g.–Saulėtekis	942	NULL	NULL	NULL	NULL	NULL	NULL	NULL	2	Troleibusai	2	09		977	NULL	NULL	NULL
missed	662908	A>B	Saulėtekis–Žygimantų g.–Stotis	988	NULL	NULL	NULL	NULL	NULL	NULL	NULL	2	Troleibusai	2	09		1029	NULL	NULL	NULL
missed	662908	B>A	Stotis–Žygimantų g.–Saulėtekis	1030	NULL	NULL	NULL	NULL	NULL	NULL	NULL	2	Troleibusai	2	09		1071	NULL	NULL	NULL
missed	662908	A>B	Saulėtekis–Žygimantų g.–Stotis	1080	NULL	NULL	NULL	NULL	NULL	NULL	NULL	2	Troleibusai	2	09		1121	NULL	NULL	NULL
missed	662908	B>A	Stotis–Žygimantų g.–Saulėtekis	1122	NULL	NULL	NULL	NULL	NULL	NULL	NULL	2	Troleibusai	2	09		1161	NULL	NULL	NULL
delay	780517	A>B	Saulėtekis–Žygimantų g.–Stotis	343	338	-6.3000002	Šilo tiltas	351.39999	-4.5999999	Senoji plytinė	339.39999	2	Troleibusai	2	10	3-2829	381	375	1	1
delay	780517	B>A	Stotis–Žygimantų g.–Saulėtekis	382	378	-4	Trakų st.	384.29999	-0.69999999	Antakalnis	407.89999	2	Troleibusai	2	10	3-2829	416	414	1	1
delay	780517	A>B	Saulėtekis–Žygimantų g.–Stotis	428	423	-6.1999998	Nemenčinės plentas	428.60001	-4.0999999	Šv. Petro ir Povilo bažnyčia	445.10001	2	Troleibusai	2	10	3-2829	472	466	1	1
delay	780517	B>A	Stotis–Žygimantų g.–Saulėtekis	474	470	-4.5999999	Šv. Petro ir Povilo bažnyčia	489.5	-2.4000001	Antakalnis	502.5	2	Troleibusai	2	10	3-2829	512	509	1	1
delay	780517	A>B	Saulėtekis–Žygimantų g.–Stotis	523	520	-3.4000001	Nemenčinės plentas	526.5	0.40000001	Šv. Petro ir Povilo bažnyčia	543.59998	2	Troleibusai	2	10	3-2829	563	562	1	1
delay	780517	B>A	Stotis–Žygimantų g.–Saulėtekis	564	563	-1.2	Rūdninkų st.	566.5	1.6	Saulėtekis	596.5	2	Troleibusai	2	10	3-2829	599	600	0	0
missed	662910	A>B	Saulėtekis–Žygimantų g.–Stotis	632	NULL	NULL	NULL	NULL	NULL	NULL	NULL	2	Troleibusai	2	10		671	NULL	NULL	NULL
missed	662910	B>A	Stotis–Žygimantų g.–Saulėtekis	672	NULL	NULL	NULL	NULL	NULL	NULL	NULL	2	Troleibusai	2	10		707	NULL	NULL	NULL
missed	662910	A>B	Saulėtekis–Žygimantų g.–Stotis	724	NULL	NULL	NULL	NULL	NULL	NULL	NULL	2	Troleibusai	2	10		763	NULL	NULL	NULL
missed	662910	B>A	Stotis–Žygimantų g.–Saulėtekis	764	NULL	NULL	NULL	NULL	NULL	NULL	NULL	2	Troleibusai	2	10		799	NULL	NULL	NULL
missed	662910	A>B	Saulėtekis–Žygimantų g.–Stotis	810	NULL	NULL	NULL	NULL	NULL	NULL	NULL	2	Troleibusai	2	10		849	NULL	NULL	NULL
missed	662910	B>A	Stotis–Žygimantų g.–Saulėtekis	850	NULL	NULL	NULL	NULL	NULL	NULL	NULL	2	Troleibusai	2	10		885	NULL	NULL	NULL
missed	662910	A>B	Saulėtekis–Žygimantų g.–Stotis	896	NULL	NULL	NULL	NULL	NULL	NULL	NULL	2	Troleibusai	2	10		935	NULL	NULL	NULL
missed	662910	B>A	Stotis–Žygimantų g.–Saulėtekis	936	NULL	NULL	NULL	NULL	NULL	NULL	NULL	2	Troleibusai	2	10		971	NULL	NULL	NULL
missed	662910	A>B	Saulėtekis–Žygimantų g.–Stotis	983	NULL	NULL	NULL	NULL	NULL	NULL	NULL	2	Troleibusai	2	10		1024	NULL	NULL	NULL
missed	662910	B>A	Stotis–Žygimantų g.–Saulėtekis	1025	NULL	NULL	NULL	NULL	NULL	NULL	NULL	2	Troleibusai	2	10		1065	NULL	NULL	NULL
missed	662910	A>B	Saulėtekis–Žygimantų g.–Stotis	1074	NULL	NULL	NULL	NULL	NULL	NULL	NULL	2	Troleibusai	2	10		1115	NULL	NULL	NULL
missed	662910	B>A	Stotis–Žygimantų g.–Saulėtekis	1116	NULL	NULL	NULL	NULL	NULL	NULL	NULL	2	Troleibusai	2	10		1156	NULL	NULL	NULL
missed	662910	A>B	Saulėtekis–Žygimantų g.–Stotis	1195	NULL	NULL	NULL	NULL	NULL	NULL	NULL	2	Troleibusai	2	10		1233	NULL	NULL	NULL
missed	662910	B>A	Stotis–Žygimantų g.–Saulėtekis	1234	NULL	NULL	NULL	NULL	NULL	NULL	NULL	2	Troleibusai	2	10		1268	NULL	NULL	NULL
missed	662910	A>B	Saulėtekis–Žygimantų g.–Stotis	1282	NULL	NULL	NULL	NULL	NULL	NULL	NULL	2	Troleibusai	2	10		1320	NULL	NULL	NULL
missed	662910	B>A	Stotis–Žygimantų g.–Saulėtekis	1321	NULL	NULL	NULL	NULL	NULL	NULL	NULL	2	Troleibusai	2	10		1355	NULL	NULL	NULL
missed	662910	A>B	Saulėtekis–Žygimantų g.–Stotis	1366	NULL	NULL	NULL	NULL	NULL	NULL	NULL	2	Troleibusai	2	10		1404	NULL	NULL	NULL
missed	662910	B>A	Stotis–Žygimantų g.–Saulėtekis	1405	NULL	NULL	NULL	NULL	NULL	NULL	NULL	2	Troleibusai	2	10		1439	NULL	NULL	NULL
delay	780608	B>A	Stotis–Žygimantų g.–Saulėtekis	418	420	-1.3	Karaliaus Mindaugo tiltas	433.79999	1.5	Saulėtekis	452.39999	2	Troleibusai	2	11	3-3001	455	456	0	0
delay	780608	A>B	Saulėtekis–Žygimantų g.–Stotis	466	469	1.6	Vilniaus universitetas	472.29999	15.6	Karaliaus Mindaugo tiltas	507.39999	2	Troleibusai	2	11	3-3001	510	522	1	1
delay	780608	B>A	Stotis–Žygimantų g.–Saulėtekis	512	522	8.8999996	Gedimino technikos universitetas	556.90002	11	Jogailos st.	532.40002	2	Troleibusai	2	11	3-3001	550	559	1	1
delay	780608	A>B	Saulėtekis–Žygimantų g.–Stotis	560	567	6.5	Klinikų st.	578.79999	8	Šv. Petro ir Povilo bažnyčia	587.20001	2	Troleibusai	2	11	3-3001	599	602	1	1
missed	662898	B>A	Stotis–Žygimantų g.–Saulėtekis	600	NULL	NULL	NULL	NULL	NULL	NULL	NULL	2	Troleibusai	2	11		635	NULL	NULL	NULL
missed	662898	A>B	Saulėtekis–Žygimantų g.–Stotis	672	NULL	NULL	NULL	NULL	NULL	NULL	NULL	2	Troleibusai	2	11		711	NULL	NULL	NULL
missed	662898	B>A	Stotis–Žygimantų g.–Saulėtekis	712	NULL	NULL	NULL	NULL	NULL	NULL	NULL	2	Troleibusai	2	11		747	NULL	NULL	NULL
missed	662898	A>B	Saulėtekis–Žygimantų g.–Stotis	759	NULL	NULL	NULL	NULL	NULL	NULL	NULL	2	Troleibusai	2	11		798	NULL	NULL	NULL
missed	662898	B>A	Stotis–Žygimantų g.–Saulėtekis	799	NULL	NULL	NULL	NULL	NULL	NULL	NULL	2	Troleibusai	2	11		834	NULL	NULL	NULL
missed	662898	A>B	Saulėtekis–Žygimantų g.–Stotis	849	NULL	NULL	NULL	NULL	NULL	NULL	NULL	2	Troleibusai	2	11		888	NULL	NULL	NULL
missed	662898	B>A	Stotis–Žygimantų g.–Saulėtekis	889	NULL	NULL	NULL	NULL	NULL	NULL	NULL	2	Troleibusai	2	11		924	NULL	NULL	NULL
missed	662898	A>B	Saulėtekis–Žygimantų g.–Stotis	935	NULL	NULL	NULL	NULL	NULL	NULL	NULL	2	Troleibusai	2	11		975	NULL	NULL	NULL
missed	662898	B>A	Stotis–Žygimantų g.–Saulėtekis	976	NULL	NULL	NULL	NULL	NULL	NULL	NULL	2	Troleibusai	2	11		1014	NULL	NULL	NULL
missed	662898	A>B	Saulėtekis–Žygimantų g.–Stotis	1023	NULL	NULL	NULL	NULL	NULL	NULL	NULL	2	Troleibusai	2	11		1064	NULL	NULL	NULL
missed	662898	B>A	Stotis–Žygimantų g.–Saulėtekis	1065	NULL	NULL	NULL	NULL	NULL	NULL	NULL	2	Troleibusai	2	11		1106	NULL	NULL	NULL
missed	662898	A>B	Saulėtekis–Žygimantų g.–Stotis	1120	NULL	NULL	NULL	NULL	NULL	NULL	NULL	2	Troleibusai	2	11		1159	NULL	NULL	NULL
missed	662898	B>A	Stotis–Žygimantų g.–Saulėtekis	1160	NULL	NULL	NULL	NULL	NULL	NULL	NULL	2	Troleibusai	2	11		1195	NULL	NULL	NULL
missed	662898	A>B	Saulėtekis–Žygimantų g.–Stotis	1235	NULL	NULL	NULL	NULL	NULL	NULL	NULL	2	Troleibusai	2	11		1273	NULL	NULL	NULL
missed	662898	B>A	Stotis–Žygimantų g.–Saulėtekis	1274	NULL	NULL	NULL	NULL	NULL	NULL	NULL	2	Troleibusai	2	11		1308	NULL	NULL	NULL
missed	662898	A>B	Saulėtekis–Žygimantų g.–Stotis	1322	NULL	NULL	NULL	NULL	NULL	NULL	NULL	2	Troleibusai	2	11		1360	NULL	NULL	NULL
missed	662898	B>A	Stotis–Žygimantų g.–Saulėtekis	1361	NULL	NULL	NULL	NULL	NULL	NULL	NULL	2	Troleibusai	2	11		1395	NULL	NULL	NULL
delay	780542	A>B	Saulėtekis–Žygimantų g.–Stotis	349	349	-0.80000001	Kalnų parkas	369.29999	-0.30000001	Senoji plytinė	349.79999	2	Troleibusai	2	12Ž	3-10651	387	386	0	0
delay	780542	B>A	Stotis–Žygimantų g.–Saulėtekis	388	388	0.2	Stotis	388.29999	6.5	Gedimino technikos universitetas	425.79999	2	Troleibusai	2	12Ž	3-10651	422	428	1	1
delay	780542	A>B	Saulėtekis–Žygimantų g.–Stotis	434	436	1.2	Saulėtekis	440.39999	8.6000004	Karaliaus Mindaugo tiltas	468.39999	2	Troleibusai	2	12Ž	3-10651	478	486	1	1
delay	780542	B>A	Stotis–Žygimantų g.–Saulėtekis	480	488	5.6999998	Petro Vileišio st.	510.39999	8.3999996	Jogailos st.	497.79999	2	Troleibusai	2	12Ž	3-10651	518	524	1	1
delay	780542	A>B	Saulėtekis–Žygimantų g.–Stotis	530	535	4.8000002	Nemenčinės plentas	541.5	11.4	Vingriai	576	2	Troleibusai	2	12Ž	3-10651	569	580	1	1
missed	662895	B>A	Stotis–Žygimantų g.–Saulėtekis	570	NULL	NULL	NULL	NULL	NULL	NULL	NULL	2	Troleibusai	2	12Ž		605	NULL	NULL	NULL
missed	662895	A>B	Saulėtekis–Žygimantų g.–Stotis	640	NULL	NULL	NULL	NULL	NULL	NULL	NULL	2	Troleibusai	2	12Ž		679	NULL	NULL	NULL
missed	662895	B>A	Stotis–Žygimantų g.–Saulėtekis	680	NULL	NULL	NULL	NULL	NULL	NULL	NULL	2	Troleibusai	2	12Ž		715	NULL	NULL	NULL
missed	662895	A>B	Saulėtekis–Žygimantų g.–Stotis	730	NULL	NULL	NULL	NULL	NULL	NULL	NULL	2	Troleibusai	2	12Ž		769	NULL	NULL	NULL
missed	662895	B>A	Stotis–Žygimantų g.–Saulėtekis	770	NULL	NULL	NULL	NULL	NULL	NULL	NULL	2	Troleibusai	2	12Ž		805	NULL	NULL	NULL
missed	662895	A>B	Saulėtekis–Žygimantų g.–Stotis	817	NULL	NULL	NULL	NULL	NULL	NULL	NULL	2	Troleibusai	2	12Ž		856	NULL	NULL	NULL
missed	662895	B>A	Stotis–Žygimantų g.–Saulėtekis	857	NULL	NULL	NULL	NULL	NULL	NULL	NULL	2	Troleibusai	2	12Ž		892	NULL	NULL	NULL
missed	662895	A>B	Saulėtekis–Žygimantų g.–Stotis	907	NULL	NULL	NULL	NULL	NULL	NULL	NULL	2	Troleibusai	2	12Ž		946	NULL	NULL	NULL
missed	662895	B>A	Stotis–Žygimantų g.–Saulėtekis	947	NULL	NULL	NULL	NULL	NULL	NULL	NULL	2	Troleibusai	2	12Ž		984	NULL	NULL	NULL
missed	662895	A>B	Saulėtekis–Žygimantų g.–Stotis	994	NULL	NULL	NULL	NULL	NULL	NULL	NULL	2	Troleibusai	2	12Ž		1035	NULL	NULL	NULL
missed	662895	B>A	Stotis–Žygimantų g.–Saulėtekis	1036	NULL	NULL	NULL	NULL	NULL	NULL	NULL	2	Troleibusai	2	12Ž		1077	NULL	NULL	NULL
missed	662895	A>B	Saulėtekis–Žygimantų g.–Stotis	1113	NULL	NULL	NULL	NULL	NULL	NULL	NULL	2	Troleibusai	2	12Ž		1154	NULL	NULL	NULL
missed	662895	B>A	Stotis–Žygimantų g.–Saulėtekis	1155	NULL	NULL	NULL	NULL	NULL	NULL	NULL	2	Troleibusai	2	12Ž		1190	NULL	NULL	NULL
missed	662895	A>B	Saulėtekis–Žygimantų g.–Stotis	1202	NULL	NULL	NULL	NULL	NULL	NULL	NULL	2	Troleibusai	2	12Ž		1240	NULL	NULL	NULL
missed	662895	B>A	Stotis–Žygimantų g.–Saulėtekis	1241	NULL	NULL	NULL	NULL	NULL	NULL	NULL	2	Troleibusai	2	12Ž		1275	NULL	NULL	NULL
delay	780572	A>B	Saulėtekis–Žygimantų g.–Stotis	357	366	6	Kalnų parkas	384.10001	8.8000002	Senoji plytinė	366.89999	2	Troleibusai	2	13	3-3178	395	403	1	1
delay	780572	B>A	Stotis–Žygimantų g.–Saulėtekis	396	404	7.1999998	Vinco Kudirkos aikštė	414.39999	9	Saulėtekis	434.5	2	Troleibusai	2	13	3-3178	430	438	1	1
delay	780572	A>B	Saulėtekis–Žygimantų g.–Stotis	441	450	8.1999998	Vilniaus universitetas	452.5	17.5	Karaliaus Mindaugo tiltas	484.29999	2	Troleibusai	2	13	3-3178	485	500	1	1
delay	780572	B>A	Stotis–Žygimantų g.–Saulėtekis	487	500	10.7	Klinikų st.	525.70001	14.4	Jogailos st.	510.79999	2	Troleibusai	2	13	3-3178	525	536	1	1
delay	780572	A>B	Saulėtekis–Žygimantų g.–Stotis	537	548	11	Vilniaus universitetas	551.29999	14.4	Šv. Petro ir Povilo bažnyčia	570.59998	2	Troleibusai	2	13	3-3178	576	588	1	1
missed	662902	B>A	Stotis–Žygimantų g.–Saulėtekis	577	NULL	NULL	NULL	NULL	NULL	NULL	NULL	2	Troleibusai	2	13		612	NULL	NULL	NULL
missed	662902	A>B	Saulėtekis–Žygimantų g.–Stotis	647	NULL	NULL	NULL	NULL	NULL	NULL	NULL	2	Troleibusai	2	13		686	NULL	NULL	NULL
missed	662902	B>A	Stotis–Žygimantų g.–Saulėtekis	687	NULL	NULL	NULL	NULL	NULL	NULL	NULL	2	Troleibusai	2	13		722	NULL	NULL	NULL
missed	662902	A>B	Saulėtekis–Žygimantų g.–Stotis	737	NULL	NULL	NULL	NULL	NULL	NULL	NULL	2	Troleibusai	2	13		776	NULL	NULL	NULL
missed	662902	B>A	Stotis–Žygimantų g.–Saulėtekis	777	NULL	NULL	NULL	NULL	NULL	NULL	NULL	2	Troleibusai	2	13		812	NULL	NULL	NULL
missed	662902	A>B	Saulėtekis–Žygimantų g.–Stotis	823	NULL	NULL	NULL	NULL	NULL	NULL	NULL	2	Troleibusai	2	13		862	NULL	NULL	NULL
missed	662902	B>A	Stotis–Žygimantų g.–Saulėtekis	863	NULL	NULL	NULL	NULL	NULL	NULL	NULL	2	Troleibusai	2	13		898	NULL	NULL	NULL
missed	662902	A>B	Saulėtekis–Žygimantų g.–Stotis	912	NULL	NULL	NULL	NULL	NULL	NULL	NULL	2	Troleibusai	2	13		951	NULL	NULL	NULL
missed	662902	B>A	Stotis–Žygimantų g.–Saulėtekis	952	NULL	NULL	NULL	NULL	NULL	NULL	NULL	2	Troleibusai	2	13		989	NULL	NULL	NULL
missed	662902	A>B	Saulėtekis–Žygimantų g.–Stotis	1000	NULL	NULL	NULL	NULL	NULL	NULL	NULL	2	Troleibusai	2	13		1041	NULL	NULL	NULL
missed	662902	B>A	Stotis–Žygimantų g.–Saulėtekis	1042	NULL	NULL	NULL	NULL	NULL	NULL	NULL	2	Troleibusai	2	13		1083	NULL	NULL	NULL
missed	662902	A>B	Saulėtekis–Žygimantų g.–Stotis	1093	NULL	NULL	NULL	NULL	NULL	NULL	NULL	2	Troleibusai	2	13		1134	NULL	NULL	NULL
missed	662902	B>A	Stotis–Žygimantų g.–Saulėtekis	1135	NULL	NULL	NULL	NULL	NULL	NULL	NULL	2	Troleibusai	2	13		1170	NULL	NULL	NULL
missed	662902	A>B	Saulėtekis–Žygimantų g.–Stotis	1208	NULL	NULL	NULL	NULL	NULL	NULL	NULL	2	Troleibusai	2	13		1246	NULL	NULL	NULL
missed	662902	B>A	Stotis–Žygimantų g.–Saulėtekis	1247	NULL	NULL	NULL	NULL	NULL	NULL	NULL	2	Troleibusai	2	13		1281	NULL	NULL	NULL
missed	662902	A>B	Saulėtekis–Žygimantų g.–Stotis	1289	NULL	NULL	NULL	NULL	NULL	NULL	NULL	2	Troleibusai	2	13		1327	NULL	NULL	NULL
missed	662902	B>A	Stotis–Žygimantų g.–Saulėtekis	1328	NULL	NULL	NULL	NULL	NULL	NULL	NULL	2	Troleibusai	2	13		1362	NULL	NULL	NULL
missed	662902	A>B	Saulėtekis–Žygimantų g.–Stotis	1377	NULL	NULL	NULL	NULL	NULL	NULL	NULL	2	Troleibusai	2	13		1415	NULL	NULL	NULL
delay	780559	A>B	Saulėtekis–Žygimantų g.–Stotis	367	372	3.8	Kalnų parkas	391.89999	5.3000002	Saulėtekis	377.10001	2	Troleibusai	2	14	3-68	405	409	1	1
delay	780559	B>A	Stotis–Žygimantų g.–Saulėtekis	406	412	5.3000002	Stotis	411.39999	11.8	Saulėtekis	448.60001	2	Troleibusai	2	14	3-68	441	452	1	1
delay	780559	A>B	Saulėtekis–Žygimantų g.–Stotis	454	458	4.3000002	Gedimino technikos universitetas	460.79999	21.799999	Karaliaus Mindaugo tiltas	501.60001	2	Troleibusai	2	14	3-68	498	518	1	1
delay	780559	B>A	Stotis–Žygimantų g.–Saulėtekis	500	520	18.5	Šilo tiltas	544.29999	21.299999	Jogailos st.	530.70001	2	Troleibusai	2	14	3-68	538	558	1	1
delay	780559	A>B	Saulėtekis–Žygimantų g.–Stotis	546	561	14.6	Senoji plytinė	561.59998	16.6	Centro poliklinika	593.70001	2	Troleibusai	2	14	3-68	585	601	1	1
missed	662905	B>A	Stotis–Žygimantų g.–Saulėtekis	586	NULL	NULL	NULL	NULL	NULL	NULL	NULL	2	Troleibusai	2	14		621	NULL	NULL	NULL
missed	662905	A>B	Saulėtekis–Žygimantų g.–Stotis	660	NULL	NULL	NULL	NULL	NULL	NULL	NULL	2	Troleibusai	2	14		699	NULL	NULL	NULL
missed	662905	B>A	Stotis–Žygimantų g.–Saulėtekis	700	NULL	NULL	NULL	NULL	NULL	NULL	NULL	2	Troleibusai	2	14		735	NULL	NULL	NULL
missed	662905	A>B	Saulėtekis–Žygimantų g.–Stotis	748	NULL	NULL	NULL	NULL	NULL	NULL	NULL	2	Troleibusai	2	14		787	NULL	NULL	NULL
missed	662905	B>A	Stotis–Žygimantų g.–Saulėtekis	788	NULL	NULL	NULL	NULL	NULL	NULL	NULL	2	Troleibusai	2	14		823	NULL	NULL	NULL
missed	662905	A>B	Saulėtekis–Žygimantų g.–Stotis	837	NULL	NULL	NULL	NULL	NULL	NULL	NULL	2	Troleibusai	2	14		876	NULL	NULL	NULL
missed	662905	B>A	Stotis–Žygimantų g.–Saulėtekis	877	NULL	NULL	NULL	NULL	NULL	NULL	NULL	2	Troleibusai	2	14		912	NULL	NULL	NULL
missed	662905	A>B	Saulėtekis–Žygimantų g.–Stotis	922	NULL	NULL	NULL	NULL	NULL	NULL	NULL	2	Troleibusai	2	14		961	NULL	NULL	NULL
missed	662905	B>A	Stotis–Žygimantų g.–Saulėtekis	962	NULL	NULL	NULL	NULL	NULL	NULL	NULL	2	Troleibusai	2	14		1000	NULL	NULL	NULL
missed	662905	A>B	Saulėtekis–Žygimantų g.–Stotis	1011	NULL	NULL	NULL	NULL	NULL	NULL	NULL	2	Troleibusai	2	14		1052	NULL	NULL	NULL
missed	662905	B>A	Stotis–Žygimantų g.–Saulėtekis	1053	NULL	NULL	NULL	NULL	NULL	NULL	NULL	2	Troleibusai	2	14		1094	NULL	NULL	NULL
missed	662905	A>B	Saulėtekis–Žygimantų g.–Stotis	1138	NULL	NULL	NULL	NULL	NULL	NULL	NULL	2	Troleibusai	2	14		1176	NULL	NULL	NULL
missed	662905	B>A	Stotis–Žygimantų g.–Saulėtekis	1177	NULL	NULL	NULL	NULL	NULL	NULL	NULL	2	Troleibusai	2	14		1212	NULL	NULL	NULL
missed	662905	A>B	Saulėtekis–Žygimantų g.–Stotis	1221	NULL	NULL	NULL	NULL	NULL	NULL	NULL	2	Troleibusai	2	14		1259	NULL	NULL	NULL
missed	662905	B>A	Stotis–Žygimantų g.–Saulėtekis	1260	NULL	NULL	NULL	NULL	NULL	NULL	NULL	2	Troleibusai	2	14		1294	NULL	NULL	NULL
missed	662905	A>B	Saulėtekis–Žygimantų g.–Stotis	1304	NULL	NULL	NULL	NULL	NULL	NULL	NULL	2	Troleibusai	2	14		1342	NULL	NULL	NULL
missed	662905	B>A	Stotis–Žygimantų g.–Saulėtekis	1343	NULL	NULL	NULL	NULL	NULL	NULL	NULL	2	Troleibusai	2	14		1377	NULL	NULL	NULL
delay	780644	A>B	Saulėtekis–Žygimantų g.–Stotis	424	446	22.299999	Vilniaus universitetas	449.5	31	Karaliaus Mindaugo tiltas	480.79999	2	Troleibusai	2	15	3-2720	468	498	1	1
delay	780644	B>A	Stotis–Žygimantų g.–Saulėtekis	470	499	27.5	Petro Vileišio st.	522.20001	29.9	Jogailos st.	509.29999	2	Troleibusai	2	15	3-2720	508	535	1	1
delay	780644	A>B	Saulėtekis–Žygimantų g.–Stotis	518	542	24	Nemenčinės plentas	548.79999	27.6	Vinco Kudirkos aikštė	575.79999	2	Troleibusai	2	15	3-2720	559	586	1	1
missed	662909	B>A	Stotis–Žygimantų g.–Saulėtekis	560	NULL	NULL	NULL	NULL	NULL	NULL	NULL	2	Troleibusai	2	15		595	NULL	NULL	NULL
missed	662909	A>B	Saulėtekis–Žygimantų g.–Stotis	945	NULL	NULL	NULL	NULL	NULL	NULL	NULL	2	Troleibusai	2	15		986	NULL	NULL	NULL
missed	662909	B>A	Stotis–Žygimantų g.–Saulėtekis	987	NULL	NULL	NULL	NULL	NULL	NULL	NULL	2	Troleibusai	2	15		1026	NULL	NULL	NULL
missed	662909	A>B	Saulėtekis–Žygimantų g.–Stotis	1035	NULL	NULL	NULL	NULL	NULL	NULL	NULL	2	Troleibusai	2	15		1076	NULL	NULL	NULL
missed	662909	B>A	Stotis–Žygimantų g.–Saulėtekis	1077	NULL	NULL	NULL	NULL	NULL	NULL	NULL	2	Troleibusai	2	15		1118	NULL	NULL	NULL
missed	662909	A>B	Saulėtekis–Žygimantų g.–Stotis	1126	NULL	NULL	NULL	NULL	NULL	NULL	NULL	2	Troleibusai	2	15		1164	NULL	NULL	NULL
missed	662909	B>A	Stotis–Žygimantų g.–Saulėtekis	1165	NULL	NULL	NULL	NULL	NULL	NULL	NULL	2	Troleibusai	2	15		1200	NULL	NULL	NULL
delay	780590	A>B	Saulėtekis–Žygimantų g.–Stotis	373	386	10.2	Vinco Kudirkos aikštė	410.29999	12.9	Senoji plytinė	386.89999	2	Troleibusai	2	16	3-3035	411	421	1	1
delay	780590	B>A	Stotis–Žygimantų g.–Saulėtekis	412	425	12.1	Stotis	424.20001	15.2	Šilo tiltas	452	2	Troleibusai	2	16	3-3035	449	464	1	1
delay	780590	A>B	Saulėtekis–Žygimantų g.–Stotis	460	476	15.5	Gedimino technikos universitetas	478	29.700001	Karaliaus Mindaugo tiltas	515.5	2	Troleibusai	2	16	3-3035	504	532	1	1
delay	780590	B>A	Stotis–Žygimantų g.–Saulėtekis	506	533	19.799999	Gedimino technikos universitetas	562	26.5	Reformatų st.	539.90002	2	Troleibusai	2	16	3-3035	544	564	1	1
delay	780590	A>B	Saulėtekis–Žygimantų g.–Stotis	554	574	18.9	Antakalnis	581.59998	21.5	Karaliaus Mindaugo tiltas	599.29999	2	Troleibusai	2	16	3-3035	593	602	1	1
missed	662907	B>A	Stotis–Žygimantų g.–Saulėtekis	594	NULL	NULL	NULL	NULL	NULL	NULL	NULL	2	Troleibusai	2	16		629	NULL	NULL	NULL
missed	662907	A>B	Saulėtekis–Žygimantų g.–Stotis	667	NULL	NULL	NULL	NULL	NULL	NULL	NULL	2	Troleibusai	2	16		706	NULL	NULL	NULL
missed	662907	B>A	Stotis–Žygimantų g.–Saulėtekis	707	NULL	NULL	NULL	NULL	NULL	NULL	NULL	2	Troleibusai	2	16		742	NULL	NULL	NULL
missed	662907	A>B	Saulėtekis–Žygimantų g.–Stotis	753	NULL	NULL	NULL	NULL	NULL	NULL	NULL	2	Troleibusai	2	16		792	NULL	NULL	NULL
missed	662907	B>A	Stotis–Žygimantų g.–Saulėtekis	793	NULL	NULL	NULL	NULL	NULL	NULL	NULL	2	Troleibusai	2	16		828	NULL	NULL	NULL
missed	662907	A>B	Saulėtekis–Žygimantų g.–Stotis	842	NULL	NULL	NULL	NULL	NULL	NULL	NULL	2	Troleibusai	2	16		881	NULL	NULL	NULL
missed	662907	B>A	Stotis–Žygimantų g.–Saulėtekis	882	NULL	NULL	NULL	NULL	NULL	NULL	NULL	2	Troleibusai	2	16		917	NULL	NULL	NULL
missed	662907	A>B	Saulėtekis–Žygimantų g.–Stotis	928	NULL	NULL	NULL	NULL	NULL	NULL	NULL	2	Troleibusai	2	16		967	NULL	NULL	NULL
missed	662907	B>A	Stotis–Žygimantų g.–Saulėtekis	968	NULL	NULL	NULL	NULL	NULL	NULL	NULL	2	Troleibusai	2	16		1006	NULL	NULL	NULL
missed	662907	A>B	Saulėtekis–Žygimantų g.–Stotis	1017	NULL	NULL	NULL	NULL	NULL	NULL	NULL	2	Troleibusai	2	16		1058	NULL	NULL	NULL
missed	662907	B>A	Stotis–Žygimantų g.–Saulėtekis	1059	NULL	NULL	NULL	NULL	NULL	NULL	NULL	2	Troleibusai	2	16		1100	NULL	NULL	NULL
missed	662907	A>B	Saulėtekis–Žygimantų g.–Stotis	1107	NULL	NULL	NULL	NULL	NULL	NULL	NULL	2	Troleibusai	2	16		1148	NULL	NULL	NULL
missed	662907	B>A	Stotis–Žygimantų g.–Saulėtekis	1149	NULL	NULL	NULL	NULL	NULL	NULL	NULL	2	Troleibusai	2	16		1184	NULL	NULL	NULL
missed	662907	A>B	Saulėtekis–Žygimantų g.–Stotis	1228	NULL	NULL	NULL	NULL	NULL	NULL	NULL	2	Troleibusai	2	16		1266	NULL	NULL	NULL
missed	662907	B>A	Stotis–Žygimantų g.–Saulėtekis	1267	NULL	NULL	NULL	NULL	NULL	NULL	NULL	2	Troleibusai	2	16		1301	NULL	NULL	NULL
missed	662907	A>B	Saulėtekis–Žygimantų g.–Stotis	1313	NULL	NULL	NULL	NULL	NULL	NULL	NULL	2	Troleibusai	2	16		1351	NULL	NULL	NULL
missed	662907	B>A	Stotis–Žygimantų g.–Saulėtekis	1352	NULL	NULL	NULL	NULL	NULL	NULL	NULL	2	Troleibusai	2	16		1386	NULL	NULL	NULL
missed	662907	A>B	Saulėtekis–Žygimantų g.–Stotis	1391	NULL	NULL	NULL	NULL	NULL	NULL	NULL	2	Troleibusai	2	16		1429	NULL	NULL	NULL
delay	780477	A>B	Žirmūnai–Žygimantų–Pylimo g.–Stotis	309	305	-5.4000001	Trakų st.	332.79999	-3.7	Kareivių st.	310.70001	20	Troleibusai	20	01	3-1875	344	339	1	1
delay	780477	B>A	Stotis–Pylimo–Žygimantų g.–Žirmūnai	345	341	-3.5999999	Rūdninkų st.	344.89999	-0.40000001	Šiaurės miestelis	368.10001	20	Troleibusai	20	01	3-1875	376	375	1	1
delay	780477	A>B	Žirmūnai–Žygimantų–Pylimo g.–Stotis	382	386	2.4000001	Šiaurės miestelis	392.70001	4.3000002	Vingriai	416.70001	20	Troleibusai	20	01	3-1875	417	421	1	1
delay	780477	B>A	Stotis–Pylimo–Žygimantų g.–Žirmūnai	419	424	4.8000002	Trakų st.	429.89999	9.1999998	Šaltinėlio st.	463.20001	20	Troleibusai	20	01	3-1875	455	464	1	1
delay	780477	A>B	Žirmūnai–Žygimantų–Pylimo g.–Stotis	471	473	2.0999999	Šaltinėlio st.	474.29999	6.4000001	Karaliaus Mindaugo tiltas	499.89999	20	Troleibusai	20	01	3-1875	512	516	1	1
delay	780477	B>A	Stotis–Pylimo–Žygimantų g.–Žirmūnai	514	516	1	Karaliaus Mindaugo tiltas	532.09998	3.7	Šaltinėlio st.	552.20001	20	Troleibusai	20	01	3-1875	550	553	1	0
missed	663074	A>B	Žirmūnai–Žygimantų–Pylimo g.–Stotis	592	NULL	NULL	NULL	NULL	NULL	NULL	NULL	20	Troleibusai	20	01		629	NULL	NULL	NULL
missed	663074	B>A	Stotis–Pylimo–Žygimantų g.–Žirmūnai	630	NULL	NULL	NULL	NULL	NULL	NULL	NULL	20	Troleibusai	20	01		663	NULL	NULL	NULL
missed	663074	A>B	Žirmūnai–Žygimantų–Pylimo g.–Stotis	669	NULL	NULL	NULL	NULL	NULL	NULL	NULL	20	Troleibusai	20	01		706	NULL	NULL	NULL
missed	663074	B>A	Stotis–Pylimo–Žygimantų g.–Žirmūnai	707	NULL	NULL	NULL	NULL	NULL	NULL	NULL	20	Troleibusai	20	01		740	NULL	NULL	NULL
missed	663074	A>B	Žirmūnai–Žygimantų–Pylimo g.–Stotis	755	NULL	NULL	NULL	NULL	NULL	NULL	NULL	20	Troleibusai	20	01		792	NULL	NULL	NULL
missed	663074	B>A	Stotis–Pylimo–Žygimantų g.–Žirmūnai	793	NULL	NULL	NULL	NULL	NULL	NULL	NULL	20	Troleibusai	20	01		826	NULL	NULL	NULL
missed	663074	A>B	Žirmūnai–Žygimantų–Pylimo g.–Stotis	836	NULL	NULL	NULL	NULL	NULL	NULL	NULL	20	Troleibusai	20	01		873	NULL	NULL	NULL
missed	663074	B>A	Stotis–Pylimo–Žygimantų g.–Žirmūnai	874	NULL	NULL	NULL	NULL	NULL	NULL	NULL	20	Troleibusai	20	01		907	NULL	NULL	NULL
missed	663074	A>B	Žirmūnai–Žygimantų–Pylimo g.–Stotis	916	NULL	NULL	NULL	NULL	NULL	NULL	NULL	20	Troleibusai	20	01		954	NULL	NULL	NULL
missed	663074	B>A	Stotis–Pylimo–Žygimantų g.–Žirmūnai	955	NULL	NULL	NULL	NULL	NULL	NULL	NULL	20	Troleibusai	20	01		992	NULL	NULL	NULL
missed	663074	A>B	Žirmūnai–Žygimantų–Pylimo g.–Stotis	1004	NULL	NULL	NULL	NULL	NULL	NULL	NULL	20	Troleibusai	20	01		1043	NULL	NULL	NULL
missed	663074	B>A	Stotis–Pylimo–Žygimantų g.–Žirmūnai	1044	NULL	NULL	NULL	NULL	NULL	NULL	NULL	20	Troleibusai	20	01		1084	NULL	NULL	NULL
missed	663074	A>B	Žirmūnai–Žygimantų–Pylimo g.–Stotis	1119	NULL	NULL	NULL	NULL	NULL	NULL	NULL	20	Troleibusai	20	01		1156	NULL	NULL	NULL
missed	663074	B>A	Stotis–Pylimo–Žygimantų g.–Žirmūnai	1157	NULL	NULL	NULL	NULL	NULL	NULL	NULL	20	Troleibusai	20	01		1190	NULL	NULL	NULL
missed	663074	A>B	Žirmūnai–Žygimantų–Pylimo g.–Stotis	1211	NULL	NULL	NULL	NULL	NULL	NULL	NULL	20	Troleibusai	20	01		1246	NULL	NULL	NULL
missed	663074	B>A	Stotis–Pylimo–Žygimantų g.–Žirmūnai	1247	NULL	NULL	NULL	NULL	NULL	NULL	NULL	20	Troleibusai	20	01		1278	NULL	NULL	NULL
missed	663074	A>B	Žirmūnai–Žygimantų–Pylimo g.–Stotis	1293	NULL	NULL	NULL	NULL	NULL	NULL	NULL	20	Troleibusai	20	01		1328	NULL	NULL	NULL
missed	663074	B>A	Stotis–Pylimo–Žygimantų g.–Žirmūnai	1329	NULL	NULL	NULL	NULL	NULL	NULL	NULL	20	Troleibusai	20	01		1360	NULL	NULL	NULL
delay	780596	A>B	Žirmūnai–Žygimantų–Pylimo g.–Stotis	398	394	-4.5999999	Kareivių st.	398.89999	-3	Vingriai	425.70001	20	Troleibusai	20	02	3-2700	434	430	1	1
delay	780596	B>A	Stotis–Pylimo–Žygimantų g.–Žirmūnai	436	433	-3.5999999	Stotis	432.5	-2.0999999	Šiaurės miestelis	462.60001	20	Troleibusai	20	02	3-2700	472	469	1	1
delay	780596	A>B	Žirmūnai–Žygimantų–Pylimo g.–Stotis	483	483	0.5	Šaltinėlio st.	484.70001	4	Žirmūnai	494.5	20	Troleibusai	20	02	3-2700	524	525	1	0
delay	780596	B>A	Stotis–Pylimo–Žygimantų g.–Žirmūnai	525	527	0	Minties st.	550	2.3	Reformatų st.	534.70001	20	Troleibusai	20	02	3-2700	560	561	0	0
delay	780596	A>B	Žirmūnai–Žygimantų–Pylimo g.–Stotis	573	574	0.89999998	Šaltinėlio st.	575.20001	2.5999999	Šv. Petro ir Povilo bažnyčia	592.5	20	Troleibusai	20	02	3-2700	610	602	0	1
missed	663071	B>A	Stotis–Pylimo–Žygimantų g.–Žirmūnai	611	NULL	NULL	NULL	NULL	NULL	NULL	NULL	20	Troleibusai	20	02		644	NULL	NULL	NULL
missed	663071	A>B	Žirmūnai–Žygimantų–Pylimo g.–Stotis	684	NULL	NULL	NULL	NULL	NULL	NULL	NULL	20	Troleibusai	20	02		721	NULL	NULL	NULL
missed	663071	B>A	Stotis–Pylimo–Žygimantų g.–Žirmūnai	722	NULL	NULL	NULL	NULL	NULL	NULL	NULL	20	Troleibusai	20	02		755	NULL	NULL	NULL
missed	663071	A>B	Žirmūnai–Žygimantų–Pylimo g.–Stotis	769	NULL	NULL	NULL	NULL	NULL	NULL	NULL	20	Troleibusai	20	02		806	NULL	NULL	NULL
missed	663071	B>A	Stotis–Pylimo–Žygimantų g.–Žirmūnai	807	NULL	NULL	NULL	NULL	NULL	NULL	NULL	20	Troleibusai	20	02		840	NULL	NULL	NULL
missed	663071	A>B	Žirmūnai–Žygimantų–Pylimo g.–Stotis	851	NULL	NULL	NULL	NULL	NULL	NULL	NULL	20	Troleibusai	20	02		888	NULL	NULL	NULL
missed	663071	B>A	Stotis–Pylimo–Žygimantų g.–Žirmūnai	889	NULL	NULL	NULL	NULL	NULL	NULL	NULL	20	Troleibusai	20	02		922	NULL	NULL	NULL
missed	663071	A>B	Žirmūnai–Žygimantų–Pylimo g.–Stotis	933	NULL	NULL	NULL	NULL	NULL	NULL	NULL	20	Troleibusai	20	02		971	NULL	NULL	NULL
missed	663071	B>A	Stotis–Pylimo–Žygimantų g.–Žirmūnai	972	NULL	NULL	NULL	NULL	NULL	NULL	NULL	20	Troleibusai	20	02		1010	NULL	NULL	NULL
missed	663071	A>B	Žirmūnai–Žygimantų–Pylimo g.–Stotis	1017	NULL	NULL	NULL	NULL	NULL	NULL	NULL	20	Troleibusai	20	02		1057	NULL	NULL	NULL
missed	663071	B>A	Stotis–Pylimo–Žygimantų g.–Žirmūnai	1058	NULL	NULL	NULL	NULL	NULL	NULL	NULL	20	Troleibusai	20	02		1098	NULL	NULL	NULL
missed	663071	A>B	Žirmūnai–Žygimantų–Pylimo g.–Stotis	1106	NULL	NULL	NULL	NULL	NULL	NULL	NULL	20	Troleibusai	20	02		1145	NULL	NULL	NULL
missed	663071	B>A	Stotis–Pylimo–Žygimantų g.–Žirmūnai	1146	NULL	NULL	NULL	NULL	NULL	NULL	NULL	20	Troleibusai	20	02		1179	NULL	NULL	NULL
missed	663071	A>B	Žirmūnai–Žygimantų–Pylimo g.–Stotis	1223	NULL	NULL	NULL	NULL	NULL	NULL	NULL	20	Troleibusai	20	02		1258	NULL	NULL	NULL
missed	663071	B>A	Stotis–Pylimo–Žygimantų g.–Žirmūnai	1259	NULL	NULL	NULL	NULL	NULL	NULL	NULL	20	Troleibusai	20	02		1290	NULL	NULL	NULL
missed	663071	A>B	Žirmūnai–Žygimantų–Pylimo g.–Stotis	1307	NULL	NULL	NULL	NULL	NULL	NULL	NULL	20	Troleibusai	20	02		1342	NULL	NULL	NULL
missed	663071	B>A	Stotis–Pylimo–Žygimantų g.–Žirmūnai	1343	NULL	NULL	NULL	NULL	NULL	NULL	NULL	20	Troleibusai	20	02		1374	NULL	NULL	NULL
delay	780502	A>B	Žirmūnai–Žygimantų–Pylimo g.–Stotis	457	323	1440	NULL	0	-1440	NULL	0	20	Troleibusai	20	03	3-2620	498	358	0	1
delay	780502	A>B	Žirmūnai–Žygimantų–Pylimo g.–Stotis	457	406	-53.5	Vinco Kudirkos aikštė	433.5	-50.5	Žirmūnai	413.89999	20	Troleibusai	20	03	3-2620	498	445	1	1
delay	780502	A>B	Žirmūnai–Žygimantų–Pylimo g.–Stotis	457	496	38.400002	Centro poliklinika	528.29999	42	Minties st.	510.79999	20	Troleibusai	20	03	3-2620	498	537	1	1
delay	780502	B>A	Stotis–Pylimo–Žygimantų g.–Žirmūnai	500	538	36.200001	Žirmūnų seniūnija	570	39.099998	Jogailos st.	548.5	20	Troleibusai	20	03	3-2620	536	572	1	1
delay	780502	B>A	Stotis–Pylimo–Žygimantų g.–Žirmūnai	500	446	-54	Stotis	446.10001	-53.5	Trakų st.	452.60001	20	Troleibusai	20	03	3-2620	536	482	1	1
delay	780502	B>A	Stotis–Pylimo–Žygimantų g.–Žirmūnai	500	359	1440	NULL	0	-1440	NULL	0	20	Troleibusai	20	03	3-2620	536	392	0	1
missed	663076	A>B	Žirmūnai–Žygimantų–Pylimo g.–Stotis	550	NULL	NULL	NULL	NULL	NULL	NULL	NULL	20	Troleibusai	20	03		587	NULL	NULL	NULL
missed	663076	B>A	Stotis–Pylimo–Žygimantų g.–Žirmūnai	588	NULL	NULL	NULL	NULL	NULL	NULL	NULL	20	Troleibusai	20	03		621	NULL	NULL	NULL
missed	663076	A>B	Žirmūnai–Žygimantų–Pylimo g.–Stotis	957	NULL	NULL	NULL	NULL	NULL	NULL	NULL	20	Troleibusai	20	03		996	NULL	NULL	NULL
missed	663076	B>A	Stotis–Pylimo–Žygimantų g.–Žirmūnai	997	NULL	NULL	NULL	NULL	NULL	NULL	NULL	20	Troleibusai	20	03		1036	NULL	NULL	NULL
missed	663076	A>B	Žirmūnai–Žygimantų–Pylimo g.–Stotis	1047	NULL	NULL	NULL	NULL	NULL	NULL	NULL	20	Troleibusai	20	03		1087	NULL	NULL	NULL
missed	663076	B>A	Stotis–Pylimo–Žygimantų g.–Žirmūnai	1088	NULL	NULL	NULL	NULL	NULL	NULL	NULL	20	Troleibusai	20	03		1127	NULL	NULL	NULL
missed	663076	A>B	Žirmūnai–Žygimantų–Pylimo g.–Stotis	1136	NULL	NULL	NULL	NULL	NULL	NULL	NULL	20	Troleibusai	20	03		1171	NULL	NULL	NULL
missed	663076	B>A	Stotis–Pylimo–Žygimantų g.–Žirmūnai	1172	NULL	NULL	NULL	NULL	NULL	NULL	NULL	20	Troleibusai	20	03		1205	NULL	NULL	NULL
missed	663072	A>B	Žirmūnai–Žygimantų–Pylimo g.–Stotis	340	NULL	NULL	NULL	NULL	NULL	NULL	NULL	20	Troleibusai	20	04		375	NULL	NULL	NULL
missed	663072	B>A	Stotis–Pylimo–Žygimantų g.–Žirmūnai	376	NULL	NULL	NULL	NULL	NULL	NULL	NULL	20	Troleibusai	20	04		407	NULL	NULL	NULL
delay	780624	A>B	Žirmūnai–Žygimantų–Pylimo g.–Stotis	412	419	6.0999999	Vingriai	451.5	7.9000001	Tuskulėnų rimties parkas	432.79999	20	Troleibusai	20	04	3-1296	450	456	1	1
delay	780624	B>A	Stotis–Pylimo–Žygimantų g.–Žirmūnai	452	459	6.3000002	Stotis	458.39999	8.6999998	Jogailos st.	470.10001	20	Troleibusai	20	04	3-1296	488	496	1	1
delay	780624	A>B	Žirmūnai–Žygimantų–Pylimo g.–Stotis	500	511	10.8	Vinco Kudirkos aikštė	537.79999	11.9	Centro poliklinika	541.70001	20	Troleibusai	20	04	3-1296	538	550	1	1
delay	780624	B>A	Stotis–Pylimo–Žygimantų g.–Žirmūnai	539	552	12.6	Vinco Kudirkos aikštė	562.70001	15.1	Šaltinėlio st.	586.09998	20	Troleibusai	20	04	3-1296	572	587	1	1
missed	663072	A>B	Žirmūnai–Žygimantų–Pylimo g.–Stotis	612	NULL	NULL	NULL	NULL	NULL	NULL	NULL	20	Troleibusai	20	04		649	NULL	NULL	NULL
missed	663072	B>A	Stotis–Pylimo–Žygimantų g.–Žirmūnai	650	NULL	NULL	NULL	NULL	NULL	NULL	NULL	20	Troleibusai	20	04		683	NULL	NULL	NULL
missed	663072	A>B	Žirmūnai–Žygimantų–Pylimo g.–Stotis	698	NULL	NULL	NULL	NULL	NULL	NULL	NULL	20	Troleibusai	20	04		735	NULL	NULL	NULL
missed	663072	B>A	Stotis–Pylimo–Žygimantų g.–Žirmūnai	736	NULL	NULL	NULL	NULL	NULL	NULL	NULL	20	Troleibusai	20	04		769	NULL	NULL	NULL
missed	663072	A>B	Žirmūnai–Žygimantų–Pylimo g.–Stotis	784	NULL	NULL	NULL	NULL	NULL	NULL	NULL	20	Troleibusai	20	04		821	NULL	NULL	NULL
missed	663072	B>A	Stotis–Pylimo–Žygimantų g.–Žirmūnai	822	NULL	NULL	NULL	NULL	NULL	NULL	NULL	20	Troleibusai	20	04		855	NULL	NULL	NULL
missed	663072	A>B	Žirmūnai–Žygimantų–Pylimo g.–Stotis	867	NULL	NULL	NULL	NULL	NULL	NULL	NULL	20	Troleibusai	20	04		904	NULL	NULL	NULL
missed	663072	B>A	Stotis–Pylimo–Žygimantų g.–Žirmūnai	905	NULL	NULL	NULL	NULL	NULL	NULL	NULL	20	Troleibusai	20	04		938	NULL	NULL	NULL
missed	663072	A>B	Žirmūnai–Žygimantų–Pylimo g.–Stotis	944	NULL	NULL	NULL	NULL	NULL	NULL	NULL	20	Troleibusai	20	04		983	NULL	NULL	NULL
missed	663072	B>A	Stotis–Pylimo–Žygimantų g.–Žirmūnai	984	NULL	NULL	NULL	NULL	NULL	NULL	NULL	20	Troleibusai	20	04		1023	NULL	NULL	NULL
missed	663072	A>B	Žirmūnai–Žygimantų–Pylimo g.–Stotis	1032	NULL	NULL	NULL	NULL	NULL	NULL	NULL	20	Troleibusai	20	04		1072	NULL	NULL	NULL
missed	663072	B>A	Stotis–Pylimo–Žygimantų g.–Žirmūnai	1073	NULL	NULL	NULL	NULL	NULL	NULL	NULL	20	Troleibusai	20	04		1113	NULL	NULL	NULL
missed	663072	A>B	Žirmūnai–Žygimantų–Pylimo g.–Stotis	1156	NULL	NULL	NULL	NULL	NULL	NULL	NULL	20	Troleibusai	20	04		1191	NULL	NULL	NULL
missed	663072	B>A	Stotis–Pylimo–Žygimantų g.–Žirmūnai	1192	NULL	NULL	NULL	NULL	NULL	NULL	NULL	20	Troleibusai	20	04		1223	NULL	NULL	NULL
missed	663072	A>B	Žirmūnai–Žygimantų–Pylimo g.–Stotis	1238	NULL	NULL	NULL	NULL	NULL	NULL	NULL	20	Troleibusai	20	04		1273	NULL	NULL	NULL
missed	663072	B>A	Stotis–Pylimo–Žygimantų g.–Žirmūnai	1274	NULL	NULL	NULL	NULL	NULL	NULL	NULL	20	Troleibusai	20	04		1305	NULL	NULL	NULL
missed	663072	A>B	Žirmūnai–Žygimantų–Pylimo g.–Stotis	1325	NULL	NULL	NULL	NULL	NULL	NULL	NULL	20	Troleibusai	20	04		1360	NULL	NULL	NULL
missed	663072	B>A	Stotis–Pylimo–Žygimantų g.–Žirmūnai	1361	NULL	NULL	NULL	NULL	NULL	NULL	NULL	20	Troleibusai	20	04		1392	NULL	NULL	NULL
delay	780551	A>B	Žirmūnai–Žygimantų–Pylimo g.–Stotis	427	356	1440	NULL	0	-1440	NULL	0	20	Troleibusai	20	05	3-2357	468	390	0	1
delay	780551	A>B	Žirmūnai–Žygimantų–Pylimo g.–Stotis	427	436	9.1000004	Šaltinėlio st.	437.29999	16.200001	Gėlių st.	481.10001	20	Troleibusai	20	05	3-2357	468	484	1	1
delay	780551	B>A	Stotis–Pylimo–Žygimantų g.–Žirmūnai	470	393	1440	NULL	0	-1440	NULL	0	20	Troleibusai	20	05	3-2357	506	425	0	1
delay	780551	B>A	Stotis–Pylimo–Žygimantų g.–Žirmūnai	470	485	13.6	Šaltinėlio st.	518.70001	16.9	Jogailos st.	496.29999	20	Troleibusai	20	05	3-2357	506	519	1	1
delay	780551	A>B	Žirmūnai–Žygimantų–Pylimo g.–Stotis	517	534	17.200001	Šaltinėlio st.	535.40002	20.1	Šv. Petro ir Povilo bažnyčia	554	20	Troleibusai	20	05	3-2357	554	573	1	1
delay	780551	B>A	Stotis–Pylimo–Žygimantų g.–Žirmūnai	555	575	19.200001	Stotis	574.29999	20.200001	Kalnų parkas	591.5	20	Troleibusai	20	05	3-2357	588	602	1	1
missed	663073	A>B	Žirmūnai–Žygimantų–Pylimo g.–Stotis	630	NULL	NULL	NULL	NULL	NULL	NULL	NULL	20	Troleibusai	20	05		667	NULL	NULL	NULL
missed	663073	B>A	Stotis–Pylimo–Žygimantų g.–Žirmūnai	668	NULL	NULL	NULL	NULL	NULL	NULL	NULL	20	Troleibusai	20	05		701	NULL	NULL	NULL
missed	663073	A>B	Žirmūnai–Žygimantų–Pylimo g.–Stotis	716	NULL	NULL	NULL	NULL	NULL	NULL	NULL	20	Troleibusai	20	05		753	NULL	NULL	NULL
missed	663073	B>A	Stotis–Pylimo–Žygimantų g.–Žirmūnai	754	NULL	NULL	NULL	NULL	NULL	NULL	NULL	20	Troleibusai	20	05		787	NULL	NULL	NULL
missed	663073	A>B	Žirmūnai–Žygimantų–Pylimo g.–Stotis	799	NULL	NULL	NULL	NULL	NULL	NULL	NULL	20	Troleibusai	20	05		836	NULL	NULL	NULL
missed	663073	B>A	Stotis–Pylimo–Žygimantų g.–Žirmūnai	837	NULL	NULL	NULL	NULL	NULL	NULL	NULL	20	Troleibusai	20	05		870	NULL	NULL	NULL
missed	663073	A>B	Žirmūnai–Žygimantų–Pylimo g.–Stotis	886	NULL	NULL	NULL	NULL	NULL	NULL	NULL	20	Troleibusai	20	05		924	NULL	NULL	NULL
missed	663073	B>A	Stotis–Pylimo–Žygimantų g.–Žirmūnai	925	NULL	NULL	NULL	NULL	NULL	NULL	NULL	20	Troleibusai	20	05		958	NULL	NULL	NULL
missed	663073	A>B	Žirmūnai–Žygimantų–Pylimo g.–Stotis	972	NULL	NULL	NULL	NULL	NULL	NULL	NULL	20	Troleibusai	20	05		1011	NULL	NULL	NULL
missed	663073	B>A	Stotis–Pylimo–Žygimantų g.–Žirmūnai	1012	NULL	NULL	NULL	NULL	NULL	NULL	NULL	20	Troleibusai	20	05		1052	NULL	NULL	NULL
missed	663073	A>B	Žirmūnai–Žygimantų–Pylimo g.–Stotis	1065	NULL	NULL	NULL	NULL	NULL	NULL	NULL	20	Troleibusai	20	05		1105	NULL	NULL	NULL
missed	663073	B>A	Stotis–Pylimo–Žygimantų g.–Žirmūnai	1106	NULL	NULL	NULL	NULL	NULL	NULL	NULL	20	Troleibusai	20	05		1145	NULL	NULL	NULL
missed	663073	A>B	Žirmūnai–Žygimantų–Pylimo g.–Stotis	1182	NULL	NULL	NULL	NULL	NULL	NULL	NULL	20	Troleibusai	20	05		1217	NULL	NULL	NULL
missed	663073	B>A	Stotis–Pylimo–Žygimantų g.–Žirmūnai	1218	NULL	NULL	NULL	NULL	NULL	NULL	NULL	20	Troleibusai	20	05		1249	NULL	NULL	NULL
missed	663073	A>B	Žirmūnai–Žygimantų–Pylimo g.–Stotis	1260	NULL	NULL	NULL	NULL	NULL	NULL	NULL	20	Troleibusai	20	05		1295	NULL	NULL	NULL
missed	663073	B>A	Stotis–Pylimo–Žygimantų g.–Žirmūnai	1296	NULL	NULL	NULL	NULL	NULL	NULL	NULL	20	Troleibusai	20	05		1327	NULL	NULL	NULL
missed	663073	A>B	Žirmūnai–Žygimantų–Pylimo g.–Stotis	1338	NULL	NULL	NULL	NULL	NULL	NULL	NULL	20	Troleibusai	20	05		1373	NULL	NULL	NULL
missed	663073	B>A	Stotis–Pylimo–Žygimantų g.–Žirmūnai	1374	NULL	NULL	NULL	NULL	NULL	NULL	NULL	20	Troleibusai	20	05		1405	NULL	NULL	NULL
missed	663075	A>B	Žirmūnai–Žygimantų–Pylimo g.–Stotis	361	NULL	NULL	NULL	NULL	NULL	NULL	NULL	20	Troleibusai	20	06		396	NULL	NULL	NULL
missed	663075	B>A	Stotis–Pylimo–Žygimantų g.–Žirmūnai	397	NULL	NULL	NULL	NULL	NULL	NULL	NULL	20	Troleibusai	20	06		428	NULL	NULL	NULL
delay	780643	A>B	Žirmūnai–Žygimantų–Pylimo g.–Stotis	440	448	7.9000001	Šaltinėlio st.	449.20001	11.7	Tuskulėnų rimties parkas	465.5	20	Troleibusai	20	06	3-2630	481	489	1	1
delay	780643	B>A	Stotis–Pylimo–Žygimantų g.–Žirmūnai	483	491	6.5999999	Karaliaus Mindaugo tiltas	506.70001	10.4	Šaltinėlio st.	528.5	20	Troleibusai	20	06	3-2630	519	529	1	1
delay	780643	A>B	Žirmūnai–Žygimantų–Pylimo g.–Stotis	531	545	12.9	Karaliaus Mindaugo tiltas	565.5	14.1	Vingriai	577.5	20	Troleibusai	20	06	3-2630	568	582	1	1
missed	663075	B>A	Stotis–Pylimo–Žygimantų g.–Žirmūnai	569	NULL	NULL	NULL	NULL	NULL	NULL	NULL	20	Troleibusai	20	06		602	NULL	NULL	NULL
missed	663075	A>B	Žirmūnai–Žygimantų–Pylimo g.–Stotis	646	NULL	NULL	NULL	NULL	NULL	NULL	NULL	20	Troleibusai	20	06		683	NULL	NULL	NULL
missed	663075	B>A	Stotis–Pylimo–Žygimantų g.–Žirmūnai	684	NULL	NULL	NULL	NULL	NULL	NULL	NULL	20	Troleibusai	20	06		717	NULL	NULL	NULL
missed	663075	A>B	Žirmūnai–Žygimantų–Pylimo g.–Stotis	733	NULL	NULL	NULL	NULL	NULL	NULL	NULL	20	Troleibusai	20	06		770	NULL	NULL	NULL
missed	663075	B>A	Stotis–Pylimo–Žygimantų g.–Žirmūnai	771	NULL	NULL	NULL	NULL	NULL	NULL	NULL	20	Troleibusai	20	06		804	NULL	NULL	NULL
missed	663075	A>B	Žirmūnai–Žygimantų–Pylimo g.–Stotis	814	NULL	NULL	NULL	NULL	NULL	NULL	NULL	20	Troleibusai	20	06		851	NULL	NULL	NULL
missed	663075	B>A	Stotis–Pylimo–Žygimantų g.–Žirmūnai	852	NULL	NULL	NULL	NULL	NULL	NULL	NULL	20	Troleibusai	20	06		885	NULL	NULL	NULL
missed	663075	A>B	Žirmūnai–Žygimantų–Pylimo g.–Stotis	897	NULL	NULL	NULL	NULL	NULL	NULL	NULL	20	Troleibusai	20	06		935	NULL	NULL	NULL
missed	663075	B>A	Stotis–Pylimo–Žygimantų g.–Žirmūnai	936	NULL	NULL	NULL	NULL	NULL	NULL	NULL	20	Troleibusai	20	06		970	NULL	NULL	NULL
missed	663075	A>B	Žirmūnai–Žygimantų–Pylimo g.–Stotis	987	NULL	NULL	NULL	NULL	NULL	NULL	NULL	20	Troleibusai	20	06		1026	NULL	NULL	NULL
missed	663075	B>A	Stotis–Pylimo–Žygimantų g.–Žirmūnai	1027	NULL	NULL	NULL	NULL	NULL	NULL	NULL	20	Troleibusai	20	06		1067	NULL	NULL	NULL
missed	663075	A>B	Žirmūnai–Žygimantų–Pylimo g.–Stotis	1083	NULL	NULL	NULL	NULL	NULL	NULL	NULL	20	Troleibusai	20	06		1122	NULL	NULL	NULL
missed	663075	B>A	Stotis–Pylimo–Žygimantų g.–Žirmūnai	1123	NULL	NULL	NULL	NULL	NULL	NULL	NULL	20	Troleibusai	20	06		1159	NULL	NULL	NULL
missed	663075	A>B	Žirmūnai–Žygimantų–Pylimo g.–Stotis	1197	NULL	NULL	NULL	NULL	NULL	NULL	NULL	20	Troleibusai	20	06		1232	NULL	NULL	NULL
missed	663075	B>A	Stotis–Pylimo–Žygimantų g.–Žirmūnai	1233	NULL	NULL	NULL	NULL	NULL	NULL	NULL	20	Troleibusai	20	06		1264	NULL	NULL	NULL
missed	663075	A>B	Žirmūnai–Žygimantų–Pylimo g.–Stotis	1274	NULL	NULL	NULL	NULL	NULL	NULL	NULL	20	Troleibusai	20	06		1309	NULL	NULL	NULL
missed	663075	B>A	Stotis–Pylimo–Žygimantų g.–Žirmūnai	1310	NULL	NULL	NULL	NULL	NULL	NULL	NULL	20	Troleibusai	20	06		1341	NULL	NULL	NULL
missed	663075	A>B	Žirmūnai–Žygimantų–Pylimo g.–Stotis	1359	NULL	NULL	NULL	NULL	NULL	NULL	NULL	20	Troleibusai	20	06		1394	NULL	NULL	NULL
missed	663075	B>A	Stotis–Pylimo–Žygimantų g.–Žirmūnai	1395	NULL	NULL	NULL	NULL	NULL	NULL	NULL	20	Troleibusai	20	06		1426	NULL	NULL	NULL
delay	780527	B>A	Žirmūnai–Šilo tiltas–Saulėtekis	350	350	-1.6	Vilniaus universitetas	370.70001	-0.1	Žirmūnai	356.29999	21	Troleibusai	21	01	3-2616	375	373	0	0
delay	780527	A>B	Saulėtekis–Šilo tiltas–Žirmūnai	380	380	-2	Žirmūnai	397	-0.40000001	Senoji plytinė	380.60001	21	Troleibusai	21	01	3-2616	405	403	0	0
delay	780527	B>A	Žirmūnai–Šilo tiltas–Saulėtekis	410	410	-0.40000001	Šaltinėlio st.	410.79999	-0.1	Šiaurės miestelis	418.10001	21	Troleibusai	21	01	3-2616	436	435	0	0
delay	780527	A>B	Saulėtekis–Šilo tiltas–Žirmūnai	444	440	-3.7	Saulėtekis	445.5	3.0999999	Šaltinėlio st.	471.29999	21	Troleibusai	21	01	3-2616	469	472	1	1
delay	780527	B>A	Žirmūnai–Šilo tiltas–Saulėtekis	477	479	1.6	Šaltinėlio st.	479.89999	5	Kareivių st.	488.39999	21	Troleibusai	21	01	3-2616	504	507	1	0
delay	780527	A>B	Saulėtekis–Šilo tiltas–Žirmūnai	510	510	-0.40000001	Saulėtekis	514.79999	1.5	Šiaurės miestelis	529.29999	21	Troleibusai	21	01	3-2616	535	536	0	0
delay	780527	B>A	Žirmūnai–Šilo tiltas–Saulėtekis	570	572	2.0999999	Žirmūnų seniūnija	575.79999	3.3	Antakalnis	592.59998	21	Troleibusai	21	01	3-2616	597	599	1	0
missed	663077	A>B	Saulėtekis–Šilo tiltas–Žirmūnai	603	NULL	NULL	NULL	NULL	NULL	NULL	NULL	21	Troleibusai	21	01		628	NULL	NULL	NULL
missed	663077	B>A	Žirmūnai–Šilo tiltas–Saulėtekis	634	NULL	NULL	NULL	NULL	NULL	NULL	NULL	21	Troleibusai	21	01		661	NULL	NULL	NULL
missed	663077	A>B	Saulėtekis–Šilo tiltas–Žirmūnai	667	NULL	NULL	NULL	NULL	NULL	NULL	NULL	21	Troleibusai	21	01		692	NULL	NULL	NULL
missed	663077	B>A	Žirmūnai–Šilo tiltas–Saulėtekis	699	NULL	NULL	NULL	NULL	NULL	NULL	NULL	21	Troleibusai	21	01		726	NULL	NULL	NULL
missed	663077	A>B	Saulėtekis–Šilo tiltas–Žirmūnai	733	NULL	NULL	NULL	NULL	NULL	NULL	NULL	21	Troleibusai	21	01		758	NULL	NULL	NULL
missed	663077	B>A	Žirmūnai–Šilo tiltas–Saulėtekis	766	NULL	NULL	NULL	NULL	NULL	NULL	NULL	21	Troleibusai	21	01		793	NULL	NULL	NULL
missed	663077	A>B	Saulėtekis–Šilo tiltas–Žirmūnai	801	NULL	NULL	NULL	NULL	NULL	NULL	NULL	21	Troleibusai	21	01		826	NULL	NULL	NULL
missed	663077	B>A	Žirmūnai–Šilo tiltas–Saulėtekis	839	NULL	NULL	NULL	NULL	NULL	NULL	NULL	21	Troleibusai	21	01		866	NULL	NULL	NULL
missed	663077	A>B	Saulėtekis–Šilo tiltas–Žirmūnai	872	NULL	NULL	NULL	NULL	NULL	NULL	NULL	21	Troleibusai	21	01		897	NULL	NULL	NULL
missed	663077	B>A	Žirmūnai–Šilo tiltas–Saulėtekis	904	NULL	NULL	NULL	NULL	NULL	NULL	NULL	21	Troleibusai	21	01		931	NULL	NULL	NULL
missed	663077	A>B	Saulėtekis–Šilo tiltas–Žirmūnai	938	NULL	NULL	NULL	NULL	NULL	NULL	NULL	21	Troleibusai	21	01		963	NULL	NULL	NULL
missed	663077	B>A	Žirmūnai–Šilo tiltas–Saulėtekis	970	NULL	NULL	NULL	NULL	NULL	NULL	NULL	21	Troleibusai	21	01		997	NULL	NULL	NULL
missed	663077	A>B	Saulėtekis–Šilo tiltas–Žirmūnai	1006	NULL	NULL	NULL	NULL	NULL	NULL	NULL	21	Troleibusai	21	01		1033	NULL	NULL	NULL
missed	663077	B>A	Žirmūnai–Šilo tiltas–Saulėtekis	1042	NULL	NULL	NULL	NULL	NULL	NULL	NULL	21	Troleibusai	21	01		1070	NULL	NULL	NULL
missed	663077	A>B	Saulėtekis–Šilo tiltas–Žirmūnai	1080	NULL	NULL	NULL	NULL	NULL	NULL	NULL	21	Troleibusai	21	01		1107	NULL	NULL	NULL
missed	663077	B>A	Žirmūnai–Šilo tiltas–Saulėtekis	1138	NULL	NULL	NULL	NULL	NULL	NULL	NULL	21	Troleibusai	21	01		1164	NULL	NULL	NULL
missed	663077	A>B	Saulėtekis–Šilo tiltas–Žirmūnai	1170	NULL	NULL	NULL	NULL	NULL	NULL	NULL	21	Troleibusai	21	01		1195	NULL	NULL	NULL
missed	663077	B>A	Žirmūnai–Šilo tiltas–Saulėtekis	1208	NULL	NULL	NULL	NULL	NULL	NULL	NULL	21	Troleibusai	21	01		1233	NULL	NULL	NULL
missed	663077	A>B	Saulėtekis–Šilo tiltas–Žirmūnai	1242	NULL	NULL	NULL	NULL	NULL	NULL	NULL	21	Troleibusai	21	01		1267	NULL	NULL	NULL
missed	663077	B>A	Žirmūnai–Šilo tiltas–Saulėtekis	1272	NULL	NULL	NULL	NULL	NULL	NULL	NULL	21	Troleibusai	21	01		1297	NULL	NULL	NULL
missed	663077	A>B	Saulėtekis–Šilo tiltas–Žirmūnai	1305	NULL	NULL	NULL	NULL	NULL	NULL	NULL	21	Troleibusai	21	01		1330	NULL	NULL	NULL
delay	780584	A>B	Saulėtekis–Šilo tiltas–Žirmūnai	396	396	-1.8	Nemenčinės plentas	400.70001	0	Šaltinėlio st.	419.60001	21	Troleibusai	21	02	3-2605	421	420	0	0
delay	780584	B>A	Žirmūnai–Šilo tiltas–Saulėtekis	430	427	-2.9000001	Šaltinėlio st.	428.39999	1.9	Antakalnis	451.20001	21	Troleibusai	21	02	3-2605	457	457	0	0
delay	780584	A>B	Saulėtekis–Šilo tiltas–Žirmūnai	467	467	-0.30000001	Gedimino technikos universitetas	469.10001	10.9	Šaltinėlio st.	502.10001	21	Troleibusai	21	02	3-2605	492	503	1	1
delay	780584	B>A	Žirmūnai–Šilo tiltas–Saulėtekis	502	504	1.7	Šaltinėlio st.	504.89999	5.6999998	Antakalnis	527	21	Troleibusai	21	02	3-2605	529	533	1	1
delay	780584	A>B	Saulėtekis–Šilo tiltas–Žirmūnai	534	534	-0.30000001	Gedimino technikos universitetas	536.20001	1.6	Šaltinėlio st.	559.79999	21	Troleibusai	21	02	3-2605	559	560	0	0
missed	663078	B>A	Žirmūnai–Šilo tiltas–Saulėtekis	600	NULL	NULL	NULL	NULL	NULL	NULL	NULL	21	Troleibusai	21	02		627	NULL	NULL	NULL
missed	663078	A>B	Saulėtekis–Šilo tiltas–Žirmūnai	639	NULL	NULL	NULL	NULL	NULL	NULL	NULL	21	Troleibusai	21	02		664	NULL	NULL	NULL
missed	663078	B>A	Žirmūnai–Šilo tiltas–Saulėtekis	669	NULL	NULL	NULL	NULL	NULL	NULL	NULL	21	Troleibusai	21	02		696	NULL	NULL	NULL
missed	663078	A>B	Saulėtekis–Šilo tiltas–Žirmūnai	703	NULL	NULL	NULL	NULL	NULL	NULL	NULL	21	Troleibusai	21	02		728	NULL	NULL	NULL
missed	663078	B>A	Žirmūnai–Šilo tiltas–Saulėtekis	735	NULL	NULL	NULL	NULL	NULL	NULL	NULL	21	Troleibusai	21	02		762	NULL	NULL	NULL
missed	663078	A>B	Saulėtekis–Šilo tiltas–Žirmūnai	768	NULL	NULL	NULL	NULL	NULL	NULL	NULL	21	Troleibusai	21	02		793	NULL	NULL	NULL
missed	663078	B>A	Žirmūnai–Šilo tiltas–Saulėtekis	800	NULL	NULL	NULL	NULL	NULL	NULL	NULL	21	Troleibusai	21	02		827	NULL	NULL	NULL
missed	663078	A>B	Saulėtekis–Šilo tiltas–Žirmūnai	836	NULL	NULL	NULL	NULL	NULL	NULL	NULL	21	Troleibusai	21	02		861	NULL	NULL	NULL
missed	663078	B>A	Žirmūnai–Šilo tiltas–Saulėtekis	878	NULL	NULL	NULL	NULL	NULL	NULL	NULL	21	Troleibusai	21	02		905	NULL	NULL	NULL
missed	663078	A>B	Saulėtekis–Šilo tiltas–Žirmūnai	916	NULL	NULL	NULL	NULL	NULL	NULL	NULL	21	Troleibusai	21	02		941	NULL	NULL	NULL
missed	663078	B>A	Žirmūnai–Šilo tiltas–Saulėtekis	946	NULL	NULL	NULL	NULL	NULL	NULL	NULL	21	Troleibusai	21	02		973	NULL	NULL	NULL
missed	663078	A>B	Saulėtekis–Šilo tiltas–Žirmūnai	983	NULL	NULL	NULL	NULL	NULL	NULL	NULL	21	Troleibusai	21	02		1010	NULL	NULL	NULL
missed	663078	B>A	Žirmūnai–Šilo tiltas–Saulėtekis	1015	NULL	NULL	NULL	NULL	NULL	NULL	NULL	21	Troleibusai	21	02		1042	NULL	NULL	NULL
missed	663078	A>B	Saulėtekis–Šilo tiltas–Žirmūnai	1052	NULL	NULL	NULL	NULL	NULL	NULL	NULL	21	Troleibusai	21	02		1079	NULL	NULL	NULL
missed	663078	B>A	Žirmūnai–Šilo tiltas–Saulėtekis	1090	NULL	NULL	NULL	NULL	NULL	NULL	NULL	21	Troleibusai	21	02		1117	NULL	NULL	NULL
missed	663078	A>B	Saulėtekis–Šilo tiltas–Žirmūnai	1124	NULL	NULL	NULL	NULL	NULL	NULL	NULL	21	Troleibusai	21	02		1150	NULL	NULL	NULL
missed	663078	B>A	Žirmūnai–Šilo tiltas–Saulėtekis	1182	NULL	NULL	NULL	NULL	NULL	NULL	NULL	21	Troleibusai	21	02		1207	NULL	NULL	NULL
missed	663078	A>B	Saulėtekis–Šilo tiltas–Žirmūnai	1212	NULL	NULL	NULL	NULL	NULL	NULL	NULL	21	Troleibusai	21	02		1237	NULL	NULL	NULL
missed	663078	B>A	Žirmūnai–Šilo tiltas–Saulėtekis	1242	NULL	NULL	NULL	NULL	NULL	NULL	NULL	21	Troleibusai	21	02		1267	NULL	NULL	NULL
missed	663078	A>B	Saulėtekis–Šilo tiltas–Žirmūnai	1274	NULL	NULL	NULL	NULL	NULL	NULL	NULL	21	Troleibusai	21	02		1299	NULL	NULL	NULL
missed	663078	B>A	Žirmūnai–Šilo tiltas–Saulėtekis	1305	NULL	NULL	NULL	NULL	NULL	NULL	NULL	21	Troleibusai	21	02		1330	NULL	NULL	NULL
missed	663078	A>B	Saulėtekis–Šilo tiltas–Žirmūnai	1340	NULL	NULL	NULL	NULL	NULL	NULL	NULL	21	Troleibusai	21	02		1365	NULL	NULL	NULL
delay	780574	B>A	Žirmūnai–Šilo tiltas–Saulėtekis	377	376	-1	Žirmūnų seniūnija	379.89999	-0.30000001	Šilo tiltas	390	21	Troleibusai	21	03	3-3114	402	401	0	0
delay	780574	A>B	Saulėtekis–Šilo tiltas–Žirmūnai	418	413	-5.1999998	Nemenčinės plentas	419.39999	-2	Šaltinėlio st.	439.89999	21	Troleibusai	21	03	3-3114	443	440	1	1
delay	780574	B>A	Žirmūnai–Šilo tiltas–Saulėtekis	454	444	-10	Šaltinėlio st.	445.20001	-5.9000001	Nemenčinės plentas	468.39999	21	Troleibusai	21	03	3-3114	481	474	1	1
delay	780574	A>B	Saulėtekis–Šilo tiltas–Žirmūnai	492	489	-3.3	Senoji plytinė	489.89999	-2	Šaltinėlio st.	514.20001	21	Troleibusai	21	03	3-3114	517	515	1	1
delay	780574	B>A	Žirmūnai–Šilo tiltas–Saulėtekis	532	531	-0.69999999	Šaltinėlio st.	532.5	0.40000001	Nemenčinės plentas	552.79999	21	Troleibusai	21	03	3-3114	559	559	0	0
delay	780574	A>B	Saulėtekis–Šilo tiltas–Žirmūnai	571	570	-1.3	Gedimino technikos universitetas	572.20001	0.1	Šaltinėlio st.	595.29999	21	Troleibusai	21	03	3-3114	596	596	0	0
missed	663079	B>A	Žirmūnai–Šilo tiltas–Saulėtekis	857	NULL	NULL	NULL	NULL	NULL	NULL	NULL	21	Troleibusai	21	03		884	NULL	NULL	NULL
missed	663079	A>B	Saulėtekis–Šilo tiltas–Žirmūnai	892	NULL	NULL	NULL	NULL	NULL	NULL	NULL	21	Troleibusai	21	03		917	NULL	NULL	NULL
missed	663079	B>A	Žirmūnai–Šilo tiltas–Saulėtekis	924	NULL	NULL	NULL	NULL	NULL	NULL	NULL	21	Troleibusai	21	03		951	NULL	NULL	NULL
missed	663079	A>B	Saulėtekis–Šilo tiltas–Žirmūnai	960	NULL	NULL	NULL	NULL	NULL	NULL	NULL	21	Troleibusai	21	03		986	NULL	NULL	NULL
missed	663079	B>A	Žirmūnai–Šilo tiltas–Saulėtekis	993	NULL	NULL	NULL	NULL	NULL	NULL	NULL	21	Troleibusai	21	03		1020	NULL	NULL	NULL
missed	663079	A>B	Saulėtekis–Šilo tiltas–Žirmūnai	1029	NULL	NULL	NULL	NULL	NULL	NULL	NULL	21	Troleibusai	21	03		1056	NULL	NULL	NULL
missed	663079	B>A	Žirmūnai–Šilo tiltas–Saulėtekis	1064	NULL	NULL	NULL	NULL	NULL	NULL	NULL	21	Troleibusai	21	03		1092	NULL	NULL	NULL
delay	780530	A>B	Karoliniškės–Žvėrynas–Šeimyniškių g.	348	344	-4.8000002	Jokūbo Jasinskio st.	362.70001	-2.5999999	Karaliaus Mindaugo tiltas	374	3	Troleibusai	3	01	3-1949	382	379	1	1
delay	780530	B>A	Šeimyniškių g.–Žvėrynas–Karoliniškės	382	379	-3	Žaliasis tiltas	384.70001	-1.8	Atminties st.	412.70001	3	Troleibusai	3	01	3-1949	417	415	0	0
delay	780530	A>B	Karoliniškės–Žvėrynas–Šeimyniškių g.	423	426	2.9000001	Atminties st.	427.39999	3.5999999	Pamėnkalnio st.	450	3	Troleibusai	3	01	3-1949	464	466	1	0
delay	780530	B>A	Šeimyniškių g.–Žvėrynas–Karoliniškės	464	467	1.2	Ugniagesių st.	498.79999	3.2	Latvių st.	486.60001	3	Troleibusai	3	01	3-1949	502	503	1	1
delay	780530	A>B	Karoliniškės–Žvėrynas–Šeimyniškių g.	513	517	4.5999999	Atminties st.	519.09998	10.4	Kalnų parkas	555.90002	3	Troleibusai	3	01	3-1949	551	561	1	1
delay	780530	B>A	Šeimyniškių g.–Žvėrynas–Karoliniškės	551	561	9.3999996	Žaliasis tiltas	567.20001	12.6	Latvių st.	582.79999	3	Troleibusai	3	01	3-1949	587	598	1	1
missed	662913	A>B	Karoliniškės–Žvėrynas–Šeimyniškių g.	627	NULL	NULL	NULL	NULL	NULL	NULL	NULL	3	Troleibusai	3	01		664	NULL	NULL	NULL
missed	662913	B>A	Šeimyniškių g.–Žvėrynas–Karoliniškės	664	NULL	NULL	NULL	NULL	NULL	NULL	NULL	3	Troleibusai	3	01		700	NULL	NULL	NULL
missed	662913	A>B	Karoliniškės–Žvėrynas–Šeimyniškių g.	714	NULL	NULL	NULL	NULL	NULL	NULL	NULL	3	Troleibusai	3	01		751	NULL	NULL	NULL
missed	662913	B>A	Šeimyniškių g.–Žvėrynas–Karoliniškės	751	NULL	NULL	NULL	NULL	NULL	NULL	NULL	3	Troleibusai	3	01		787	NULL	NULL	NULL
missed	662913	A>B	Karoliniškės–Žvėrynas–Šeimyniškių g.	799	NULL	NULL	NULL	NULL	NULL	NULL	NULL	3	Troleibusai	3	01		836	NULL	NULL	NULL
missed	662913	B>A	Šeimyniškių g.–Žvėrynas–Karoliniškės	836	NULL	NULL	NULL	NULL	NULL	NULL	NULL	3	Troleibusai	3	01		872	NULL	NULL	NULL
missed	662913	A>B	Karoliniškės–Žvėrynas–Šeimyniškių g.	885	NULL	NULL	NULL	NULL	NULL	NULL	NULL	3	Troleibusai	3	01		922	NULL	NULL	NULL
missed	662913	B>A	Šeimyniškių g.–Žvėrynas–Karoliniškės	922	NULL	NULL	NULL	NULL	NULL	NULL	NULL	3	Troleibusai	3	01		958	NULL	NULL	NULL
missed	662913	A>B	Karoliniškės–Žvėrynas–Šeimyniškių g.	970	NULL	NULL	NULL	NULL	NULL	NULL	NULL	3	Troleibusai	3	01		1009	NULL	NULL	NULL
missed	662913	B>A	Šeimyniškių g.–Žvėrynas–Karoliniškės	1009	NULL	NULL	NULL	NULL	NULL	NULL	NULL	3	Troleibusai	3	01		1050	NULL	NULL	NULL
missed	662913	A>B	Karoliniškės–Žvėrynas–Šeimyniškių g.	1064	NULL	NULL	NULL	NULL	NULL	NULL	NULL	3	Troleibusai	3	01		1104	NULL	NULL	NULL
missed	662913	B>A	Šeimyniškių g.–Žvėrynas–Karoliniškės	1104	NULL	NULL	NULL	NULL	NULL	NULL	NULL	3	Troleibusai	3	01		1144	NULL	NULL	NULL
missed	662913	A>B	Karoliniškės–Žvėrynas–Šeimyniškių g.	1181	NULL	NULL	NULL	NULL	NULL	NULL	NULL	3	Troleibusai	3	01		1216	NULL	NULL	NULL
missed	662913	B>A	Šeimyniškių g.–Žvėrynas–Karoliniškės	1216	NULL	NULL	NULL	NULL	NULL	NULL	NULL	3	Troleibusai	3	01		1251	NULL	NULL	NULL
missed	662913	A>B	Karoliniškės–Žvėrynas–Šeimyniškių g.	1259	NULL	NULL	NULL	NULL	NULL	NULL	NULL	3	Troleibusai	3	01		1294	NULL	NULL	NULL
missed	662913	B>A	Šeimyniškių g.–Žvėrynas–Karoliniškės	1294	NULL	NULL	NULL	NULL	NULL	NULL	NULL	3	Troleibusai	3	01		1329	NULL	NULL	NULL
missed	662913	A>B	Karoliniškės–Žvėrynas–Šeimyniškių g.	1340	NULL	NULL	NULL	NULL	NULL	NULL	NULL	3	Troleibusai	3	01		1375	NULL	NULL	NULL
missed	662913	B>A	Šeimyniškių g.–Žvėrynas–Karoliniškės	1375	NULL	NULL	NULL	NULL	NULL	NULL	NULL	3	Troleibusai	3	01		1410	NULL	NULL	NULL
delay	780628	A>B	Karoliniškės–Žvėrynas–Šeimyniškių g.	435	436	-0.2	Kalnų parkas	469.79999	2.8	Latvių st.	454.20001	3	Troleibusai	3	02	3-2881	476	474	0	0
delay	780628	B>A	Šeimyniškių g.–Žvėrynas–Karoliniškės	476	476	-0.69999999	Žaliasis tiltas	482.5	1.7	Latvių st.	497.10001	3	Troleibusai	3	02	3-2881	514	515	0	0
delay	780628	A>B	Karoliniškės–Žvėrynas–Šeimyniškių g.	528	534	5.9000001	Karoliniškių poliklinika	538.40002	8.6000004	Latvių st.	551.90002	3	Troleibusai	3	02	3-2881	565	571	1	1
delay	780628	B>A	Šeimyniškių g.–Žvėrynas–Karoliniškės	565	572	5.4000001	Islandijos st.	583.5	7.4000001	Šeimyniškių st.	572.40002	3	Troleibusai	3	02	3-2881	601	602	1	1
missed	662911	A>B	Karoliniškės–Žvėrynas–Šeimyniškių g.	934	NULL	NULL	NULL	NULL	NULL	NULL	NULL	3	Troleibusai	3	02		973	NULL	NULL	NULL
missed	662911	B>A	Šeimyniškių g.–Žvėrynas–Karoliniškės	973	NULL	NULL	NULL	NULL	NULL	NULL	NULL	3	Troleibusai	3	02		1013	NULL	NULL	NULL
missed	662911	A>B	Karoliniškės–Žvėrynas–Šeimyniškių g.	1024	NULL	NULL	NULL	NULL	NULL	NULL	NULL	3	Troleibusai	3	02		1064	NULL	NULL	NULL
missed	662911	B>A	Šeimyniškių g.–Žvėrynas–Karoliniškės	1064	NULL	NULL	NULL	NULL	NULL	NULL	NULL	3	Troleibusai	3	02		1105	NULL	NULL	NULL
missed	662911	A>B	Karoliniškės–Žvėrynas–Šeimyniškių g.	1114	NULL	NULL	NULL	NULL	NULL	NULL	NULL	3	Troleibusai	3	02		1151	NULL	NULL	NULL
missed	662911	B>A	Šeimyniškių g.–Žvėrynas–Karoliniškės	1151	NULL	NULL	NULL	NULL	NULL	NULL	NULL	3	Troleibusai	3	02		1187	NULL	NULL	NULL
delay	780566	A>B	Karoliniškės–Žvėrynas–Šeimyniškių g.	384	368	-15.8	Atminties st.	369.89999	-10.4	Kalnų parkas	403.5	3	Troleibusai	3	03	3-2801	418	407	1	1
delay	780566	B>A	Šeimyniškių g.–Žvėrynas–Karoliniškės	418	409	-8.8999996	„Žalgirio“ stadionas	411	-6	Latvių st.	431.10001	3	Troleibusai	3	03	3-2801	456	448	1	1
delay	780566	A>B	Karoliniškės–Žvėrynas–Šeimyniškių g.	472	452	-20.4	Atminties st.	453.20001	-9	Jogailos st.	488.60001	3	Troleibusai	3	03	3-2801	512	501	1	1
delay	780566	B>A	Šeimyniškių g.–Žvėrynas–Karoliniškės	512	501	-11.9	Islandijos st.	513.59998	-8.5	Atminties st.	537.29999	3	Troleibusai	3	03	3-2801	548	539	1	1
delay	780566	A>B	Karoliniškės–Žvėrynas–Šeimyniškių g.	583	549	-34.299999	Atminties st.	550.40002	-29.1	Kalnų parkas	585.79999	3	Troleibusai	3	03	3-2801	620	591	1	1
missed	662914	B>A	Šeimyniškių g.–Žvėrynas–Karoliniškės	620	NULL	NULL	NULL	NULL	NULL	NULL	NULL	3	Troleibusai	3	03		656	NULL	NULL	NULL
missed	662914	A>B	Karoliniškės–Žvėrynas–Šeimyniškių g.	674	NULL	NULL	NULL	NULL	NULL	NULL	NULL	3	Troleibusai	3	03		711	NULL	NULL	NULL
missed	662914	B>A	Šeimyniškių g.–Žvėrynas–Karoliniškės	711	NULL	NULL	NULL	NULL	NULL	NULL	NULL	3	Troleibusai	3	03		747	NULL	NULL	NULL
missed	662914	A>B	Karoliniškės–Žvėrynas–Šeimyniškių g.	755	NULL	NULL	NULL	NULL	NULL	NULL	NULL	3	Troleibusai	3	03		792	NULL	NULL	NULL
missed	662914	B>A	Šeimyniškių g.–Žvėrynas–Karoliniškės	792	NULL	NULL	NULL	NULL	NULL	NULL	NULL	3	Troleibusai	3	03		828	NULL	NULL	NULL
missed	662914	A>B	Karoliniškės–Žvėrynas–Šeimyniškių g.	839	NULL	NULL	NULL	NULL	NULL	NULL	NULL	3	Troleibusai	3	03		876	NULL	NULL	NULL
missed	662914	B>A	Šeimyniškių g.–Žvėrynas–Karoliniškės	876	NULL	NULL	NULL	NULL	NULL	NULL	NULL	3	Troleibusai	3	03		912	NULL	NULL	NULL
missed	662914	A>B	Karoliniškės–Žvėrynas–Šeimyniškių g.	920	NULL	NULL	NULL	NULL	NULL	NULL	NULL	3	Troleibusai	3	03		957	NULL	NULL	NULL
missed	662914	B>A	Šeimyniškių g.–Žvėrynas–Karoliniškės	957	NULL	NULL	NULL	NULL	NULL	NULL	NULL	3	Troleibusai	3	03		996	NULL	NULL	NULL
missed	662914	A>B	Karoliniškės–Žvėrynas–Šeimyniškių g.	1009	NULL	NULL	NULL	NULL	NULL	NULL	NULL	3	Troleibusai	3	03		1049	NULL	NULL	NULL
missed	662914	B>A	Šeimyniškių g.–Žvėrynas–Karoliniškės	1049	NULL	NULL	NULL	NULL	NULL	NULL	NULL	3	Troleibusai	3	03		1090	NULL	NULL	NULL
missed	662914	A>B	Karoliniškės–Žvėrynas–Šeimyniškių g.	1133	NULL	NULL	NULL	NULL	NULL	NULL	NULL	3	Troleibusai	3	03		1169	NULL	NULL	NULL
missed	662914	B>A	Šeimyniškių g.–Žvėrynas–Karoliniškės	1169	NULL	NULL	NULL	NULL	NULL	NULL	NULL	3	Troleibusai	3	03		1205	NULL	NULL	NULL
missed	662914	A>B	Karoliniškės–Žvėrynas–Šeimyniškių g.	1219	NULL	NULL	NULL	NULL	NULL	NULL	NULL	3	Troleibusai	3	03		1254	NULL	NULL	NULL
missed	662914	B>A	Šeimyniškių g.–Žvėrynas–Karoliniškės	1254	NULL	NULL	NULL	NULL	NULL	NULL	NULL	3	Troleibusai	3	03		1289	NULL	NULL	NULL
missed	662914	A>B	Karoliniškės–Žvėrynas–Šeimyniškių g.	1298	NULL	NULL	NULL	NULL	NULL	NULL	NULL	3	Troleibusai	3	03		1333	NULL	NULL	NULL
missed	662914	B>A	Šeimyniškių g.–Žvėrynas–Karoliniškės	1333	NULL	NULL	NULL	NULL	NULL	NULL	NULL	3	Troleibusai	3	03		1368	NULL	NULL	NULL
delay	780491	A>B	Karoliniškės–Žvėrynas–Šeimyniškių g.	368	382	13.8	Ugniagesių st.	384.79999	17.200001	Kalnų parkas	415.10001	3	Troleibusai	3	04	3-119	402	419	1	1
delay	780491	B>A	Šeimyniškių g.–Žvėrynas–Karoliniškės	402	420	17.299999	Atminties st.	452.89999	19	Latvių st.	439.10001	3	Troleibusai	3	04	3-119	439	456	1	1
delay	780491	B>A	Šeimyniškių g.–Žvėrynas–Karoliniškės	402	339	1440	NULL	0	-1440	NULL	0	3	Troleibusai	3	04	3-119	439	373	0	1
delay	780491	A>B	Karoliniškės–Žvėrynas–Šeimyniškių g.	453	468	14.9	Karoliniškių poliklinika	472.29999	17.9	Kęstučio st.	488.79999	3	Troleibusai	3	04	3-119	494	508	1	1
delay	780491	B>A	Šeimyniškių g.–Žvėrynas–Karoliniškės	494	509	14.4	Ugniagesių st.	542	15.6	Latvių st.	529.09998	3	Troleibusai	3	04	3-119	532	546	1	1
delay	780491	A>B	Karoliniškės–Žvėrynas–Šeimyniškių g.	547	579	31.299999	Teodoro Narbuto st.	588.70001	31.9	Pasakų parkas	579.09998	3	Troleibusai	3	04	3-119	584	602	1	1
missed	662912	B>A	Šeimyniškių g.–Žvėrynas–Karoliniškės	584	NULL	NULL	NULL	NULL	NULL	NULL	NULL	3	Troleibusai	3	04		620	NULL	NULL	NULL
missed	662912	A>B	Karoliniškės–Žvėrynas–Šeimyniškių g.	654	NULL	NULL	NULL	NULL	NULL	NULL	NULL	3	Troleibusai	3	04		691	NULL	NULL	NULL
missed	662912	B>A	Šeimyniškių g.–Žvėrynas–Karoliniškės	691	NULL	NULL	NULL	NULL	NULL	NULL	NULL	3	Troleibusai	3	04		727	NULL	NULL	NULL
missed	662912	A>B	Karoliniškės–Žvėrynas–Šeimyniškių g.	736	NULL	NULL	NULL	NULL	NULL	NULL	NULL	3	Troleibusai	3	04		773	NULL	NULL	NULL
missed	662912	B>A	Šeimyniškių g.–Žvėrynas–Karoliniškės	773	NULL	NULL	NULL	NULL	NULL	NULL	NULL	3	Troleibusai	3	04		809	NULL	NULL	NULL
missed	662912	A>B	Karoliniškės–Žvėrynas–Šeimyniškių g.	818	NULL	NULL	NULL	NULL	NULL	NULL	NULL	3	Troleibusai	3	04		855	NULL	NULL	NULL
missed	662912	B>A	Šeimyniškių g.–Žvėrynas–Karoliniškės	855	NULL	NULL	NULL	NULL	NULL	NULL	NULL	3	Troleibusai	3	04		891	NULL	NULL	NULL
missed	662912	A>B	Karoliniškės–Žvėrynas–Šeimyniškių g.	903	NULL	NULL	NULL	NULL	NULL	NULL	NULL	3	Troleibusai	3	04		940	NULL	NULL	NULL
missed	662912	B>A	Šeimyniškių g.–Žvėrynas–Karoliniškės	940	NULL	NULL	NULL	NULL	NULL	NULL	NULL	3	Troleibusai	3	04		978	NULL	NULL	NULL
missed	662912	A>B	Karoliniškės–Žvėrynas–Šeimyniškių g.	991	NULL	NULL	NULL	NULL	NULL	NULL	NULL	3	Troleibusai	3	04		1031	NULL	NULL	NULL
missed	662912	B>A	Šeimyniškių g.–Žvėrynas–Karoliniškės	1031	NULL	NULL	NULL	NULL	NULL	NULL	NULL	3	Troleibusai	3	04		1072	NULL	NULL	NULL
missed	662912	A>B	Karoliniškės–Žvėrynas–Šeimyniškių g.	1088	NULL	NULL	NULL	NULL	NULL	NULL	NULL	3	Troleibusai	3	04		1128	NULL	NULL	NULL
missed	662912	B>A	Šeimyniškių g.–Žvėrynas–Karoliniškės	1128	NULL	NULL	NULL	NULL	NULL	NULL	NULL	3	Troleibusai	3	04		1165	NULL	NULL	NULL
missed	662912	A>B	Karoliniškės–Žvėrynas–Šeimyniškių g.	1202	NULL	NULL	NULL	NULL	NULL	NULL	NULL	3	Troleibusai	3	04		1237	NULL	NULL	NULL
missed	662912	B>A	Šeimyniškių g.–Žvėrynas–Karoliniškės	1237	NULL	NULL	NULL	NULL	NULL	NULL	NULL	3	Troleibusai	3	04		1272	NULL	NULL	NULL
missed	662912	A>B	Karoliniškės–Žvėrynas–Šeimyniškių g.	1281	NULL	NULL	NULL	NULL	NULL	NULL	NULL	3	Troleibusai	3	04		1316	NULL	NULL	NULL
missed	662912	B>A	Šeimyniškių g.–Žvėrynas–Karoliniškės	1316	NULL	NULL	NULL	NULL	NULL	NULL	NULL	3	Troleibusai	3	04		1351	NULL	NULL	NULL
missed	662912	A>B	Karoliniškės–Žvėrynas–Šeimyniškių g.	1357	NULL	NULL	NULL	NULL	NULL	NULL	NULL	3	Troleibusai	3	04		1392	NULL	NULL	NULL
missed	662912	B>A	Šeimyniškių g.–Žvėrynas–Karoliniškės	1392	NULL	NULL	NULL	NULL	NULL	NULL	NULL	3	Troleibusai	3	04		1427	NULL	NULL	NULL
delay	780570	A>B	Karoliniškės–Žvėrynas–Šeimyniškių g.	407	408	0.1	Kalnų parkas	440	2.4000001	Liubarto tiltas	426.39999	3	Troleibusai	3	05	3-1976	445	445	0	0
delay	780570	B>A	Šeimyniškių g.–Žvėrynas–Karoliniškės	445	497	48.299999	Ugniagesių st.	527	51.700001	„Žalgirio“ stadionas	498.60001	3	Troleibusai	3	05	3-1976	483	531	1	1
missed	662915	A>B	Karoliniškės–Žvėrynas–Šeimyniškių g.	495	NULL	NULL	NULL	NULL	NULL	NULL	NULL	3	Troleibusai	3	05		535	NULL	NULL	NULL
missed	662915	B>A	Šeimyniškių g.–Žvėrynas–Karoliniškės	535	NULL	NULL	NULL	NULL	NULL	NULL	NULL	3	Troleibusai	3	05		571	NULL	NULL	NULL
missed	662915	A>B	Karoliniškės–Žvėrynas–Šeimyniškių g.	611	NULL	NULL	NULL	NULL	NULL	NULL	NULL	3	Troleibusai	3	05		648	NULL	NULL	NULL
missed	662915	B>A	Šeimyniškių g.–Žvėrynas–Karoliniškės	648	NULL	NULL	NULL	NULL	NULL	NULL	NULL	3	Troleibusai	3	05		684	NULL	NULL	NULL
missed	662915	A>B	Karoliniškės–Žvėrynas–Šeimyniškių g.	694	NULL	NULL	NULL	NULL	NULL	NULL	NULL	3	Troleibusai	3	05		731	NULL	NULL	NULL
missed	662915	B>A	Šeimyniškių g.–Žvėrynas–Karoliniškės	731	NULL	NULL	NULL	NULL	NULL	NULL	NULL	3	Troleibusai	3	05		767	NULL	NULL	NULL
missed	662915	A>B	Karoliniškės–Žvėrynas–Šeimyniškių g.	777	NULL	NULL	NULL	NULL	NULL	NULL	NULL	3	Troleibusai	3	05		814	NULL	NULL	NULL
missed	662915	B>A	Šeimyniškių g.–Žvėrynas–Karoliniškės	814	NULL	NULL	NULL	NULL	NULL	NULL	NULL	3	Troleibusai	3	05		850	NULL	NULL	NULL
missed	662915	A>B	Karoliniškės–Žvėrynas–Šeimyniškių g.	862	NULL	NULL	NULL	NULL	NULL	NULL	NULL	3	Troleibusai	3	05		899	NULL	NULL	NULL
missed	662915	B>A	Šeimyniškių g.–Žvėrynas–Karoliniškės	899	NULL	NULL	NULL	NULL	NULL	NULL	NULL	3	Troleibusai	3	05		935	NULL	NULL	NULL
missed	662915	A>B	Karoliniškės–Žvėrynas–Šeimyniškių g.	953	NULL	NULL	NULL	NULL	NULL	NULL	NULL	3	Troleibusai	3	05		992	NULL	NULL	NULL
missed	662915	B>A	Šeimyniškių g.–Žvėrynas–Karoliniškės	992	NULL	NULL	NULL	NULL	NULL	NULL	NULL	3	Troleibusai	3	05		1032	NULL	NULL	NULL
missed	662915	A>B	Karoliniškės–Žvėrynas–Šeimyniškių g.	1042	NULL	NULL	NULL	NULL	NULL	NULL	NULL	3	Troleibusai	3	05		1082	NULL	NULL	NULL
missed	662915	B>A	Šeimyniškių g.–Žvėrynas–Karoliniškės	1082	NULL	NULL	NULL	NULL	NULL	NULL	NULL	3	Troleibusai	3	05		1123	NULL	NULL	NULL
missed	662915	A>B	Karoliniškės–Žvėrynas–Šeimyniškių g.	1160	NULL	NULL	NULL	NULL	NULL	NULL	NULL	3	Troleibusai	3	05		1196	NULL	NULL	NULL
missed	662915	B>A	Šeimyniškių g.–Žvėrynas–Karoliniškės	1196	NULL	NULL	NULL	NULL	NULL	NULL	NULL	3	Troleibusai	3	05		1231	NULL	NULL	NULL
missed	662915	A>B	Karoliniškės–Žvėrynas–Šeimyniškių g.	1240	NULL	NULL	NULL	NULL	NULL	NULL	NULL	3	Troleibusai	3	05		1275	NULL	NULL	NULL
missed	662915	B>A	Šeimyniškių g.–Žvėrynas–Karoliniškės	1275	NULL	NULL	NULL	NULL	NULL	NULL	NULL	3	Troleibusai	3	05		1310	NULL	NULL	NULL
delay	780467	A>B	Antakalnis–Centras–Žemieji Paneriai	302	300	-4.0999999	Simono Konarskio st.	327.20001	-2.0999999	Antakalnis	302.10001	4	Troleibusai	4	01	3-3009	347	344	1	0
delay	780467	B>A	Žemieji Paneriai–Centras–Antakalnis	351	353	0.5	Vingis	369.20001	3.9000001	Klinikų st.	395.5	4	Troleibusai	4	01	3-3009	396	399	1	0
delay	780467	A>B	Antakalnis–Centras–Žemieji Paneriai	411	405	-5.5	Savanorių prospektas	441.5	-2.8	Petro Vileišio st.	417.70001	4	Troleibusai	4	01	3-3009	459	454	1	1
delay	780467	B>A	Žemieji Paneriai–Centras–Antakalnis	467	458	-8.3999996	Valkininkų st.	458.70001	0.2	Operos ir baleto teatras	496.39999	4	Troleibusai	4	01	3-3009	515	515	1	1
delay	780467	B>A	Žemieji Paneriai–Centras–Antakalnis	467	597	1440	NULL	0	-1440	NULL	0	4	Troleibusai	4	01	3-3009	515	601	0	1
delay	780467	A>B	Antakalnis–Centras–Žemieji Paneriai	553	542	-10.5	Antakalnio žiedas	542.59998	-5.8000002	Šv. Petro ir Povilo bažnyčia	559.90002	4	Troleibusai	4	01	3-3009	599	590	1	1
missed	662922	B>A	Žemieji Paneriai–Centras–Antakalnis	608	NULL	NULL	NULL	NULL	NULL	NULL	NULL	4	Troleibusai	4	01		655	NULL	NULL	NULL
missed	662922	A>B	Antakalnis–Centras–Žemieji Paneriai	671	NULL	NULL	NULL	NULL	NULL	NULL	NULL	4	Troleibusai	4	01		717	NULL	NULL	NULL
missed	662922	B>A	Žemieji Paneriai–Centras–Antakalnis	725	NULL	NULL	NULL	NULL	NULL	NULL	NULL	4	Troleibusai	4	01		772	NULL	NULL	NULL
missed	662922	A>B	Antakalnis–Centras–Žemieji Paneriai	780	NULL	NULL	NULL	NULL	NULL	NULL	NULL	4	Troleibusai	4	01		826	NULL	NULL	NULL
missed	662922	B>A	Žemieji Paneriai–Centras–Antakalnis	836	NULL	NULL	NULL	NULL	NULL	NULL	NULL	4	Troleibusai	4	01		883	NULL	NULL	NULL
missed	662922	A>B	Antakalnis–Centras–Žemieji Paneriai	891	NULL	NULL	NULL	NULL	NULL	NULL	NULL	4	Troleibusai	4	01		937	NULL	NULL	NULL
missed	662922	B>A	Žemieji Paneriai–Centras–Antakalnis	947	NULL	NULL	NULL	NULL	NULL	NULL	NULL	4	Troleibusai	4	01		996	NULL	NULL	NULL
missed	662922	A>B	Antakalnis–Centras–Žemieji Paneriai	1003	NULL	NULL	NULL	NULL	NULL	NULL	NULL	4	Troleibusai	4	01		1051	NULL	NULL	NULL
missed	662922	B>A	Žemieji Paneriai–Centras–Antakalnis	1059	NULL	NULL	NULL	NULL	NULL	NULL	NULL	4	Troleibusai	4	01		1110	NULL	NULL	NULL
missed	662922	A>B	Antakalnis–Centras–Žemieji Paneriai	1147	NULL	NULL	NULL	NULL	NULL	NULL	NULL	4	Troleibusai	4	01		1192	NULL	NULL	NULL
missed	662922	B>A	Žemieji Paneriai–Centras–Antakalnis	1199	NULL	NULL	NULL	NULL	NULL	NULL	NULL	4	Troleibusai	4	01		1242	NULL	NULL	NULL
missed	662922	A>B	Antakalnis–Centras–Žemieji Paneriai	1256	NULL	NULL	NULL	NULL	NULL	NULL	NULL	4	Troleibusai	4	01		1301	NULL	NULL	NULL
missed	662922	B>A	Žemieji Paneriai–Centras–Antakalnis	1308	NULL	NULL	NULL	NULL	NULL	NULL	NULL	4	Troleibusai	4	01		1351	NULL	NULL	NULL
delay	780615	A>B	Antakalnis–Centras–Žemieji Paneriai	398	412	14.5	Antakalnio žiedas	412.5	17.1	Šv. Petro ir Povilo bažnyčia	427.79999	4	Troleibusai	4	02	3-2574	443	458	1	1
delay	780615	B>A	Žemieji Paneriai–Centras–Antakalnis	451	466	15.2	Valkininkų st.	466.39999	27.1	Karaliaus Mindaugo tiltas	511.39999	4	Troleibusai	4	02	3-2574	499	524	1	1
delay	780615	A>B	Antakalnis–Centras–Žemieji Paneriai	509	527	16.1	Vaduvos st.	573	20.299999	Šv. Petro ir Povilo bažnyčia	544	4	Troleibusai	4	02	3-2574	558	574	1	1
missed	662925	B>A	Žemieji Paneriai–Centras–Antakalnis	565	NULL	NULL	NULL	NULL	NULL	NULL	NULL	4	Troleibusai	4	02		612	NULL	NULL	NULL
missed	662925	A>B	Antakalnis–Centras–Žemieji Paneriai	919	NULL	NULL	NULL	NULL	NULL	NULL	NULL	4	Troleibusai	4	02		965	NULL	NULL	NULL
missed	662925	B>A	Žemieji Paneriai–Centras–Antakalnis	974	NULL	NULL	NULL	NULL	NULL	NULL	NULL	4	Troleibusai	4	02		1023	NULL	NULL	NULL
missed	662925	A>B	Antakalnis–Centras–Žemieji Paneriai	1034	NULL	NULL	NULL	NULL	NULL	NULL	NULL	4	Troleibusai	4	02		1082	NULL	NULL	NULL
missed	662925	B>A	Žemieji Paneriai–Centras–Antakalnis	1088	NULL	NULL	NULL	NULL	NULL	NULL	NULL	4	Troleibusai	4	02		1139	NULL	NULL	NULL
delay	780471	B>A	Žemieji Paneriai–Centras–Antakalnis	330	329	-2.2	Simono Konarskio st.	346.60001	0.60000002	Antakalnis	374.29999	4	Troleibusai	4	03	3-2575	375	375	0	0
delay	780471	A>B	Antakalnis–Centras–Žemieji Paneriai	386	380	-5.9000001	Simono Konarskio st.	409.5	-3.4000001	Žemieji Paneriai	425.39999	4	Troleibusai	4	03	3-2575	431	427	1	1
delay	780471	B>A	Žemieji Paneriai–Centras–Antakalnis	439	430	-8.8000002	Valkininkų st.	430.29999	4.0999999	Antakalnis	489.29999	4	Troleibusai	4	03	3-2575	486	490	1	1
delay	780471	A>B	Antakalnis–Centras–Žemieji Paneriai	532	517	-14.6	Antakalnio žiedas	517.70001	-8.3000002	Operos ir baleto teatras	544.5	4	Troleibusai	4	03	3-2575	578	569	1	1
missed	662924	B>A	Žemieji Paneriai–Centras–Antakalnis	586	NULL	NULL	NULL	NULL	NULL	NULL	NULL	4	Troleibusai	4	03		633	NULL	NULL	NULL
missed	662924	A>B	Antakalnis–Centras–Žemieji Paneriai	641	NULL	NULL	NULL	NULL	NULL	NULL	NULL	4	Troleibusai	4	03		687	NULL	NULL	NULL
missed	662924	B>A	Žemieji Paneriai–Centras–Antakalnis	697	NULL	NULL	NULL	NULL	NULL	NULL	NULL	4	Troleibusai	4	03		744	NULL	NULL	NULL
missed	662924	A>B	Antakalnis–Centras–Žemieji Paneriai	750	NULL	NULL	NULL	NULL	NULL	NULL	NULL	4	Troleibusai	4	03		796	NULL	NULL	NULL
missed	662924	B>A	Žemieji Paneriai–Centras–Antakalnis	806	NULL	NULL	NULL	NULL	NULL	NULL	NULL	4	Troleibusai	4	03		853	NULL	NULL	NULL
missed	662924	A>B	Antakalnis–Centras–Žemieji Paneriai	859	NULL	NULL	NULL	NULL	NULL	NULL	NULL	4	Troleibusai	4	03		905	NULL	NULL	NULL
missed	662924	B>A	Žemieji Paneriai–Centras–Antakalnis	919	NULL	NULL	NULL	NULL	NULL	NULL	NULL	4	Troleibusai	4	03		967	NULL	NULL	NULL
missed	662924	A>B	Antakalnis–Centras–Žemieji Paneriai	976	NULL	NULL	NULL	NULL	NULL	NULL	NULL	4	Troleibusai	4	03		1024	NULL	NULL	NULL
missed	662924	B>A	Žemieji Paneriai–Centras–Antakalnis	1035	NULL	NULL	NULL	NULL	NULL	NULL	NULL	4	Troleibusai	4	03		1086	NULL	NULL	NULL
missed	662924	A>B	Antakalnis–Centras–Žemieji Paneriai	1130	NULL	NULL	NULL	NULL	NULL	NULL	NULL	4	Troleibusai	4	03		1175	NULL	NULL	NULL
missed	662924	B>A	Žemieji Paneriai–Centras–Antakalnis	1185	NULL	NULL	NULL	NULL	NULL	NULL	NULL	4	Troleibusai	4	03		1228	NULL	NULL	NULL
missed	662924	A>B	Antakalnis–Centras–Žemieji Paneriai	1249	NULL	NULL	NULL	NULL	NULL	NULL	NULL	4	Troleibusai	4	03		1294	NULL	NULL	NULL
missed	662924	B>A	Žemieji Paneriai–Centras–Antakalnis	1301	NULL	NULL	NULL	NULL	NULL	NULL	NULL	4	Troleibusai	4	03		1344	NULL	NULL	NULL
delay	780569	A>B	Antakalnis–Centras–Žemieji Paneriai	360	361	-0.69999999	Savanorių prospektas	391.89999	1.2	Riovonys	399.60001	4	Troleibusai	4	04M	3-10699	405	405	0	0
delay	780569	B>A	Žemieji Paneriai–Centras–Antakalnis	416	418	-0.1	Valkininkų st.	416	4.5999999	Antakalnis	466.89999	4	Troleibusai	4	04M	3-10699	463	467	1	1
delay	780569	A>B	Antakalnis–Centras–Žemieji Paneriai	474	475	0.80000001	Antakalnio žiedas	475.79999	15.5	Karaliaus Mindaugo tiltas	509.20001	4	Troleibusai	4	04M	3-10699	525	535	1	1
delay	780569	B>A	Žemieji Paneriai–Centras–Antakalnis	534	535	0.1	Karaliaus Mindaugo tiltas	567.40002	2.2	Leono Sapiegos st.	574.29999	4	Troleibusai	4	04M	3-10699	581	582	0	0
missed	662931	A>B	Antakalnis–Centras–Žemieji Paneriai	623	NULL	NULL	NULL	NULL	NULL	NULL	NULL	4	Troleibusai	4	04M		669	NULL	NULL	NULL
missed	662931	B>A	Žemieji Paneriai–Centras–Antakalnis	675	NULL	NULL	NULL	NULL	NULL	NULL	NULL	4	Troleibusai	4	04M		722	NULL	NULL	NULL
missed	662931	A>B	Antakalnis–Centras–Žemieji Paneriai	728	NULL	NULL	NULL	NULL	NULL	NULL	NULL	4	Troleibusai	4	04M		774	NULL	NULL	NULL
missed	662931	B>A	Žemieji Paneriai–Centras–Antakalnis	784	NULL	NULL	NULL	NULL	NULL	NULL	NULL	4	Troleibusai	4	04M		831	NULL	NULL	NULL
missed	662931	A>B	Antakalnis–Centras–Žemieji Paneriai	841	NULL	NULL	NULL	NULL	NULL	NULL	NULL	4	Troleibusai	4	04M		887	NULL	NULL	NULL
missed	662931	B>A	Žemieji Paneriai–Centras–Antakalnis	897	NULL	NULL	NULL	NULL	NULL	NULL	NULL	4	Troleibusai	4	04M		944	NULL	NULL	NULL
missed	662931	A>B	Antakalnis–Centras–Žemieji Paneriai	957	NULL	NULL	NULL	NULL	NULL	NULL	NULL	4	Troleibusai	4	04M		1005	NULL	NULL	NULL
missed	662931	B>A	Žemieji Paneriai–Centras–Antakalnis	1016	NULL	NULL	NULL	NULL	NULL	NULL	NULL	4	Troleibusai	4	04M		1067	NULL	NULL	NULL
missed	662931	A>B	Antakalnis–Centras–Žemieji Paneriai	1110	NULL	NULL	NULL	NULL	NULL	NULL	NULL	4	Troleibusai	4	04M		1158	NULL	NULL	NULL
missed	662931	B>A	Žemieji Paneriai–Centras–Antakalnis	1166	NULL	NULL	NULL	NULL	NULL	NULL	NULL	4	Troleibusai	4	04M		1210	NULL	NULL	NULL
missed	662931	A>B	Antakalnis–Centras–Žemieji Paneriai	1219	NULL	NULL	NULL	NULL	NULL	NULL	NULL	4	Troleibusai	4	04M		1264	NULL	NULL	NULL
missed	662931	B>A	Žemieji Paneriai–Centras–Antakalnis	1273	NULL	NULL	NULL	NULL	NULL	NULL	NULL	4	Troleibusai	4	04M		1316	NULL	NULL	NULL
delay	780630	A>B	Antakalnis–Centras–Žemieji Paneriai	423	421	-1.8	Antakalnio žiedas	421.39999	4.0999999	Baldai	472.60001	4	Troleibusai	4	05	3-2729	472	475	1	0
delay	780630	B>A	Žemieji Paneriai–Centras–Antakalnis	481	478	-2.7	Valkininkų st.	478.39999	10.4	Antakalnis	538.59998	4	Troleibusai	4	05	3-2729	529	539	1	1
delay	780630	A>B	Antakalnis–Centras–Žemieji Paneriai	541	540	-1.5	Šilo tiltas	548.09998	3.5999999	Riovonys	583.90002	4	Troleibusai	4	05	3-2729	587	590	1	0
missed	662926	B>A	Žemieji Paneriai–Centras–Antakalnis	597	NULL	NULL	NULL	NULL	NULL	NULL	NULL	4	Troleibusai	4	05		644	NULL	NULL	NULL
missed	662926	A>B	Antakalnis–Centras–Žemieji Paneriai	930	NULL	NULL	NULL	NULL	NULL	NULL	NULL	4	Troleibusai	4	05		976	NULL	NULL	NULL
missed	662926	B>A	Žemieji Paneriai–Centras–Antakalnis	985	NULL	NULL	NULL	NULL	NULL	NULL	NULL	4	Troleibusai	4	05		1035	NULL	NULL	NULL
missed	662926	A>B	Antakalnis–Centras–Žemieji Paneriai	1050	NULL	NULL	NULL	NULL	NULL	NULL	NULL	4	Troleibusai	4	05		1098	NULL	NULL	NULL
missed	662926	B>A	Žemieji Paneriai–Centras–Antakalnis	1106	NULL	NULL	NULL	NULL	NULL	NULL	NULL	4	Troleibusai	4	05		1155	NULL	NULL	NULL
delay	780529	A>B	Antakalnis–Centras–Žemieji Paneriai	371	373	0	Kalnų parkas	386.10001	2.5	Tverečiaus st.	376.60001	4	Troleibusai	4	06	3-783	416	417	0	0
delay	780529	B>A	Žemieji Paneriai–Centras–Antakalnis	424	424	-2.0999999	Simono Konarskio st.	440.79999	0.5	Tverečiaus st.	469.29999	4	Troleibusai	4	06	3-783	471	471	0	0
delay	780529	A>B	Antakalnis–Centras–Žemieji Paneriai	483	481	-1.9	Antakalnio žiedas	481.29999	7.0999999	Šv. Petro ir Povilo bažnyčia	504.79999	4	Troleibusai	4	06	3-783	534	535	1	0
delay	780529	B>A	Žemieji Paneriai–Centras–Antakalnis	541	541	-3	Vingis	555.79999	-0.40000001	Sausupio st.	544	4	Troleibusai	4	06	3-783	587	586	0	0
missed	662921	A>B	Antakalnis–Centras–Žemieji Paneriai	633	NULL	NULL	NULL	NULL	NULL	NULL	NULL	4	Troleibusai	4	06		679	NULL	NULL	NULL
missed	662921	B>A	Žemieji Paneriai–Centras–Antakalnis	686	NULL	NULL	NULL	NULL	NULL	NULL	NULL	4	Troleibusai	4	06		733	NULL	NULL	NULL
missed	662921	A>B	Antakalnis–Centras–Žemieji Paneriai	738	NULL	NULL	NULL	NULL	NULL	NULL	NULL	4	Troleibusai	4	06		784	NULL	NULL	NULL
missed	662921	B>A	Žemieji Paneriai–Centras–Antakalnis	793	NULL	NULL	NULL	NULL	NULL	NULL	NULL	4	Troleibusai	4	06		840	NULL	NULL	NULL
missed	662921	A>B	Antakalnis–Centras–Žemieji Paneriai	851	NULL	NULL	NULL	NULL	NULL	NULL	NULL	4	Troleibusai	4	06		897	NULL	NULL	NULL
missed	662921	B>A	Žemieji Paneriai–Centras–Antakalnis	912	NULL	NULL	NULL	NULL	NULL	NULL	NULL	4	Troleibusai	4	06		960	NULL	NULL	NULL
missed	662921	A>B	Antakalnis–Centras–Žemieji Paneriai	968	NULL	NULL	NULL	NULL	NULL	NULL	NULL	4	Troleibusai	4	06		1016	NULL	NULL	NULL
missed	662921	B>A	Žemieji Paneriai–Centras–Antakalnis	1028	NULL	NULL	NULL	NULL	NULL	NULL	NULL	4	Troleibusai	4	06		1079	NULL	NULL	NULL
missed	662921	A>B	Antakalnis–Centras–Žemieji Paneriai	1088	NULL	NULL	NULL	NULL	NULL	NULL	NULL	4	Troleibusai	4	06		1136	NULL	NULL	NULL
missed	662921	B>A	Žemieji Paneriai–Centras–Antakalnis	1144	NULL	NULL	NULL	NULL	NULL	NULL	NULL	4	Troleibusai	4	06		1188	NULL	NULL	NULL
missed	662921	A>B	Antakalnis–Centras–Žemieji Paneriai	1229	NULL	NULL	NULL	NULL	NULL	NULL	NULL	4	Troleibusai	4	06		1274	NULL	NULL	NULL
missed	662921	B>A	Žemieji Paneriai–Centras–Antakalnis	1281	NULL	NULL	NULL	NULL	NULL	NULL	NULL	4	Troleibusai	4	06		1324	NULL	NULL	NULL
missed	662921	A>B	Antakalnis–Centras–Žemieji Paneriai	1332	NULL	NULL	NULL	NULL	NULL	NULL	NULL	4	Troleibusai	4	06		1377	NULL	NULL	NULL
missed	662921	B>A	Žemieji Paneriai–Centras–Antakalnis	1385	NULL	NULL	NULL	NULL	NULL	NULL	NULL	4	Troleibusai	4	06		1428	NULL	NULL	NULL
missed	662927	A>B	Antakalnis–Centras–Žemieji Paneriai	378	NULL	NULL	NULL	NULL	NULL	NULL	NULL	4	Troleibusai	4	07		423	NULL	NULL	NULL
missed	662927	B>A	Žemieji Paneriai–Centras–Antakalnis	432	NULL	NULL	NULL	NULL	NULL	NULL	NULL	4	Troleibusai	4	07		479	NULL	NULL	NULL
delay	780645	A>B	Antakalnis–Centras–Žemieji Paneriai	491	445	-45.700001	Antakalnio žiedas	445.5	-33	Baldai	503.5	4	Troleibusai	4	07	3-2450	540	506	1	1
delay	780645	A>B	Antakalnis–Centras–Žemieji Paneriai	491	563	1440	NULL	0	-1440	NULL	0	4	Troleibusai	4	07	3-2450	540	602	0	1
delay	780645	B>A	Žemieji Paneriai–Centras–Antakalnis	550	508	-44.099998	Antakalnis	552.09998	-40.5	Vilkpėdės st.	518.90002	4	Troleibusai	4	07	3-2450	597	553	1	1
missed	662927	A>B	Antakalnis–Centras–Žemieji Paneriai	906	NULL	NULL	NULL	NULL	NULL	NULL	NULL	4	Troleibusai	4	07		952	NULL	NULL	NULL
missed	662927	B>A	Žemieji Paneriai–Centras–Antakalnis	960	NULL	NULL	NULL	NULL	NULL	NULL	NULL	4	Troleibusai	4	07		1009	NULL	NULL	NULL
missed	662927	A>B	Antakalnis–Centras–Žemieji Paneriai	1019	NULL	NULL	NULL	NULL	NULL	NULL	NULL	4	Troleibusai	4	07		1067	NULL	NULL	NULL
missed	662927	B>A	Žemieji Paneriai–Centras–Antakalnis	1073	NULL	NULL	NULL	NULL	NULL	NULL	NULL	4	Troleibusai	4	07		1124	NULL	NULL	NULL
delay	780494	A>B	Antakalnis–Centras–Žemieji Paneriai	312	312	-5.1999998	Vilkpėdės st.	343.89999	-0.40000001	Antakalnis	313.79999	4	Troleibusai	4	08	3-2624	357	351	1	1
delay	780494	B>A	Žemieji Paneriai–Centras–Antakalnis	363	362	-3.0999999	Simono Konarskio st.	378.70001	-0.80000001	Vilkpėdės st.	371.60001	4	Troleibusai	4	08	3-2624	408	405	1	0
delay	780494	A>B	Antakalnis–Centras–Žemieji Paneriai	417	415	-5.0999999	Vingis	446.60001	-2.3	Antakalnio žiedas	414.79999	4	Troleibusai	4	08	3-2624	466	463	1	0
delay	780494	B>A	Žemieji Paneriai–Centras–Antakalnis	474	470	-3.5999999	Valkininkų st.	470.39999	4.5	Gerosios Vilties st.	491.70001	4	Troleibusai	4	08	3-2624	522	525	1	1
delay	780494	A>B	Antakalnis–Centras–Žemieji Paneriai	567	552	-15.4	Leono Sapiegos st.	562.79999	-12.7	Šv. Petro ir Povilo bažnyčia	567	4	Troleibusai	4	08	3-2624	613	599	1	1
missed	662923	B>A	Žemieji Paneriai–Centras–Antakalnis	622	NULL	NULL	NULL	NULL	NULL	NULL	NULL	4	Troleibusai	4	08		669	NULL	NULL	NULL
missed	662923	A>B	Antakalnis–Centras–Žemieji Paneriai	681	NULL	NULL	NULL	NULL	NULL	NULL	NULL	4	Troleibusai	4	08		727	NULL	NULL	NULL
missed	662923	B>A	Žemieji Paneriai–Centras–Antakalnis	735	NULL	NULL	NULL	NULL	NULL	NULL	NULL	4	Troleibusai	4	08		782	NULL	NULL	NULL
missed	662923	A>B	Antakalnis–Centras–Žemieji Paneriai	789	NULL	NULL	NULL	NULL	NULL	NULL	NULL	4	Troleibusai	4	08		835	NULL	NULL	NULL
missed	662923	B>A	Žemieji Paneriai–Centras–Antakalnis	848	NULL	NULL	NULL	NULL	NULL	NULL	NULL	4	Troleibusai	4	08		895	NULL	NULL	NULL
missed	662923	A>B	Antakalnis–Centras–Žemieji Paneriai	900	NULL	NULL	NULL	NULL	NULL	NULL	NULL	4	Troleibusai	4	08		946	NULL	NULL	NULL
missed	662923	B>A	Žemieji Paneriai–Centras–Antakalnis	953	NULL	NULL	NULL	NULL	NULL	NULL	NULL	4	Troleibusai	4	08		1002	NULL	NULL	NULL
missed	662923	A>B	Antakalnis–Centras–Žemieji Paneriai	1010	NULL	NULL	NULL	NULL	NULL	NULL	NULL	4	Troleibusai	4	08		1058	NULL	NULL	NULL
missed	662923	B>A	Žemieji Paneriai–Centras–Antakalnis	1066	NULL	NULL	NULL	NULL	NULL	NULL	NULL	4	Troleibusai	4	08		1117	NULL	NULL	NULL
missed	662923	A>B	Antakalnis–Centras–Žemieji Paneriai	1157	NULL	NULL	NULL	NULL	NULL	NULL	NULL	4	Troleibusai	4	08		1202	NULL	NULL	NULL
missed	662923	B>A	Žemieji Paneriai–Centras–Antakalnis	1212	NULL	NULL	NULL	NULL	NULL	NULL	NULL	4	Troleibusai	4	08		1255	NULL	NULL	NULL
missed	662923	A>B	Antakalnis–Centras–Žemieji Paneriai	1274	NULL	NULL	NULL	NULL	NULL	NULL	NULL	4	Troleibusai	4	08		1319	NULL	NULL	NULL
missed	662923	B>A	Žemieji Paneriai–Centras–Antakalnis	1325	NULL	NULL	NULL	NULL	NULL	NULL	NULL	4	Troleibusai	4	08		1368	NULL	NULL	NULL
missed	662929	A>B	Antakalnis–Centras–Žemieji Paneriai	320	NULL	NULL	NULL	NULL	NULL	NULL	NULL	4	Troleibusai	4	09		365	NULL	NULL	NULL
missed	662929	B>A	Žemieji Paneriai–Centras–Antakalnis	375	NULL	NULL	NULL	NULL	NULL	NULL	NULL	4	Troleibusai	4	09		420	NULL	NULL	NULL
delay	780598	A>B	Antakalnis–Centras–Žemieji Paneriai	429	388	-46.099998	Baldai	430.39999	-40.700001	Tverečiaus st.	391.29999	4	Troleibusai	4	09	3-98	480	434	1	1
delay	780598	A>B	Antakalnis–Centras–Žemieji Paneriai	429	495	1440	NULL	0	-1440	NULL	0	4	Troleibusai	4	09	3-98	480	547	0	1
delay	780598	B>A	Žemieji Paneriai–Centras–Antakalnis	487	549	59.200001	Kalnų parkas	580.79999	59.900002	Operos ir baleto teatras	576.09998	4	Troleibusai	4	09	3-98	535	594	1	1
delay	780598	B>A	Žemieji Paneriai–Centras–Antakalnis	487	439	-47.900002	Valkininkų st.	439.20001	-40.900002	Antakalnis	493.29999	4	Troleibusai	4	09	3-98	535	494	1	1
missed	662929	A>B	Antakalnis–Centras–Žemieji Paneriai	580	NULL	NULL	NULL	NULL	NULL	NULL	NULL	4	Troleibusai	4	09		626	NULL	NULL	NULL
missed	662929	B>A	Žemieji Paneriai–Centras–Antakalnis	633	NULL	NULL	NULL	NULL	NULL	NULL	NULL	4	Troleibusai	4	09		680	NULL	NULL	NULL
missed	662929	A>B	Antakalnis–Centras–Žemieji Paneriai	690	NULL	NULL	NULL	NULL	NULL	NULL	NULL	4	Troleibusai	4	09		736	NULL	NULL	NULL
missed	662929	B>A	Žemieji Paneriai–Centras–Antakalnis	745	NULL	NULL	NULL	NULL	NULL	NULL	NULL	4	Troleibusai	4	09		792	NULL	NULL	NULL
missed	662929	A>B	Antakalnis–Centras–Žemieji Paneriai	800	NULL	NULL	NULL	NULL	NULL	NULL	NULL	4	Troleibusai	4	09		846	NULL	NULL	NULL
missed	662929	B>A	Žemieji Paneriai–Centras–Antakalnis	856	NULL	NULL	NULL	NULL	NULL	NULL	NULL	4	Troleibusai	4	09		903	NULL	NULL	NULL
missed	662929	A>B	Antakalnis–Centras–Žemieji Paneriai	912	NULL	NULL	NULL	NULL	NULL	NULL	NULL	4	Troleibusai	4	09		958	NULL	NULL	NULL
missed	662929	B>A	Žemieji Paneriai–Centras–Antakalnis	967	NULL	NULL	NULL	NULL	NULL	NULL	NULL	4	Troleibusai	4	09		1016	NULL	NULL	NULL
missed	662929	A>B	Antakalnis–Centras–Žemieji Paneriai	1027	NULL	NULL	NULL	NULL	NULL	NULL	NULL	4	Troleibusai	4	09		1075	NULL	NULL	NULL
missed	662929	B>A	Žemieji Paneriai–Centras–Antakalnis	1080	NULL	NULL	NULL	NULL	NULL	NULL	NULL	4	Troleibusai	4	09		1131	NULL	NULL	NULL
missed	662929	A>B	Antakalnis–Centras–Žemieji Paneriai	1172	NULL	NULL	NULL	NULL	NULL	NULL	NULL	4	Troleibusai	4	09		1217	NULL	NULL	NULL
missed	662929	B>A	Žemieji Paneriai–Centras–Antakalnis	1223	NULL	NULL	NULL	NULL	NULL	NULL	NULL	4	Troleibusai	4	09		1266	NULL	NULL	NULL
missed	662929	A>B	Antakalnis–Centras–Žemieji Paneriai	1284	NULL	NULL	NULL	NULL	NULL	NULL	NULL	4	Troleibusai	4	09		1329	NULL	NULL	NULL
missed	662929	B>A	Žemieji Paneriai–Centras–Antakalnis	1334	NULL	NULL	NULL	NULL	NULL	NULL	NULL	4	Troleibusai	4	09		1377	NULL	NULL	NULL
delay	780508	A>B	Antakalnis–Centras–Žemieji Paneriai	443	320	1440	NULL	0	-1440	NULL	0	4	Troleibusai	4	10	3-82	496	363	0	1
delay	780508	A>B	Antakalnis–Centras–Žemieji Paneriai	443	427	-16.9	Kražių st.	456.10001	-15.1	Petro Vileišio st.	437.60001	4	Troleibusai	4	10	3-82	496	479	1	1
delay	780508	B>A	Žemieji Paneriai–Centras–Antakalnis	504	485	-18.5	Valkininkų st.	485.5	-12.9	Mikalojaus Konstantino Čiurlionio st.	512	4	Troleibusai	4	10	3-82	550	536	1	1
delay	780508	B>A	Žemieji Paneriai–Centras–Antakalnis	504	369	1440	NULL	0	-1440	NULL	0	4	Troleibusai	4	10	3-82	550	414	0	1
missed	662928	A>B1	Antakalnis–Centras–st.Žemieji Paneriai	558	NULL	NULL	NULL	NULL	NULL	NULL	NULL	4	Troleibusai	4	10		601	NULL	NULL	NULL
missed	662928	B>A	Žemieji Paneriai–Centras–Antakalnis	884	NULL	NULL	NULL	NULL	NULL	NULL	NULL	4	Troleibusai	4	10		931	NULL	NULL	NULL
missed	662928	A>B	Antakalnis–Centras–Žemieji Paneriai	943	NULL	NULL	NULL	NULL	NULL	NULL	NULL	4	Troleibusai	4	10		990	NULL	NULL	NULL
missed	662928	B>A	Žemieji Paneriai–Centras–Antakalnis	1000	NULL	NULL	NULL	NULL	NULL	NULL	NULL	4	Troleibusai	4	10		1050	NULL	NULL	NULL
missed	662928	A>B	Antakalnis–Centras–Žemieji Paneriai	1067	NULL	NULL	NULL	NULL	NULL	NULL	NULL	4	Troleibusai	4	10		1115	NULL	NULL	NULL
missed	662928	B>A	Žemieji Paneriai–Centras–Antakalnis	1123	NULL	NULL	NULL	NULL	NULL	NULL	NULL	4	Troleibusai	4	10		1169	NULL	NULL	NULL
delay	780607	A>B	Antakalnis–Centras–Žemieji Paneriai	392	393	0.5	Simono Konarskio st.	421.89999	2.2	Žemieji Paneriai	437.10001	4	Troleibusai	4	11M	3-103	437	439	0	0
delay	780607	B>A	Žemieji Paneriai–Centras–Antakalnis	445	445	-0.69999999	Leono Sapiegos st.	483.39999	4.0999999	Antakalnis	496.29999	4	Troleibusai	4	11M	3-103	493	497	1	1
delay	780607	A>B	Antakalnis–Centras–Žemieji Paneriai	502	500	-2	Antakalnio žiedas	500.10001	2.8	Karaliaus Mindaugo tiltas	524.5	4	Troleibusai	4	11M	3-103	551	551	0	0
delay	780607	B>A	Žemieji Paneriai–Centras–Antakalnis	558	558	-0.69999999	Simono Konarskio st.	576.29999	0.69999999	Sausupio st.	562.09998	4	Troleibusai	4	11M	3-103	605	604	0	0
missed	662920	A>B	Antakalnis–Centras–Žemieji Paneriai	651	NULL	NULL	NULL	NULL	NULL	NULL	NULL	4	Troleibusai	4	11M		697	NULL	NULL	NULL
missed	662920	B>A	Žemieji Paneriai–Centras–Antakalnis	705	NULL	NULL	NULL	NULL	NULL	NULL	NULL	4	Troleibusai	4	11M		752	NULL	NULL	NULL
missed	662920	A>B	Antakalnis–Centras–Žemieji Paneriai	761	NULL	NULL	NULL	NULL	NULL	NULL	NULL	4	Troleibusai	4	11M		807	NULL	NULL	NULL
missed	662920	B>A	Žemieji Paneriai–Centras–Antakalnis	816	NULL	NULL	NULL	NULL	NULL	NULL	NULL	4	Troleibusai	4	11M		863	NULL	NULL	NULL
missed	662920	A>B	Antakalnis–Centras–Žemieji Paneriai	870	NULL	NULL	NULL	NULL	NULL	NULL	NULL	4	Troleibusai	4	11M		916	NULL	NULL	NULL
missed	662920	B>A	Žemieji Paneriai–Centras–Antakalnis	928	NULL	NULL	NULL	NULL	NULL	NULL	NULL	4	Troleibusai	4	11M		976	NULL	NULL	NULL
missed	662920	A>B	Antakalnis–Centras–Žemieji Paneriai	986	NULL	NULL	NULL	NULL	NULL	NULL	NULL	4	Troleibusai	4	11M		1034	NULL	NULL	NULL
missed	662920	B>A	Žemieji Paneriai–Centras–Antakalnis	1041	NULL	NULL	NULL	NULL	NULL	NULL	NULL	4	Troleibusai	4	11M		1092	NULL	NULL	NULL
missed	662920	A>B	Antakalnis–Centras–Žemieji Paneriai	1101	NULL	NULL	NULL	NULL	NULL	NULL	NULL	4	Troleibusai	4	11M		1149	NULL	NULL	NULL
missed	662920	B>A	Žemieji Paneriai–Centras–Antakalnis	1154	NULL	NULL	NULL	NULL	NULL	NULL	NULL	4	Troleibusai	4	11M		1198	NULL	NULL	NULL
missed	662920	A>B	Antakalnis–Centras–Žemieji Paneriai	1238	NULL	NULL	NULL	NULL	NULL	NULL	NULL	4	Troleibusai	4	11M		1283	NULL	NULL	NULL
missed	662920	B>A	Žemieji Paneriai–Centras–Antakalnis	1292	NULL	NULL	NULL	NULL	NULL	NULL	NULL	4	Troleibusai	4	11M		1335	NULL	NULL	NULL
missed	662920	A>B	Antakalnis–Centras–Žemieji Paneriai	1345	NULL	NULL	NULL	NULL	NULL	NULL	NULL	4	Troleibusai	4	11M		1390	NULL	NULL	NULL
delay	780518	A>B	Antakalnis–Centras–Žemieji Paneriai	330	326	-6.5999999	Vaduvos st.	367.29999	-3.9000001	Antakalnis	328.29999	4	Troleibusai	4	12	3-729	375	368	1	1
delay	780518	B>A	Žemieji Paneriai–Centras–Antakalnis	386	379	-9	Savanorių prospektas	392.5	-6.9000001	Vaduvos st.	381.39999	4	Troleibusai	4	12	3-729	431	423	1	1
delay	780518	A>B	Antakalnis–Centras–Žemieji Paneriai	437	433	-3.5	Antakalnio žiedas	433.70001	6.3000002	Vilkpėdės st.	486.39999	4	Troleibusai	4	12	3-729	488	493	1	1
delay	780518	B>A	Žemieji Paneriai–Centras–Antakalnis	497	494	-3.7	Savanorių prospektas	508.79999	-2	Sausupio st.	498.39999	4	Troleibusai	4	12	3-729	545	541	1	1
missed	662918	A>B	Antakalnis–Centras–Žemieji Paneriai	591	NULL	NULL	NULL	NULL	NULL	NULL	NULL	4	Troleibusai	4	12		637	NULL	NULL	NULL
missed	662918	B>A	Žemieji Paneriai–Centras–Antakalnis	644	NULL	NULL	NULL	NULL	NULL	NULL	NULL	4	Troleibusai	4	12		691	NULL	NULL	NULL
missed	662918	A>B	Antakalnis–Centras–Žemieji Paneriai	701	NULL	NULL	NULL	NULL	NULL	NULL	NULL	4	Troleibusai	4	12		747	NULL	NULL	NULL
missed	662918	B>A	Žemieji Paneriai–Centras–Antakalnis	755	NULL	NULL	NULL	NULL	NULL	NULL	NULL	4	Troleibusai	4	12		802	NULL	NULL	NULL
missed	662918	A>B	Antakalnis–Centras–Žemieji Paneriai	811	NULL	NULL	NULL	NULL	NULL	NULL	NULL	4	Troleibusai	4	12		857	NULL	NULL	NULL
missed	662918	B>A	Žemieji Paneriai–Centras–Antakalnis	868	NULL	NULL	NULL	NULL	NULL	NULL	NULL	4	Troleibusai	4	12		915	NULL	NULL	NULL
missed	662918	A>B	Antakalnis–Centras–Žemieji Paneriai	925	NULL	NULL	NULL	NULL	NULL	NULL	NULL	4	Troleibusai	4	12		971	NULL	NULL	NULL
missed	662918	B>A	Žemieji Paneriai–Centras–Antakalnis	979	NULL	NULL	NULL	NULL	NULL	NULL	NULL	4	Troleibusai	4	12		1028	NULL	NULL	NULL
missed	662918	A>B	Antakalnis–Centras–Žemieji Paneriai	1043	NULL	NULL	NULL	NULL	NULL	NULL	NULL	4	Troleibusai	4	12		1091	NULL	NULL	NULL
missed	662918	B>A	Žemieji Paneriai–Centras–Antakalnis	1097	NULL	NULL	NULL	NULL	NULL	NULL	NULL	4	Troleibusai	4	12		1148	NULL	NULL	NULL
missed	662918	A>B	Antakalnis–Centras–Žemieji Paneriai	1186	NULL	NULL	NULL	NULL	NULL	NULL	NULL	4	Troleibusai	4	12		1231	NULL	NULL	NULL
missed	662918	B>A	Žemieji Paneriai–Centras–Antakalnis	1237	NULL	NULL	NULL	NULL	NULL	NULL	NULL	4	Troleibusai	4	12		1280	NULL	NULL	NULL
missed	662918	A>B	Antakalnis–Centras–Žemieji Paneriai	1293	NULL	NULL	NULL	NULL	NULL	NULL	NULL	4	Troleibusai	4	12		1338	NULL	NULL	NULL
missed	662918	B>A	Žemieji Paneriai–Centras–Antakalnis	1350	NULL	NULL	NULL	NULL	NULL	NULL	NULL	4	Troleibusai	4	12		1393	NULL	NULL	NULL
delay	780464	A>B	Antakalnis–Centras–Žemieji Paneriai	337	334	-4	Vingis	363.70001	-2.4000001	Antakalnis	336.89999	4	Troleibusai	4	13	3-2629	382	378	1	1
delay	780464	B>A	Žemieji Paneriai–Centras–Antakalnis	392	386	-5.8000002	Gerosios Vilties st.	399.39999	-2.5999999	Leono Sapiegos st.	426.29999	4	Troleibusai	4	13	3-2629	438	434	1	1
delay	780464	A>B	Antakalnis–Centras–Žemieji Paneriai	449	440	-9.1000004	Antakalnio žiedas	440	-3.7	Šv. Petro ir Povilo bažnyčia	460	4	Troleibusai	4	13	3-2629	502	496	1	1
delay	780464	B>A	Žemieji Paneriai–Centras–Antakalnis	510	498	-12	Valkininkų st.	498.20001	-9	Vilkpėdės st.	510.39999	4	Troleibusai	4	13	3-2629	557	546	1	1
missed	662919	A>B1	Antakalnis–Centras–st.Žemieji Paneriai	573	NULL	NULL	NULL	NULL	NULL	NULL	NULL	4	Troleibusai	4	13		616	NULL	NULL	NULL
missed	662919	B>A	Žemieji Paneriai–Centras–Antakalnis	906	NULL	NULL	NULL	NULL	NULL	NULL	NULL	4	Troleibusai	4	13		954	NULL	NULL	NULL
missed	662919	A>B	Antakalnis–Centras–Žemieji Paneriai	963	NULL	NULL	NULL	NULL	NULL	NULL	NULL	4	Troleibusai	4	13		1011	NULL	NULL	NULL
missed	662919	B>A	Žemieji Paneriai–Centras–Antakalnis	1022	NULL	NULL	NULL	NULL	NULL	NULL	NULL	4	Troleibusai	4	13		1073	NULL	NULL	NULL
delay	780552	A>B	Antakalnis–Centras–Žemieji Paneriai	345	343	-4.4000001	Simono Konarskio st.	370	-2	Antakalnis	345.20001	4	Troleibusai	4	14Ž	3-2935	390	386	1	1
delay	780552	B>A	Žemieji Paneriai–Centras–Antakalnis	400	392	-7.8000002	Gerosios Vilties st.	405.60001	-5.8000002	Tverečiaus st.	438.79999	4	Troleibusai	4	14Ž	3-2935	447	441	1	1
delay	780552	A>B	Antakalnis–Centras–Žemieji Paneriai	457	454	-2.9000001	Antakalnio žiedas	454.20001	5.5	Karaliaus Mindaugo tiltas	482.20001	4	Troleibusai	4	14Ž	3-2935	510	511	1	1
delay	780552	B>A	Žemieji Paneriai–Centras–Antakalnis	518	511	-8.8999996	Šv. Petro ir Povilo bažnyčia	545.59998	-5.8000002	Sausupio st.	515.59998	4	Troleibusai	4	14Ž	3-2935	565	556	1	1
missed	662916	A>B	Antakalnis–Centras–Žemieji Paneriai	604	NULL	NULL	NULL	NULL	NULL	NULL	NULL	4	Troleibusai	4	14Ž		650	NULL	NULL	NULL
missed	662916	B>A	Žemieji Paneriai–Centras–Antakalnis	657	NULL	NULL	NULL	NULL	NULL	NULL	NULL	4	Troleibusai	4	14Ž		704	NULL	NULL	NULL
missed	662916	A>B	Antakalnis–Centras–Žemieji Paneriai	712	NULL	NULL	NULL	NULL	NULL	NULL	NULL	4	Troleibusai	4	14Ž		758	NULL	NULL	NULL
missed	662916	B>A	Žemieji Paneriai–Centras–Antakalnis	765	NULL	NULL	NULL	NULL	NULL	NULL	NULL	4	Troleibusai	4	14Ž		812	NULL	NULL	NULL
missed	662916	A>B	Antakalnis–Centras–Žemieji Paneriai	820	NULL	NULL	NULL	NULL	NULL	NULL	NULL	4	Troleibusai	4	14Ž		866	NULL	NULL	NULL
missed	662916	B>A	Žemieji Paneriai–Centras–Antakalnis	876	NULL	NULL	NULL	NULL	NULL	NULL	NULL	4	Troleibusai	4	14Ž		923	NULL	NULL	NULL
missed	662916	A>B	Antakalnis–Centras–Žemieji Paneriai	936	NULL	NULL	NULL	NULL	NULL	NULL	NULL	4	Troleibusai	4	14Ž		982	NULL	NULL	NULL
missed	662916	B>A	Žemieji Paneriai–Centras–Antakalnis	993	NULL	NULL	NULL	NULL	NULL	NULL	NULL	4	Troleibusai	4	14Ž		1043	NULL	NULL	NULL
missed	662916	A>B	Antakalnis–Centras–Žemieji Paneriai	1058	NULL	NULL	NULL	NULL	NULL	NULL	NULL	4	Troleibusai	4	14Ž		1106	NULL	NULL	NULL
missed	662916	B>A	Žemieji Paneriai–Centras–Antakalnis	1114	NULL	NULL	NULL	NULL	NULL	NULL	NULL	4	Troleibusai	4	14Ž		1162	NULL	NULL	NULL
missed	662916	A>B	Antakalnis–Centras–Žemieji Paneriai	1198	NULL	NULL	NULL	NULL	NULL	NULL	NULL	4	Troleibusai	4	14Ž		1243	NULL	NULL	NULL
missed	662916	B>A	Žemieji Paneriai–Centras–Antakalnis	1249	NULL	NULL	NULL	NULL	NULL	NULL	NULL	4	Troleibusai	4	14Ž		1292	NULL	NULL	NULL
missed	662916	A>B	Antakalnis–Centras–Žemieji Paneriai	1306	NULL	NULL	NULL	NULL	NULL	NULL	NULL	4	Troleibusai	4	14Ž		1351	NULL	NULL	NULL
missed	662916	B>A	Žemieji Paneriai–Centras–Antakalnis	1361	NULL	NULL	NULL	NULL	NULL	NULL	NULL	4	Troleibusai	4	14Ž		1404	NULL	NULL	NULL
delay	780553	A>B	Antakalnis–Centras–Žemieji Paneriai	406	354	-59	Juozo Tumo-Vaižganto st.	373.10001	-52.099998	Antakalnio žiedas	353.89999	4	Troleibusai	4	15	3-10694	453	391	1	1
delay	780553	B>A	Žemieji Paneriai–Centras–Antakalnis	459	402	-57.400002	Petro Vileišio st.	442.60001	-55.700001	Vilkpėdės st.	412.70001	4	Troleibusai	4	15	3-10694	507	450	1	1
delay	780553	A>B	Antakalnis–Centras–Žemieji Paneriai	516	460	-55.599998	Antakalnio žiedas	460.60001	-22.299999	Karaliaus Mindaugo tiltas	513.40002	4	Troleibusai	4	15	3-10694	565	538	1	1
delay	780553	B>A	Žemieji Paneriai–Centras–Antakalnis	577	540	-42.799999	Petro Vileišio st.	574.20001	-37.200001	Pakalniškių st.	545.90002	4	Troleibusai	4	15	3-10694	624	581	1	1
missed	662917	A>B	Antakalnis–Centras–Žemieji Paneriai	663	NULL	NULL	NULL	NULL	NULL	NULL	NULL	4	Troleibusai	4	15		709	NULL	NULL	NULL
missed	662917	B>A	Žemieji Paneriai–Centras–Antakalnis	717	NULL	NULL	NULL	NULL	NULL	NULL	NULL	4	Troleibusai	4	15		764	NULL	NULL	NULL
missed	662917	A>B	Antakalnis–Centras–Žemieji Paneriai	770	NULL	NULL	NULL	NULL	NULL	NULL	NULL	4	Troleibusai	4	15		816	NULL	NULL	NULL
missed	662917	B>A	Žemieji Paneriai–Centras–Antakalnis	827	NULL	NULL	NULL	NULL	NULL	NULL	NULL	4	Troleibusai	4	15		874	NULL	NULL	NULL
missed	662917	A>B	Antakalnis–Centras–Žemieji Paneriai	882	NULL	NULL	NULL	NULL	NULL	NULL	NULL	4	Troleibusai	4	15		928	NULL	NULL	NULL
missed	662917	B>A	Žemieji Paneriai–Centras–Antakalnis	938	NULL	NULL	NULL	NULL	NULL	NULL	NULL	4	Troleibusai	4	15		987	NULL	NULL	NULL
missed	662917	A>B	Antakalnis–Centras–Žemieji Paneriai	996	NULL	NULL	NULL	NULL	NULL	NULL	NULL	4	Troleibusai	4	15		1044	NULL	NULL	NULL
missed	662917	B>A	Žemieji Paneriai–Centras–Antakalnis	1051	NULL	NULL	NULL	NULL	NULL	NULL	NULL	4	Troleibusai	4	15		1102	NULL	NULL	NULL
missed	662917	A>B	Antakalnis–Centras–Žemieji Paneriai	1122	NULL	NULL	NULL	NULL	NULL	NULL	NULL	4	Troleibusai	4	15		1168	NULL	NULL	NULL
missed	662917	B>A	Žemieji Paneriai–Centras–Antakalnis	1175	NULL	NULL	NULL	NULL	NULL	NULL	NULL	4	Troleibusai	4	15		1219	NULL	NULL	NULL
missed	662917	A>B	Antakalnis–Centras–Žemieji Paneriai	1263	NULL	NULL	NULL	NULL	NULL	NULL	NULL	4	Troleibusai	4	15		1308	NULL	NULL	NULL
missed	662917	B>A	Žemieji Paneriai–Centras–Antakalnis	1315	NULL	NULL	NULL	NULL	NULL	NULL	NULL	4	Troleibusai	4	15		1358	NULL	NULL	NULL
missed	662917	A>B	Antakalnis–Centras–Žemieji Paneriai	1363	NULL	NULL	NULL	NULL	NULL	NULL	NULL	4	Troleibusai	4	15		1408	NULL	NULL	NULL
delay	780614	A>B	Antakalnis–Centras–Žemieji Paneriai	352	400	47.400002	Simono Konarskio st.	428.79999	49.200001	Juozo Tumo-Vaižganto st.	425	4	Troleibusai	4	16	3-3132	397	444	1	1
delay	780614	B>A	Žemieji Paneriai–Centras–Antakalnis	409	452	42.700001	Klinikų st.	495.20001	46.400002	Simono Konarskio st.	474.29999	4	Troleibusai	4	16	3-3132	456	499	1	1
delay	780614	A>B	Antakalnis–Centras–Žemieji Paneriai	464	508	37.700001	Simono Konarskio st.	539	44.299999	Antakalnis	510.5	4	Troleibusai	4	16	3-3132	517	556	1	1
delay	780614	B>A	Žemieji Paneriai–Centras–Antakalnis	523	566	41.799999	Gerosios Vilties st.	578.09998	43.5	Baldai	571.20001	4	Troleibusai	4	16	3-3132	570	602	1	1
missed	662930	A>B	Antakalnis–Centras–Žemieji Paneriai	613	NULL	NULL	NULL	NULL	NULL	NULL	NULL	4	Troleibusai	4	16		659	NULL	NULL	NULL
missed	662930	B>A	Žemieji Paneriai–Centras–Antakalnis	666	NULL	NULL	NULL	NULL	NULL	NULL	NULL	4	Troleibusai	4	16		713	NULL	NULL	NULL
missed	662930	A>B	Antakalnis–Centras–Žemieji Paneriai	719	NULL	NULL	NULL	NULL	NULL	NULL	NULL	4	Troleibusai	4	16		765	NULL	NULL	NULL
missed	662930	B>A	Žemieji Paneriai–Centras–Antakalnis	774	NULL	NULL	NULL	NULL	NULL	NULL	NULL	4	Troleibusai	4	16		821	NULL	NULL	NULL
missed	662930	A>B	Antakalnis–Centras–Žemieji Paneriai	831	NULL	NULL	NULL	NULL	NULL	NULL	NULL	4	Troleibusai	4	16		877	NULL	NULL	NULL
missed	662930	B>A	Žemieji Paneriai–Centras–Antakalnis	890	NULL	NULL	NULL	NULL	NULL	NULL	NULL	4	Troleibusai	4	16		937	NULL	NULL	NULL
missed	662930	A>B	Antakalnis–Centras–Žemieji Paneriai	949	NULL	NULL	NULL	NULL	NULL	NULL	NULL	4	Troleibusai	4	16		997	NULL	NULL	NULL
missed	662930	B>A	Žemieji Paneriai–Centras–Antakalnis	1006	NULL	NULL	NULL	NULL	NULL	NULL	NULL	4	Troleibusai	4	16		1056	NULL	NULL	NULL
missed	662930	A>B	Antakalnis–Centras–Žemieji Paneriai	1076	NULL	NULL	NULL	NULL	NULL	NULL	NULL	4	Troleibusai	4	16		1124	NULL	NULL	NULL
missed	662930	B>A	Žemieji Paneriai–Centras–Antakalnis	1131	NULL	NULL	NULL	NULL	NULL	NULL	NULL	4	Troleibusai	4	16		1175	NULL	NULL	NULL
missed	662930	A>B	Antakalnis–Centras–Žemieji Paneriai	1211	NULL	NULL	NULL	NULL	NULL	NULL	NULL	4	Troleibusai	4	16		1256	NULL	NULL	NULL
missed	662930	B>A	Žemieji Paneriai–Centras–Antakalnis	1262	NULL	NULL	NULL	NULL	NULL	NULL	NULL	4	Troleibusai	4	16		1305	NULL	NULL	NULL
missed	662930	A>B	Antakalnis–Centras–Žemieji Paneriai	1316	NULL	NULL	NULL	NULL	NULL	NULL	NULL	4	Troleibusai	4	16		1361	NULL	NULL	NULL
missed	662930	B>A	Žemieji Paneriai–Centras–Antakalnis	1372	NULL	NULL	NULL	NULL	NULL	NULL	NULL	4	Troleibusai	4	16		1415	NULL	NULL	NULL
delay	780564	A>B	Antakalnis–Centras–Žemieji Paneriai	NULL	356	NULL	NULL	NULL	NULL	NULL	NULL	4	Troleibusai	4	17	3-859	NULL	399	0	0
delay	780564	A>B	Antakalnis–Centras–Žemieji Paneriai	NULL	467	NULL	NULL	NULL	NULL	NULL	NULL	4	Troleibusai	4	17	3-859	NULL	533	0	0
delay	780564	B>A	Žemieji Paneriai–Centras–Antakalnis	NULL	533	NULL	NULL	NULL	NULL	NULL	NULL	4	Troleibusai	4	17	3-859	NULL	579	0	0
delay	780564	B>A	Žemieji Paneriai–Centras–Antakalnis	NULL	412	NULL	NULL	NULL	NULL	NULL	NULL	4	Troleibusai	4	17	3-859	NULL	464	0	0
delay	780472	B>A	Žemieji Paneriai–J. Basanavičiaus–Kalvarijų g.–Žirmūnai	333	337	2	Tauragnų st.	374.70001	4.3000002	Vilkpėdės st.	346.60001	6	Troleibusai	6	01	3-10631	380	383	1	1
delay	780472	A>B	Žirmūnai–Kalvarijų–J. Basanavičiaus g.–Žemieji Paneriai	387	390	2.5	Šaltinėlio st.	390.79999	9.6999998	Riovonys	436.60001	6	Troleibusai	6	01	3-10631	433	442	1	1
delay	780472	B>A	Žemieji Paneriai–J. Basanavičiaus–Kalvarijų g.–Žirmūnai	442	444	2.0999999	Valkininkų st.	444.29999	5.6999998	Šaltinėlio st.	497	6	Troleibusai	6	01	3-10631	492	498	1	1
delay	780472	A>B	Žirmūnai–Kalvarijų–J. Basanavičiaus g.–Žemieji Paneriai	526	531	3.7	Pramogų arena	539.90002	5.9000001	Žalgirio st.	548.20001	6	Troleibusai	6	01	3-10631	578	582	1	1
missed	662939	B>A	Žemieji Paneriai–J. Basanavičiaus–Kalvarijų g.–Žirmūnai	585	NULL	NULL	NULL	NULL	NULL	NULL	NULL	6	Troleibusai	6	01		635	NULL	NULL	NULL
missed	662939	A>B	Žirmūnai–Kalvarijų–J. Basanavičiaus g.–Žemieji Paneriai	649	NULL	NULL	NULL	NULL	NULL	NULL	NULL	6	Troleibusai	6	01		700	NULL	NULL	NULL
missed	662939	B>A	Žemieji Paneriai–J. Basanavičiaus–Kalvarijų g.–Žirmūnai	705	NULL	NULL	NULL	NULL	NULL	NULL	NULL	6	Troleibusai	6	01		756	NULL	NULL	NULL
missed	662939	A>B	Žirmūnai–Kalvarijų–J. Basanavičiaus g.–Žemieji Paneriai	765	NULL	NULL	NULL	NULL	NULL	NULL	NULL	6	Troleibusai	6	01		816	NULL	NULL	NULL
missed	662939	B>A	Žemieji Paneriai–J. Basanavičiaus–Kalvarijų g.–Žirmūnai	826	NULL	NULL	NULL	NULL	NULL	NULL	NULL	6	Troleibusai	6	01		877	NULL	NULL	NULL
missed	662939	A>B	Žirmūnai–Kalvarijų–J. Basanavičiaus g.–Žemieji Paneriai	887	NULL	NULL	NULL	NULL	NULL	NULL	NULL	6	Troleibusai	6	01		938	NULL	NULL	NULL
missed	662939	B>A	Žemieji Paneriai–J. Basanavičiaus–Kalvarijų g.–Žirmūnai	944	NULL	NULL	NULL	NULL	NULL	NULL	NULL	6	Troleibusai	6	01		1000	NULL	NULL	NULL
missed	662939	A>B	Žirmūnai–Kalvarijų–J. Basanavičiaus g.–Žemieji Paneriai	1010	NULL	NULL	NULL	NULL	NULL	NULL	NULL	6	Troleibusai	6	01		1064	NULL	NULL	NULL
missed	662939	B>A	Žemieji Paneriai–J. Basanavičiaus–Kalvarijų g.–Žirmūnai	1072	NULL	NULL	NULL	NULL	NULL	NULL	NULL	6	Troleibusai	6	01		1130	NULL	NULL	NULL
missed	662939	A>B	Žirmūnai–Kalvarijų–J. Basanavičiaus g.–Žemieji Paneriai	1172	NULL	NULL	NULL	NULL	NULL	NULL	NULL	6	Troleibusai	6	01		1219	NULL	NULL	NULL
missed	662939	B>A	Žemieji Paneriai–J. Basanavičiaus–Kalvarijų g.–Žirmūnai	1225	NULL	NULL	NULL	NULL	NULL	NULL	NULL	6	Troleibusai	6	01		1270	NULL	NULL	NULL
missed	662939	A>B	Žirmūnai–Kalvarijų–J. Basanavičiaus g.–Žemieji Paneriai	1279	NULL	NULL	NULL	NULL	NULL	NULL	NULL	6	Troleibusai	6	01		1325	NULL	NULL	NULL
missed	662939	B>A	Žemieji Paneriai–J. Basanavičiaus–Kalvarijų g.–Žirmūnai	1332	NULL	NULL	NULL	NULL	NULL	NULL	NULL	6	Troleibusai	6	01		1377	NULL	NULL	NULL
delay	780482	B>A	Žemieji Paneriai–J. Basanavičiaus–Kalvarijų g.–Žirmūnai	399	390	-9.8000002	Savanorių prospektas	404.70001	-6.9000001	Reformatų st.	416.70001	6	Troleibusai	6	02	3-1994	448	439	1	1
delay	780482	A>B	Žirmūnai–Kalvarijų–J. Basanavičiaus g.–Žemieji Paneriai	459	452	-6.5999999	Šaltinėlio st.	453.60001	-1.1	Žalgirio st.	474.20001	6	Troleibusai	6	02	3-1994	512	507	1	1
delay	780482	B>A	Žemieji Paneriai–J. Basanavičiaus–Kalvarijų g.–Žirmūnai	520	513	-7.6999998	Simono Konarskio st.	531.40002	-2.9000001	Verkių st.	563.5	6	Troleibusai	6	02	3-1994	570	567	1	1
missed	662932	A>B	Žirmūnai–Kalvarijų–J. Basanavičiaus g.–Žemieji Paneriai	905	NULL	NULL	NULL	NULL	NULL	NULL	NULL	6	Troleibusai	6	02		956	NULL	NULL	NULL
missed	662932	B>A	Žemieji Paneriai–J. Basanavičiaus–Kalvarijų g.–Žirmūnai	963	NULL	NULL	NULL	NULL	NULL	NULL	NULL	6	Troleibusai	6	02		1020	NULL	NULL	NULL
missed	662932	A>B	Žirmūnai–Kalvarijų–J. Basanavičiaus g.–Žemieji Paneriai	1028	NULL	NULL	NULL	NULL	NULL	NULL	NULL	6	Troleibusai	6	02		1083	NULL	NULL	NULL
missed	662932	B>A	Žemieji Paneriai–J. Basanavičiaus–Kalvarijų g.–Žirmūnai	1090	NULL	NULL	NULL	NULL	NULL	NULL	NULL	6	Troleibusai	6	02		1147	NULL	NULL	NULL
delay	780563	A>B	Žirmūnai–Kalvarijų–J. Basanavičiaus g.–Žemieji Paneriai	368	367	-2.9000001	Kalvarijų turgus	381.10001	-1.1	Pakalniškių st.	408.5	6	Troleibusai	6	03	3-2871	414	413	0	0
delay	780563	B>A	Žemieji Paneriai–J. Basanavičiaus–Kalvarijų g.–Žirmūnai	425	422	-4.4000001	Vinco Kudirkos aikštė	450	-2.2	Vilkpėdės st.	432.20001	6	Troleibusai	6	03	3-2871	475	472	1	1
delay	780563	A>B	Žirmūnai–Kalvarijų–J. Basanavičiaus g.–Žemieji Paneriai	484	486	2.3	Šaltinėlio st.	487.5	14.7	Riovonys	544.90002	6	Troleibusai	6	03	3-2871	537	551	1	1
delay	780563	B>A	Žemieji Paneriai–J. Basanavičiaus–Kalvarijų g.–Žirmūnai	544	551	3.7	Pramogų arena	592	9.1999998	Vilkpėdės st.	562.59998	6	Troleibusai	6	03	3-2871	594	601	1	1
missed	662934	A>B	Žirmūnai–Kalvarijų–J. Basanavičiaus g.–Žemieji Paneriai	635	NULL	NULL	NULL	NULL	NULL	NULL	NULL	6	Troleibusai	6	03		686	NULL	NULL	NULL
missed	662934	B>A	Žemieji Paneriai–J. Basanavičiaus–Kalvarijų g.–Žirmūnai	693	NULL	NULL	NULL	NULL	NULL	NULL	NULL	6	Troleibusai	6	03		744	NULL	NULL	NULL
missed	662934	A>B	Žirmūnai–Kalvarijų–J. Basanavičiaus g.–Žemieji Paneriai	752	NULL	NULL	NULL	NULL	NULL	NULL	NULL	6	Troleibusai	6	03		803	NULL	NULL	NULL
missed	662934	B>A	Žemieji Paneriai–J. Basanavičiaus–Kalvarijų g.–Žirmūnai	811	NULL	NULL	NULL	NULL	NULL	NULL	NULL	6	Troleibusai	6	03		862	NULL	NULL	NULL
missed	662934	A>B	Žirmūnai–Kalvarijų–J. Basanavičiaus g.–Žemieji Paneriai	874	NULL	NULL	NULL	NULL	NULL	NULL	NULL	6	Troleibusai	6	03		925	NULL	NULL	NULL
missed	662934	B>A	Žemieji Paneriai–J. Basanavičiaus–Kalvarijų g.–Žirmūnai	933	NULL	NULL	NULL	NULL	NULL	NULL	NULL	6	Troleibusai	6	03		985	NULL	NULL	NULL
missed	662934	A>B	Žirmūnai–Kalvarijų–J. Basanavičiaus g.–Žemieji Paneriai	999	NULL	NULL	NULL	NULL	NULL	NULL	NULL	6	Troleibusai	6	03		1053	NULL	NULL	NULL
missed	662934	B>A	Žemieji Paneriai–J. Basanavičiaus–Kalvarijų g.–Žirmūnai	1062	NULL	NULL	NULL	NULL	NULL	NULL	NULL	6	Troleibusai	6	03		1120	NULL	NULL	NULL
missed	662934	A>B	Žirmūnai–Kalvarijų–J. Basanavičiaus g.–Žemieji Paneriai	1158	NULL	NULL	NULL	NULL	NULL	NULL	NULL	6	Troleibusai	6	03		1206	NULL	NULL	NULL
missed	662934	B>A	Žemieji Paneriai–J. Basanavičiaus–Kalvarijų g.–Žirmūnai	1213	NULL	NULL	NULL	NULL	NULL	NULL	NULL	6	Troleibusai	6	03		1258	NULL	NULL	NULL
missed	662934	A>B	Žirmūnai–Kalvarijų–J. Basanavičiaus g.–Žemieji Paneriai	1267	NULL	NULL	NULL	NULL	NULL	NULL	NULL	6	Troleibusai	6	03		1313	NULL	NULL	NULL
missed	662934	B>A	Žemieji Paneriai–J. Basanavičiaus–Kalvarijų g.–Žirmūnai	1321	NULL	NULL	NULL	NULL	NULL	NULL	NULL	6	Troleibusai	6	03		1366	NULL	NULL	NULL
delay	780579	A>B	Žirmūnai–Kalvarijų–J. Basanavičiaus g.–Žemieji Paneriai	413	379	-39.599998	Simono Konarskio st.	410.10001	-34.900002	Kareivių st.	383	6	Troleibusai	6	04	3-1502	465	427	1	1
delay	780579	A>B	Žirmūnai–Kalvarijų–J. Basanavičiaus g.–Žemieji Paneriai	413	498	1440	NULL	0	-1440	NULL	0	6	Troleibusai	6	04	3-1502	465	556	0	1
delay	780579	B>A	Žemieji Paneriai–J. Basanavičiaus–Kalvarijų g.–Žirmūnai	470	557	1440	NULL	0	-1440	NULL	0	6	Troleibusai	6	04	3-1502	520	602	0	1
delay	780579	B>A	Žemieji Paneriai–J. Basanavičiaus–Kalvarijų g.–Žirmūnai	470	433	-37.599998	Savanorių prospektas	448	-34.5	Šaltinėlio st.	484.79999	6	Troleibusai	6	04	3-1502	520	485	1	1
missed	662942	A>B2	Žirmūnai–st. Žemieji Paneriai	534	NULL	NULL	NULL	NULL	NULL	NULL	NULL	6	Troleibusai	6	04		583	NULL	NULL	NULL
missed	662942	B>A	Žemieji Paneriai–J. Basanavičiaus–Kalvarijų g.–Žirmūnai	885	NULL	NULL	NULL	NULL	NULL	NULL	NULL	6	Troleibusai	6	04		937	NULL	NULL	NULL
missed	662942	A>B	Žirmūnai–Kalvarijų–J. Basanavičiaus g.–Žemieji Paneriai	945	NULL	NULL	NULL	NULL	NULL	NULL	NULL	6	Troleibusai	6	04		997	NULL	NULL	NULL
missed	662942	B>A	Žemieji Paneriai–J. Basanavičiaus–Kalvarijų g.–Žirmūnai	1004	NULL	NULL	NULL	NULL	NULL	NULL	NULL	6	Troleibusai	6	04		1062	NULL	NULL	NULL
missed	662942	A>B	Žirmūnai–Kalvarijų–J. Basanavičiaus g.–Žemieji Paneriai	1069	NULL	NULL	NULL	NULL	NULL	NULL	NULL	6	Troleibusai	6	04		1124	NULL	NULL	NULL
missed	662942	B>A	Žemieji Paneriai–J. Basanavičiaus–Kalvarijų g.–Žirmūnai	1133	NULL	NULL	NULL	NULL	NULL	NULL	NULL	6	Troleibusai	6	04		1180	NULL	NULL	NULL
delay	780474	A>B	Žirmūnai–Kalvarijų–J. Basanavičiaus g.–Žemieji Paneriai	303	303	-1	Tauragnų st.	313.29999	1	Vinco Kudirkos aikštė	324.60001	6	Troleibusai	6	05Ž	3-10353	349	349	0	0
delay	780474	B>A	Žemieji Paneriai–J. Basanavičiaus–Kalvarijų g.–Žirmūnai	353	355	1.2	Trakų st.	377.79999	3.0999999	Šaltinėlio st.	402.29999	6	Troleibusai	6	05Ž	3-10353	400	403	1	0
delay	780474	A>B	Žirmūnai–Kalvarijų–J. Basanavičiaus g.–Žemieji Paneriai	405	411	4.5	Pramogų arena	418.60001	6.0999999	Žalgirio st.	425.39999	6	Troleibusai	6	05Ž	3-10353	456	460	1	1
delay	780474	B>A	Žemieji Paneriai–J. Basanavičiaus–Kalvarijų g.–Žirmūnai	461	468	6.6999998	Valkininkų st.	467.79999	17.5	Verkių st.	524.79999	6	Troleibusai	6	05Ž	3-10353	511	528	1	1
delay	780474	A>B	Žirmūnai–Kalvarijų–J. Basanavičiaus g.–Žemieji Paneriai	553	562	6.6999998	Pramogų arena	569.79999	11.2	Savanorių prospektas	602.70001	6	Troleibusai	6	05Ž	3-10353	604	602	1	1
missed	662936	B>A	Žemieji Paneriai–J. Basanavičiaus–Kalvarijų g.–Žirmūnai	611	NULL	NULL	NULL	NULL	NULL	NULL	NULL	6	Troleibusai	6	05Ž		662	NULL	NULL	NULL
missed	662936	A>B	Žirmūnai–Kalvarijų–J. Basanavičiaus g.–Žemieji Paneriai	671	NULL	NULL	NULL	NULL	NULL	NULL	NULL	6	Troleibusai	6	05Ž		722	NULL	NULL	NULL
missed	662936	B>A	Žemieji Paneriai–J. Basanavičiaus–Kalvarijų g.–Žirmūnai	727	NULL	NULL	NULL	NULL	NULL	NULL	NULL	6	Troleibusai	6	05Ž		778	NULL	NULL	NULL
missed	662936	A>B	Žirmūnai–Kalvarijų–J. Basanavičiaus g.–Žemieji Paneriai	789	NULL	NULL	NULL	NULL	NULL	NULL	NULL	6	Troleibusai	6	05Ž		840	NULL	NULL	NULL
missed	662936	B>A	Žemieji Paneriai–J. Basanavičiaus–Kalvarijų g.–Žirmūnai	853	NULL	NULL	NULL	NULL	NULL	NULL	NULL	6	Troleibusai	6	05Ž		904	NULL	NULL	NULL
missed	662936	A>B	Žirmūnai–Kalvarijų–J. Basanavičiaus g.–Žemieji Paneriai	912	NULL	NULL	NULL	NULL	NULL	NULL	NULL	6	Troleibusai	6	05Ž		963	NULL	NULL	NULL
missed	662936	B>A	Žemieji Paneriai–J. Basanavičiaus–Kalvarijų g.–Žirmūnai	970	NULL	NULL	NULL	NULL	NULL	NULL	NULL	6	Troleibusai	6	05Ž		1027	NULL	NULL	NULL
missed	662936	A>B	Žirmūnai–Kalvarijų–J. Basanavičiaus g.–Žemieji Paneriai	1038	NULL	NULL	NULL	NULL	NULL	NULL	NULL	6	Troleibusai	6	05Ž		1093	NULL	NULL	NULL
missed	662936	B>A	Žemieji Paneriai–J. Basanavičiaus–Kalvarijų g.–Žirmūnai	1102	NULL	NULL	NULL	NULL	NULL	NULL	NULL	6	Troleibusai	6	05Ž		1156	NULL	NULL	NULL
missed	662936	A>B	Žirmūnai–Kalvarijų–J. Basanavičiaus g.–Žemieji Paneriai	1194	NULL	NULL	NULL	NULL	NULL	NULL	NULL	6	Troleibusai	6	05Ž		1240	NULL	NULL	NULL
missed	662936	B>A	Žemieji Paneriai–J. Basanavičiaus–Kalvarijų g.–Žirmūnai	1248	NULL	NULL	NULL	NULL	NULL	NULL	NULL	6	Troleibusai	6	05Ž		1293	NULL	NULL	NULL
missed	662936	A>B	Žirmūnai–Kalvarijų–J. Basanavičiaus g.–Žemieji Paneriai	1305	NULL	NULL	NULL	NULL	NULL	NULL	NULL	6	Troleibusai	6	05Ž		1351	NULL	NULL	NULL
missed	662936	B>A	Žemieji Paneriai–J. Basanavičiaus–Kalvarijų g.–Žirmūnai	1358	NULL	NULL	NULL	NULL	NULL	NULL	NULL	6	Troleibusai	6	05Ž		1403	NULL	NULL	NULL
delay	780595	A>B	Žirmūnai–Kalvarijų–J. Basanavičiaus g.–Žemieji Paneriai	395	393	-3.3	Pramogų arena	400.70001	1.8	Riovonys	438.60001	6	Troleibusai	6	06	3-2772	443	444	1	0
delay	780595	B>A	Žemieji Paneriai–J. Basanavičiaus–Kalvarijų g.–Žirmūnai	449	447	-2.2	Valkininkų st.	446.89999	8	Verkių st.	503.39999	6	Troleibusai	6	06	3-2772	499	507	1	1
delay	780595	A>B	Žirmūnai–Kalvarijų–J. Basanavičiaus g.–Žemieji Paneriai	511	507	-5.6999998	Vilkpėdės st.	549.40002	-3.0999999	Verkių st.	516	6	Troleibusai	6	06	3-2772	563	557	1	1
missed	662937	B>A	Žemieji Paneriai–J. Basanavičiaus–Kalvarijų g.–Žirmūnai	570	NULL	NULL	NULL	NULL	NULL	NULL	NULL	6	Troleibusai	6	06		620	NULL	NULL	NULL
missed	662937	A>B	Žirmūnai–Kalvarijų–J. Basanavičiaus g.–Žemieji Paneriai	659	NULL	NULL	NULL	NULL	NULL	NULL	NULL	6	Troleibusai	6	06		710	NULL	NULL	NULL
missed	662937	B>A	Žemieji Paneriai–J. Basanavičiaus–Kalvarijų g.–Žirmūnai	716	NULL	NULL	NULL	NULL	NULL	NULL	NULL	6	Troleibusai	6	06		767	NULL	NULL	NULL
missed	662937	A>B	Žirmūnai–Kalvarijų–J. Basanavičiaus g.–Žemieji Paneriai	777	NULL	NULL	NULL	NULL	NULL	NULL	NULL	6	Troleibusai	6	06		828	NULL	NULL	NULL
missed	662937	B>A	Žemieji Paneriai–J. Basanavičiaus–Kalvarijų g.–Žirmūnai	837	NULL	NULL	NULL	NULL	NULL	NULL	NULL	6	Troleibusai	6	06		888	NULL	NULL	NULL
missed	662937	A>B	Žirmūnai–Kalvarijų–J. Basanavičiaus g.–Žemieji Paneriai	898	NULL	NULL	NULL	NULL	NULL	NULL	NULL	6	Troleibusai	6	06		949	NULL	NULL	NULL
missed	662937	B>A	Žemieji Paneriai–J. Basanavičiaus–Kalvarijų g.–Žirmūnai	956	NULL	NULL	NULL	NULL	NULL	NULL	NULL	6	Troleibusai	6	06		1012	NULL	NULL	NULL
missed	662937	A>B	Žirmūnai–Kalvarijų–J. Basanavičiaus g.–Žemieji Paneriai	1019	NULL	NULL	NULL	NULL	NULL	NULL	NULL	6	Troleibusai	6	06		1074	NULL	NULL	NULL
missed	662937	B>A	Žemieji Paneriai–J. Basanavičiaus–Kalvarijų g.–Žirmūnai	1079	NULL	NULL	NULL	NULL	NULL	NULL	NULL	6	Troleibusai	6	06		1137	NULL	NULL	NULL
missed	662937	A>B	Žirmūnai–Kalvarijų–J. Basanavičiaus g.–Žemieji Paneriai	1180	NULL	NULL	NULL	NULL	NULL	NULL	NULL	6	Troleibusai	6	06		1227	NULL	NULL	NULL
missed	662937	B>A	Žemieji Paneriai–J. Basanavičiaus–Kalvarijų g.–Žirmūnai	1234	NULL	NULL	NULL	NULL	NULL	NULL	NULL	6	Troleibusai	6	06		1279	NULL	NULL	NULL
missed	662937	A>B	Žirmūnai–Kalvarijų–J. Basanavičiaus g.–Žemieji Paneriai	1291	NULL	NULL	NULL	NULL	NULL	NULL	NULL	6	Troleibusai	6	06		1337	NULL	NULL	NULL
missed	662937	B>A	Žemieji Paneriai–J. Basanavičiaus–Kalvarijų g.–Žirmūnai	1345	NULL	NULL	NULL	NULL	NULL	NULL	NULL	6	Troleibusai	6	06		1390	NULL	NULL	NULL
delay	780603	A>B	Žirmūnai–Kalvarijų–J. Basanavičiaus g.–Žemieji Paneriai	427	403	-27.9	Pakalniškių st.	447	-23.9	Kareivių st.	408	6	Troleibusai	6	07	3-1988	480	451	1	1
delay	780603	B>A	Žemieji Paneriai–J. Basanavičiaus–Kalvarijų g.–Žirmūnai	486	458	-27.700001	Valkininkų st.	458.39999	-21.700001	Gerosios Vilties st.	477.5	6	Troleibusai	6	07	3-1988	536	512	1	1
delay	780603	A>B	Žirmūnai–Kalvarijų–J. Basanavičiaus g.–Žemieji Paneriai	544	520	-24.6	Žirmūnų seniūnija	523.20001	-18.299999	Vinco Kudirkos aikštė	549.59998	6	Troleibusai	6	07	3-1988	595	575	1	1
missed	662943	B>A	Žemieji Paneriai–J. Basanavičiaus–Kalvarijų g.–Žirmūnai	600	NULL	NULL	NULL	NULL	NULL	NULL	NULL	6	Troleibusai	6	07		650	NULL	NULL	NULL
missed	662943	A>B	Žirmūnai–Kalvarijų–J. Basanavičiaus g.–Žemieji Paneriai	951	NULL	NULL	NULL	NULL	NULL	NULL	NULL	6	Troleibusai	6	07		1004	NULL	NULL	NULL
missed	662943	B>A	Žemieji Paneriai–J. Basanavičiaus–Kalvarijų g.–Žirmūnai	1012	NULL	NULL	NULL	NULL	NULL	NULL	NULL	6	Troleibusai	6	07		1070	NULL	NULL	NULL
missed	662943	A>B	Žirmūnai–Kalvarijų–J. Basanavičiaus g.–Žemieji Paneriai	1082	NULL	NULL	NULL	NULL	NULL	NULL	NULL	6	Troleibusai	6	07		1136	NULL	NULL	NULL
missed	662943	B>A	Žemieji Paneriai–J. Basanavičiaus–Kalvarijų g.–Žirmūnai	1143	NULL	NULL	NULL	NULL	NULL	NULL	NULL	6	Troleibusai	6	07		1190	NULL	NULL	NULL
delay	780499	A>B	Žirmūnai–Kalvarijų–J. Basanavičiaus g.–Žemieji Paneriai	312	322	7.9000001	Baldai	362.79999	9.3000002	Šaltinėlio st.	322.39999	6	Troleibusai	6	08	3-2699	358	365	1	1
delay	780499	B>A	Žemieji Paneriai–J. Basanavičiaus–Kalvarijų g.–Žirmūnai	365	371	3.9000001	Tauragnų st.	408.60001	7.0999999	Baldai	376.79999	6	Troleibusai	6	08	3-2699	412	418	1	1
delay	780499	A>B	Žirmūnai–Kalvarijų–J. Basanavičiaus g.–Žemieji Paneriai	420	423	1.8	Vingis	460.39999	3.5999999	Žalgirio st.	439.89999	6	Troleibusai	6	08	3-2699	473	476	1	1
delay	780499	B>A	Žemieji Paneriai–J. Basanavičiaus–Kalvarijų g.–Žirmūnai	479	481	2.5	Valkininkų st.	481.70001	9.3000002	Verkių st.	534.59998	6	Troleibusai	6	08	3-2699	529	538	1	1
missed	662938	A>B	Žirmūnai–Kalvarijų–J. Basanavičiaus g.–Žemieji Paneriai	572	NULL	NULL	NULL	NULL	NULL	NULL	NULL	6	Troleibusai	6	08		623	NULL	NULL	NULL
missed	662938	B>A	Žemieji Paneriai–J. Basanavičiaus–Kalvarijų g.–Žirmūnai	628	NULL	NULL	NULL	NULL	NULL	NULL	NULL	6	Troleibusai	6	08		679	NULL	NULL	NULL
missed	662938	A>B	Žirmūnai–Kalvarijų–J. Basanavičiaus g.–Žemieji Paneriai	685	NULL	NULL	NULL	NULL	NULL	NULL	NULL	6	Troleibusai	6	08		736	NULL	NULL	NULL
missed	662938	B>A	Žemieji Paneriai–J. Basanavičiaus–Kalvarijų g.–Žirmūnai	742	NULL	NULL	NULL	NULL	NULL	NULL	NULL	6	Troleibusai	6	08		793	NULL	NULL	NULL
missed	662938	A>B	Žirmūnai–Kalvarijų–J. Basanavičiaus g.–Žemieji Paneriai	803	NULL	NULL	NULL	NULL	NULL	NULL	NULL	6	Troleibusai	6	08		854	NULL	NULL	NULL
missed	662938	B>A	Žemieji Paneriai–J. Basanavičiaus–Kalvarijų g.–Žirmūnai	866	NULL	NULL	NULL	NULL	NULL	NULL	NULL	6	Troleibusai	6	08		917	NULL	NULL	NULL
missed	662938	A>B	Žirmūnai–Kalvarijų–J. Basanavičiaus g.–Žemieji Paneriai	928	NULL	NULL	NULL	NULL	NULL	NULL	NULL	6	Troleibusai	6	08		979	NULL	NULL	NULL
missed	662938	B>A	Žemieji Paneriai–J. Basanavičiaus–Kalvarijų g.–Žirmūnai	988	NULL	NULL	NULL	NULL	NULL	NULL	NULL	6	Troleibusai	6	08		1046	NULL	NULL	NULL
missed	662938	A>B	Žirmūnai–Kalvarijų–J. Basanavičiaus g.–Žemieji Paneriai	1056	NULL	NULL	NULL	NULL	NULL	NULL	NULL	6	Troleibusai	6	08		1111	NULL	NULL	NULL
missed	662938	B>A	Žemieji Paneriai–J. Basanavičiaus–Kalvarijų g.–Žirmūnai	1124	NULL	NULL	NULL	NULL	NULL	NULL	NULL	6	Troleibusai	6	08		1172	NULL	NULL	NULL
missed	662938	A>B	Žirmūnai–Kalvarijų–J. Basanavičiaus g.–Žemieji Paneriai	1217	NULL	NULL	NULL	NULL	NULL	NULL	NULL	6	Troleibusai	6	08		1263	NULL	NULL	NULL
missed	662938	B>A	Žemieji Paneriai–J. Basanavičiaus–Kalvarijų g.–Žirmūnai	1271	NULL	NULL	NULL	NULL	NULL	NULL	NULL	6	Troleibusai	6	08		1316	NULL	NULL	NULL
missed	662938	A>B	Žirmūnai–Kalvarijų–J. Basanavičiaus g.–Žemieji Paneriai	1326	NULL	NULL	NULL	NULL	NULL	NULL	NULL	6	Troleibusai	6	08		1372	NULL	NULL	NULL
missed	662938	B>A	Žemieji Paneriai–J. Basanavičiaus–Kalvarijų g.–Žirmūnai	1379	NULL	NULL	NULL	NULL	NULL	NULL	NULL	6	Troleibusai	6	08		1424	NULL	NULL	NULL
missed	662944	A>B	Žirmūnai–Kalvarijų–J. Basanavičiaus g.–Žemieji Paneriai	327	NULL	NULL	NULL	NULL	NULL	NULL	NULL	6	Troleibusai	6	09		373	NULL	NULL	NULL
missed	662944	B>A	Žemieji Paneriai–J. Basanavičiaus–Kalvarijų g.–Žirmūnai	379	NULL	NULL	NULL	NULL	NULL	NULL	NULL	6	Troleibusai	6	09		427	NULL	NULL	NULL
delay	780602	A>B	Žirmūnai–Kalvarijų–J. Basanavičiaus g.–Žemieji Paneriai	434	416	-19.799999	Simono Konarskio st.	451.5	-17	Kareivių st.	421.89999	6	Troleibusai	6	09	3-3124	487	469	1	1
delay	780602	B>A	Žemieji Paneriai–J. Basanavičiaus–Kalvarijų g.–Žirmūnai	496	476	-19.700001	Valkininkų st.	476.39999	-11.6	Šaltinėlio st.	533.70001	6	Troleibusai	6	09	3-3124	546	534	1	1
delay	780602	A>B	Žirmūnai–Kalvarijų–J. Basanavičiaus g.–Žemieji Paneriai	582	540	-43.700001	Pramogų arena	548.59998	-40.599998	Tauragnų st.	553.59998	6	Troleibusai	6	09	3-3124	633	590	1	1
missed	662944	B>A	Žemieji Paneriai–J. Basanavičiaus–Kalvarijų g.–Žirmūnai	639	NULL	NULL	NULL	NULL	NULL	NULL	NULL	6	Troleibusai	6	09		689	NULL	NULL	NULL
missed	662944	A>B	Žirmūnai–Kalvarijų–J. Basanavičiaus g.–Žemieji Paneriai	699	NULL	NULL	NULL	NULL	NULL	NULL	NULL	6	Troleibusai	6	09		750	NULL	NULL	NULL
missed	662944	B>A	Žemieji Paneriai–J. Basanavičiaus–Kalvarijų g.–Žirmūnai	757	NULL	NULL	NULL	NULL	NULL	NULL	NULL	6	Troleibusai	6	09		807	NULL	NULL	NULL
missed	662944	A>B	Žirmūnai–Kalvarijų–J. Basanavičiaus g.–Žemieji Paneriai	816	NULL	NULL	NULL	NULL	NULL	NULL	NULL	6	Troleibusai	6	09		867	NULL	NULL	NULL
missed	662944	B>A	Žemieji Paneriai–J. Basanavičiaus–Kalvarijų g.–Žirmūnai	877	NULL	NULL	NULL	NULL	NULL	NULL	NULL	6	Troleibusai	6	09		928	NULL	NULL	NULL
missed	662944	A>B	Žirmūnai–Kalvarijų–J. Basanavičiaus g.–Žemieji Paneriai	935	NULL	NULL	NULL	NULL	NULL	NULL	NULL	6	Troleibusai	6	09		987	NULL	NULL	NULL
missed	662944	B>A	Žemieji Paneriai–J. Basanavičiaus–Kalvarijų g.–Žirmūnai	997	NULL	NULL	NULL	NULL	NULL	NULL	NULL	6	Troleibusai	6	09		1055	NULL	NULL	NULL
missed	662944	A>B	Žirmūnai–Kalvarijų–J. Basanavičiaus g.–Žemieji Paneriai	1092	NULL	NULL	NULL	NULL	NULL	NULL	NULL	6	Troleibusai	6	09		1146	NULL	NULL	NULL
missed	662944	B>A	Žemieji Paneriai–J. Basanavičiaus–Kalvarijų g.–Žirmūnai	1154	NULL	NULL	NULL	NULL	NULL	NULL	NULL	6	Troleibusai	6	09		1201	NULL	NULL	NULL
missed	662944	A>B	Žirmūnai–Kalvarijų–J. Basanavičiaus g.–Žemieji Paneriai	1207	NULL	NULL	NULL	NULL	NULL	NULL	NULL	6	Troleibusai	6	09		1253	NULL	NULL	NULL
missed	662944	B>A	Žemieji Paneriai–J. Basanavičiaus–Kalvarijų g.–Žirmūnai	1261	NULL	NULL	NULL	NULL	NULL	NULL	NULL	6	Troleibusai	6	09		1306	NULL	NULL	NULL
delay	780625	A>B	Žirmūnai–Kalvarijų–J. Basanavičiaus g.–Žemieji Paneriai	444	555	1440	NULL	0	-1440	NULL	0	6	Troleibusai	6	10	3-2536	497	603	0	1
delay	780625	A>B	Žirmūnai–Kalvarijų–J. Basanavičiaus g.–Žemieji Paneriai	444	434	-11	Pramogų arena	443.20001	-3.3	Žemieji Paneriai	491.39999	6	Troleibusai	6	10	3-2536	497	493	1	1
delay	780625	B>A	Žemieji Paneriai–J. Basanavičiaus–Kalvarijų g.–Žirmūnai	505	494	-10.8	Valkininkų st.	494.39999	-2.5999999	Verkių st.	548.70001	6	Troleibusai	6	10	3-2536	555	552	1	1
missed	662940	A>B2	Žirmūnai–st. Žemieji Paneriai	564	NULL	NULL	NULL	NULL	NULL	NULL	NULL	6	Troleibusai	6	10		613	NULL	NULL	NULL
missed	662940	B>A	Žemieji Paneriai–J. Basanavičiaus–Kalvarijų g.–Žirmūnai	914	NULL	NULL	NULL	NULL	NULL	NULL	NULL	6	Troleibusai	6	10		966	NULL	NULL	NULL
missed	662940	A>B	Žirmūnai–Kalvarijų–J. Basanavičiaus g.–Žemieji Paneriai	978	NULL	NULL	NULL	NULL	NULL	NULL	NULL	6	Troleibusai	6	10		1032	NULL	NULL	NULL
missed	662940	B>A	Žemieji Paneriai–J. Basanavičiaus–Kalvarijų g.–Žirmūnai	1041	NULL	NULL	NULL	NULL	NULL	NULL	NULL	6	Troleibusai	6	10		1099	NULL	NULL	NULL
missed	662940	A>B	Žirmūnai–Kalvarijų–J. Basanavičiaus g.–Žemieji Paneriai	1104	NULL	NULL	NULL	NULL	NULL	NULL	NULL	6	Troleibusai	6	10		1158	NULL	NULL	NULL
missed	662940	B>A	Žemieji Paneriai–J. Basanavičiaus–Kalvarijų g.–Žirmūnai	1164	NULL	NULL	NULL	NULL	NULL	NULL	NULL	6	Troleibusai	6	10		1211	NULL	NULL	NULL
delay	780516	A>B	Žirmūnai–Kalvarijų–J. Basanavičiaus g.–Žemieji Paneriai	339	326	-13.9	Pramogų arena	334.10001	-8.3999996	Žemieji Paneriai	374.70001	6	Troleibusai	6	11	3-229	385	376	1	1
delay	780516	B>A	Žemieji Paneriai–J. Basanavičiaus–Kalvarijų g.–Žirmūnai	391	381	-9.8999996	Valkininkų st.	381.10001	-4.5999999	Kalvarijų turgus	420.60001	6	Troleibusai	6	11	3-229	440	435	1	1
delay	780516	A>B	Žirmūnai–Kalvarijų–J. Basanavičiaus g.–Žemieji Paneriai	453	443	-9.6999998	Šaltinėlio st.	444.5	-5.0999999	Vilkpėdės st.	492.89999	6	Troleibusai	6	11	3-229	506	500	1	1
delay	780516	B>A	Žemieji Paneriai–J. Basanavičiaus–Kalvarijų g.–Žirmūnai	513	505	-10.4	Pramogų arena	546.90002	-5.5	Šaltinėlio st.	556.79999	6	Troleibusai	6	11	3-229	563	558	1	1
missed	662935	A>B	Žirmūnai–Kalvarijų–J. Basanavičiaus g.–Žemieji Paneriai	597	NULL	NULL	NULL	NULL	NULL	NULL	NULL	6	Troleibusai	6	11		648	NULL	NULL	NULL
missed	662935	B>A	Žemieji Paneriai–J. Basanavičiaus–Kalvarijų g.–Žirmūnai	652	NULL	NULL	NULL	NULL	NULL	NULL	NULL	6	Troleibusai	6	11		702	NULL	NULL	NULL
missed	662935	A>B	Žirmūnai–Kalvarijų–J. Basanavičiaus g.–Žemieji Paneriai	713	NULL	NULL	NULL	NULL	NULL	NULL	NULL	6	Troleibusai	6	11		764	NULL	NULL	NULL
missed	662935	B>A	Žemieji Paneriai–J. Basanavičiaus–Kalvarijų g.–Žirmūnai	774	NULL	NULL	NULL	NULL	NULL	NULL	NULL	6	Troleibusai	6	11		825	NULL	NULL	NULL
missed	662935	A>B	Žirmūnai–Kalvarijų–J. Basanavičiaus g.–Žemieji Paneriai	833	NULL	NULL	NULL	NULL	NULL	NULL	NULL	6	Troleibusai	6	11		884	NULL	NULL	NULL
missed	662935	B>A	Žemieji Paneriai–J. Basanavičiaus–Kalvarijų g.–Žirmūnai	895	NULL	NULL	NULL	NULL	NULL	NULL	NULL	6	Troleibusai	6	11		947	NULL	NULL	NULL
missed	662935	A>B	Žirmūnai–Kalvarijų–J. Basanavičiaus g.–Žemieji Paneriai	961	NULL	NULL	NULL	NULL	NULL	NULL	NULL	6	Troleibusai	6	11		1015	NULL	NULL	NULL
missed	662935	B>A	Žemieji Paneriai–J. Basanavičiaus–Kalvarijų g.–Žirmūnai	1023	NULL	NULL	NULL	NULL	NULL	NULL	NULL	6	Troleibusai	6	11		1081	NULL	NULL	NULL
missed	662935	A>B	Žirmūnai–Kalvarijų–J. Basanavičiaus g.–Žemieji Paneriai	1116	NULL	NULL	NULL	NULL	NULL	NULL	NULL	6	Troleibusai	6	11		1167	NULL	NULL	NULL
missed	662935	B>A	Žemieji Paneriai–J. Basanavičiaus–Kalvarijų g.–Žirmūnai	1177	NULL	NULL	NULL	NULL	NULL	NULL	NULL	6	Troleibusai	6	11		1224	NULL	NULL	NULL
missed	662935	A>B	Žirmūnai–Kalvarijų–J. Basanavičiaus g.–Žemieji Paneriai	1231	NULL	NULL	NULL	NULL	NULL	NULL	NULL	6	Troleibusai	6	11		1277	NULL	NULL	NULL
missed	662935	B>A	Žemieji Paneriai–J. Basanavičiaus–Kalvarijų g.–Žirmūnai	1286	NULL	NULL	NULL	NULL	NULL	NULL	NULL	6	Troleibusai	6	11		1331	NULL	NULL	NULL
missed	662935	A>B	Žirmūnai–Kalvarijų–J. Basanavičiaus g.–Žemieji Paneriai	1343	NULL	NULL	NULL	NULL	NULL	NULL	NULL	6	Troleibusai	6	11		1389	NULL	NULL	NULL
delay	780536	A>B	Žirmūnai–Kalvarijų–J. Basanavičiaus g.–Žemieji Paneriai	352	342	-12.3	Vingis	372	-10.9	Verkių st.	348.10001	6	Troleibusai	6	12Ž	3-1689	398	386	1	1
delay	780536	B>A	Žemieji Paneriai–J. Basanavičiaus–Kalvarijų g.–Žirmūnai	405	398	-7.5999999	Žaliasis tiltas	429.89999	-3.7	Verkių st.	447.60001	6	Troleibusai	6	12Ž	3-1689	455	451	1	1
delay	780536	A>B	Žirmūnai–Kalvarijų–J. Basanavičiaus g.–Žemieji Paneriai	469	463	-5.9000001	Šaltinėlio st.	464.29999	-1.6	Žalgirio st.	483.70001	6	Troleibusai	6	12Ž	3-1689	522	518	1	1
delay	780536	B>A	Žemieji Paneriai–J. Basanavičiaus–Kalvarijų g.–Žirmūnai	527	521	-8.1000004	Trakų st.	543.29999	-1.5	Kalvarijų turgus	560.90002	6	Troleibusai	6	12Ž	3-1689	578	574	1	1
missed	662941	A>B	Žirmūnai–Kalvarijų–J. Basanavičiaus g.–Žemieji Paneriai	613	NULL	NULL	NULL	NULL	NULL	NULL	NULL	6	Troleibusai	6	12Ž		664	NULL	NULL	NULL
missed	662941	B>A	Žemieji Paneriai–J. Basanavičiaus–Kalvarijų g.–Žirmūnai	668	NULL	NULL	NULL	NULL	NULL	NULL	NULL	6	Troleibusai	6	12Ž		719	NULL	NULL	NULL
missed	662941	A>B	Žirmūnai–Kalvarijų–J. Basanavičiaus g.–Žemieji Paneriai	729	NULL	NULL	NULL	NULL	NULL	NULL	NULL	6	Troleibusai	6	12Ž		780	NULL	NULL	NULL
missed	662941	B>A	Žemieji Paneriai–J. Basanavičiaus–Kalvarijų g.–Žirmūnai	787	NULL	NULL	NULL	NULL	NULL	NULL	NULL	6	Troleibusai	6	12Ž		838	NULL	NULL	NULL
missed	662941	A>B	Žirmūnai–Kalvarijų–J. Basanavičiaus g.–Žemieji Paneriai	851	NULL	NULL	NULL	NULL	NULL	NULL	NULL	6	Troleibusai	6	12Ž		902	NULL	NULL	NULL
missed	662941	B>A	Žemieji Paneriai–J. Basanavičiaus–Kalvarijų g.–Žirmūnai	907	NULL	NULL	NULL	NULL	NULL	NULL	NULL	6	Troleibusai	6	12Ž		959	NULL	NULL	NULL
missed	662941	A>B	Žirmūnai–Kalvarijų–J. Basanavičiaus g.–Žemieji Paneriai	972	NULL	NULL	NULL	NULL	NULL	NULL	NULL	6	Troleibusai	6	12Ž		1026	NULL	NULL	NULL
missed	662941	B>A	Žemieji Paneriai–J. Basanavičiaus–Kalvarijų g.–Žirmūnai	1033	NULL	NULL	NULL	NULL	NULL	NULL	NULL	6	Troleibusai	6	12Ž		1091	NULL	NULL	NULL
missed	662941	A>B	Žirmūnai–Kalvarijų–J. Basanavičiaus g.–Žemieji Paneriai	1131	NULL	NULL	NULL	NULL	NULL	NULL	NULL	6	Troleibusai	6	12Ž		1180	NULL	NULL	NULL
missed	662941	B>A	Žemieji Paneriai–J. Basanavičiaus–Kalvarijų g.–Žirmūnai	1189	NULL	NULL	NULL	NULL	NULL	NULL	NULL	6	Troleibusai	6	12Ž		1234	NULL	NULL	NULL
missed	662941	A>B	Žirmūnai–Kalvarijų–J. Basanavičiaus g.–Žemieji Paneriai	1245	NULL	NULL	NULL	NULL	NULL	NULL	NULL	6	Troleibusai	6	12Ž		1291	NULL	NULL	NULL
missed	662941	B>A	Žemieji Paneriai–J. Basanavičiaus–Kalvarijų g.–Žirmūnai	1299	NULL	NULL	NULL	NULL	NULL	NULL	NULL	6	Troleibusai	6	12Ž		1344	NULL	NULL	NULL
delay	780533	A>B	Žirmūnai–Kalvarijų–J. Basanavičiaus g.–Žemieji Paneriai	360	350	-11.6	Giedraičių st.	361.29999	-9.1000004	Riovonys	390.79999	6	Troleibusai	6	13	3-2666	406	397	1	1
delay	780533	B>A	Žemieji Paneriai–J. Basanavičiaus–Kalvarijų g.–Žirmūnai	415	405	-11.2	Vinco Kudirkos aikštė	433.10001	-8.5	Šaltinėlio st.	455.79999	6	Troleibusai	6	13	3-2666	465	456	1	1
delay	780533	A>B	Žirmūnai–Kalvarijų–J. Basanavičiaus g.–Žemieji Paneriai	476	470	-6.6999998	Vingis	507.89999	-3.2	Kareivių st.	477.70001	6	Troleibusai	6	13	3-2666	529	522	1	1
delay	780533	B>A	Žemieji Paneriai–J. Basanavičiaus–Kalvarijų g.–Žirmūnai	536	531	-6.5999999	Vingis	547.20001	0.89999998	Šaltinėlio st.	586.40002	6	Troleibusai	6	13	3-2666	587	587	1	1
missed	662945	A>B	Žirmūnai–Kalvarijų–J. Basanavičiaus g.–Žemieji Paneriai	627	NULL	NULL	NULL	NULL	NULL	NULL	NULL	6	Troleibusai	6	13		678	NULL	NULL	NULL
missed	662945	B>A	Žemieji Paneriai–J. Basanavičiaus–Kalvarijų g.–Žirmūnai	683	NULL	NULL	NULL	NULL	NULL	NULL	NULL	6	Troleibusai	6	13		734	NULL	NULL	NULL
missed	662945	A>B	Žirmūnai–Kalvarijų–J. Basanavičiaus g.–Žemieji Paneriai	742	NULL	NULL	NULL	NULL	NULL	NULL	NULL	6	Troleibusai	6	13		793	NULL	NULL	NULL
missed	662945	B>A	Žemieji Paneriai–J. Basanavičiaus–Kalvarijų g.–Žirmūnai	800	NULL	NULL	NULL	NULL	NULL	NULL	NULL	6	Troleibusai	6	13		851	NULL	NULL	NULL
missed	662945	A>B	Žirmūnai–Kalvarijų–J. Basanavičiaus g.–Žemieji Paneriai	865	NULL	NULL	NULL	NULL	NULL	NULL	NULL	6	Troleibusai	6	13		916	NULL	NULL	NULL
missed	662945	B>A	Žemieji Paneriai–J. Basanavičiaus–Kalvarijų g.–Žirmūnai	925	NULL	NULL	NULL	NULL	NULL	NULL	NULL	6	Troleibusai	6	13		977	NULL	NULL	NULL
missed	662945	A>B	Žirmūnai–Kalvarijų–J. Basanavičiaus g.–Žemieji Paneriai	992	NULL	NULL	NULL	NULL	NULL	NULL	NULL	6	Troleibusai	6	13		1046	NULL	NULL	NULL
missed	662945	B>A	Žemieji Paneriai–J. Basanavičiaus–Kalvarijų g.–Žirmūnai	1053	NULL	NULL	NULL	NULL	NULL	NULL	NULL	6	Troleibusai	6	13		1111	NULL	NULL	NULL
missed	662945	A>B	Žirmūnai–Kalvarijų–J. Basanavičiaus g.–Žemieji Paneriai	1146	NULL	NULL	NULL	NULL	NULL	NULL	NULL	6	Troleibusai	6	13		1194	NULL	NULL	NULL
missed	662945	B>A	Žemieji Paneriai–J. Basanavičiaus–Kalvarijų g.–Žirmūnai	1201	NULL	NULL	NULL	NULL	NULL	NULL	NULL	6	Troleibusai	6	13		1246	NULL	NULL	NULL
missed	662945	A>B	Žirmūnai–Kalvarijų–J. Basanavičiaus g.–Žemieji Paneriai	1258	NULL	NULL	NULL	NULL	NULL	NULL	NULL	6	Troleibusai	6	13		1304	NULL	NULL	NULL
missed	662945	B>A	Žemieji Paneriai–J. Basanavičiaus–Kalvarijų g.–Žirmūnai	1312	NULL	NULL	NULL	NULL	NULL	NULL	NULL	6	Troleibusai	6	13		1357	NULL	NULL	NULL
delay	780557	A>B	Žirmūnai–Kalvarijų–J. Basanavičiaus g.–Žemieji Paneriai	377	361	-18.200001	Vingis	391.29999	-15.3	Verkių st.	368.70001	6	Troleibusai	6	14	3-2941	423	405	1	1
delay	780557	B>A	Žemieji Paneriai–J. Basanavičiaus–Kalvarijų g.–Žirmūnai	433	415	-19.1	Pramogų arena	458	-16.9	Algirdo st.	437.10001	6	Troleibusai	6	14	3-2941	483	464	1	1
delay	780557	A>B	Žirmūnai–Kalvarijų–J. Basanavičiaus g.–Žemieji Paneriai	498	479	-18.700001	Šaltinėlio st.	480.5	-13.9	Kalvarijų turgus	502	6	Troleibusai	6	14	3-2941	550	533	1	1
delay	780557	B>A	Žemieji Paneriai–J. Basanavičiaus–Kalvarijų g.–Žirmūnai	555	538	-20	Jogailos st.	562.70001	-15.6	Kalvarijų turgus	574.79999	6	Troleibusai	6	14	3-2941	605	589	1	1
missed	662933	A>B	Žirmūnai–Kalvarijų–J. Basanavičiaus g.–Žemieji Paneriai	920	NULL	NULL	NULL	NULL	NULL	NULL	NULL	6	Troleibusai	6	14		971	NULL	NULL	NULL
missed	662933	B>A	Žemieji Paneriai–J. Basanavičiaus–Kalvarijų g.–Žirmūnai	978	NULL	NULL	NULL	NULL	NULL	NULL	NULL	6	Troleibusai	6	14		1036	NULL	NULL	NULL
missed	662933	A>B	Žirmūnai–Kalvarijų–J. Basanavičiaus g.–Žemieji Paneriai	1046	NULL	NULL	NULL	NULL	NULL	NULL	NULL	6	Troleibusai	6	14		1101	NULL	NULL	NULL
missed	662933	B>A	Žemieji Paneriai–J. Basanavičiaus–Kalvarijų g.–Žirmūnai	1111	NULL	NULL	NULL	NULL	NULL	NULL	NULL	6	Troleibusai	6	14		1163	NULL	NULL	NULL
delay	780480	B>A	Stotis–Žvėrynas–Justiniškės–Pašilaičiai	324	322	-3.5	Spaudos rūmai	347.89999	-1.5	Latvių st.	339	7	Troleibusai	7	01	3-1766	362	359	1	0
delay	780480	A>B	Pašilaičiai–Justiniškės–Žvėrynas–Stotis	369	370	0.40000001	Taikos st.	375.10001	1.8	Centro poliklinika	401.39999	7	Troleibusai	7	01	3-1766	408	409	0	0
delay	780480	B>A	Stotis–Žvėrynas–Justiniškės–Pašilaičiai	409	412	2.5	Islandijos st.	421.79999	6	Medeinos st.	451.20001	7	Troleibusai	7	01	3-1766	447	453	1	1
delay	780480	A>B	Pašilaičiai–Justiniškės–Žvėrynas–Stotis	460	465	-0.2	Kaukaro st.	476.39999	5.5999999	Sūduvių st.	468.89999	7	Troleibusai	7	01	3-1766	507	510	1	1
delay	780480	B>A	Stotis–Žvėrynas–Justiniškės–Pašilaičiai	509	512	3.9000001	Stotis	512.90002	6.6999998	Jokūbo Jasinskio st.	527.70001	7	Troleibusai	7	01	3-1766	547	552	1	1
missed	662954	A>B	Pašilaičiai–Justiniškės–Žvėrynas–Stotis	591	NULL	NULL	NULL	NULL	NULL	NULL	NULL	7	Troleibusai	7	01		630	NULL	NULL	NULL
missed	662954	B>A	Stotis–Žvėrynas–Justiniškės–Pašilaičiai	631	NULL	NULL	NULL	NULL	NULL	NULL	NULL	7	Troleibusai	7	01		669	NULL	NULL	NULL
missed	662954	A>B	Pašilaičiai–Justiniškės–Žvėrynas–Stotis	687	NULL	NULL	NULL	NULL	NULL	NULL	NULL	7	Troleibusai	7	01		726	NULL	NULL	NULL
missed	662954	B>A	Stotis–Žvėrynas–Justiniškės–Pašilaičiai	727	NULL	NULL	NULL	NULL	NULL	NULL	NULL	7	Troleibusai	7	01		765	NULL	NULL	NULL
missed	662954	A>B	Pašilaičiai–Justiniškės–Žvėrynas–Stotis	777	NULL	NULL	NULL	NULL	NULL	NULL	NULL	7	Troleibusai	7	01		816	NULL	NULL	NULL
missed	662954	B>A	Stotis–Žvėrynas–Justiniškės–Pašilaičiai	817	NULL	NULL	NULL	NULL	NULL	NULL	NULL	7	Troleibusai	7	01		855	NULL	NULL	NULL
missed	662954	A>B	Pašilaičiai–Justiniškės–Žvėrynas–Stotis	865	NULL	NULL	NULL	NULL	NULL	NULL	NULL	7	Troleibusai	7	01		904	NULL	NULL	NULL
missed	662954	B>A	Stotis–Žvėrynas–Justiniškės–Pašilaičiai	905	NULL	NULL	NULL	NULL	NULL	NULL	NULL	7	Troleibusai	7	01		944	NULL	NULL	NULL
missed	662954	A>B	Pašilaičiai–Justiniškės–Žvėrynas–Stotis	954	NULL	NULL	NULL	NULL	NULL	NULL	NULL	7	Troleibusai	7	01		993	NULL	NULL	NULL
missed	662954	B>A	Stotis–Žvėrynas–Justiniškės–Pašilaičiai	994	NULL	NULL	NULL	NULL	NULL	NULL	NULL	7	Troleibusai	7	01		1037	NULL	NULL	NULL
missed	662954	A>B	Pašilaičiai–Justiniškės–Žvėrynas–Stotis	1049	NULL	NULL	NULL	NULL	NULL	NULL	NULL	7	Troleibusai	7	01		1088	NULL	NULL	NULL
missed	662954	B>A	Stotis–Žvėrynas–Justiniškės–Pašilaičiai	1089	NULL	NULL	NULL	NULL	NULL	NULL	NULL	7	Troleibusai	7	01		1133	NULL	NULL	NULL
missed	662954	A>B	Pašilaičiai–Justiniškės–Žvėrynas–Stotis	1175	NULL	NULL	NULL	NULL	NULL	NULL	NULL	7	Troleibusai	7	01		1214	NULL	NULL	NULL
missed	662954	B>A	Stotis–Žvėrynas–Justiniškės–Pašilaičiai	1215	NULL	NULL	NULL	NULL	NULL	NULL	NULL	7	Troleibusai	7	01		1253	NULL	NULL	NULL
missed	662954	A>B	Pašilaičiai–Justiniškės–Žvėrynas–Stotis	1258	NULL	NULL	NULL	NULL	NULL	NULL	NULL	7	Troleibusai	7	01		1297	NULL	NULL	NULL
missed	662954	B>A	Stotis–Žvėrynas–Justiniškės–Pašilaičiai	1298	NULL	NULL	NULL	NULL	NULL	NULL	NULL	7	Troleibusai	7	01		1336	NULL	NULL	NULL
missed	662954	A>B	Pašilaičiai–Justiniškės–Žvėrynas–Stotis	1344	NULL	NULL	NULL	NULL	NULL	NULL	NULL	7	Troleibusai	7	01		1383	NULL	NULL	NULL
missed	662954	B>A	Stotis–Žvėrynas–Justiniškės–Pašilaičiai	1384	NULL	NULL	NULL	NULL	NULL	NULL	NULL	7	Troleibusai	7	01		1422	NULL	NULL	NULL
delay	780612	A>B	Pašilaičiai–Justiniškės–Žvėrynas–Stotis	408	421	11.4	Lūžiai	430.10001	13.9	Gėlių st.	461.70001	7	Troleibusai	7	02	3-2867	451	464	1	1
delay	780612	B>A	Stotis–Žvėrynas–Justiniškės–Pašilaičiai	453	468	14.2	Islandijos st.	477.60001	16.799999	Teodoro Narbuto st.	492	7	Troleibusai	7	02	3-2867	491	507	1	1
delay	780612	A>B	Pašilaičiai–Justiniškės–Žvėrynas–Stotis	501	522	16.200001	Kaukaro st.	532.90002	21.4	Sūduvių st.	525.70001	7	Troleibusai	7	02	3-2867	547	565	1	1
delay	780612	B>A	Stotis–Žvėrynas–Justiniškės–Pašilaičiai	548	567	18.700001	Stotis	566.70001	21.799999	Jokūbo Jasinskio st.	581.90002	7	Troleibusai	7	02	3-2867	586	602	1	1
missed	662957	A>B	Pašilaičiai–Justiniškės–Žvėrynas–Stotis	918	NULL	NULL	NULL	NULL	NULL	NULL	NULL	7	Troleibusai	7	02		957	NULL	NULL	NULL
missed	662957	B>A	Stotis–Žvėrynas–Justiniškės–Pašilaičiai	958	NULL	NULL	NULL	NULL	NULL	NULL	NULL	7	Troleibusai	7	02		998	NULL	NULL	NULL
missed	662957	A>B	Pašilaičiai–Justiniškės–Žvėrynas–Stotis	1012	NULL	NULL	NULL	NULL	NULL	NULL	NULL	7	Troleibusai	7	02		1051	NULL	NULL	NULL
missed	662957	B>A	Stotis–Žvėrynas–Justiniškės–Pašilaičiai	1052	NULL	NULL	NULL	NULL	NULL	NULL	NULL	7	Troleibusai	7	02		1096	NULL	NULL	NULL
missed	662957	A>B	Pašilaičiai–Justiniškės–Žvėrynas–Stotis	1110	NULL	NULL	NULL	NULL	NULL	NULL	NULL	7	Troleibusai	7	02		1149	NULL	NULL	NULL
missed	662957	B>A	Stotis–Žvėrynas–Justiniškės–Pašilaičiai	1150	NULL	NULL	NULL	NULL	NULL	NULL	NULL	7	Troleibusai	7	02		1189	NULL	NULL	NULL
delay	780621	A>B	Pašilaičiai–Justiniškės–Žvėrynas–Stotis	411	414	-1.9	Kaukaro st.	424.79999	2.4000001	Sūduvių st.	416.70001	7	Troleibusai	7	03M	3-2560	457	457	0	0
delay	780621	B>A	Stotis–Žvėrynas–Justiniškės–Pašilaičiai	459	460	1.2	Stotis	460.39999	7.5999999	Medeinos st.	502.79999	7	Troleibusai	7	03M	3-2560	497	504	1	1
delay	780621	A>B	Pašilaičiai–Justiniškės–Žvėrynas–Stotis	506	511	3.3	Spaudos rūmai	526.59998	8.8999996	Kęstučio st.	541.70001	7	Troleibusai	7	03M	3-2560	550	557	1	1
delay	780621	B>A	Stotis–Žvėrynas–Justiniškės–Pašilaičiai	551	559	7.3000002	Islandijos st.	568.59998	9.1000004	Medeinos st.	596.29999	7	Troleibusai	7	03M	3-2560	589	598	1	1
missed	662947	A>B	Pašilaičiai–Justiniškės–Žvėrynas–Stotis	624	NULL	NULL	NULL	NULL	NULL	NULL	NULL	7	Troleibusai	7	03M		663	NULL	NULL	NULL
missed	662947	B>A	Stotis–Žvėrynas–Justiniškės–Pašilaičiai	664	NULL	NULL	NULL	NULL	NULL	NULL	NULL	7	Troleibusai	7	03M		702	NULL	NULL	NULL
missed	662947	A>B	Pašilaičiai–Justiniškės–Žvėrynas–Stotis	711	NULL	NULL	NULL	NULL	NULL	NULL	NULL	7	Troleibusai	7	03M		750	NULL	NULL	NULL
missed	662947	B>A	Stotis–Žvėrynas–Justiniškės–Pašilaičiai	751	NULL	NULL	NULL	NULL	NULL	NULL	NULL	7	Troleibusai	7	03M		789	NULL	NULL	NULL
missed	662947	A>B	Pašilaičiai–Justiniškės–Žvėrynas–Stotis	801	NULL	NULL	NULL	NULL	NULL	NULL	NULL	7	Troleibusai	7	03M		840	NULL	NULL	NULL
missed	662947	B>A	Stotis–Žvėrynas–Justiniškės–Pašilaičiai	841	NULL	NULL	NULL	NULL	NULL	NULL	NULL	7	Troleibusai	7	03M		879	NULL	NULL	NULL
missed	662947	A>B	Pašilaičiai–Justiniškės–Žvėrynas–Stotis	889	NULL	NULL	NULL	NULL	NULL	NULL	NULL	7	Troleibusai	7	03M		928	NULL	NULL	NULL
missed	662947	B>A	Stotis–Žvėrynas–Justiniškės–Pašilaičiai	929	NULL	NULL	NULL	NULL	NULL	NULL	NULL	7	Troleibusai	7	03M		968	NULL	NULL	NULL
missed	662947	A>B	Pašilaičiai–Justiniškės–Žvėrynas–Stotis	984	NULL	NULL	NULL	NULL	NULL	NULL	NULL	7	Troleibusai	7	03M		1023	NULL	NULL	NULL
missed	662947	B>A	Stotis–Žvėrynas–Justiniškės–Pašilaičiai	1024	NULL	NULL	NULL	NULL	NULL	NULL	NULL	7	Troleibusai	7	03M		1068	NULL	NULL	NULL
missed	662947	A>B	Pašilaičiai–Justiniškės–Žvėrynas–Stotis	1075	NULL	NULL	NULL	NULL	NULL	NULL	NULL	7	Troleibusai	7	03M		1114	NULL	NULL	NULL
missed	662947	B>A	Stotis–Žvėrynas–Justiniškės–Pašilaičiai	1115	NULL	NULL	NULL	NULL	NULL	NULL	NULL	7	Troleibusai	7	03M		1158	NULL	NULL	NULL
missed	662947	A>B	Pašilaičiai–Justiniškės–Žvėrynas–Stotis	1194	NULL	NULL	NULL	NULL	NULL	NULL	NULL	7	Troleibusai	7	03M		1233	NULL	NULL	NULL
missed	662947	B>A	Stotis–Žvėrynas–Justiniškės–Pašilaičiai	1234	NULL	NULL	NULL	NULL	NULL	NULL	NULL	7	Troleibusai	7	03M		1272	NULL	NULL	NULL
missed	662947	A>B	Pašilaičiai–Justiniškės–Žvėrynas–Stotis	1278	NULL	NULL	NULL	NULL	NULL	NULL	NULL	7	Troleibusai	7	03M		1317	NULL	NULL	NULL
missed	662947	B>A	Stotis–Žvėrynas–Justiniškės–Pašilaičiai	1318	NULL	NULL	NULL	NULL	NULL	NULL	NULL	7	Troleibusai	7	03M		1356	NULL	NULL	NULL
missed	662947	A>B	Pašilaičiai–Justiniškės–Žvėrynas–Stotis	1364	NULL	NULL	NULL	NULL	NULL	NULL	NULL	7	Troleibusai	7	03M		1403	NULL	NULL	NULL
delay	780634	A>B	Pašilaičiai–Justiniškės–Žvėrynas–Stotis	418	429	6.5	Kaukaro st.	441.10001	11.4	Kęstučio st.	460.29999	7	Troleibusai	7	04	3-2405	465	475	1	1
delay	780634	B>A	Stotis–Žvėrynas–Justiniškės–Pašilaičiai	467	478	10.6	Stotis	477.70001	16.299999	Medeinos st.	519.5	7	Troleibusai	7	04	3-2405	505	521	1	1
delay	780634	A>B	Pašilaičiai–Justiniškės–Žvėrynas–Stotis	515	528	11.4	Spaudos rūmai	543.79999	14.2	Justiniškės	536.5	7	Troleibusai	7	04	3-2405	557	570	1	1
delay	780634	B>A	Stotis–Žvėrynas–Justiniškės–Pašilaičiai	558	573	14.5	Spaudos rūmai	599.79999	16.4	Jokūbo Jasinskio st.	586.5	7	Troleibusai	7	04	3-2405	596	601	1	1
missed	662964	B>A	Stotis–Žvėrynas–Justiniškės–Pašilaičiai	914	NULL	NULL	NULL	NULL	NULL	NULL	NULL	7	Troleibusai	7	04		953	NULL	NULL	NULL
missed	662964	A>B	Pašilaičiai–Justiniškės–Žvėrynas–Stotis	966	NULL	NULL	NULL	NULL	NULL	NULL	NULL	7	Troleibusai	7	04		1005	NULL	NULL	NULL
missed	662964	B>A	Stotis–Žvėrynas–Justiniškės–Pašilaičiai	1006	NULL	NULL	NULL	NULL	NULL	NULL	NULL	7	Troleibusai	7	04		1050	NULL	NULL	NULL
missed	662964	A>B	Pašilaičiai–Justiniškės–Žvėrynas–Stotis	1058	NULL	NULL	NULL	NULL	NULL	NULL	NULL	7	Troleibusai	7	04		1097	NULL	NULL	NULL
missed	662964	B>A	Stotis–Žvėrynas–Justiniškės–Pašilaičiai	1098	NULL	NULL	NULL	NULL	NULL	NULL	NULL	7	Troleibusai	7	04		1142	NULL	NULL	NULL
delay	780638	A>B	Pašilaičiai–Justiniškės–Žvėrynas–Stotis	425	435	3.9000001	Spaudos rūmai	449.29999	14.4	Pamėnkalnio st.	474.79999	7	Troleibusai	7	05	3-1848	472	484	1	1
delay	780638	B>A	Stotis–Žvėrynas–Justiniškės–Pašilaičiai	474	484	11.2	Stotis	485.39999	13.6	Jokūbo Jasinskio st.	499.70001	7	Troleibusai	7	05	3-1848	512	524	1	1
delay	780638	A>B	Pašilaičiai–Justiniškės–Žvėrynas–Stotis	525	536	7.4000001	Troleibusų parkas	547.29999	11.4	Žvėrynas	558.29999	7	Troleibusai	7	05	3-1848	566	575	1	1
missed	662946	B>A	Stotis–Žvėrynas–Justiniškės–Pašilaičiai	567	NULL	NULL	NULL	NULL	NULL	NULL	NULL	7	Troleibusai	7	05		605	NULL	NULL	NULL
missed	662946	A>B	Pašilaičiai–Justiniškės–Žvėrynas–Stotis	648	NULL	NULL	NULL	NULL	NULL	NULL	NULL	7	Troleibusai	7	05		687	NULL	NULL	NULL
missed	662946	B>A	Stotis–Žvėrynas–Justiniškės–Pašilaičiai	688	NULL	NULL	NULL	NULL	NULL	NULL	NULL	7	Troleibusai	7	05		726	NULL	NULL	NULL
missed	662946	A>B	Pašilaičiai–Justiniškės–Žvėrynas–Stotis	735	NULL	NULL	NULL	NULL	NULL	NULL	NULL	7	Troleibusai	7	05		774	NULL	NULL	NULL
missed	662946	B>A	Stotis–Žvėrynas–Justiniškės–Pašilaičiai	775	NULL	NULL	NULL	NULL	NULL	NULL	NULL	7	Troleibusai	7	05		813	NULL	NULL	NULL
missed	662946	A>B	Pašilaičiai–Justiniškės–Žvėrynas–Stotis	823	NULL	NULL	NULL	NULL	NULL	NULL	NULL	7	Troleibusai	7	05		862	NULL	NULL	NULL
missed	662946	B>A	Stotis–Žvėrynas–Justiniškės–Pašilaičiai	863	NULL	NULL	NULL	NULL	NULL	NULL	NULL	7	Troleibusai	7	05		901	NULL	NULL	NULL
missed	662946	A>B	Pašilaičiai–Justiniškės–Žvėrynas–Stotis	913	NULL	NULL	NULL	NULL	NULL	NULL	NULL	7	Troleibusai	7	05		952	NULL	NULL	NULL
missed	662946	B>A	Stotis–Žvėrynas–Justiniškės–Pašilaičiai	953	NULL	NULL	NULL	NULL	NULL	NULL	NULL	7	Troleibusai	7	05		993	NULL	NULL	NULL
missed	662946	A>B	Pašilaičiai–Justiniškės–Žvėrynas–Stotis	1008	NULL	NULL	NULL	NULL	NULL	NULL	NULL	7	Troleibusai	7	05		1047	NULL	NULL	NULL
missed	662946	B>A	Stotis–Žvėrynas–Justiniškės–Pašilaičiai	1048	NULL	NULL	NULL	NULL	NULL	NULL	NULL	7	Troleibusai	7	05		1092	NULL	NULL	NULL
missed	662946	A>B	Pašilaičiai–Justiniškės–Žvėrynas–Stotis	1106	NULL	NULL	NULL	NULL	NULL	NULL	NULL	7	Troleibusai	7	05		1145	NULL	NULL	NULL
missed	662946	B>A	Stotis–Žvėrynas–Justiniškės–Pašilaičiai	1146	NULL	NULL	NULL	NULL	NULL	NULL	NULL	7	Troleibusai	7	05		1185	NULL	NULL	NULL
missed	662946	A>B	Pašilaičiai–Justiniškės–Žvėrynas–Stotis	1219	NULL	NULL	NULL	NULL	NULL	NULL	NULL	7	Troleibusai	7	05		1258	NULL	NULL	NULL
missed	662946	B>A	Stotis–Žvėrynas–Justiniškės–Pašilaičiai	1259	NULL	NULL	NULL	NULL	NULL	NULL	NULL	7	Troleibusai	7	05		1297	NULL	NULL	NULL
missed	662946	A>B	Pašilaičiai–Justiniškės–Žvėrynas–Stotis	1302	NULL	NULL	NULL	NULL	NULL	NULL	NULL	7	Troleibusai	7	05		1341	NULL	NULL	NULL
missed	662946	B>A	Stotis–Žvėrynas–Justiniškės–Pašilaičiai	1342	NULL	NULL	NULL	NULL	NULL	NULL	NULL	7	Troleibusai	7	05		1380	NULL	NULL	NULL
missed	662946	A>B	Pašilaičiai–Justiniškės–Žvėrynas–Stotis	1387	NULL	NULL	NULL	NULL	NULL	NULL	NULL	7	Troleibusai	7	05		1426	NULL	NULL	NULL
delay	780641	A>B	Pašilaičiai–Justiniškės–Žvėrynas–Stotis	433	441	3.0999999	Spaudos rūmai	456.39999	11.3	Pamėnkalnio st.	479.79999	7	Troleibusai	7	06	3-1989	480	489	1	1
delay	780641	B>A	Stotis–Žvėrynas–Justiniškės–Pašilaičiai	482	491	9	Stotis	491	11.1	Latvių st.	509.60001	7	Troleibusai	7	06	3-1989	520	531	1	1
delay	780641	A>B	Pašilaičiai–Justiniškės–Žvėrynas–Stotis	529	541	11.3	Troleibusų parkas	555.40002	14.1	Justiniškės	550.5	7	Troleibusai	7	06	3-1989	570	582	1	1
missed	662953	B>A	Stotis–Žvėrynas–Justiniškės–Pašilaičiai	571	NULL	NULL	NULL	NULL	NULL	NULL	NULL	7	Troleibusai	7	06		609	NULL	NULL	NULL
missed	662953	B>A	Stotis–Žvėrynas–Justiniškės–Pašilaičiai	920	NULL	NULL	NULL	NULL	NULL	NULL	NULL	7	Troleibusai	7	06		959	NULL	NULL	NULL
missed	662953	A>B	Pašilaičiai–Justiniškės–Žvėrynas–Stotis	972	NULL	NULL	NULL	NULL	NULL	NULL	NULL	7	Troleibusai	7	06		1012	NULL	NULL	NULL
missed	662953	B>A	Stotis–Žvėrynas–Justiniškės–Pašilaičiai	1013	NULL	NULL	NULL	NULL	NULL	NULL	NULL	7	Troleibusai	7	06		1057	NULL	NULL	NULL
missed	662953	A>B	Pašilaičiai–Justiniškės–Žvėrynas–Stotis	1067	NULL	NULL	NULL	NULL	NULL	NULL	NULL	7	Troleibusai	7	06		1106	NULL	NULL	NULL
missed	662953	B>A	Stotis–Žvėrynas–Justiniškės–Pašilaičiai	1107	NULL	NULL	NULL	NULL	NULL	NULL	NULL	7	Troleibusai	7	06		1151	NULL	NULL	NULL
delay	780520	A>B	Pašilaičiai–Justiniškės–Žvėrynas–Stotis	327	335	6.4000001	Kaukaro st.	344.5	7.5999999	Medeinos st.	336.89999	7	Troleibusai	7	07M	3-1748	366	372	1	1
delay	780520	B>A	Stotis–Žvėrynas–Justiniškės–Pašilaičiai	367	377	8	Islandijos st.	385.29999	10	Latvių st.	393.39999	7	Troleibusai	7	07M	3-1748	405	414	1	1
delay	780520	A>B	Pašilaičiai–Justiniškės–Žvėrynas–Stotis	414	425	9.6000004	Troleibusų parkas	441.60001	14.5	Gėlių st.	471.89999	7	Troleibusai	7	07M	3-1748	461	475	1	1
delay	780520	B>A	Stotis–Žvėrynas–Justiniškės–Pašilaičiai	463	476	10.8	Taikos st.	508	12.6	Latvių st.	492.10001	7	Troleibusai	7	07M	3-1748	501	512	1	1
delay	780520	A>B	Pašilaičiai–Justiniškės–Žvėrynas–Stotis	509	550	37.099998	Spaudos rūmai	563.40002	40.299999	Sūduvių st.	552.59998	7	Troleibusai	7	07M	3-1748	553	590	1	1
missed	662961	B>A	Stotis–Žvėrynas–Justiniškės–Pašilaičiai	554	NULL	NULL	NULL	NULL	NULL	NULL	NULL	7	Troleibusai	7	07M		592	NULL	NULL	NULL
missed	662961	A>B	Pašilaičiai–Justiniškės–Žvėrynas–Stotis	630	NULL	NULL	NULL	NULL	NULL	NULL	NULL	7	Troleibusai	7	07M		669	NULL	NULL	NULL
missed	662961	B>A	Stotis–Žvėrynas–Justiniškės–Pašilaičiai	670	NULL	NULL	NULL	NULL	NULL	NULL	NULL	7	Troleibusai	7	07M		708	NULL	NULL	NULL
missed	662961	A>B	Pašilaičiai–Justiniškės–Žvėrynas–Stotis	719	NULL	NULL	NULL	NULL	NULL	NULL	NULL	7	Troleibusai	7	07M		758	NULL	NULL	NULL
missed	662961	B>A	Stotis–Žvėrynas–Justiniškės–Pašilaičiai	759	NULL	NULL	NULL	NULL	NULL	NULL	NULL	7	Troleibusai	7	07M		797	NULL	NULL	NULL
missed	662961	A>B	Pašilaičiai–Justiniškės–Žvėrynas–Stotis	807	NULL	NULL	NULL	NULL	NULL	NULL	NULL	7	Troleibusai	7	07M		846	NULL	NULL	NULL
missed	662961	B>A	Stotis–Žvėrynas–Justiniškės–Pašilaičiai	847	NULL	NULL	NULL	NULL	NULL	NULL	NULL	7	Troleibusai	7	07M		885	NULL	NULL	NULL
missed	662961	A>B	Pašilaičiai–Justiniškės–Žvėrynas–Stotis	895	NULL	NULL	NULL	NULL	NULL	NULL	NULL	7	Troleibusai	7	07M		934	NULL	NULL	NULL
missed	662961	B>A	Stotis–Žvėrynas–Justiniškės–Pašilaičiai	935	NULL	NULL	NULL	NULL	NULL	NULL	NULL	7	Troleibusai	7	07M		974	NULL	NULL	NULL
missed	662961	A>B	Pašilaičiai–Justiniškės–Žvėrynas–Stotis	991	NULL	NULL	NULL	NULL	NULL	NULL	NULL	7	Troleibusai	7	07M		1030	NULL	NULL	NULL
missed	662961	B>A	Stotis–Žvėrynas–Justiniškės–Pašilaičiai	1031	NULL	NULL	NULL	NULL	NULL	NULL	NULL	7	Troleibusai	7	07M		1075	NULL	NULL	NULL
missed	662961	A>B	Pašilaičiai–Justiniškės–Žvėrynas–Stotis	1117	NULL	NULL	NULL	NULL	NULL	NULL	NULL	7	Troleibusai	7	07M		1156	NULL	NULL	NULL
missed	662961	B>A	Stotis–Žvėrynas–Justiniškės–Pašilaičiai	1157	NULL	NULL	NULL	NULL	NULL	NULL	NULL	7	Troleibusai	7	07M		1196	NULL	NULL	NULL
missed	662961	A>B	Pašilaičiai–Justiniškės–Žvėrynas–Stotis	1202	NULL	NULL	NULL	NULL	NULL	NULL	NULL	7	Troleibusai	7	07M		1241	NULL	NULL	NULL
missed	662961	B>A	Stotis–Žvėrynas–Justiniškės–Pašilaičiai	1242	NULL	NULL	NULL	NULL	NULL	NULL	NULL	7	Troleibusai	7	07M		1280	NULL	NULL	NULL
missed	662961	A>B	Pašilaičiai–Justiniškės–Žvėrynas–Stotis	1288	NULL	NULL	NULL	NULL	NULL	NULL	NULL	7	Troleibusai	7	07M		1327	NULL	NULL	NULL
missed	662961	B>A	Stotis–Žvėrynas–Justiniškės–Pašilaičiai	1328	NULL	NULL	NULL	NULL	NULL	NULL	NULL	7	Troleibusai	7	07M		1366	NULL	NULL	NULL
delay	780647	A>B	Pašilaičiai–Justiniškės–Žvėrynas–Stotis	441	461	15.1	Kaukaro st.	472.70001	21.9	Pamėnkalnio st.	498.39999	7	Troleibusai	7	08	3-2495	488	508	1	1
delay	780647	B>A	Stotis–Žvėrynas–Justiniškės–Pašilaičiai	490	510	19.1	Spaudos rūmai	536.40002	21	Jokūbo Jasinskio st.	523.09998	7	Troleibusai	7	08	3-2495	528	549	1	1
delay	780647	A>B	Pašilaičiai–Justiniškės–Žvėrynas–Stotis	537	565	27.6	Sėlių st.	585.20001	29.5	Trakų st.	599.5	7	Troleibusai	7	08	3-2495	576	605	1	1
missed	662965	B>A	Stotis–Žvėrynas–Justiniškės–Pašilaičiai	577	NULL	NULL	NULL	NULL	NULL	NULL	NULL	7	Troleibusai	7	08		615	NULL	NULL	NULL
missed	662965	B>A	Stotis–Žvėrynas–Justiniškės–Pašilaičiai	932	NULL	NULL	NULL	NULL	NULL	NULL	NULL	7	Troleibusai	7	08		971	NULL	NULL	NULL
missed	662965	A>B	Pašilaičiai–Justiniškės–Žvėrynas–Stotis	987	NULL	NULL	NULL	NULL	NULL	NULL	NULL	7	Troleibusai	7	08		1026	NULL	NULL	NULL
missed	662965	B>A	Stotis–Žvėrynas–Justiniškės–Pašilaičiai	1027	NULL	NULL	NULL	NULL	NULL	NULL	NULL	7	Troleibusai	7	08		1071	NULL	NULL	NULL
missed	662965	A>B	Pašilaičiai–Justiniškės–Žvėrynas–Stotis	1084	NULL	NULL	NULL	NULL	NULL	NULL	NULL	7	Troleibusai	7	08		1123	NULL	NULL	NULL
missed	662965	B>A	Stotis–Žvėrynas–Justiniškės–Pašilaičiai	1124	NULL	NULL	NULL	NULL	NULL	NULL	NULL	7	Troleibusai	7	08		1164	NULL	NULL	NULL
delay	780470	B>A	Stotis–Žvėrynas–Justiniškės–Pašilaičiai	311	312	0	Islandijos st.	321.29999	1.3	Medeinos st.	348.5	7	Troleibusai	7	09Ž	3-9995	349	350	0	0
delay	780470	A>B	Pašilaičiai–Justiniškės–Žvėrynas–Stotis	354	357	2.0999999	Kaukaro st.	367	3.5999999	Centro poliklinika	388.20001	7	Troleibusai	7	09Ž	3-9995	393	396	1	1
delay	780470	B>A	Stotis–Žvėrynas–Justiniškės–Pašilaičiai	394	400	5	Spaudos rūmai	426.29999	6.9000001	Lūžiai	431.10001	7	Troleibusai	7	09Ž	3-9995	432	438	1	1
delay	780470	A>B	Pašilaičiai–Justiniškės–Žvėrynas–Stotis	445	449	-0.69999999	Kaukaro st.	460.89999	10.4	Žvėrynas	483.39999	7	Troleibusai	7	09Ž	3-9995	492	501	1	1
delay	780470	B>A	Stotis–Žvėrynas–Justiniškės–Pašilaičiai	494	502	7.4000001	Spaudos rūmai	528.70001	12.9	Lūžiai	537.09998	7	Troleibusai	7	09Ž	3-9995	532	544	1	1
delay	780470	A>B	Pašilaičiai–Justiniškės–Žvėrynas–Stotis	571	577	5.5999999	Skalvių st.	577.59998	6.3000002	Spaudos rūmai	591	7	Troleibusai	7	09Ž	3-9995	610	601	1	1
missed	662955	B>A	Stotis–Žvėrynas–Justiniškės–Pašilaičiai	611	NULL	NULL	NULL	NULL	NULL	NULL	NULL	7	Troleibusai	7	09Ž		649	NULL	NULL	NULL
missed	662955	A>B	Pašilaičiai–Justiniškės–Žvėrynas–Stotis	663	NULL	NULL	NULL	NULL	NULL	NULL	NULL	7	Troleibusai	7	09Ž		702	NULL	NULL	NULL
missed	662955	B>A	Stotis–Žvėrynas–Justiniškės–Pašilaičiai	703	NULL	NULL	NULL	NULL	NULL	NULL	NULL	7	Troleibusai	7	09Ž		741	NULL	NULL	NULL
missed	662955	A>B	Pašilaičiai–Justiniškės–Žvėrynas–Stotis	752	NULL	NULL	NULL	NULL	NULL	NULL	NULL	7	Troleibusai	7	09Ž		791	NULL	NULL	NULL
missed	662955	B>A	Stotis–Žvėrynas–Justiniškės–Pašilaičiai	792	NULL	NULL	NULL	NULL	NULL	NULL	NULL	7	Troleibusai	7	09Ž		830	NULL	NULL	NULL
missed	662955	A>B	Pašilaičiai–Justiniškės–Žvėrynas–Stotis	840	NULL	NULL	NULL	NULL	NULL	NULL	NULL	7	Troleibusai	7	09Ž		879	NULL	NULL	NULL
missed	662955	B>A	Stotis–Žvėrynas–Justiniškės–Pašilaičiai	880	NULL	NULL	NULL	NULL	NULL	NULL	NULL	7	Troleibusai	7	09Ž		919	NULL	NULL	NULL
missed	662955	A>B	Pašilaičiai–Justiniškės–Žvėrynas–Stotis	926	NULL	NULL	NULL	NULL	NULL	NULL	NULL	7	Troleibusai	7	09Ž		965	NULL	NULL	NULL
missed	662955	B>A	Stotis–Žvėrynas–Justiniškės–Pašilaičiai	966	NULL	NULL	NULL	NULL	NULL	NULL	NULL	7	Troleibusai	7	09Ž		1007	NULL	NULL	NULL
missed	662955	A>B	Pašilaičiai–Justiniškės–Žvėrynas–Stotis	1019	NULL	NULL	NULL	NULL	NULL	NULL	NULL	7	Troleibusai	7	09Ž		1058	NULL	NULL	NULL
missed	662955	B>A	Stotis–Žvėrynas–Justiniškės–Pašilaičiai	1059	NULL	NULL	NULL	NULL	NULL	NULL	NULL	7	Troleibusai	7	09Ž		1103	NULL	NULL	NULL
missed	662955	A>B	Pašilaičiai–Justiniškės–Žvėrynas–Stotis	1145	NULL	NULL	NULL	NULL	NULL	NULL	NULL	7	Troleibusai	7	09Ž		1184	NULL	NULL	NULL
missed	662955	B>A	Stotis–Žvėrynas–Justiniškės–Pašilaičiai	1185	NULL	NULL	NULL	NULL	NULL	NULL	NULL	7	Troleibusai	7	09Ž		1224	NULL	NULL	NULL
missed	662955	A>B	Pašilaičiai–Justiniškės–Žvėrynas–Stotis	1233	NULL	NULL	NULL	NULL	NULL	NULL	NULL	7	Troleibusai	7	09Ž		1272	NULL	NULL	NULL
missed	662955	B>A	Stotis–Žvėrynas–Justiniškės–Pašilaičiai	1273	NULL	NULL	NULL	NULL	NULL	NULL	NULL	7	Troleibusai	7	09Ž		1311	NULL	NULL	NULL
missed	662955	A>B	Pašilaičiai–Justiniškės–Žvėrynas–Stotis	1318	NULL	NULL	NULL	NULL	NULL	NULL	NULL	7	Troleibusai	7	09Ž		1357	NULL	NULL	NULL
missed	662955	B>A	Stotis–Žvėrynas–Justiniškės–Pašilaičiai	1358	NULL	NULL	NULL	NULL	NULL	NULL	NULL	7	Troleibusai	7	09Ž		1396	NULL	NULL	NULL
delay	780535	A>B	Pašilaičiai–Justiniškės–Žvėrynas–Stotis	449	344	1440	NULL	0	-1440	NULL	0	7	Troleibusai	7	10	3-2606	497	383	0	1
delay	780535	A>B	Pašilaičiai–Justiniškės–Žvėrynas–Stotis	449	437	-16.6	Troleibusų parkas	450.5	-8.5	Liubarto tiltas	472.70001	7	Troleibusai	7	10	3-2606	497	487	1	1
delay	780535	B>A	Stotis–Žvėrynas–Justiniškės–Pašilaičiai	499	489	-11.1	Taikos st.	522.09998	-9.1000004	Jokūbo Jasinskio st.	501.89999	7	Troleibusai	7	10	3-2606	537	526	1	1
delay	780535	B>A	Stotis–Žvėrynas–Justiniškės–Pašilaičiai	499	386	1440	NULL	0	-1440	NULL	0	7	Troleibusai	7	10	3-2606	537	426	0	1
missed	662952	A>B	Pašilaičiai–Justiniškės–Žvėrynas–Stotis	544	NULL	NULL	NULL	NULL	NULL	NULL	NULL	7	Troleibusai	7	10		583	NULL	NULL	NULL
missed	662952	B>A	Stotis–Žvėrynas–Justiniškės–Pašilaičiai	584	NULL	NULL	NULL	NULL	NULL	NULL	NULL	7	Troleibusai	7	10		622	NULL	NULL	NULL
missed	662952	B>A	Stotis–Žvėrynas–Justiniškės–Pašilaičiai	941	NULL	NULL	NULL	NULL	NULL	NULL	NULL	7	Troleibusai	7	10		980	NULL	NULL	NULL
missed	662952	A>B	Pašilaičiai–Justiniškės–Žvėrynas–Stotis	997	NULL	NULL	NULL	NULL	NULL	NULL	NULL	7	Troleibusai	7	10		1036	NULL	NULL	NULL
missed	662952	B>A	Stotis–Žvėrynas–Justiniškės–Pašilaičiai	1037	NULL	NULL	NULL	NULL	NULL	NULL	NULL	7	Troleibusai	7	10		1081	NULL	NULL	NULL
missed	662952	A>B	Pašilaičiai–Justiniškės–Žvėrynas–Stotis	1093	NULL	NULL	NULL	NULL	NULL	NULL	NULL	7	Troleibusai	7	10		1132	NULL	NULL	NULL
missed	662952	B>A	Stotis–Žvėrynas–Justiniškės–Pašilaičiai	1133	NULL	NULL	NULL	NULL	NULL	NULL	NULL	7	Troleibusai	7	10		1173	NULL	NULL	NULL
delay	780545	A>B	Pašilaičiai–Justiniškės–Žvėrynas–Stotis	348	352	3.9000001	Troleibusų parkas	364.39999	5.0999999	Vingriai	387.39999	7	Troleibusai	7	11	3-122	387	391	1	1
delay	780545	B>A	Stotis–Žvėrynas–Justiniškės–Pašilaičiai	388	394	6.4000001	Stotis	394.60001	9.3000002	Medeinos st.	433.5	7	Troleibusai	7	11	3-122	426	435	1	1
delay	780545	A>B	Pašilaičiai–Justiniškės–Žvėrynas–Stotis	437	445	4.5	Kaukaro st.	458.20001	13.9	Pamėnkalnio st.	486.39999	7	Troleibusai	7	11	3-122	484	496	1	1
delay	780545	B>A	Stotis–Žvėrynas–Justiniškės–Pašilaičiai	486	498	12.3	Stotis	498.5	18.9	Lūžiai	535.09998	7	Troleibusai	7	11	3-122	524	542	1	1
missed	662969	B>A	Stotis–Žvėrynas–Justiniškės–Pašilaičiai	876	NULL	NULL	NULL	NULL	NULL	NULL	NULL	7	Troleibusai	7	11		915	NULL	NULL	NULL
missed	662969	A>B	Pašilaičiai–Justiniškės–Žvėrynas–Stotis	930	NULL	NULL	NULL	NULL	NULL	NULL	NULL	7	Troleibusai	7	11		969	NULL	NULL	NULL
missed	662969	B>A	Stotis–Žvėrynas–Justiniškės–Pašilaičiai	970	NULL	NULL	NULL	NULL	NULL	NULL	NULL	7	Troleibusai	7	11		1013	NULL	NULL	NULL
missed	662969	A>B	Pašilaičiai–Justiniškės–Žvėrynas–Stotis	1023	NULL	NULL	NULL	NULL	NULL	NULL	NULL	7	Troleibusai	7	11		1062	NULL	NULL	NULL
missed	662969	B>A	Stotis–Žvėrynas–Justiniškės–Pašilaičiai	1063	NULL	NULL	NULL	NULL	NULL	NULL	NULL	7	Troleibusai	7	11		1107	NULL	NULL	NULL
missed	662960	A>B	Pašilaičiai–Justiniškės–Žvėrynas–Stotis	343	NULL	NULL	NULL	NULL	NULL	NULL	NULL	7	Troleibusai	7	12		382	NULL	NULL	NULL
missed	662960	B>A	Stotis–Žvėrynas–Justiniškės–Pašilaičiai	383	NULL	NULL	NULL	NULL	NULL	NULL	NULL	7	Troleibusai	7	12		421	NULL	NULL	NULL
delay	780635	A>B	Pašilaičiai–Justiniškės–Žvėrynas–Stotis	429	456	22.6	Spaudos rūmai	471.89999	29.5	Pamėnkalnio st.	493.89999	7	Troleibusai	7	12	3-2428	476	503	1	1
delay	780635	B>A	Stotis–Žvėrynas–Justiniškės–Pašilaičiai	478	505	27	Rūdninkų st.	508.60001	30.4	Medeinos st.	544.59998	7	Troleibusai	7	12	3-2428	516	546	1	1
delay	780635	A>B	Pašilaičiai–Justiniškės–Žvėrynas–Stotis	561	559	-2.4000001	Skalvių st.	559.59998	-0.5	Pamėnkalnio st.	588.20001	7	Troleibusai	7	12	3-2428	600	598	0	0
missed	662960	B>A	Stotis–Žvėrynas–Justiniškės–Pašilaičiai	601	NULL	NULL	NULL	NULL	NULL	NULL	NULL	7	Troleibusai	7	12		639	NULL	NULL	NULL
missed	662960	A>B	Pašilaičiai–Justiniškės–Žvėrynas–Stotis	655	NULL	NULL	NULL	NULL	NULL	NULL	NULL	7	Troleibusai	7	12		694	NULL	NULL	NULL
missed	662960	B>A	Stotis–Žvėrynas–Justiniškės–Pašilaičiai	695	NULL	NULL	NULL	NULL	NULL	NULL	NULL	7	Troleibusai	7	12		733	NULL	NULL	NULL
missed	662960	A>B	Pašilaičiai–Justiniškės–Žvėrynas–Stotis	744	NULL	NULL	NULL	NULL	NULL	NULL	NULL	7	Troleibusai	7	12		783	NULL	NULL	NULL
missed	662960	B>A	Stotis–Žvėrynas–Justiniškės–Pašilaičiai	784	NULL	NULL	NULL	NULL	NULL	NULL	NULL	7	Troleibusai	7	12		822	NULL	NULL	NULL
missed	662960	A>B	Pašilaičiai–Justiniškės–Žvėrynas–Stotis	832	NULL	NULL	NULL	NULL	NULL	NULL	NULL	7	Troleibusai	7	12		871	NULL	NULL	NULL
missed	662960	B>A	Stotis–Žvėrynas–Justiniškės–Pašilaičiai	872	NULL	NULL	NULL	NULL	NULL	NULL	NULL	7	Troleibusai	7	12		910	NULL	NULL	NULL
missed	662960	A>B	Pašilaičiai–Justiniškės–Žvėrynas–Stotis	922	NULL	NULL	NULL	NULL	NULL	NULL	NULL	7	Troleibusai	7	12		961	NULL	NULL	NULL
missed	662960	B>A	Stotis–Žvėrynas–Justiniškės–Pašilaičiai	962	NULL	NULL	NULL	NULL	NULL	NULL	NULL	7	Troleibusai	7	12		1002	NULL	NULL	NULL
missed	662960	A>B	Pašilaičiai–Justiniškės–Žvėrynas–Stotis	1015	NULL	NULL	NULL	NULL	NULL	NULL	NULL	7	Troleibusai	7	12		1054	NULL	NULL	NULL
missed	662960	B>A	Stotis–Žvėrynas–Justiniškės–Pašilaičiai	1055	NULL	NULL	NULL	NULL	NULL	NULL	NULL	7	Troleibusai	7	12		1099	NULL	NULL	NULL
missed	662960	A>B	Pašilaičiai–Justiniškės–Žvėrynas–Stotis	1135	NULL	NULL	NULL	NULL	NULL	NULL	NULL	7	Troleibusai	7	12		1174	NULL	NULL	NULL
missed	662960	B>A	Stotis–Žvėrynas–Justiniškės–Pašilaičiai	1175	NULL	NULL	NULL	NULL	NULL	NULL	NULL	7	Troleibusai	7	12		1214	NULL	NULL	NULL
missed	662960	A>B	Pašilaičiai–Justiniškės–Žvėrynas–Stotis	1227	NULL	NULL	NULL	NULL	NULL	NULL	NULL	7	Troleibusai	7	12		1266	NULL	NULL	NULL
missed	662960	B>A	Stotis–Žvėrynas–Justiniškės–Pašilaičiai	1267	NULL	NULL	NULL	NULL	NULL	NULL	NULL	7	Troleibusai	7	12		1305	NULL	NULL	NULL
delay	780561	A>B	Pašilaičiai–Justiniškės–Žvėrynas–Stotis	364	363	-1.2	Taikos st.	368.5	1.9	Gėlių st.	401.60001	7	Troleibusai	7	13	3-1945	403	404	0	0
delay	780561	B>A	Stotis–Žvėrynas–Justiniškės–Pašilaičiai	404	406	1.3	Islandijos st.	415.60001	4	Justiniškės	440.20001	7	Troleibusai	7	13	3-1945	442	446	1	1
delay	780561	A>B	Pašilaičiai–Justiniškės–Žvėrynas–Stotis	457	453	-7.9000001	Spaudos rūmai	469.39999	1	Kęstučio st.	487.89999	7	Troleibusai	7	13	3-1945	504	503	1	1
delay	780561	B>A	Stotis–Žvėrynas–Justiniškės–Pašilaičiai	506	504	-3.2	Islandijos st.	513.20001	0	Justiniškės	538.20001	7	Troleibusai	7	13	3-1945	544	544	1	0
missed	662951	B>A	Stotis–Žvėrynas–Justiniškės–Pašilaičiai	885	NULL	NULL	NULL	NULL	NULL	NULL	NULL	7	Troleibusai	7	13		924	NULL	NULL	NULL
missed	662951	A>B	Pašilaičiai–Justiniškės–Žvėrynas–Stotis	934	NULL	NULL	NULL	NULL	NULL	NULL	NULL	7	Troleibusai	7	13		973	NULL	NULL	NULL
missed	662951	B>A	Stotis–Žvėrynas–Justiniškės–Pašilaičiai	974	NULL	NULL	NULL	NULL	NULL	NULL	NULL	7	Troleibusai	7	13		1017	NULL	NULL	NULL
missed	662951	A>B	Pašilaičiai–Justiniškės–Žvėrynas–Stotis	1027	NULL	NULL	NULL	NULL	NULL	NULL	NULL	7	Troleibusai	7	13		1066	NULL	NULL	NULL
missed	662951	B>A	Stotis–Žvėrynas–Justiniškės–Pašilaičiai	1067	NULL	NULL	NULL	NULL	NULL	NULL	NULL	7	Troleibusai	7	13		1111	NULL	NULL	NULL
missed	662956	A>B	Pašilaičiai–Justiniškės–Žemieji Paneriai–Titnago g.	336	NULL	NULL	NULL	NULL	NULL	NULL	NULL	18	Troleibusai	7	14		378	NULL	NULL	NULL
missed	662956	B>A	Titnago g.–Žemieji Paneriai–Justiniškės–Pašilaičiai	383	NULL	NULL	NULL	NULL	NULL	NULL	NULL	18	Troleibusai	7	14		425	NULL	NULL	NULL
missed	662956	A>B	Pašilaičiai–Justiniškės–Žemieji Paneriai–Titnago g.	431	NULL	NULL	NULL	NULL	NULL	NULL	NULL	18	Troleibusai	7	14		480	NULL	NULL	NULL
missed	662956	B>A	Titnago g.–Žemieji Paneriai–Justiniškės–Pašilaičiai	493	NULL	NULL	NULL	NULL	NULL	NULL	NULL	18	Troleibusai	7	14		535	NULL	NULL	NULL
delay	780550	A>B	Pašilaičiai–Justiniškės–Žvėrynas–Stotis	552	374	1440	NULL	0	-1440	NULL	0	7	Troleibusai	7	14	3-1878	591	415	0	1
delay	780550	A>B	Pašilaičiai–Justiniškės–Žvėrynas–Stotis	552	469	1440	NULL	0	-1440	NULL	0	7	Troleibusai	7	14	3-1878	591	518	0	1
delay	780550	B>A	Stotis–Žvėrynas–Justiniškės–Pašilaičiai	592	519	1440	NULL	0	-1440	NULL	0	7	Troleibusai	7	14	3-1878	630	557	0	1
delay	780550	B>A	Stotis–Žvėrynas–Justiniškės–Pašilaičiai	592	417	1440	NULL	0	-1440	NULL	0	7	Troleibusai	7	14	3-1878	630	456	0	1
missed	662956	A>B	Pašilaičiai–Justiniškės–Žvėrynas–Stotis	672	NULL	NULL	NULL	NULL	NULL	NULL	NULL	7	Troleibusai	7	14		711	NULL	NULL	NULL
missed	662956	B>A	Stotis–Žvėrynas–Justiniškės–Pašilaičiai	712	NULL	NULL	NULL	NULL	NULL	NULL	NULL	7	Troleibusai	7	14		750	NULL	NULL	NULL
missed	662956	A>B	Pašilaičiai–Justiniškės–Žvėrynas–Stotis	762	NULL	NULL	NULL	NULL	NULL	NULL	NULL	7	Troleibusai	7	14		801	NULL	NULL	NULL
missed	662956	B>A	Stotis–Žvėrynas–Justiniškės–Pašilaičiai	802	NULL	NULL	NULL	NULL	NULL	NULL	NULL	7	Troleibusai	7	14		840	NULL	NULL	NULL
missed	662956	A>B	Pašilaičiai–Justiniškės–Žvėrynas–Stotis	850	NULL	NULL	NULL	NULL	NULL	NULL	NULL	7	Troleibusai	7	14		889	NULL	NULL	NULL
missed	662956	B>A	Stotis–Žvėrynas–Justiniškės–Pašilaičiai	890	NULL	NULL	NULL	NULL	NULL	NULL	NULL	7	Troleibusai	7	14		929	NULL	NULL	NULL
missed	662956	A>B	Pašilaičiai–Justiniškės–Žvėrynas–Stotis	939	NULL	NULL	NULL	NULL	NULL	NULL	NULL	7	Troleibusai	7	14		978	NULL	NULL	NULL
missed	662956	B>A	Stotis–Žvėrynas–Justiniškės–Pašilaičiai	979	NULL	NULL	NULL	NULL	NULL	NULL	NULL	7	Troleibusai	7	14		1022	NULL	NULL	NULL
missed	662956	A>B	Pašilaičiai–Justiniškės–Žvėrynas–Stotis	1032	NULL	NULL	NULL	NULL	NULL	NULL	NULL	7	Troleibusai	7	14		1071	NULL	NULL	NULL
missed	662956	B>A	Stotis–Žvėrynas–Justiniškės–Pašilaičiai	1072	NULL	NULL	NULL	NULL	NULL	NULL	NULL	7	Troleibusai	7	14		1116	NULL	NULL	NULL
missed	662956	A>B	Pašilaičiai–Justiniškės–Žvėrynas–Stotis	1152	NULL	NULL	NULL	NULL	NULL	NULL	NULL	7	Troleibusai	7	14		1191	NULL	NULL	NULL
missed	662956	B>A	Stotis–Žvėrynas–Justiniškės–Pašilaičiai	1192	NULL	NULL	NULL	NULL	NULL	NULL	NULL	7	Troleibusai	7	14		1230	NULL	NULL	NULL
missed	662956	A>B	Pašilaičiai–Justiniškės–Žvėrynas–Stotis	1239	NULL	NULL	NULL	NULL	NULL	NULL	NULL	7	Troleibusai	7	14		1278	NULL	NULL	NULL
missed	662956	B>A	Stotis–Žvėrynas–Justiniškės–Pašilaičiai	1279	NULL	NULL	NULL	NULL	NULL	NULL	NULL	7	Troleibusai	7	14		1317	NULL	NULL	NULL
delay	780578	A>B	Pašilaičiai–Justiniškės–Žvėrynas–Stotis	373	378	5.1999998	Skalvių st.	379.29999	8.1000004	Gėlių st.	416.79999	7	Troleibusai	7	15	3-2736	412	420	1	1
delay	780578	B>A	Stotis–Žvėrynas–Justiniškės–Pašilaičiai	413	421	7.9000001	Stotis	421	13	Medeinos st.	462.20001	7	Troleibusai	7	15	3-2736	451	464	1	1
delay	780578	A>B	Pašilaičiai–Justiniškės–Žvėrynas–Stotis	465	473	5.5	Troleibusų parkas	488.60001	13.3	Kęstučio st.	508.10001	7	Troleibusai	7	15	3-2736	512	522	1	1
delay	780578	B>A	Stotis–Žvėrynas–Justiniškės–Pašilaičiai	513	524	10.4	Stotis	523.5	12.8	Jokūbo Jasinskio st.	537.90002	7	Troleibusai	7	15	3-2736	551	562	1	1
missed	662958	B>A	Stotis–Žvėrynas–Justiniškės–Pašilaičiai	893	NULL	NULL	NULL	NULL	NULL	NULL	NULL	7	Troleibusai	7	15		932	NULL	NULL	NULL
missed	662958	A>B	Pašilaičiai–Justiniškės–Žvėrynas–Stotis	942	NULL	NULL	NULL	NULL	NULL	NULL	NULL	7	Troleibusai	7	15		981	NULL	NULL	NULL
missed	662958	B>A	Stotis–Žvėrynas–Justiniškės–Pašilaičiai	982	NULL	NULL	NULL	NULL	NULL	NULL	NULL	7	Troleibusai	7	15		1025	NULL	NULL	NULL
missed	662958	A>B	Pašilaičiai–Justiniškės–Žvėrynas–Stotis	1035	NULL	NULL	NULL	NULL	NULL	NULL	NULL	7	Troleibusai	7	15		1074	NULL	NULL	NULL
missed	662958	B>A	Stotis–Žvėrynas–Justiniškės–Pašilaičiai	1075	NULL	NULL	NULL	NULL	NULL	NULL	NULL	7	Troleibusai	7	15		1119	NULL	NULL	NULL
delay	780583	A>B	Pašilaičiai–Justiniškės–Žvėrynas–Stotis	377	382	5.1999998	Skalvių st.	383.20001	8	Latvių st.	406.70001	7	Troleibusai	7	16	3-225	416	422	1	1
delay	780583	B>A	Stotis–Žvėrynas–Justiniškės–Pašilaičiai	417	427	9.1999998	Taikos st.	460.39999	11.9	Jokūbo Jasinskio st.	440.89999	7	Troleibusai	7	16	3-225	455	464	1	1
delay	780583	A>B	Pašilaičiai–Justiniškės–Žvėrynas–Stotis	469	477	2.5999999	Spaudos rūmai	491.89999	9.5	Liubarto tiltas	509.5	7	Troleibusai	7	16	3-225	516	525	1	1
delay	780583	B>A	Stotis–Žvėrynas–Justiniškės–Pašilaičiai	517	525	8.3999996	Stotis	525.59998	10.6	Jokūbo Jasinskio st.	539.59998	7	Troleibusai	7	16	3-225	555	563	1	1
missed	662970	A>B	Pašilaičiai–Justiniškės–Žvėrynas–Stotis	877	NULL	NULL	NULL	NULL	NULL	NULL	NULL	7	Troleibusai	7	16		916	NULL	NULL	NULL
missed	662970	B>A	Stotis–Žvėrynas–Justiniškės–Pašilaičiai	917	NULL	NULL	NULL	NULL	NULL	NULL	NULL	7	Troleibusai	7	16		956	NULL	NULL	NULL
missed	662970	A>B	Pašilaičiai–Justiniškės–Žvėrynas–Stotis	969	NULL	NULL	NULL	NULL	NULL	NULL	NULL	7	Troleibusai	7	16		1008	NULL	NULL	NULL
missed	662970	B>A	Stotis–Žvėrynas–Justiniškės–Pašilaičiai	1009	NULL	NULL	NULL	NULL	NULL	NULL	NULL	7	Troleibusai	7	16		1053	NULL	NULL	NULL
missed	662970	A>B	Pašilaičiai–Justiniškės–Žvėrynas–Stotis	1063	NULL	NULL	NULL	NULL	NULL	NULL	NULL	7	Troleibusai	7	16		1102	NULL	NULL	NULL
missed	662970	B>A	Stotis–Žvėrynas–Justiniškės–Pašilaičiai	1103	NULL	NULL	NULL	NULL	NULL	NULL	NULL	7	Troleibusai	7	16		1147	NULL	NULL	NULL
delay	780478	A>B	Pašilaičiai–Justiniškės–Žvėrynas–Stotis	359	303	-56.299999	Skalvių st.	303.79999	-55.099998	Liubarto tiltas	328.29999	7	Troleibusai	7	17Ž	3-2341	398	342	1	1
delay	780478	A>B	Pašilaičiai–Justiniškės–Žvėrynas–Stotis	359	394	34.900002	Skalvių st.	394.89999	37.700001	Žvėrynas	416	7	Troleibusai	7	17Ž	3-2341	398	434	1	1
delay	780478	B>A	Stotis–Žvėrynas–Justiniškės–Pašilaičiai	399	437	38.099998	Stotis	437.10001	44	Lūžiai	473.20001	7	Troleibusai	7	17Ž	3-2341	437	481	1	1
delay	780478	B>A	Stotis–Žvėrynas–Justiniškės–Pašilaičiai	399	344	-55.799999	Islandijos st.	353.60001	-53.799999	Medeinos st.	381.39999	7	Troleibusai	7	17Ž	3-2341	437	383	1	1
delay	780478	A>B	Pašilaičiai–Justiniškės–Žvėrynas–Stotis	453	489	30.700001	Spaudos rūmai	504	38.5	Kęstučio st.	522.40002	7	Troleibusai	7	17Ž	3-2341	501	539	1	1
delay	780478	B>A	Stotis–Žvėrynas–Justiniškės–Pašilaičiai	503	539	36.099998	Stotis	539.09998	39.700001	Jokūbo Jasinskio st.	554.79999	7	Troleibusai	7	17Ž	3-2341	541	577	1	1
missed	662962	A>B	Pašilaičiai–Justiniškės–Žvėrynas–Stotis	580	NULL	NULL	NULL	NULL	NULL	NULL	NULL	7	Troleibusai	7	17Ž		619	NULL	NULL	NULL
missed	662962	B>A	Stotis–Žvėrynas–Justiniškės–Pašilaičiai	620	NULL	NULL	NULL	NULL	NULL	NULL	NULL	7	Troleibusai	7	17Ž		658	NULL	NULL	NULL
missed	662962	A>B	Pašilaičiai–Justiniškės–Žvėrynas–Stotis	679	NULL	NULL	NULL	NULL	NULL	NULL	NULL	7	Troleibusai	7	17Ž		718	NULL	NULL	NULL
missed	662962	B>A	Stotis–Žvėrynas–Justiniškės–Pašilaičiai	719	NULL	NULL	NULL	NULL	NULL	NULL	NULL	7	Troleibusai	7	17Ž		757	NULL	NULL	NULL
missed	662962	A>B	Pašilaičiai–Justiniškės–Žvėrynas–Stotis	769	NULL	NULL	NULL	NULL	NULL	NULL	NULL	7	Troleibusai	7	17Ž		808	NULL	NULL	NULL
missed	662962	B>A	Stotis–Žvėrynas–Justiniškės–Pašilaičiai	809	NULL	NULL	NULL	NULL	NULL	NULL	NULL	7	Troleibusai	7	17Ž		847	NULL	NULL	NULL
missed	662962	A>B	Pašilaičiai–Justiniškės–Žvėrynas–Stotis	857	NULL	NULL	NULL	NULL	NULL	NULL	NULL	7	Troleibusai	7	17Ž		896	NULL	NULL	NULL
missed	662962	B>A	Stotis–Žvėrynas–Justiniškės–Pašilaičiai	897	NULL	NULL	NULL	NULL	NULL	NULL	NULL	7	Troleibusai	7	17Ž		936	NULL	NULL	NULL
missed	662962	A>B	Pašilaičiai–Justiniškės–Žvėrynas–Stotis	946	NULL	NULL	NULL	NULL	NULL	NULL	NULL	7	Troleibusai	7	17Ž		985	NULL	NULL	NULL
missed	662962	B>A	Stotis–Žvėrynas–Justiniškės–Pašilaičiai	986	NULL	NULL	NULL	NULL	NULL	NULL	NULL	7	Troleibusai	7	17Ž		1029	NULL	NULL	NULL
missed	662962	A>B	Pašilaičiai–Justiniškės–Žvėrynas–Stotis	1039	NULL	NULL	NULL	NULL	NULL	NULL	NULL	7	Troleibusai	7	17Ž		1078	NULL	NULL	NULL
missed	662962	B>A	Stotis–Žvėrynas–Justiniškės–Pašilaičiai	1079	NULL	NULL	NULL	NULL	NULL	NULL	NULL	7	Troleibusai	7	17Ž		1123	NULL	NULL	NULL
missed	662962	A>B	Pašilaičiai–Justiniškės–Žvėrynas–Stotis	1160	NULL	NULL	NULL	NULL	NULL	NULL	NULL	7	Troleibusai	7	17Ž		1199	NULL	NULL	NULL
missed	662962	B>A	Stotis–Žvėrynas–Justiniškės–Pašilaičiai	1200	NULL	NULL	NULL	NULL	NULL	NULL	NULL	7	Troleibusai	7	17Ž		1238	NULL	NULL	NULL
missed	662962	A>B	Pašilaičiai–Justiniškės–Žvėrynas–Stotis	1247	NULL	NULL	NULL	NULL	NULL	NULL	NULL	7	Troleibusai	7	17Ž		1286	NULL	NULL	NULL
missed	662962	B>A	Stotis–Žvėrynas–Justiniškės–Pašilaičiai	1287	NULL	NULL	NULL	NULL	NULL	NULL	NULL	7	Troleibusai	7	17Ž		1325	NULL	NULL	NULL
missed	662962	A>B	Pašilaičiai–Justiniškės–Žvėrynas–Stotis	1331	NULL	NULL	NULL	NULL	NULL	NULL	NULL	7	Troleibusai	7	17Ž		1370	NULL	NULL	NULL
missed	662962	B>A	Stotis–Žvėrynas–Justiniškės–Pašilaičiai	1371	NULL	NULL	NULL	NULL	NULL	NULL	NULL	7	Troleibusai	7	17Ž		1409	NULL	NULL	NULL
delay	780589	A>B	Pašilaičiai–Justiniškės–Žvėrynas–Stotis	381	386	5.0999999	Pumpėnų st.	390.60001	7.4000001	Vingriai	422.70001	7	Troleibusai	7	18	3-111	420	427	1	1
delay	780589	B>A	Stotis–Žvėrynas–Justiniškės–Pašilaičiai	422	429	6.8000002	Stotis	428.89999	9.8000002	Medeinos st.	468	7	Troleibusai	7	18	3-111	460	469	1	1
delay	780589	A>B	Pašilaičiai–Justiniškės–Žvėrynas–Stotis	473	481	4.8000002	Kaukaro st.	494.39999	11.6	Žvėrynas	510.5	7	Troleibusai	7	18	3-111	520	526	1	1
delay	780589	B>A	Stotis–Žvėrynas–Justiniškės–Pašilaičiai	521	529	7.5	Spaudos rūmai	555.90002	9.8999996	Jokūbo Jasinskio st.	542.90002	7	Troleibusai	7	18	3-111	559	568	1	1
missed	662959	A>B	Pašilaičiai–Justiniškės–Žvėrynas–Stotis	886	NULL	NULL	NULL	NULL	NULL	NULL	NULL	7	Troleibusai	7	18		925	NULL	NULL	NULL
missed	662959	B>A	Stotis–Žvėrynas–Justiniškės–Pašilaičiai	926	NULL	NULL	NULL	NULL	NULL	NULL	NULL	7	Troleibusai	7	18		965	NULL	NULL	NULL
missed	662959	A>B	Pašilaičiai–Justiniškės–Žvėrynas–Stotis	980	NULL	NULL	NULL	NULL	NULL	NULL	NULL	7	Troleibusai	7	18		1019	NULL	NULL	NULL
missed	662959	B>A	Stotis–Žvėrynas–Justiniškės–Pašilaičiai	1020	NULL	NULL	NULL	NULL	NULL	NULL	NULL	7	Troleibusai	7	18		1064	NULL	NULL	NULL
missed	662959	A>B	Pašilaičiai–Justiniškės–Žvėrynas–Stotis	1071	NULL	NULL	NULL	NULL	NULL	NULL	NULL	7	Troleibusai	7	18		1110	NULL	NULL	NULL
missed	662959	B>A	Stotis–Žvėrynas–Justiniškės–Pašilaičiai	1111	NULL	NULL	NULL	NULL	NULL	NULL	NULL	7	Troleibusai	7	18		1154	NULL	NULL	NULL
missed	662963	A>B	Pašilaičiai–Justiniškės–Žvėrynas–Stotis	304	NULL	NULL	NULL	NULL	NULL	NULL	NULL	7	Troleibusai	7	19		343	NULL	NULL	NULL
delay	780522	B>A	Stotis–Žvėrynas–Justiniškės–Pašilaičiai	344	352	5.9000001	Taikos st.	384.10001	9.1000004	Jokūbo Jasinskio st.	365.20001	7	Troleibusai	7	19	3-1715	382	390	1	1
delay	780522	A>B	Pašilaičiai–Justiniškės–Žvėrynas–Stotis	389	402	12.9	Taikos st.	408.5	14.1	Medeinos st.	405.39999	7	Troleibusai	7	19	3-1715	429	442	1	1
delay	780522	B>A	Stotis–Žvėrynas–Justiniškės–Pašilaičiai	431	444	12.9	Rūdninkų st.	447.60001	17.9	Kaukaro st.	478.10001	7	Troleibusai	7	19	3-1715	469	486	1	1
delay	780522	A>B	Pašilaičiai–Justiniškės–Žvėrynas–Stotis	481	497	10.5	Spaudos rūmai	511.79999	17.200001	Kęstučio st.	528	7	Troleibusai	7	19	3-1715	528	542	1	1
delay	780522	B>A	Stotis–Žvėrynas–Justiniškės–Pašilaičiai	529	545	12.3	Justiniškės	573.59998	16.1	Jokūbo Jasinskio st.	557.20001	7	Troleibusai	7	19	3-1715	567	579	1	1
missed	662963	A>B	Pašilaičiai–Justiniškės–Žvėrynas–Stotis	603	NULL	NULL	NULL	NULL	NULL	NULL	NULL	7	Troleibusai	7	19		642	NULL	NULL	NULL
missed	662963	B>A	Stotis–Žvėrynas–Justiniškės–Pašilaičiai	643	NULL	NULL	NULL	NULL	NULL	NULL	NULL	7	Troleibusai	7	19		681	NULL	NULL	NULL
missed	662963	A>B	Pašilaičiai–Justiniškės–Žvėrynas–Stotis	694	NULL	NULL	NULL	NULL	NULL	NULL	NULL	7	Troleibusai	7	19		733	NULL	NULL	NULL
missed	662963	B>A	Stotis–Žvėrynas–Justiniškės–Pašilaičiai	734	NULL	NULL	NULL	NULL	NULL	NULL	NULL	7	Troleibusai	7	19		772	NULL	NULL	NULL
missed	662963	A>B	Pašilaičiai–Justiniškės–Žvėrynas–Stotis	783	NULL	NULL	NULL	NULL	NULL	NULL	NULL	7	Troleibusai	7	19		822	NULL	NULL	NULL
missed	662963	B>A	Stotis–Žvėrynas–Justiniškės–Pašilaičiai	823	NULL	NULL	NULL	NULL	NULL	NULL	NULL	7	Troleibusai	7	19		861	NULL	NULL	NULL
missed	662963	A>B	Pašilaičiai–Justiniškės–Žvėrynas–Stotis	871	NULL	NULL	NULL	NULL	NULL	NULL	NULL	7	Troleibusai	7	19		910	NULL	NULL	NULL
missed	662963	B>A	Stotis–Žvėrynas–Justiniškės–Pašilaičiai	911	NULL	NULL	NULL	NULL	NULL	NULL	NULL	7	Troleibusai	7	19		950	NULL	NULL	NULL
missed	662963	A>B	Pašilaičiai–Justiniškės–Žvėrynas–Stotis	962	NULL	NULL	NULL	NULL	NULL	NULL	NULL	7	Troleibusai	7	19		1001	NULL	NULL	NULL
missed	662963	B>A	Stotis–Žvėrynas–Justiniškės–Pašilaičiai	1002	NULL	NULL	NULL	NULL	NULL	NULL	NULL	7	Troleibusai	7	19		1046	NULL	NULL	NULL
missed	662963	A>B	Pašilaičiai–Justiniškės–Žvėrynas–Stotis	1080	NULL	NULL	NULL	NULL	NULL	NULL	NULL	7	Troleibusai	7	19		1119	NULL	NULL	NULL
missed	662963	B>A	Stotis–Žvėrynas–Justiniškės–Pašilaičiai	1120	NULL	NULL	NULL	NULL	NULL	NULL	NULL	7	Troleibusai	7	19		1161	NULL	NULL	NULL
missed	662963	A>B	Pašilaičiai–Justiniškės–Žvėrynas–Stotis	1167	NULL	NULL	NULL	NULL	NULL	NULL	NULL	7	Troleibusai	7	19		1206	NULL	NULL	NULL
missed	662963	B>A	Stotis–Žvėrynas–Justiniškės–Pašilaičiai	1207	NULL	NULL	NULL	NULL	NULL	NULL	NULL	7	Troleibusai	7	19		1245	NULL	NULL	NULL
delay	780585	A>B	Pašilaičiai–Justiniškės–Žvėrynas–Stotis	385	390	3.2	Taikos st.	394.79999	6.9000001	Gėlių st.	428.60001	7	Troleibusai	7	20	3-2764	425	431	1	1
delay	780585	B>A	Stotis–Žvėrynas–Justiniškės–Pašilaičiai	427	433	6.0999999	Stotis	433.20001	10.8	Sūduvių st.	473	7	Troleibusai	7	20	3-2764	465	476	1	1
delay	780585	A>B	Pašilaičiai–Justiniškės–Žvėrynas–Stotis	477	484	1.9	Spaudos rūmai	499.20001	8.8999996	Liubarto tiltas	517	7	Troleibusai	7	20	3-2764	524	530	1	1
delay	780585	B>A	Stotis–Žvėrynas–Justiniškės–Pašilaičiai	525	532	5	Kaukaro st.	559.29999	8	Jokūbo Jasinskio st.	545.09998	7	Troleibusai	7	20	3-2764	563	568	1	1
missed	662948	A>B	Pašilaičiai–Justiniškės–Žvėrynas–Stotis	898	NULL	NULL	NULL	NULL	NULL	NULL	NULL	7	Troleibusai	7	20		937	NULL	NULL	NULL
missed	662948	B>A	Stotis–Žvėrynas–Justiniškės–Pašilaičiai	938	NULL	NULL	NULL	NULL	NULL	NULL	NULL	7	Troleibusai	7	20		977	NULL	NULL	NULL
missed	662948	A>B	Pašilaičiai–Justiniškės–Žvėrynas–Stotis	994	NULL	NULL	NULL	NULL	NULL	NULL	NULL	7	Troleibusai	7	20		1033	NULL	NULL	NULL
missed	662948	B>A	Stotis–Žvėrynas–Justiniškės–Pašilaičiai	1034	NULL	NULL	NULL	NULL	NULL	NULL	NULL	7	Troleibusai	7	20		1078	NULL	NULL	NULL
missed	662948	A>B	Pašilaičiai–Justiniškės–Žvėrynas–Stotis	1088	NULL	NULL	NULL	NULL	NULL	NULL	NULL	7	Troleibusai	7	20		1127	NULL	NULL	NULL
missed	662948	B>A	Stotis–Žvėrynas–Justiniškės–Pašilaičiai	1128	NULL	NULL	NULL	NULL	NULL	NULL	NULL	7	Troleibusai	7	20		1168	NULL	NULL	NULL
missed	662949	A>B	Pašilaičiai–Justiniškės–Žvėrynas–Stotis	316	NULL	NULL	NULL	NULL	NULL	NULL	NULL	7	Troleibusai	7	21		355	NULL	NULL	NULL
delay	780513	B>A	Stotis–Žvėrynas–Justiniškės–Pašilaičiai	356	369	11.7	Islandijos st.	378.10001	14.2	Lūžiai	400.39999	7	Troleibusai	7	21	3-2854	394	407	1	1
delay	780513	A>B	Pašilaičiai–Justiniškės–Žvėrynas–Stotis	401	418	16.5	Skalvių st.	418.5	21.5	Centro poliklinika	454.10001	7	Troleibusai	7	21	3-2854	441	462	1	1
delay	780513	B>A	Stotis–Žvėrynas–Justiniškės–Pašilaičiai	443	466	21.700001	Rūdninkų st.	468.39999	26	Medeinos st.	505.29999	7	Troleibusai	7	21	3-2854	481	507	1	1
delay	780513	A>B	Pašilaičiai–Justiniškės–Žvėrynas–Stotis	493	518	18.5	Spaudos rūmai	531.90002	25.5	Liubarto tiltas	549.59998	7	Troleibusai	7	21	3-2854	540	562	1	1
delay	780513	B>A	Stotis–Žvėrynas–Justiniškės–Pašilaičiai	541	564	22.1	Islandijos st.	573.40002	26	Jokūbo Jasinskio st.	579.09998	7	Troleibusai	7	21	3-2854	579	604	1	1
missed	662949	A>B	Pašilaičiai–Justiniškės–Žvėrynas–Stotis	613	NULL	NULL	NULL	NULL	NULL	NULL	NULL	7	Troleibusai	7	21		652	NULL	NULL	NULL
missed	662949	B>A	Stotis–Žvėrynas–Justiniškės–Pašilaičiai	653	NULL	NULL	NULL	NULL	NULL	NULL	NULL	7	Troleibusai	7	21		691	NULL	NULL	NULL
missed	662949	A>B	Pašilaičiai–Justiniškės–Žvėrynas–Stotis	703	NULL	NULL	NULL	NULL	NULL	NULL	NULL	7	Troleibusai	7	21		742	NULL	NULL	NULL
missed	662949	B>A	Stotis–Žvėrynas–Justiniškės–Pašilaičiai	743	NULL	NULL	NULL	NULL	NULL	NULL	NULL	7	Troleibusai	7	21		781	NULL	NULL	NULL
missed	662949	A>B	Pašilaičiai–Justiniškės–Žvėrynas–Stotis	793	NULL	NULL	NULL	NULL	NULL	NULL	NULL	7	Troleibusai	7	21		832	NULL	NULL	NULL
missed	662949	B>A	Stotis–Žvėrynas–Justiniškės–Pašilaičiai	833	NULL	NULL	NULL	NULL	NULL	NULL	NULL	7	Troleibusai	7	21		871	NULL	NULL	NULL
missed	662949	A>B	Pašilaičiai–Justiniškės–Žvėrynas–Stotis	883	NULL	NULL	NULL	NULL	NULL	NULL	NULL	7	Troleibusai	7	21		922	NULL	NULL	NULL
missed	662949	B>A	Stotis–Žvėrynas–Justiniškės–Pašilaičiai	923	NULL	NULL	NULL	NULL	NULL	NULL	NULL	7	Troleibusai	7	21		962	NULL	NULL	NULL
missed	662949	A>B	Pašilaičiai–Justiniškės–Žvėrynas–Stotis	976	NULL	NULL	NULL	NULL	NULL	NULL	NULL	7	Troleibusai	7	21		1015	NULL	NULL	NULL
missed	662949	B>A	Stotis–Žvėrynas–Justiniškės–Pašilaičiai	1016	NULL	NULL	NULL	NULL	NULL	NULL	NULL	7	Troleibusai	7	21		1060	NULL	NULL	NULL
missed	662949	A>B	Pašilaičiai–Justiniškės–Žvėrynas–Stotis	1102	NULL	NULL	NULL	NULL	NULL	NULL	NULL	7	Troleibusai	7	21		1141	NULL	NULL	NULL
missed	662949	B>A	Stotis–Žvėrynas–Justiniškės–Pašilaičiai	1142	NULL	NULL	NULL	NULL	NULL	NULL	NULL	7	Troleibusai	7	21		1182	NULL	NULL	NULL
missed	662949	A>B	Pašilaičiai–Justiniškės–Žvėrynas–Stotis	1186	NULL	NULL	NULL	NULL	NULL	NULL	NULL	7	Troleibusai	7	21		1225	NULL	NULL	NULL
missed	662949	B>A	Stotis–Žvėrynas–Justiniškės–Pašilaičiai	1226	NULL	NULL	NULL	NULL	NULL	NULL	NULL	7	Troleibusai	7	21		1264	NULL	NULL	NULL
missed	662949	A>B	Pašilaičiai–Justiniškės–Žvėrynas–Stotis	1270	NULL	NULL	NULL	NULL	NULL	NULL	NULL	7	Troleibusai	7	21		1309	NULL	NULL	NULL
missed	662949	B>A	Stotis–Žvėrynas–Justiniškės–Pašilaičiai	1310	NULL	NULL	NULL	NULL	NULL	NULL	NULL	7	Troleibusai	7	21		1348	NULL	NULL	NULL
delay	780600	A>B	Pašilaičiai–Justiniškės–Žvėrynas–Stotis	393	397	4.3000002	Skalvių st.	398.39999	6.9000001	Žvėrynas	420.20001	7	Troleibusai	7	22	3-2816	433	439	1	1
delay	780600	B>A	Stotis–Žvėrynas–Justiniškės–Pašilaičiai	435	441	5.8000002	Trakų st.	446.89999	10.5	Medeinos st.	481.70001	7	Troleibusai	7	22	3-2816	473	483	1	1
delay	780600	A>B	Pašilaičiai–Justiniškės–Žvėrynas–Stotis	485	492	1.3	Spaudos rūmai	506.70001	8.3000002	Sūduvių st.	496.60001	7	Troleibusai	7	22	3-2816	532	539	1	1
delay	780600	B>A	Stotis–Žvėrynas–Justiniškės–Pašilaičiai	533	540	6.3000002	Taikos st.	573.5	9.8999996	Jokūbo Jasinskio st.	555	7	Troleibusai	7	22	3-2816	571	577	1	1
missed	662950	A>B	Pašilaičiai–Justiniškės–Žvėrynas–Stotis	909	NULL	NULL	NULL	NULL	NULL	NULL	NULL	7	Troleibusai	7	22		948	NULL	NULL	NULL
missed	662950	B>A	Stotis–Žvėrynas–Justiniškės–Pašilaičiai	949	NULL	NULL	NULL	NULL	NULL	NULL	NULL	7	Troleibusai	7	22		989	NULL	NULL	NULL
missed	662950	A>B	Pašilaičiai–Justiniškės–Žvėrynas–Stotis	1004	NULL	NULL	NULL	NULL	NULL	NULL	NULL	7	Troleibusai	7	22		1043	NULL	NULL	NULL
missed	662950	B>A	Stotis–Žvėrynas–Justiniškės–Pašilaičiai	1044	NULL	NULL	NULL	NULL	NULL	NULL	NULL	7	Troleibusai	7	22		1088	NULL	NULL	NULL
missed	662950	A>B	Pašilaičiai–Justiniškės–Žvėrynas–Stotis	1098	NULL	NULL	NULL	NULL	NULL	NULL	NULL	7	Troleibusai	7	22		1137	NULL	NULL	NULL
missed	662950	B>A	Stotis–Žvėrynas–Justiniškės–Pašilaičiai	1138	NULL	NULL	NULL	NULL	NULL	NULL	NULL	7	Troleibusai	7	22		1178	NULL	NULL	NULL
delay	780497	A>B	Pašilaičiai–Justiniškės–Žvėrynas–Stotis	335	320	-15.6	Lūžiai	328.60001	-13.3	Liubarto tiltas	346.10001	7	Troleibusai	7	23	3-2882	374	359	1	1
delay	780497	B>A	Stotis–Žvėrynas–Justiniškės–Pašilaičiai	375	361	-14.4	Islandijos st.	370.89999	-11	Justiniškės	396.20001	7	Troleibusai	7	23	3-2882	413	402	1	1
delay	780497	A>B	Pašilaičiai–Justiniškės–Žvėrynas–Stotis	421	410	-16.9	Spaudos rūmai	424.5	-11.3	Sūduvių st.	413	7	Troleibusai	7	23	3-2882	468	451	1	1
delay	780497	B>A	Stotis–Žvėrynas–Justiniškės–Pašilaičiai	470	455	-15.3	Islandijos st.	465	-11.1	Medeinos st.	495.10001	7	Troleibusai	7	23	3-2882	508	497	1	1
delay	780497	A>B	Pašilaičiai–Justiniškės–Žvėrynas–Stotis	520	508	-13.2	Spaudos rūmai	524.29999	-5.9000001	Trakų st.	550.59998	7	Troleibusai	7	23	3-2882	562	556	1	1
delay	780497	B>A	Stotis–Žvėrynas–Justiniškės–Pašilaičiai	563	557	-6.0999999	Islandijos st.	567.20001	-3	Medeinos st.	596.20001	7	Troleibusai	7	23	3-2882	601	598	1	1
missed	662966	A>B	Pašilaičiai–Justiniškės–Žvėrynas–Stotis	639	NULL	NULL	NULL	NULL	NULL	NULL	NULL	7	Troleibusai	7	23		678	NULL	NULL	NULL
missed	662966	B>A	Stotis–Žvėrynas–Justiniškės–Pašilaičiai	679	NULL	NULL	NULL	NULL	NULL	NULL	NULL	7	Troleibusai	7	23		717	NULL	NULL	NULL
missed	662966	A>B	Pašilaičiai–Justiniškės–Žvėrynas–Stotis	727	NULL	NULL	NULL	NULL	NULL	NULL	NULL	7	Troleibusai	7	23		766	NULL	NULL	NULL
missed	662966	B>A	Stotis–Žvėrynas–Justiniškės–Pašilaičiai	767	NULL	NULL	NULL	NULL	NULL	NULL	NULL	7	Troleibusai	7	23		805	NULL	NULL	NULL
missed	662966	A>B	Pašilaičiai–Justiniškės–Žvėrynas–Stotis	816	NULL	NULL	NULL	NULL	NULL	NULL	NULL	7	Troleibusai	7	23		855	NULL	NULL	NULL
missed	662966	B>A	Stotis–Žvėrynas–Justiniškės–Pašilaičiai	856	NULL	NULL	NULL	NULL	NULL	NULL	NULL	7	Troleibusai	7	23		894	NULL	NULL	NULL
missed	662966	A>B	Pašilaičiai–Justiniškės–Žvėrynas–Stotis	904	NULL	NULL	NULL	NULL	NULL	NULL	NULL	7	Troleibusai	7	23		943	NULL	NULL	NULL
missed	662966	B>A	Stotis–Žvėrynas–Justiniškės–Pašilaičiai	944	NULL	NULL	NULL	NULL	NULL	NULL	NULL	7	Troleibusai	7	23		983	NULL	NULL	NULL
missed	662966	A>B	Pašilaičiai–Justiniškės–Žvėrynas–Stotis	1000	NULL	NULL	NULL	NULL	NULL	NULL	NULL	7	Troleibusai	7	23		1039	NULL	NULL	NULL
missed	662966	B>A	Stotis–Žvėrynas–Justiniškės–Pašilaičiai	1040	NULL	NULL	NULL	NULL	NULL	NULL	NULL	7	Troleibusai	7	23		1084	NULL	NULL	NULL
missed	662966	A>B	Pašilaičiai–Justiniškės–Žvėrynas–Stotis	1125	NULL	NULL	NULL	NULL	NULL	NULL	NULL	7	Troleibusai	7	23		1164	NULL	NULL	NULL
missed	662966	B>A	Stotis–Žvėrynas–Justiniškės–Pašilaičiai	1165	NULL	NULL	NULL	NULL	NULL	NULL	NULL	7	Troleibusai	7	23		1204	NULL	NULL	NULL
missed	662966	A>B	Pašilaičiai–Justiniškės–Žvėrynas–Stotis	1210	NULL	NULL	NULL	NULL	NULL	NULL	NULL	7	Troleibusai	7	23		1249	NULL	NULL	NULL
missed	662966	B>A	Stotis–Žvėrynas–Justiniškės–Pašilaičiai	1250	NULL	NULL	NULL	NULL	NULL	NULL	NULL	7	Troleibusai	7	23		1288	NULL	NULL	NULL
delay	780610	A>B	Pašilaičiai–Justiniškės–Žvėrynas–Stotis	397	406	8.6999998	Troleibusų parkas	419.10001	10.4	Medeinos st.	409.79999	7	Troleibusai	7	24	3-1941	437	446	1	1
delay	780610	B>A	Stotis–Žvėrynas–Justiniškės–Pašilaičiai	439	450	11.6	Stotis	450.79999	14.6	Teodoro Narbuto st.	475.89999	7	Troleibusai	7	24	3-1941	477	489	1	1
delay	780610	A>B	Pašilaičiai–Justiniškės–Žvėrynas–Stotis	489	502	8.1000004	Trakų st.	538.29999	14	Medeinos st.	505.29999	7	Troleibusai	7	24	3-1941	536	544	1	1
delay	780610	B>A	Stotis–Žvėrynas–Justiniškės–Pašilaičiai	537	547	9.3000002	Islandijos st.	556.70001	10.4	Pamėnkalnio st.	559	7	Troleibusai	7	24	3-1941	575	585	1	1
missed	662967	B>A	Stotis–Žvėrynas–Justiniškės–Pašilaičiai	901	NULL	NULL	NULL	NULL	NULL	NULL	NULL	7	Troleibusai	7	24		940	NULL	NULL	NULL
missed	662967	A>B	Pašilaičiai–Justiniškės–Žvėrynas–Stotis	950	NULL	NULL	NULL	NULL	NULL	NULL	NULL	7	Troleibusai	7	24		989	NULL	NULL	NULL
missed	662967	B>A	Stotis–Žvėrynas–Justiniškės–Pašilaičiai	990	NULL	NULL	NULL	NULL	NULL	NULL	NULL	7	Troleibusai	7	24		1033	NULL	NULL	NULL
missed	662967	A>B	Pašilaičiai–Justiniškės–Žvėrynas–Stotis	1044	NULL	NULL	NULL	NULL	NULL	NULL	NULL	7	Troleibusai	7	24		1083	NULL	NULL	NULL
missed	662967	B>A	Stotis–Žvėrynas–Justiniškės–Pašilaičiai	1084	NULL	NULL	NULL	NULL	NULL	NULL	NULL	7	Troleibusai	7	24		1128	NULL	NULL	NULL
missed	662968	A>B	Pašilaičiai–Justiniškės–Žvėrynas–Stotis	405	NULL	NULL	NULL	NULL	NULL	NULL	NULL	7	Troleibusai	7	25		447	NULL	NULL	NULL
missed	662968	B>A	Stotis–Žvėrynas–Justiniškės–Pašilaičiai	449	NULL	NULL	NULL	NULL	NULL	NULL	NULL	7	Troleibusai	7	25		487	NULL	NULL	NULL
missed	662968	A>B	Pašilaičiai–Justiniškės–Žvėrynas–Stotis	497	NULL	NULL	NULL	NULL	NULL	NULL	NULL	7	Troleibusai	7	25		544	NULL	NULL	NULL
missed	662968	B>A	Stotis–Žvėrynas–Justiniškės–Pašilaičiai	545	NULL	NULL	NULL	NULL	NULL	NULL	NULL	7	Troleibusai	7	25		583	NULL	NULL	NULL
missed	662968	B>A	Stotis–Žvėrynas–Justiniškės–Pašilaičiai	908	NULL	NULL	NULL	NULL	NULL	NULL	NULL	7	Troleibusai	7	25		947	NULL	NULL	NULL
missed	662968	A>B	Pašilaičiai–Justiniškės–Žvėrynas–Stotis	958	NULL	NULL	NULL	NULL	NULL	NULL	NULL	7	Troleibusai	7	25		997	NULL	NULL	NULL
missed	662968	B>A	Stotis–Žvėrynas–Justiniškės–Pašilaičiai	998	NULL	NULL	NULL	NULL	NULL	NULL	NULL	7	Troleibusai	7	25		1041	NULL	NULL	NULL
missed	662968	A>B	Pašilaičiai–Justiniškės–Žvėrynas–Stotis	1053	NULL	NULL	NULL	NULL	NULL	NULL	NULL	7	Troleibusai	7	25		1092	NULL	NULL	NULL
missed	662968	B>A	Stotis–Žvėrynas–Justiniškės–Pašilaičiai	1093	NULL	NULL	NULL	NULL	NULL	NULL	NULL	7	Troleibusai	7	25		1137	NULL	NULL	NULL
delay	780506	A>B	Karoliniškės–Šeimyniškių g.–Šiaurės miestelis	332	328	-4.3000002	Atminties st.	329.29999	-2.7	Šiaurės miestelis	359.10001	9	Troleibusai	9	01	3-140	364	361	1	1
delay	780506	B>A	Šiaurės miestelis–Šeimyniškių g.–Karoliniškės	372	366	-6.4000001	Minties st.	369.70001	-3.4000001	Atminties st.	398.5	9	Troleibusai	9	01	3-140	404	401	1	1
delay	780506	A>B	Karoliniškės–Šeimyniškių g.–Šiaurės miestelis	411	411	-0.2	Atminties st.	412.39999	2.2	Lvovo st.	435.5	9	Troleibusai	9	01	3-140	449	448	0	0
delay	780506	B>A	Šiaurės miestelis–Šeimyniškių g.–Karoliniškės	458	458	0.60000002	Povilo Lukšio st.	458.79999	6.6999998	Panorama	484.39999	9	Troleibusai	9	01	3-140	495	499	1	1
delay	780506	A>B	Karoliniškės–Šeimyniškių g.–Šiaurės miestelis	506	506	-0.40000001	Karoliniškių poliklinika	510	5.0999999	Europos aikštė	531.29999	9	Troleibusai	9	01	3-140	543	544	1	0
delay	780506	B>A	Šiaurės miestelis–Šeimyniškių g.–Karoliniškės	554	552	-1.8	„Žalgirio“ stadionas	563.09998	-0.5	Teodoro Narbuto st.	576.79999	9	Troleibusai	9	01	3-140	588	587	0	0
missed	662971	A>B	Karoliniškės–Šeimyniškių g.–Šiaurės miestelis	625	NULL	NULL	NULL	NULL	NULL	NULL	NULL	9	Troleibusai	9	01		660	NULL	NULL	NULL
missed	662971	B>A	Šiaurės miestelis–Šeimyniškių g.–Karoliniškės	665	NULL	NULL	NULL	NULL	NULL	NULL	NULL	9	Troleibusai	9	01		699	NULL	NULL	NULL
missed	662971	A>B	Karoliniškės–Šeimyniškių g.–Šiaurės miestelis	706	NULL	NULL	NULL	NULL	NULL	NULL	NULL	9	Troleibusai	9	01		741	NULL	NULL	NULL
missed	662971	B>A	Šiaurės miestelis–Šeimyniškių g.–Karoliniškės	746	NULL	NULL	NULL	NULL	NULL	NULL	NULL	9	Troleibusai	9	01		780	NULL	NULL	NULL
missed	662971	A>B	Karoliniškės–Šeimyniškių g.–Šiaurės miestelis	787	NULL	NULL	NULL	NULL	NULL	NULL	NULL	9	Troleibusai	9	01		822	NULL	NULL	NULL
missed	662971	B>A	Šiaurės miestelis–Šeimyniškių g.–Karoliniškės	828	NULL	NULL	NULL	NULL	NULL	NULL	NULL	9	Troleibusai	9	01		862	NULL	NULL	NULL
missed	662971	A>B	Karoliniškės–Šeimyniškių g.–Šiaurės miestelis	872	NULL	NULL	NULL	NULL	NULL	NULL	NULL	9	Troleibusai	9	01		907	NULL	NULL	NULL
missed	662971	B>A	Šiaurės miestelis–Šeimyniškių g.–Karoliniškės	913	NULL	NULL	NULL	NULL	NULL	NULL	NULL	9	Troleibusai	9	01		947	NULL	NULL	NULL
missed	662971	A>B	Karoliniškės–Šeimyniškių g.–Šiaurės miestelis	956	NULL	NULL	NULL	NULL	NULL	NULL	NULL	9	Troleibusai	9	01		992	NULL	NULL	NULL
missed	662971	B>A	Šiaurės miestelis–Šeimyniškių g.–Karoliniškės	1000	NULL	NULL	NULL	NULL	NULL	NULL	NULL	9	Troleibusai	9	01		1037	NULL	NULL	NULL
missed	662971	A>B	Karoliniškės–Šeimyniškių g.–Šiaurės miestelis	1048	NULL	NULL	NULL	NULL	NULL	NULL	NULL	9	Troleibusai	9	01		1085	NULL	NULL	NULL
missed	662971	B>A	Šiaurės miestelis–Šeimyniškių g.–Karoliniškės	1091	NULL	NULL	NULL	NULL	NULL	NULL	NULL	9	Troleibusai	9	01		1128	NULL	NULL	NULL
missed	662971	A>B	Karoliniškės–Šeimyniškių g.–Šiaurės miestelis	1165	NULL	NULL	NULL	NULL	NULL	NULL	NULL	9	Troleibusai	9	01		1198	NULL	NULL	NULL
missed	662971	B>A	Šiaurės miestelis–Šeimyniškių g.–Karoliniškės	1204	NULL	NULL	NULL	NULL	NULL	NULL	NULL	9	Troleibusai	9	01		1236	NULL	NULL	NULL
missed	662971	A>B	Karoliniškės–Šeimyniškių g.–Šiaurės miestelis	1254	NULL	NULL	NULL	NULL	NULL	NULL	NULL	9	Troleibusai	9	01		1286	NULL	NULL	NULL
missed	662971	B>A	Šiaurės miestelis–Šeimyniškių g.–Karoliniškės	1291	NULL	NULL	NULL	NULL	NULL	NULL	NULL	9	Troleibusai	9	01		1323	NULL	NULL	NULL
missed	662971	A>B	Karoliniškės–Šeimyniškių g.–Šiaurės miestelis	1329	NULL	NULL	NULL	NULL	NULL	NULL	NULL	9	Troleibusai	9	01		1361	NULL	NULL	NULL
missed	662971	B>A	Šiaurės miestelis–Šeimyniškių g.–Karoliniškės	1365	NULL	NULL	NULL	NULL	NULL	NULL	NULL	9	Troleibusai	9	01		1397	NULL	NULL	NULL
delay	780593	A>B	Karoliniškės–Šeimyniškių g.–Šiaurės miestelis	455	405	-51.700001	Tuskulėnų rimties parkas	433.60001	-49.400002	Lvovo st.	428.39999	9	Troleibusai	9	02	3-129	493	442	1	1
delay	780593	B>A	Šiaurės miestelis–Šeimyniškių g.–Karoliniškės	501	546	44.599998	„Žalgirio“ stadionas	556.70001	46.5	Nacionalinė dailės galerija	563.20001	9	Troleibusai	9	02	3-129	538	582	1	1
delay	780593	B>A	Šiaurės miestelis–Šeimyniškių g.–Karoliniškės	501	451	-49.299999	Povilo Lukšio st.	451.79999	-44.299999	Laisvės prospektas	484.10001	9	Troleibusai	9	02	3-129	538	492	1	1
delay	780593	A>B	Karoliniškės–Šeimyniškių g.–Šiaurės miestelis	543	498	-44.700001	Atminties st.	500	-38.700001	Lietuvos sąjūdžio kelias	521.70001	9	Troleibusai	9	02	3-129	578	537	1	1
missed	662981	B>A	Šiaurės miestelis–Šeimyniškių g.–Karoliniškės	584	NULL	NULL	NULL	NULL	NULL	NULL	NULL	9	Troleibusai	9	02		618	NULL	NULL	NULL
missed	662981	A>B	Karoliniškės–Šeimyniškių g.–Šiaurės miestelis	963	NULL	NULL	NULL	NULL	NULL	NULL	NULL	9	Troleibusai	9	02		999	NULL	NULL	NULL
missed	662981	B>A	Šiaurės miestelis–Šeimyniškių g.–Karoliniškės	1008	NULL	NULL	NULL	NULL	NULL	NULL	NULL	9	Troleibusai	9	02		1045	NULL	NULL	NULL
missed	662981	A>B	Karoliniškės–Šeimyniškių g.–Šiaurės miestelis	1055	NULL	NULL	NULL	NULL	NULL	NULL	NULL	9	Troleibusai	9	02		1092	NULL	NULL	NULL
missed	662981	B>A	Šiaurės miestelis–Šeimyniškių g.–Karoliniškės	1097	NULL	NULL	NULL	NULL	NULL	NULL	NULL	9	Troleibusai	9	02		1134	NULL	NULL	NULL
missed	662981	A>B	Karoliniškės–Šeimyniškių g.–Šiaurės miestelis	1143	NULL	NULL	NULL	NULL	NULL	NULL	NULL	9	Troleibusai	9	02		1176	NULL	NULL	NULL
missed	662981	B>A	Šiaurės miestelis–Šeimyniškių g.–Karoliniškės	1183	NULL	NULL	NULL	NULL	NULL	NULL	NULL	9	Troleibusai	9	02		1215	NULL	NULL	NULL
delay	780617	B>A	Šiaurės miestelis–Šeimyniškių g.–Karoliniškės	449	501	51.5	Lvovo st.	513.09998	55.299999	Panorama	523.90002	9	Troleibusai	9	03	3-2688	486	539	1	1
delay	780617	B>A	Šiaurės miestelis–Šeimyniškių g.–Karoliniškės	449	408	-42.200001	Povilo Lukšio st.	406.79999	-40.400002	Laisvės prospektas	436.10001	9	Troleibusai	9	03	3-2688	486	444	1	1
delay	780617	A>B	Karoliniškės–Šeimyniškių g.–Šiaurės miestelis	497	545	48.5	Atminties st.	547.09998	52.200001	Europos aikštė	569.40002	9	Troleibusai	9	03	3-2688	534	583	1	1
delay	780617	A>B	Karoliniškės–Šeimyniškių g.–Šiaurės miestelis	497	456	-40.700001	Pasakų parkas	456.60001	-32.700001	Lvovo st.	486	9	Troleibusai	9	03	3-2688	534	498	1	1
missed	662978	B>A	Šiaurės miestelis–Šeimyniškių g.–Karoliniškės	547	NULL	NULL	NULL	NULL	NULL	NULL	NULL	9	Troleibusai	9	03		581	NULL	NULL	NULL
missed	662978	A>B	Karoliniškės–Šeimyniškių g.–Šiaurės miestelis	597	NULL	NULL	NULL	NULL	NULL	NULL	NULL	9	Troleibusai	9	03		632	NULL	NULL	NULL
missed	662978	B>A	Šiaurės miestelis–Šeimyniškių g.–Karoliniškės	933	NULL	NULL	NULL	NULL	NULL	NULL	NULL	9	Troleibusai	9	03		969	NULL	NULL	NULL
missed	662978	A>B	Karoliniškės–Šeimyniškių g.–Šiaurės miestelis	987	NULL	NULL	NULL	NULL	NULL	NULL	NULL	9	Troleibusai	9	03		1023	NULL	NULL	NULL
missed	662978	B>A	Šiaurės miestelis–Šeimyniškių g.–Karoliniškės	1033	NULL	NULL	NULL	NULL	NULL	NULL	NULL	9	Troleibusai	9	03		1070	NULL	NULL	NULL
missed	662978	A>B	Karoliniškės–Šeimyniškių g.–Šiaurės miestelis	1081	NULL	NULL	NULL	NULL	NULL	NULL	NULL	9	Troleibusai	9	03		1118	NULL	NULL	NULL
missed	662978	B>A	Šiaurės miestelis–Šeimyniškių g.–Karoliniškės	1126	NULL	NULL	NULL	NULL	NULL	NULL	NULL	9	Troleibusai	9	03		1161	NULL	NULL	NULL
missed	662978	A>B	Karoliniškės–Šeimyniškių g.–Šiaurės miestelis	1173	NULL	NULL	NULL	NULL	NULL	NULL	NULL	9	Troleibusai	9	03		1206	NULL	NULL	NULL
delay	780511	B>A	Šiaurės miestelis–Šeimyniškių g.–Karoliniškės	327	326	-1.9	Nacionalinė dailės galerija	338.5	-0.89999998	Atminties st.	356.10001	9	Troleibusai	9	04	3-2242	359	358	0	0
delay	780511	A>B	Karoliniškės–Šeimyniškių g.–Šiaurės miestelis	366	364	-1.7	Karoliniškių poliklinika	368.70001	-0.40000001	Žvėrynas	377.10001	9	Troleibusai	9	04	3-2242	398	397	0	0
delay	780511	B>A	Šiaurės miestelis–Šeimyniškių g.–Karoliniškės	404	403	-0.89999998	Povilo Lukšio st.	403.10001	1.4	Laisvės prospektas	430.60001	9	Troleibusai	9	04	3-2242	438	438	0	0
delay	780511	A>B	Karoliniškės–Šeimyniškių g.–Šiaurės miestelis	444	448	4.0999999	Ugniagesių st.	451.10001	14.4	Lietuvos sąjūdžio kelias	476.89999	9	Troleibusai	9	04	3-2242	482	491	1	1
delay	780511	B>A	Šiaurės miestelis–Šeimyniškių g.–Karoliniškės	493	492	-1.6	Karoliniškių poliklinika	522	0.30000001	Povilo Lukšio st.	493.39999	9	Troleibusai	9	04	3-2242	530	528	0	0
delay	780511	A>B	Karoliniškės–Šeimyniškių g.–Šiaurės miestelis	565	562	-4.5	Panorama	575.29999	-3.0999999	Pasakų parkas	562.09998	9	Troleibusai	9	04	3-2242	600	596	1	1
missed	662972	B>A	Šiaurės miestelis–Šeimyniškių g.–Karoliniškės	605	NULL	NULL	NULL	NULL	NULL	NULL	NULL	9	Troleibusai	9	04		639	NULL	NULL	NULL
missed	662972	A>B	Karoliniškės–Šeimyniškių g.–Šiaurės miestelis	655	NULL	NULL	NULL	NULL	NULL	NULL	NULL	9	Troleibusai	9	04		690	NULL	NULL	NULL
missed	662972	B>A	Šiaurės miestelis–Šeimyniškių g.–Karoliniškės	698	NULL	NULL	NULL	NULL	NULL	NULL	NULL	9	Troleibusai	9	04		732	NULL	NULL	NULL
missed	662972	A>B	Karoliniškės–Šeimyniškių g.–Šiaurės miestelis	738	NULL	NULL	NULL	NULL	NULL	NULL	NULL	9	Troleibusai	9	04		773	NULL	NULL	NULL
missed	662972	B>A	Šiaurės miestelis–Šeimyniškių g.–Karoliniškės	778	NULL	NULL	NULL	NULL	NULL	NULL	NULL	9	Troleibusai	9	04		812	NULL	NULL	NULL
missed	662972	A>B	Karoliniškės–Šeimyniškių g.–Šiaurės miestelis	817	NULL	NULL	NULL	NULL	NULL	NULL	NULL	9	Troleibusai	9	04		852	NULL	NULL	NULL
missed	662972	B>A	Šiaurės miestelis–Šeimyniškių g.–Karoliniškės	864	NULL	NULL	NULL	NULL	NULL	NULL	NULL	9	Troleibusai	9	04		898	NULL	NULL	NULL
missed	662972	A>B	Karoliniškės–Šeimyniškių g.–Šiaurės miestelis	910	NULL	NULL	NULL	NULL	NULL	NULL	NULL	9	Troleibusai	9	04		945	NULL	NULL	NULL
missed	662972	B>A	Šiaurės miestelis–Šeimyniškių g.–Karoliniškės	950	NULL	NULL	NULL	NULL	NULL	NULL	NULL	9	Troleibusai	9	04		986	NULL	NULL	NULL
missed	662972	A>B	Karoliniškės–Šeimyniškių g.–Šiaurės miestelis	1002	NULL	NULL	NULL	NULL	NULL	NULL	NULL	9	Troleibusai	9	04		1039	NULL	NULL	NULL
missed	662972	B>A	Šiaurės miestelis–Šeimyniškių g.–Karoliniškės	1049	NULL	NULL	NULL	NULL	NULL	NULL	NULL	9	Troleibusai	9	04		1086	NULL	NULL	NULL
missed	662972	A>B	Karoliniškės–Šeimyniškių g.–Šiaurės miestelis	1098	NULL	NULL	NULL	NULL	NULL	NULL	NULL	9	Troleibusai	9	04		1135	NULL	NULL	NULL
missed	662972	B>A	Šiaurės miestelis–Šeimyniškių g.–Karoliniškės	1141	NULL	NULL	NULL	NULL	NULL	NULL	NULL	9	Troleibusai	9	04		1173	NULL	NULL	NULL
missed	662972	A>B	Karoliniškės–Šeimyniškių g.–Šiaurės miestelis	1206	NULL	NULL	NULL	NULL	NULL	NULL	NULL	9	Troleibusai	9	04		1238	NULL	NULL	NULL
missed	662972	B>A	Šiaurės miestelis–Šeimyniškių g.–Karoliniškės	1244	NULL	NULL	NULL	NULL	NULL	NULL	NULL	9	Troleibusai	9	04		1276	NULL	NULL	NULL
missed	662972	A>B	Karoliniškės–Šeimyniškių g.–Šiaurės miestelis	1284	NULL	NULL	NULL	NULL	NULL	NULL	NULL	9	Troleibusai	9	04		1316	NULL	NULL	NULL
missed	662972	B>A	Šiaurės miestelis–Šeimyniškių g.–Karoliniškės	1322	NULL	NULL	NULL	NULL	NULL	NULL	NULL	9	Troleibusai	9	04		1354	NULL	NULL	NULL
missed	662972	A>B	Karoliniškės–Šeimyniškių g.–Šiaurės miestelis	1361	NULL	NULL	NULL	NULL	NULL	NULL	NULL	9	Troleibusai	9	04		1393	NULL	NULL	NULL
delay	780588	B>A	Šiaurės miestelis–Šeimyniškių g.–Karoliniškės	381	379	-2.4000001	Povilo Lukšio st.	378.70001	1.1	Ugniagesių st.	410.89999	9	Troleibusai	9	05	3-2549	413	414	0	0
delay	780588	A>B	Karoliniškės–Šeimyniškių g.–Šiaurės miestelis	420	421	0.2	Panorama	436.20001	2.5	Šiaurės miestelis	458.39999	9	Troleibusai	9	05	3-2549	458	460	0	0
delay	780588	B>A	Šiaurės miestelis–Šeimyniškių g.–Karoliniškės	469	466	-2.5	Povilo Lukšio st.	466.70001	1	Sietyno st.	496.60001	9	Troleibusai	9	05	3-2549	506	505	0	0
delay	780588	A>B	Karoliniškės–Šeimyniškių g.–Šiaurės miestelis	514	514	-0.2	Ugniagesių st.	516.79999	4.9000001	Lietuvos sąjūdžio kelias	536.29999	9	Troleibusai	9	05	3-2549	550	550	1	0
missed	662975	B>A	Šiaurės miestelis–Šeimyniškių g.–Karoliniškės	887	NULL	NULL	NULL	NULL	NULL	NULL	NULL	9	Troleibusai	9	05		921	NULL	NULL	NULL
missed	662975	A>B	Karoliniškės–Šeimyniškių g.–Šiaurės miestelis	929	NULL	NULL	NULL	NULL	NULL	NULL	NULL	9	Troleibusai	9	05		964	NULL	NULL	NULL
missed	662975	B>A	Šiaurės miestelis–Šeimyniškių g.–Karoliniškės	969	NULL	NULL	NULL	NULL	NULL	NULL	NULL	9	Troleibusai	9	05		1006	NULL	NULL	NULL
missed	662975	A>B	Karoliniškės–Šeimyniškių g.–Šiaurės miestelis	1019	NULL	NULL	NULL	NULL	NULL	NULL	NULL	9	Troleibusai	9	05		1056	NULL	NULL	NULL
missed	662975	B>A	Šiaurės miestelis–Šeimyniškių g.–Karoliniškės	1067	NULL	NULL	NULL	NULL	NULL	NULL	NULL	9	Troleibusai	9	05		1104	NULL	NULL	NULL
missed	662975	A>B	Karoliniškės–Šeimyniškių g.–Šiaurės miestelis	1118	NULL	NULL	NULL	NULL	NULL	NULL	NULL	9	Troleibusai	9	05		1154	NULL	NULL	NULL
delay	780543	A>B	Karoliniškės–Šeimyniškių g.–Šiaurės miestelis	353	351	-1.9	Ugniagesių st.	354.10001	0.40000001	Tuskulėnų rimties parkas	378.60001	9	Troleibusai	9	06Ž	3-2108	385	385	0	0
delay	780543	B>A	Šiaurės miestelis–Šeimyniškių g.–Karoliniškės	392	397	4.3000002	Povilo Lukšio st.	396.39999	6.3000002	Karoliniškių poliklinika	425.60001	9	Troleibusai	9	06Ž	3-2108	425	431	1	1
delay	780543	A>B	Karoliniškės–Šeimyniškių g.–Šiaurės miestelis	436	440	3.7	Atminties st.	441.20001	7.9000001	Lietuvos sąjūdžio kelias	462.39999	9	Troleibusai	9	06Ž	3-2108	474	480	1	1
delay	780543	B>A	Šiaurės miestelis–Šeimyniškių g.–Karoliniškės	484	485	0.30000001	Ugniagesių st.	516.5	3.2	Nacionalinė dailės galerija	503.10001	9	Troleibusai	9	06Ž	3-2108	521	521	1	0
delay	780543	A>B	Karoliniškės–Šeimyniškių g.–Šiaurės miestelis	532	538	6.0999999	Laisvės prospektas	545.70001	9.3000002	Nacionalinė dailės galerija	560.5	9	Troleibusai	9	06Ž	3-2108	567	575	1	1
missed	662973	B>A	Šiaurės miestelis–Šeimyniškių g.–Karoliniškės	574	NULL	NULL	NULL	NULL	NULL	NULL	NULL	9	Troleibusai	9	06Ž		608	NULL	NULL	NULL
missed	662973	A>B	Karoliniškės–Šeimyniškių g.–Šiaurės miestelis	642	NULL	NULL	NULL	NULL	NULL	NULL	NULL	9	Troleibusai	9	06Ž		677	NULL	NULL	NULL
missed	662973	B>A	Šiaurės miestelis–Šeimyniškių g.–Karoliniškės	682	NULL	NULL	NULL	NULL	NULL	NULL	NULL	9	Troleibusai	9	06Ž		716	NULL	NULL	NULL
missed	662973	A>B	Karoliniškės–Šeimyniškių g.–Šiaurės miestelis	722	NULL	NULL	NULL	NULL	NULL	NULL	NULL	9	Troleibusai	9	06Ž		757	NULL	NULL	NULL
missed	662973	B>A	Šiaurės miestelis–Šeimyniškių g.–Karoliniškės	762	NULL	NULL	NULL	NULL	NULL	NULL	NULL	9	Troleibusai	9	06Ž		796	NULL	NULL	NULL
missed	662973	A>B	Karoliniškės–Šeimyniškių g.–Šiaurės miestelis	802	NULL	NULL	NULL	NULL	NULL	NULL	NULL	9	Troleibusai	9	06Ž		837	NULL	NULL	NULL
missed	662973	B>A	Šiaurės miestelis–Šeimyniškių g.–Karoliniškės	845	NULL	NULL	NULL	NULL	NULL	NULL	NULL	9	Troleibusai	9	06Ž		879	NULL	NULL	NULL
missed	662973	A>B	Karoliniškės–Šeimyniškių g.–Šiaurės miestelis	889	NULL	NULL	NULL	NULL	NULL	NULL	NULL	9	Troleibusai	9	06Ž		924	NULL	NULL	NULL
missed	662973	B>A	Šiaurės miestelis–Šeimyniškių g.–Karoliniškės	929	NULL	NULL	NULL	NULL	NULL	NULL	NULL	9	Troleibusai	9	06Ž		964	NULL	NULL	NULL
missed	662973	A>B	Karoliniškės–Šeimyniškių g.–Šiaurės miestelis	979	NULL	NULL	NULL	NULL	NULL	NULL	NULL	9	Troleibusai	9	06Ž		1015	NULL	NULL	NULL
missed	662973	B>A	Šiaurės miestelis–Šeimyniškių g.–Karoliniškės	1023	NULL	NULL	NULL	NULL	NULL	NULL	NULL	9	Troleibusai	9	06Ž		1060	NULL	NULL	NULL
missed	662973	A>B	Karoliniškės–Šeimyniškių g.–Šiaurės miestelis	1072	NULL	NULL	NULL	NULL	NULL	NULL	NULL	9	Troleibusai	9	06Ž		1109	NULL	NULL	NULL
missed	662973	B>A	Šiaurės miestelis–Šeimyniškių g.–Karoliniškės	1118	NULL	NULL	NULL	NULL	NULL	NULL	NULL	9	Troleibusai	9	06Ž		1153	NULL	NULL	NULL
missed	662973	A>B	Karoliniškės–Šeimyniškių g.–Šiaurės miestelis	1187	NULL	NULL	NULL	NULL	NULL	NULL	NULL	9	Troleibusai	9	06Ž		1219	NULL	NULL	NULL
missed	662973	B>A	Šiaurės miestelis–Šeimyniškių g.–Karoliniškės	1225	NULL	NULL	NULL	NULL	NULL	NULL	NULL	9	Troleibusai	9	06Ž		1257	NULL	NULL	NULL
missed	662973	A>B	Karoliniškės–Šeimyniškių g.–Šiaurės miestelis	1265	NULL	NULL	NULL	NULL	NULL	NULL	NULL	9	Troleibusai	9	06Ž		1297	NULL	NULL	NULL
missed	662973	B>A	Šiaurės miestelis–Šeimyniškių g.–Karoliniškės	1308	NULL	NULL	NULL	NULL	NULL	NULL	NULL	9	Troleibusai	9	06Ž		1340	NULL	NULL	NULL
missed	662973	A>B	Karoliniškės–Šeimyniškių g.–Šiaurės miestelis	1346	NULL	NULL	NULL	NULL	NULL	NULL	NULL	9	Troleibusai	9	06Ž		1378	NULL	NULL	NULL
missed	662973	B>A	Šiaurės miestelis–Šeimyniškių g.–Karoliniškės	1384	NULL	NULL	NULL	NULL	NULL	NULL	NULL	9	Troleibusai	9	06Ž		1416	NULL	NULL	NULL
delay	780627	B>A	Šiaurės miestelis–Šeimyniškių g.–Karoliniškės	415	419	3.4000001	„Žalgirio“ stadionas	428.39999	4.1999998	Atminties st.	451.39999	9	Troleibusai	9	07	3-1897	451	455	1	1
delay	780627	A>B	Karoliniškės–Šeimyniškių g.–Šiaurės miestelis	462	465	2.5999999	Karoliniškių poliklinika	469.10001	6.0999999	Žvėrynas	481.70001	9	Troleibusai	9	07	3-1897	500	502	1	0
delay	780627	B>A	Šiaurės miestelis–Šeimyniškių g.–Karoliniškės	507	509	1.2	Minties st.	513.29999	2.9000001	Lietuvos edukologijos universitetas	528.5	9	Troleibusai	9	07	3-1897	543	544	0	0
delay	780627	A>B	Karoliniškės–Šeimyniškių g.–Šiaurės miestelis	552	555	1.6	„Žalgirio“ stadionas	578.09998	3.8	Šiaurės miestelis	588.59998	9	Troleibusai	9	07	3-1897	587	591	1	1
missed	662974	B>A	Šiaurės miestelis–Šeimyniškių g.–Karoliniškės	907	NULL	NULL	NULL	NULL	NULL	NULL	NULL	9	Troleibusai	9	07		941	NULL	NULL	NULL
missed	662974	A>B	Karoliniškės–Šeimyniškių g.–Šiaurės miestelis	949	NULL	NULL	NULL	NULL	NULL	NULL	NULL	9	Troleibusai	9	07		985	NULL	NULL	NULL
missed	662974	B>A	Šiaurės miestelis–Šeimyniškių g.–Karoliniškės	991	NULL	NULL	NULL	NULL	NULL	NULL	NULL	9	Troleibusai	9	07		1028	NULL	NULL	NULL
missed	662974	A>B	Karoliniškės–Šeimyniškių g.–Šiaurės miestelis	1036	NULL	NULL	NULL	NULL	NULL	NULL	NULL	9	Troleibusai	9	07		1073	NULL	NULL	NULL
missed	662974	B>A	Šiaurės miestelis–Šeimyniškių g.–Karoliniškės	1082	NULL	NULL	NULL	NULL	NULL	NULL	NULL	9	Troleibusai	9	07		1119	NULL	NULL	NULL
missed	662974	A>B	Karoliniškės–Šeimyniškių g.–Šiaurės miestelis	1136	NULL	NULL	NULL	NULL	NULL	NULL	NULL	9	Troleibusai	9	07		1169	NULL	NULL	NULL
delay	780534	B>A	Šiaurės miestelis–Šeimyniškių g.–Karoliniškės	343	343	-0.2	Povilo Lukšio st.	342.89999	1.5	Atminties st.	374.39999	9	Troleibusai	9	08	3-2453	375	376	0	0
delay	780534	A>B	Karoliniškės–Šeimyniškių g.–Šiaurės miestelis	382	382	-0.80000001	Karoliniškių poliklinika	385.60001	2.8	Šiaurės miestelis	414.70001	9	Troleibusai	9	08	3-2453	414	416	0	0
delay	780534	B>A	Šiaurės miestelis–Šeimyniškių g.–Karoliniškės	423	424	1.5	Povilo Lukšio st.	424.79999	4.5	Laisvės prospektas	454.89999	9	Troleibusai	9	08	3-2453	460	463	1	0
delay	780534	A>B	Karoliniškės–Šeimyniškių g.–Šiaurės miestelis	474	473	-0.89999998	Atminties st.	474.60001	4.6999998	Lvovo st.	500.39999	9	Troleibusai	9	08	3-2453	511	513	1	0
delay	780534	B>A	Šiaurės miestelis–Šeimyniškių g.–Karoliniškės	517	518	0.60000002	Lvovo st.	530.5	2.9000001	Panorama	539.5	9	Troleibusai	9	08	3-2453	552	554	0	0
missed	662976	A>B	Karoliniškės–Šeimyniškių g.–Šiaurės miestelis	586	NULL	NULL	NULL	NULL	NULL	NULL	NULL	9	Troleibusai	9	08		621	NULL	NULL	NULL
missed	662976	B>A	Šiaurės miestelis–Šeimyniškių g.–Karoliniškės	626	NULL	NULL	NULL	NULL	NULL	NULL	NULL	9	Troleibusai	9	08		660	NULL	NULL	NULL
missed	662976	A>B	Karoliniškės–Šeimyniškių g.–Šiaurės miestelis	670	NULL	NULL	NULL	NULL	NULL	NULL	NULL	9	Troleibusai	9	08		705	NULL	NULL	NULL
missed	662976	B>A	Šiaurės miestelis–Šeimyniškių g.–Karoliniškės	711	NULL	NULL	NULL	NULL	NULL	NULL	NULL	9	Troleibusai	9	08		745	NULL	NULL	NULL
missed	662976	A>B	Karoliniškės–Šeimyniškių g.–Šiaurės miestelis	753	NULL	NULL	NULL	NULL	NULL	NULL	NULL	9	Troleibusai	9	08		788	NULL	NULL	NULL
missed	662976	B>A	Šiaurės miestelis–Šeimyniškių g.–Karoliniškės	793	NULL	NULL	NULL	NULL	NULL	NULL	NULL	9	Troleibusai	9	08		827	NULL	NULL	NULL
missed	662976	A>B	Karoliniškės–Šeimyniškių g.–Šiaurės miestelis	833	NULL	NULL	NULL	NULL	NULL	NULL	NULL	9	Troleibusai	9	08		868	NULL	NULL	NULL
missed	662976	B>A	Šiaurės miestelis–Šeimyniškių g.–Karoliniškės	878	NULL	NULL	NULL	NULL	NULL	NULL	NULL	9	Troleibusai	9	08		912	NULL	NULL	NULL
missed	662976	A>B	Karoliniškės–Šeimyniškių g.–Šiaurės miestelis	919	NULL	NULL	NULL	NULL	NULL	NULL	NULL	9	Troleibusai	9	08		954	NULL	NULL	NULL
missed	662976	B>A	Šiaurės miestelis–Šeimyniškių g.–Karoliniškės	959	NULL	NULL	NULL	NULL	NULL	NULL	NULL	9	Troleibusai	9	08		996	NULL	NULL	NULL
missed	662976	A>B	Karoliniškės–Šeimyniškių g.–Šiaurės miestelis	1009	NULL	NULL	NULL	NULL	NULL	NULL	NULL	9	Troleibusai	9	08		1046	NULL	NULL	NULL
missed	662976	B>A	Šiaurės miestelis–Šeimyniškių g.–Karoliniškės	1059	NULL	NULL	NULL	NULL	NULL	NULL	NULL	9	Troleibusai	9	08		1096	NULL	NULL	NULL
missed	662976	A>B	Karoliniškės–Šeimyniškių g.–Šiaurės miestelis	1107	NULL	NULL	NULL	NULL	NULL	NULL	NULL	9	Troleibusai	9	08		1144	NULL	NULL	NULL
missed	662976	B>A	Šiaurės miestelis–Šeimyniškių g.–Karoliniškės	1150	NULL	NULL	NULL	NULL	NULL	NULL	NULL	9	Troleibusai	9	08		1182	NULL	NULL	NULL
missed	662976	A>B	Karoliniškės–Šeimyniškių g.–Šiaurės miestelis	1223	NULL	NULL	NULL	NULL	NULL	NULL	NULL	9	Troleibusai	9	08		1255	NULL	NULL	NULL
missed	662976	B>A	Šiaurės miestelis–Šeimyniškių g.–Karoliniškės	1260	NULL	NULL	NULL	NULL	NULL	NULL	NULL	9	Troleibusai	9	08		1292	NULL	NULL	NULL
missed	662976	A>B	Karoliniškės–Šeimyniškių g.–Šiaurės miestelis	1302	NULL	NULL	NULL	NULL	NULL	NULL	NULL	9	Troleibusai	9	08		1334	NULL	NULL	NULL
missed	662976	B>A	Šiaurės miestelis–Šeimyniškių g.–Karoliniškės	1340	NULL	NULL	NULL	NULL	NULL	NULL	NULL	9	Troleibusai	9	08		1372	NULL	NULL	NULL
missed	662976	A>B	Karoliniškės–Šeimyniškių g.–Šiaurės miestelis	1379	NULL	NULL	NULL	NULL	NULL	NULL	NULL	9	Troleibusai	9	08		1411	NULL	NULL	NULL
missed	662977	A>B	Karoliniškės–Šeimyniškių g.–Šiaurės miestelis	428	NULL	NULL	NULL	NULL	NULL	NULL	NULL	9	Troleibusai	9	09		466	NULL	NULL	NULL
delay	780639	B>A	Šiaurės miestelis–Šeimyniškių g.–Karoliniškės	476	433	-42.700001	Lvovo st.	446	-40.400002	Ugniagesių st.	467.70001	9	Troleibusai	9	09	3-2555	513	472	1	1
delay	780639	B>A	Šiaurės miestelis–Šeimyniškių g.–Karoliniškės	476	528	52.299999	Lietuvos edukologijos universitetas	546.90002	53.200001	Žvėrynas	550.79999	9	Troleibusai	9	09	3-2555	513	565	1	1
delay	780639	A>B	Karoliniškės–Šeimyniškių g.–Šiaurės miestelis	524	571	46.599998	Tuskulėnų rimties parkas	598.90002	47.200001	Pasakų parkas	571.5	9	Troleibusai	9	09	3-2555	559	602	1	1
delay	780639	A>B	Karoliniškės–Šeimyniškių g.–Šiaurės miestelis	524	483	-41.5	Atminties st.	484.10001	-35	Nacionalinė dailės galerija	508.20001	9	Troleibusai	9	09	3-2555	559	523	1	1
missed	662977	B>A	Šiaurės miestelis–Šeimyniškių g.–Karoliniškės	564	NULL	NULL	NULL	NULL	NULL	NULL	NULL	9	Troleibusai	9	09		598	NULL	NULL	NULL
missed	662977	A>B	Karoliniškės–Šeimyniškių g.–Šiaurės miestelis	897	NULL	NULL	NULL	NULL	NULL	NULL	NULL	9	Troleibusai	9	09		932	NULL	NULL	NULL
missed	662977	B>A	Šiaurės miestelis–Šeimyniškių g.–Karoliniškės	940	NULL	NULL	NULL	NULL	NULL	NULL	NULL	9	Troleibusai	9	09		976	NULL	NULL	NULL
missed	662977	A>B	Karoliniškės–Šeimyniškių g.–Šiaurės miestelis	994	NULL	NULL	NULL	NULL	NULL	NULL	NULL	9	Troleibusai	9	09		1031	NULL	NULL	NULL
missed	662977	B>A	Šiaurės miestelis–Šeimyniškių g.–Karoliniškės	1043	NULL	NULL	NULL	NULL	NULL	NULL	NULL	9	Troleibusai	9	09		1080	NULL	NULL	NULL
missed	662977	A>B	Karoliniškės–Šeimyniškių g.–Šiaurės miestelis	1091	NULL	NULL	NULL	NULL	NULL	NULL	NULL	9	Troleibusai	9	09		1128	NULL	NULL	NULL
missed	662977	B>A	Šiaurės miestelis–Šeimyniškių g.–Karoliniškės	1134	NULL	NULL	NULL	NULL	NULL	NULL	NULL	9	Troleibusai	9	09		1167	NULL	NULL	NULL
delay	780523	B>A	Šiaurės miestelis–Šeimyniškių g.–Karoliniškės	432	443	11.1	Minties st.	448.29999	14.8	Panorama	466.39999	9	Troleibusai	9	10	3-1824	469	482	1	1
delay	780523	B>A	Šiaurės miestelis–Šeimyniškių g.–Karoliniškės	432	356	1440	NULL	0	-1440	NULL	0	9	Troleibusai	9	10	3-1824	469	391	0	1
delay	780523	A>B	Karoliniškės–Šeimyniškių g.–Šiaurės miestelis	481	395	1440	NULL	0	-1440	NULL	0	9	Troleibusai	9	10	3-1824	518	428	0	1
delay	780523	A>B	Karoliniškės–Šeimyniškių g.–Šiaurės miestelis	481	490	8.6000004	Karoliniškių poliklinika	494.10001	13.6	Lietuvos sąjūdžio kelias	512	9	Troleibusai	9	10	3-1824	518	528	1	1
delay	780523	B>A	Šiaurės miestelis–Šeimyniškių g.–Karoliniškės	528	539	9.5	Ugniagesių st.	568.70001	11.2	Povilo Lukšio st.	539.20001	9	Troleibusai	9	10	3-1824	563	572	1	1
missed	662979	A>B	Karoliniškės–Šeimyniškių g.–Šiaurės miestelis	576	NULL	NULL	NULL	NULL	NULL	NULL	NULL	9	Troleibusai	9	10		611	NULL	NULL	NULL
missed	662979	B>A	Šiaurės miestelis–Šeimyniškių g.–Karoliniškės	921	NULL	NULL	NULL	NULL	NULL	NULL	NULL	9	Troleibusai	9	10		955	NULL	NULL	NULL
missed	662979	A>B	Karoliniškės–Šeimyniškių g.–Šiaurės miestelis	971	NULL	NULL	NULL	NULL	NULL	NULL	NULL	9	Troleibusai	9	10		1007	NULL	NULL	NULL
missed	662979	B>A	Šiaurės miestelis–Šeimyniškių g.–Karoliniškės	1015	NULL	NULL	NULL	NULL	NULL	NULL	NULL	9	Troleibusai	9	10		1052	NULL	NULL	NULL
missed	662979	A>B	Karoliniškės–Šeimyniškių g.–Šiaurės miestelis	1063	NULL	NULL	NULL	NULL	NULL	NULL	NULL	9	Troleibusai	9	10		1100	NULL	NULL	NULL
missed	662979	B>A	Šiaurės miestelis–Šeimyniškių g.–Karoliniškės	1105	NULL	NULL	NULL	NULL	NULL	NULL	NULL	9	Troleibusai	9	10		1141	NULL	NULL	NULL
missed	662979	A>B	Karoliniškės–Šeimyniškių g.–Šiaurės miestelis	1153	NULL	NULL	NULL	NULL	NULL	NULL	NULL	9	Troleibusai	9	10		1186	NULL	NULL	NULL
missed	662980	B>A	Šiaurės miestelis–Šeimyniškių g.–Karoliniškės	359	NULL	NULL	NULL	NULL	NULL	NULL	NULL	9	Troleibusai	9	11		391	NULL	NULL	NULL
delay	780640	A>B	Karoliniškės–Šeimyniškių g.–Šiaurės miestelis	399	432	32.5	Laisvės prospektas	439.29999	37.599998	Lvovo st.	457.29999	9	Troleibusai	9	11	3-3010	435	470	1	1
delay	780640	B>A	Šiaurės miestelis–Šeimyniškių g.–Karoliniškės	441	476	35.200001	Atminties st.	509.39999	37.200001	Šeimyniškių st.	487.29999	9	Troleibusai	9	11	3-3010	478	512	1	1
delay	780640	A>B	Karoliniškės–Šeimyniškių g.–Šiaurės miestelis	488	523	34.700001	Karoliniškių poliklinika	527.09998	38.799999	Žvėrynas	539.29999	9	Troleibusai	9	11	3-3010	525	559	1	1
delay	780640	B>A	Šiaurės miestelis–Šeimyniškių g.–Karoliniškės	539	569	28.200001	Lvovo st.	579.70001	29.6	Šiaurės miestelis	570.29999	9	Troleibusai	9	11	3-3010	573	601	1	1
missed	662980	A>B	Karoliniškės–Šeimyniškių g.–Šiaurės miestelis	606	NULL	NULL	NULL	NULL	NULL	NULL	NULL	9	Troleibusai	9	11		641	NULL	NULL	NULL
missed	662980	B>A	Šiaurės miestelis–Šeimyniškių g.–Karoliniškės	646	NULL	NULL	NULL	NULL	NULL	NULL	NULL	9	Troleibusai	9	11		680	NULL	NULL	NULL
missed	662980	A>B	Karoliniškės–Šeimyniškių g.–Šiaurės miestelis	686	NULL	NULL	NULL	NULL	NULL	NULL	NULL	9	Troleibusai	9	11		721	NULL	NULL	NULL
missed	662980	B>A	Šiaurės miestelis–Šeimyniškių g.–Karoliniškės	729	NULL	NULL	NULL	NULL	NULL	NULL	NULL	9	Troleibusai	9	11		763	NULL	NULL	NULL
missed	662980	A>B	Karoliniškės–Šeimyniškių g.–Šiaurės miestelis	770	NULL	NULL	NULL	NULL	NULL	NULL	NULL	9	Troleibusai	9	11		805	NULL	NULL	NULL
missed	662980	B>A	Šiaurės miestelis–Šeimyniškių g.–Karoliniškės	810	NULL	NULL	NULL	NULL	NULL	NULL	NULL	9	Troleibusai	9	11		844	NULL	NULL	NULL
missed	662980	A>B	Karoliniškės–Šeimyniškių g.–Šiaurės miestelis	852	NULL	NULL	NULL	NULL	NULL	NULL	NULL	9	Troleibusai	9	11		887	NULL	NULL	NULL
missed	662980	B>A	Šiaurės miestelis–Šeimyniškių g.–Karoliniškės	898	NULL	NULL	NULL	NULL	NULL	NULL	NULL	9	Troleibusai	9	11		932	NULL	NULL	NULL
missed	662980	A>B	Karoliniškės–Šeimyniškių g.–Šiaurės miestelis	939	NULL	NULL	NULL	NULL	NULL	NULL	NULL	9	Troleibusai	9	11		975	NULL	NULL	NULL
missed	662980	B>A	Šiaurės miestelis–Šeimyniškių g.–Karoliniškės	981	NULL	NULL	NULL	NULL	NULL	NULL	NULL	9	Troleibusai	9	11		1018	NULL	NULL	NULL
missed	662980	A>B	Karoliniškės–Šeimyniškių g.–Šiaurės miestelis	1027	NULL	NULL	NULL	NULL	NULL	NULL	NULL	9	Troleibusai	9	11		1064	NULL	NULL	NULL
missed	662980	B>A	Šiaurės miestelis–Šeimyniškių g.–Karoliniškės	1074	NULL	NULL	NULL	NULL	NULL	NULL	NULL	9	Troleibusai	9	11		1111	NULL	NULL	NULL
missed	662980	A>B	Karoliniškės–Šeimyniškių g.–Šiaurės miestelis	1127	NULL	NULL	NULL	NULL	NULL	NULL	NULL	9	Troleibusai	9	11		1161	NULL	NULL	NULL
missed	662980	B>A	Šiaurės miestelis–Šeimyniškių g.–Karoliniškės	1166	NULL	NULL	NULL	NULL	NULL	NULL	NULL	9	Troleibusai	9	11		1198	NULL	NULL	NULL
missed	662980	A>B	Karoliniškės–Šeimyniškių g.–Šiaurės miestelis	1237	NULL	NULL	NULL	NULL	NULL	NULL	NULL	9	Troleibusai	9	11		1269	NULL	NULL	NULL
missed	662980	B>A	Šiaurės miestelis–Šeimyniškių g.–Karoliniškės	1274	NULL	NULL	NULL	NULL	NULL	NULL	NULL	9	Troleibusai	9	11		1306	NULL	NULL	NULL
missed	662980	A>B	Karoliniškės–Šeimyniškių g.–Šiaurės miestelis	1317	NULL	NULL	NULL	NULL	NULL	NULL	NULL	9	Troleibusai	9	11		1349	NULL	NULL	NULL
missed	662980	B>A	Šiaurės miestelis–Šeimyniškių g.–Karoliniškės	1354	NULL	NULL	NULL	NULL	NULL	NULL	NULL	9	Troleibusai	9	11		1386	NULL	NULL	NULL
missed	662980	A>B	Karoliniškės–Šeimyniškių g.–Šiaurės miestelis	1393	NULL	NULL	NULL	NULL	NULL	NULL	NULL	9	Troleibusai	9	11		1425	NULL	NULL	NULL

(9608 rows affected)
